23136163342727553
98758459592462515
55122539583828179
75841799869721925
63128335313383282
27196381739613928
87859636327125849
26476292722691591
17783498656929961
49291199543467167

36155381612943718
14741834559845789
97762897797479156
11239159338689931
28876713119837371
24768256711656787
33531171317156171
24884534113443869
76212361827199831
31533717284113484

19379748464654283
72631275119527738
87824414783425785
89382521547935258
99288534599676892
86223246969547293
24959944959573286
53184538713913182
18546281382851437
51161166632387871

96939383731648181
28651469752879228
49983284148256126
62142983712231168
78418544791997218
51784774694215966
97295544953654589
58465444615525214
66564695625188184
22549489551228153

83364156864557238
53672584496727169
81986142866617972
11959791849419939
77681884669719927
48933447867828179
68417823875196848
36961988353539542
77928728295586732
37457722832673984

51289562841412538
39147173527186719
71464182626142251
94911999363519775
97753631762949988
81823339764646858
14879521791235798
97873763244884397
33778386638526671
97893598969254182

64716974682173156
13147361637339783
62947643764697663
35893894334544468
93363334616981564
72266287968317726
49324927724133652
64275174495955119
22569532188293439
12994743182191115

54625825715733445
97178161917777334
58592221197675794
63733721992534489
22225738654366246
71868771872239739
35676452261321492
65239349289784713
37187751249672313
23514322517936823

58448943451749581
85928162579698734
58227198839658174
61393273668993646
92129548684357683
99563451757256339
32388387179246399
33422918394594141
73772173682436497
14758391638654751

94324778337417114
15863265461973649
46859174424712465
57773539458371591
28261759469821596
57523785122142227
38629796863591858
29169628687896419
94783681437393727
95979831179169535

46882437287841811
85256764719763254
21736929561593918
61615836524135444
54689625514216812
54749339873923729
24838691436377323
82653424868197198
85386993717442849
89125387553195534

96429587945645925
39322266233576593
72431249712443293
11621972868947924
18236726977746177
55531762997218346
32736833871797128
42925611386769569
63829458195456442
61647769754892325

71456853383122349
58535483298539851
13782767611141268
14956244427769584
95536649251337633
35283485423124222
37718149616781648
33177587943478465
31393268927836356
18541812161621481

93451587469743322
45156847497539223
88756472281153638
85659269818796742
87434117196992814
66192554667483794
65931382563664668
64233158749942398
71496138854646712
26846616796652644

72713134697121923
45168286254328619
69932594354659344
47937423451852485
75186954364847983
52593664778274693
85692175416662333
12572136521675197
97158536131674156
51817677323419581

44579868532511531
53574546545318683
64187657768639919
41937925685253813
69185352178454732
53857647891886315
49932879414586127
31529492116474855
55523119633946531
11741189392931327

61153826163455263
44759431637747686
57132118118274714
69672835432729542
93411843944355112
62249692734223738
18997657294884486
96691475368246358
29191225389414135
74483193933972561

95746519743321924
78628563925463515
14935289149712747
67984194528283453
84721169498772926
72424595827632112
36226155573969561
95334816283562262
58232833715191474
68747391176386785

65844579969735427
63394421543945539
56287421234458962
49678386238665842
16912592627786958
38669436846249663
32985755433445412
77175761267369894
24986574327254651
45323119387864745

36749839887677362
12957797745557968
55955694589695562
77692794346439422
62464672649212122
32584196396918112
42383676279726215
53261442231233613
46325128999134492
63337652686866425

86562183222155616
14528275822925866
78316335524361716
26968811849954475
49792625436551335
57515526432366916
24233576367723762
75496252894871145
66451334855391491
16254366753662664

58762191113118867
54164475825831485
51613315293911771
76545756766876995
46139187335834744
21576338612436996
73562969295977525
39654286789599449
44353951232836397
79475256732994374

97637784867899955
13316658635688394
64881628528697724
64478657697788338
27451978299396991
21995163517491387
55887782954715117
12141637865973571
36849994754696482
51975466673585822

74341987229839818
93116342567919897
24598621914681562
53388397565519723
61575816497121621
81549758546181778
15887727275736139
56475374348336713
68247185292752316
91596442298326791

35834351612242373
28658614714563241
98957623613516869
69829941733768749
72354112919985588
96426964523799369
36976546599578534
98138875951414447
77458742399139431
35265937461177549

63616773739443818
97234823162429821
89685862885922774
15217736741173215
98972991962217453
99831791567281762
68858286989366735
98413376648813363
88837575941868231
85334761415449695

68522291367242879
71414519452769669
78435262772841234
91711248561496875
85631886391161941
44525956181145563
94314565983331616
62175251216524478
96178664666412189
81882796738774339

69263847613822852
71682869492746895
28145975661795917
39669928525986861
32553299529697681
92677974365176343
13426964979637315
67184386822727367
43917593858413621
59868428996886319

37154112414787578
56397451171713183
43266464253893687
48327758132531996
62552161142467368
24371611833753787
27685667578163588
42122248997579197
49818481848843849
23521765742593618

27188778988632991
38533293935484733
44746589659897168
67354865864923554
33888715269718913
44156673383879829
28913521759252627
32476398666951663
34518197523144511
77864259215313848

94417486996745591
94957835646813737
32711279514866874
92377285396259274
44232982227529937
27646627188691178
16297677274314362
51174627854241642
57573443931416818
27796939466342669

25375137982911883
58387554566345483
82599326591428517
93849952661862353
45962361432833373
27454278277934398
35769765716437966
78569633199353594
11264765315311471
91825213312566687

81979776944271666
11678222773239819
79168378576984984
54471454482397551
91917433826148122
72145847735525938
92859547774187244
94718646347569366
88965521176373635
19768969233349989

81644414451185575
39223455195897343
97392859531348779
45591166258674767
54278917424751426
39278885468815277
58735214779485188
96548472327872899
35465832122768611
33429229533634796

44499941174134222
93421953935677141
31758311816344435
99715679927678161
81578861321366259
49615671562668122
59738664556728861
17853877424389695
89584655375533135
71576952923234122

78516877929786239
23914956995615137
36993272852177941
22517546261912694
47387596462441684
59324818653145315
21163163836971817
32276824462184799
94652873892834659
38497962587928727

62537257444435959
49676338774571573
16648874473933816
14157723669253538
75295416813239551
99775298797139967
99573993762289964
59791523724114342
74547377477134756
19356825832277643

54735512734174495
75136326968676683
24511565129514731
63411677362769342
71578125735711952
42539383666729969
73499796987437266
89176543416332691
58716961998783349
85469852953925943

68418477291352174
69861224179328393
73186779819858755
63267551133531646
86211673762457539
77362465876882121
18421235694521747
32553559139136285
36834914349657819
67372131163769351

97357134615164347
42182961696373356
39992723684371121
11785671598591866
35433776291971476
69674778667758681
47461783882982325
28281666748337913
26818841246232749
92718642319792223

16267387729763799
56134932168567885
42583719274178646
45219753982249826
55259226669886288
69322355222214378
32189933224359792
86848588783356849
97439932612949483
51311238538717527

99924563258796939
59497754937987684
92244128969273717
16832961932248696
31218792652798824
79998788972875877
93581329497373848
25537238613576573
31772463532553667
91163457248937598

52915545245218385
37876218311224659
19181675662217296
32641882559947418
53688798172784869
14348495436872537
55558449974256732
57187111321248989
51198929954186899
53933295571149678

55146648115552628
97749822598731854
56836424116283244
49726745554573413
84838621778391415
58737346176323258
22455745514888542
76499771726221417
54959319662454321
89855757735778141

53719779765115675
18127576982895778
97823923756381781
25717633329457141
21833197168123479
96654859967545618
19614246684638874
32768355811926735
86968775772962926
48227677583461483

87847764537945833
98786124397683884
28729531467162975
92942455996229134
92257637372694718
34676784979854272
93568291237724229
95339751266546455
12212315473634842
17171482744232395

56261814831162495
65487247517557545
49398848512521871
42514846854634216
74947848366874552
41334717365669885
62578683362623886
38585517392631848
81239743284576151
39822737162861716

98326241121288912
55158929587822464
72519911291691988
98777797394679517
36652531959375946
56267192934125497
22792247219622771
85831629346486299
52762694481842148
19514711961578961

56843921392333382
79372383534315539
43619857134498338
87176797112514928
46536676667385147
74315239197495635
26835422692484455
26637771541912192
35768637724597214
16416191974451594

77541551313571982
12837734652735481
57456133726949468
15178397151646628
23284865796827491
28688745987122959
33765158523752891
14635229627639168
12814315752795232
79131767625817383

89878798338262688
49293461216824663
59392478917789111
46728155817944488
44713786559785815
65981267926921794
81239293292213456
12727836966135737
62119665647113717
86746629538573897

49854745256933651
38214414926351481
92883262646141689
65483982847877683
49549835879295522
67431825123198272
12271922127723558
72258763458234821
62554284755444564
15279414838935148

94688735917643271
44647233984316653
56162834412685296
78473217783772342
91573385233782385
61749437289875854
75132476188327833
69618743139114998
56594795854799291
86793329653373511

23432912317777286
95995459234745862
36429972758927189
19845326382741147
14284642581345989
98131972498563828
64961442441148886
76624792469417832
47891138133996928
69919664412898691

72164151182356923
34519885625845769
86567187162331963
85454858542138929
72545263834415996
77244253848555835
27329827938874529
42238952143429349
41534469815379488
82326517889367856

66545283786232652
63158362461482872
99548475335427145
19791614541934927
22146413256558884
76633276764719268
34397889439992851
71789151612626511
25139663564929635
25648651299933272

18185766751792967
99325495327435299
28195258343175298
89591438245158323
78591211365692471
92624328433317597
19742575749282712
71589876382653673
18112826129356566
58254372174371371

18648291889124944
68589612927942337
74876269646789875
55553593399829191
63124848521716661
62249488183411756
88857476144134897
38262261172142685
44123641732691976
21963296921742718

41755873249285892
82318683871763152
83267876813745254
43874151626742696
85578653763421397
28149135265373169
75557385719966752
86249328417187719
88479763386846674
77261773129828597

14334222993146671
28229692271485539
16322627884421995
51148228425647372
88841265681484324
41189641562357296
41222276986616961
72563284821774193
37711211953135783
29678461152488962

23685439523791723
43857747379488424
45836799596784663
32274683122796198
39927613719474863
26763237154716441
84725927991624167
95785795297959625
48596778261713963
95349358421263657

43472526572553234
18845397261994134
87886247584169398
51777868284947499
81628898276844821
96298297691175451
19344677332344595
51466739384252813
74473966646739123
33626814787386289

82632482659233151
68319966845931786
39986148755315151
55873697433839586
67565518462575161
52793255328582448
95491461611592794
51524529487622275
63448269752313245
95551115986791295

63449986238868219
63376854348152886
69554366985985271
61177351266234169
34272326552167366
76587291388774397
91447529594166844
56417564724733815
81924546818771321
95643326321132351

66681984584898391
99437963336242725
82976448297338387
37675748516783831
62148593347369255
66291852756163533
34161435497934546
47961712715194327
17618385662594618
17189299194627872

11194969428921161
58867881895114296
78399876957194461
81253239272397937
14449729381983582
19937287359422795
76772921175924322
24856653935477425
93198188977723126
95174994661643851

51264363667726697
46992641722513864
81499154375465391
88316323253614752
94348732554136111
71158559121188178
73529434292656748
37376679721392164
29546166912489992
17274921847776417

26591944133158384
16882644824687519
47385713816656471
54761558626421817
53897794555726312
92968523792153969
27956756358973124
73249976377956899
69235333577613546
83111816278551988

64738783576615838
74467472887137682
83731784231281254
95298716468372187
88569357568459526
64367912677721615
92852751796394145
47852351882767838
36492517646417776
53744872417167821

44469965523636925
22672181511755357
66467865475197112
77868253668166877
22551268487465189
14186516542267495
87865618522541749
55688934198974549
15294533744971736
34933159358931548

23733999153684679
65685362542333632
41385698976342569
65925228126996142
55851728512937189
54724711665487267
71243869356526475
53626113777561488
72986392794271634
97896959758814461

74721494862637129
25371719829594727
16392369487557968
32631574833678348
98398229882162267
92726138773332361
69164784328953629
44819786767649657
95519772481498353
53999839466284945

65825116143167248
52944885995948743
52542174762688655
58899852269389962
94178442212396934
85144154891425953
88924662755364112
55536276929796182
98345878835836655
19287143529948567

45211272993855178
89448268944816742
93468768555763179
79545192226245156
81281222873229186
93693533724112246
82129477791986794
49473183833279782
22268313525486165
13956185992858153

71991477816683445
58219465523794975
38541446122547253
68263854395582165
91117649628833489
57431166124369639
95364598727658155
68974182458982728
83264682886242581
83119732494556872

32969444994892565
97382453555792151
23876542683519373
96583841691329883
96484832769662392
45422553795563975
14975683888372245
55141534752948621
64171417661326676
16713664752826543

84691681413535691
71533471479172789
98994137187471324
21626693679739947
15541644151338311
66875654654385472
75934146586111585
84541361699928219
43344821215892273
12296736137657856

65129818853942764
78775169747365351
88996112527576336
51879374514265832
79779555374395443
39518656975894433
74818743719156322
16545677678141671
96627892651592621
11267548297287375

85841816319146984
53161243283383598
66722388996225569
31643565568496622
91581475813177964
52114881185449693
29888842783871252
55555423292549445
87771797833325536
86688535571794653

79469967276812449
52688987788315247
38559974757263437
49475847973689993
34676839949268728
53729155421215576
67798412843677657
19998427847947226
19799969845599225
32687315165264741

72163311834599213
11349867372779953
32481892462166238
93542183272433353
21545864883974763
73882953572964747
34364188259417189
53659939621289857
54759429165768931
81949712575924428

75179119768144397
16977357338838239
51329981677417728
28587168247367863
92242438456592548
49234738431738219
85186558117345958
88612836173748822
58211567835914148
14557586996519919

17249789573933664
22876443668549657
76237146686628157
89987761775155889
73845922233394176
12816682583347355
15682349278754645
65525196745237468
12569679845284835
67414428663593921

14897659554716786
83923311157298822
16554118611947424
25421189793899944
21728853582526464
43866182974399932
56458417525146713
15323727448397575
35291292398852654
64812887819563982

69571672318537176
85613717848691772
23873137838765956
75554275912595583
72213192521855965
52913398429912776
44644361947493773
83891229414781545
93653546415776642
73742978328461791

32646911594978217
83238223754679481
77926898167941238
43939988771688486
14353876731425333
46757144621963998
81886774753419415
59382493794774652
86132734852436441
72275854917482699

58712438675654486
78638428234978154
15785654786112414
27211886313848658
99261419351589319
19247765686217646
57736686788594379
16437914672486641
72215599439518557
81919385112482687

71564275459749347
82629466867278239
62249649368451477
37229358949445236
99576112147973851
67163996486936223
68287583198388167
46221211452134272
24576451237967889
68184226338571872

24473758986162456
45731378512962133
77279965477758751
33734588815736446
18828885698111539
12843872967833372
82977582319343887
13864442286249581
93474375744323339
26122972139538582

45388518196419774
54376537739816741
61198312643916614
69823828361722382
52596665529152473
76417641949143896
27748868129494914
53766859732938371
19634339331782678
13774942316158435

36461428449149732
37587956661261756
49339894594493214
99511956313389534
89113617675347869
67785953348895788
54923563923811635
94682179375493638
49544124478445598
15662738711681969

57622521211564674
97378745287211381
53476466929114999
74185695512525899
64848657173747529
71948317882623119
61239614899149865
91761781477727425
29534231461318532
27117438349627225

22562744188829779
63674995797179563
27182647261677335
99111522444965849
61859846962949959
31936429941245964
65925557442415453
23257912873177914
63274888634232148
45982185281387899

97248858373476911
28318358571156476
81914398494494766
61117337337293236
78396395875184342
67775279136245179
73811877684113778
98189689634251997
34838738746148645
76195543579484773

22625178736276875
62517167298865818
15786874339469254
32195738577585653
69854684127685249
37286742683528125
63773999556591164
24649434829754277
26229826124754631
63195969142288252

73269466661687134
28228946956836628
46858698994918764
24193692996637221
14365983516248129
78444775897317262
71773767475713375
58231977451776734
47491289271147814
16523199685249829

54479836157693872
27936527542744767
69889942755757547
13553899169578564
83242332737256623
43558671845213692
91323566772669163
61427268556471379
92691498957669329
16882964925877244

63323637327436297
76785883942465249
37853939196554456
85422378771538675
55293312118276418
92875938521898473
59887225913725643
56613697382124129
62545421123551499
93663964387365175

78641127536972962
86159231692686383
69441571142877947
12879326391673277
36416468426784245
32633517236599954
97246771257337174
28129843177349554
19424867167367216
31216237514913619

21176445671334724
13858872765475944
34324819618168622
75536613994568962
18344828159141836
42269458593958563
71226144966939769
15387579725187121
29759869229487797
35733698319246858

