BOARD
97357134615164347
42182961696373356
39992723684371121
11785671598591866
35433776291971476
69674778667758681
47461783882982325
28281666748337913
26818841246232749
92718642319792223
STEP 0 P1 MOVE 8 8 9 9
OWN
00000000000000000
00000000000000000
00000000000000000
00000000000000000
00000000000000000
00000000000000000
00000000000000000
00000000000000000
00000000110000000
00000000110000000
STEP 1 P2 MOVE 3 0 4 1
OWN
00000000000000000
00000000000000000
00000000000000000
22000000000000000
22000000000000000
00000000000000000
00000000000000000
00000000000000000
00000000110000000
00000000110000000
STEP 2 P1 MOVE 7 3 9 3
OWN
00000000000000000
00000000000000000
00000000000000000
22000000000000000
22000000000000000
00000000000000000
00000000000000000
00010000000000000
00010000110000000
00010000110000000
STEP 3 P2 MOVE 2 7 4 7
OWN
00000000000000000
00000000000000000
00000002000000000
22000002000000000
22000002000000000
00000000000000000
00000000000000000
00010000000000000
00010000110000000
00010000110000000
STEP 4 P1 MOVE 4 10 6 10
OWN
00000000000000000
00000000000000000
00000002000000000
22000002000000000
22000002001000000
00000000001000000
00000000001000000
00010000000000000
00010000110000000
00010000110000000
STEP 5 P2 MOVE 6 4 8 4
OWN
00000000000000000
00000000000000000
00000002000000000
22000002000000000
22000002001000000
00000000001000000
00002000001000000
00012000000000000
00012000110000000
00010000110000000
STEP 6 P1 MOVE 4 2 4 4
OWN
00000000000000000
00000000000000000
00000002000000000
22000002000000000
22111002001000000
00000000001000000
00002000001000000
00012000000000000
00012000110000000
00010000110000000
STEP 7 P2 MOVE 6 2 6 3
OWN
00000000000000000
00000000000000000
00000002000000000
22000002000000000
22111002001000000
00000000001000000
00222000001000000
00012000000000000
00012000110000000
00010000110000000
STEP 8 P1 MOVE 5 0 6 0
OWN
00000000000000000
00000000000000000
00000002000000000
22000002000000000
22111002001000000
10000000001000000
10222000001000000
00012000000000000
00012000110000000
00010000110000000
STEP 9 P2 MOVE 7 6 8 6
OWN
00000000000000000
00000000000000000
00000002000000000
22000002000000000
22111002001000000
10000000001000000
10222000001000000
00012020000000000
00012020110000000
00010000110000000
STEP 10 P1 MOVE 0 9 1 9
OWN
00000000010000000
00000000010000000
00000002000000000
22000002000000000
22111002001000000
10000000001000000
10222000001000000
00012020000000000
00012020110000000
00010000110000000
STEP 11 P2 MOVE 2 11 2 12
OWN
00000000010000000
00000000010000000
00000002000220000
22000002000000000
22111002001000000
10000000001000000
10222000001000000
00012020000000000
00012020110000000
00010000110000000
STEP 12 P1 MOVE 7 2 8 2
OWN
00000000010000000
00000000010000000
00000002000220000
22000002000000000
22111002001000000
10000000001000000
10222000001000000
00112020000000000
00112020110000000
00010000110000000
STEP 13 P2 MOVE 0 1 0 2
OWN
02200000010000000
00000000010000000
00000002000220000
22000002000000000
22111002001000000
10000000001000000
10222000001000000
00112020000000000
00112020110000000
00010000110000000
STEP 14 P1 MOVE 0 12 0 13
OWN
02200000010011000
00000000010000000
00000002000220000
22000002000000000
22111002001000000
10000000001000000
10222000001000000
00112020000000000
00112020110000000
00010000110000000
STEP 15 P2 MOVE 4 14 5 14
OWN
02200000010011000
00000000010000000
00000002000220000
22000002000000000
22111002001000200
10000000001000200
10222000001000000
00112020000000000
00112020110000000
00010000110000000
STEP 16 P1 MOVE 7 0 7 1
OWN
02200000010011000
00000000010000000
00000002000220000
22000002000000000
22111002001000200
10000000001000200
10222000001000000
11112020000000000
00112020110000000
00010000110000000
STEP 17 P2 MOVE 3 12 3 13
OWN
02200000010011000
00000000010000000
00000002000220000
22000002000022000
22111002001000200
10000000001000200
10222000001000000
11112020000000000
00112020110000000
00010000110000000
STEP 18 P1 MOVE 6 12 6 13
OWN
02200000010011000
00000000010000000
00000002000220000
22000002000022000
22111002001000200
10000000001000200
10222000001011000
11112020000000000
00112020110000000
00010000110000000
STEP 19 P2 MOVE 7 14 7 15
OWN
02200000010011000
00000000010000000
00000002000220000
22000002000022000
22111002001000200
10000000001000200
10222000001011000
11112020000000220
00112020110000000
00010000110000000
STEP 20 P1 MOVE 5 15 6 15
OWN
02200000010011000
00000000010000000
00000002000220000
22000002000022000
22111002001000200
10000000001000210
10222000001011010
11112020000000220
00112020110000000
00010000110000000
STEP 21 P2 MOVE 0 7 0 8
OWN
02200002210011000
00000000010000000
00000002000220000
22000002000022000
22111002001000200
10000000001000210
10222000001011010
11112020000000220
00112020110000000
00010000110000000
STEP 22 P1 MOVE 6 14 8 14
OWN
02200002210011000
00000000010000000
00000002000220000
22000002000022000
22111002001000200
10000000001000210
10222000001011110
11112020000000120
00112020110000100
00010000110000000
STEP 23 P2 MOVE 2 13 5 13
OWN
02200002210011000
00000000010000000
00000002000222000
22000002000022000
22111002001002200
10000000001002210
10222000001011110
11112020000000120
00112020110000100
00010000110000000
STEP 24 P1 MOVE 7 13 7 16
OWN
02200002210011000
00000000010000000
00000002000222000
22000002000022000
22111002001002200
10000000001002210
10222000001011110
11112020000001111
00112020110000100
00010000110000000
STEP 25 P2 MOVE 3 13 8 14
OWN
02200002210011000
00000000010000000
00000002000222000
22000002000022200
22111002001002200
10000000001002210
10222000001012210
11112020000002211
00112020110002200
00010000110000000
STEP 26 P1 MOVE 7 12 8 15
OWN
02200002210011000
00000000010000000
00000002000222000
22000002000022200
22111002001002200
10000000001002210
10222000001012210
11112020000011111
00112020110011110
00010000110000000
STEP 27 P2 MOVE 0 13 2 14
OWN
02200002210012200
00000000010002200
00000002000222200
22000002000022200
22111002001002200
10000000001002210
10222000001012210
11112020000011111
00112020110011110
00010000110000000
STEP 28 P1 MOVE 0 5 0 11
OWN
02200111111112200
00000000010002200
00000002000222200
22000002000022200
22111002001002200
10000000001002210
10222000001012210
11112020000011111
00112020110011110
00010000110000000
STEP 29 P2 MOVE 1 11 1 12
OWN
02200111111112200
00000000010222200
00000002000222200
22000002000022200
22111002001002200
10000000001002210
10222000001012210
11112020000011111
00112020110011110
00010000110000000
STEP 30 P1 MOVE 9 5 9 6
OWN
02200111111112200
00000000010222200
00000002000222200
22000002000022200
22111002001002200
10000000001002210
10222000001012210
11112020000011111
00112020110011110
00010110110000000
STEP 31 P2 MOVE 9 4 9 7
OWN
02200111111112200
00000000010222200
00000002000222200
22000002000022200
22111002001002200
10000000001002210
10222000001012210
11112020000011111
00112020110011110
00012222110000000
STEP 32 P1 MOVE 6 7 8 7
OWN
02200111111112200
00000000010222200
00000002000222200
22000002000022200
22111002001002200
10000000001002210
10222001001012210
11112021000011111
00112021110011110
00012222110000000
STEP 33 P2 MOVE -1 -1 -1 -1
OWN
02200111111112200
00000000010222200
00000002000222200
22000002000022200
22111002001002200
10000000001002210
10222001001012210
11112021000011111
00112021110011110
00012222110000000
STEP 34 P1 MOVE -1 -1 -1 -1
OWN
02200111111112200
00000000010222200
00000002000222200
22000002000022200
22111002001002200
10000000001002210
10222001001012210
11112021000011111
00112021110011110
00012222110000000
RESULT first=43 second=39 winner=1
ANALYSIS winner=P1 score=43-39 reason=şóÄ­Ľ±Áˇ(+4) / Ľ±°řŔĚÁˇ steal(w/l)=8/8 neu(w/l)=43/39
