BOARD
11194969428921161
58867881895114296
78399876957194461
81253239272397937
14449729381983582
19937287359422795
76772921175924322
24856653935477425
93198188977723126
95174994661643851
STEP 0 P1 MOVE 8 1 9 2
OWN
00000000000000000
00000000000000000
00000000000000000
00000000000000000
00000000000000000
00000000000000000
00000000000000000
00000000000000000
01100000000000000
01100000000000000
STEP 1 P2 MOVE 5 12 6 13
OWN
00000000000000000
00000000000000000
00000000000000000
00000000000000000
00000000000000000
00000000000022000
00000000000022000
00000000000000000
01100000000000000
01100000000000000
STEP 2 P1 MOVE 2 16 4 16
OWN
00000000000000000
00000000000000000
00000000000000001
00000000000000001
00000000000000001
00000000000022000
00000000000022000
00000000000000000
01100000000000000
01100000000000000
STEP 3 P2 MOVE 3 13 4 13
OWN
00000000000000000
00000000000000000
00000000000000001
00000000000002001
00000000000002001
00000000000022000
00000000000022000
00000000000000000
01100000000000000
01100000000000000
STEP 4 P1 MOVE 4 10 4 11
OWN
00000000000000000
00000000000000000
00000000000000001
00000000000002001
00000000001102001
00000000000022000
00000000000022000
00000000000000000
01100000000000000
01100000000000000
STEP 5 P2 MOVE 3 0 5 0
OWN
00000000000000000
00000000000000000
00000000000000001
20000000000002001
20000000001102001
20000000000022000
00000000000022000
00000000000000000
01100000000000000
01100000000000000
STEP 6 P1 MOVE 3 2 3 4
OWN
00000000000000000
00000000000000000
00000000000000001
20111000000002001
20000000001102001
20000000000022000
00000000000022000
00000000000000000
01100000000000000
01100000000000000
STEP 7 P2 MOVE 5 3 5 4
OWN
00000000000000000
00000000000000000
00000000000000001
20111000000002001
20000000001102001
20022000000022000
00000000000022000
00000000000000000
01100000000000000
01100000000000000
STEP 8 P1 MOVE 0 2 0 3
OWN
00110000000000000
00000000000000000
00000000000000001
20111000000002001
20000000001102001
20022000000022000
00000000000022000
00000000000000000
01100000000000000
01100000000000000
STEP 9 P2 MOVE 0 9 0 10
OWN
00110000022000000
00000000000000000
00000000000000001
20111000000002001
20000000001102001
20022000000022000
00000000000022000
00000000000000000
01100000000000000
01100000000000000
STEP 10 P1 MOVE 2 5 3 5
OWN
00110000022000000
00000000000000000
00000100000000001
20111100000002001
20000000001102001
20022000000022000
00000000000022000
00000000000000000
01100000000000000
01100000000000000
STEP 11 P2 MOVE 5 5 5 6
OWN
00110000022000000
00000000000000000
00000100000000001
20111100000002001
20000000001102001
20022220000022000
00000000000022000
00000000000000000
01100000000000000
01100000000000000
STEP 12 P1 MOVE 7 9 8 9
OWN
00110000022000000
00000000000000000
00000100000000001
20111100000002001
20000000001102001
20022220000022000
00000000000022000
00000000010000000
01100000010000000
01100000000000000
STEP 13 P2 MOVE 2 6 3 6
OWN
00110000022000000
00000000000000000
00000120000000001
20111120000002001
20000000001102001
20022220000022000
00000000000022000
00000000010000000
01100000010000000
01100000000000000
STEP 14 P1 MOVE 3 1 3 7
OWN
00110000022000000
00000000000000000
00000120000000001
21111111000002001
20000000001102001
20022220000022000
00000000000022000
00000000010000000
01100000010000000
01100000000000000
STEP 15 P2 MOVE 1 6 4 6
OWN
00110000022000000
00000020000000000
00000120000000001
21111121000002001
20000020001102001
20022220000022000
00000000000022000
00000000010000000
01100000010000000
01100000000000000
STEP 16 P1 MOVE 6 10 7 10
OWN
00110000022000000
00000020000000000
00000120000000001
21111121000002001
20000020001102001
20022220000022000
00000000001022000
00000000011000000
01100000010000000
01100000000000000
STEP 17 P2 MOVE 8 5 9 5
OWN
00110000022000000
00000020000000000
00000120000000001
21111121000002001
20000020001102001
20022220000022000
00000000001022000
00000000011000000
01100200010000000
01100200000000000
STEP 18 P1 MOVE 9 7 9 8
OWN
00110000022000000
00000020000000000
00000120000000001
21111121000002001
20000020001102001
20022220000022000
00000000001022000
00000000011000000
01100200010000000
01100201100000000
STEP 19 P2 MOVE 2 14 2 15
OWN
00110000022000000
00000020000000000
00000120000000221
21111121000002001
20000020001102001
20022220000022000
00000000001022000
00000000011000000
01100200010000000
01100201100000000
STEP 20 P1 MOVE 5 7 5 8
OWN
00110000022000000
00000020000000000
00000120000000221
21111121000002001
20000020001102001
20022221100022000
00000000001022000
00000000011000000
01100200010000000
01100201100000000
STEP 21 P2 MOVE 0 11 1 11
OWN
00110000022200000
00000020000200000
00000120000000221
21111121000002001
20000020001102001
20022221100022000
00000000001022000
00000000011000000
01100200010000000
01100201100000000
STEP 22 P1 MOVE 1 13 2 14
OWN
00110000022200000
00000020000201100
00000120000001121
21111121000002001
20000020001102001
20022221100022000
00000000001022000
00000000011000000
01100200010000000
01100201100000000
STEP 23 P2 MOVE 1 12 1 15
OWN
00110000022200000
00000020000222220
00000120000001121
21111121000002001
20000020001102001
20022221100022000
00000000001022000
00000000011000000
01100200010000000
01100201100000000
STEP 24 P1 MOVE 2 11 2 12
OWN
00110000022200000
00000020000222220
00000120000111121
21111121000002001
20000020001102001
20022221100022000
00000000001022000
00000000011000000
01100200010000000
01100201100000000
STEP 25 P2 MOVE 7 13 8 13
OWN
00110000022200000
00000020000222220
00000120000111121
21111121000002001
20000020001102001
20022221100022000
00000000001022000
00000000011002000
01100200010002000
01100201100000000
STEP 26 P1 MOVE 5 14 6 14
OWN
00110000022200000
00000020000222220
00000120000111121
21111121000002001
20000020001102001
20022221100022100
00000000001022100
00000000011002000
01100200010002000
01100201100000000
STEP 27 P2 MOVE 0 7 1 7
OWN
00110002022200000
00000022000222220
00000120000111121
21111121000002001
20000020001102001
20022221100022100
00000000001022100
00000000011002000
01100200010002000
01100201100000000
STEP 28 P1 MOVE 0 6 0 8
OWN
00110011122200000
00000022000222220
00000120000111121
21111121000002001
20000020001102001
20022221100022100
00000000001022100
00000000011002000
01100200010002000
01100201100000000
STEP 29 P2 MOVE 4 14 8 14
OWN
00110011122200000
00000022000222220
00000120000111121
21111121000002001
20000020001102201
20022221100022200
00000000001022200
00000000011002200
01100200010002200
01100201100000000
STEP 30 P1 MOVE 8 12 8 16
OWN
00110011122200000
00000022000222220
00000120000111121
21111121000002001
20000020001102201
20022221100022200
00000000001022200
00000000011002200
01100200010011111
01100201100000000
STEP 31 P2 MOVE 4 7 6 7
OWN
00110011122200000
00000022000222220
00000120000111121
21111121000002001
20000022001102201
20022222100022200
00000002001022200
00000000011002200
01100200010011111
01100201100000000
STEP 32 P1 MOVE 4 5 4 8
OWN
00110011122200000
00000022000222220
00000120000111121
21111121000002001
20000111101102201
20022222100022200
00000002001022200
00000000011002200
01100200010011111
01100201100000000
STEP 33 P2 MOVE 6 6 6 9
OWN
00110011122200000
00000022000222220
00000120000111121
21111121000002001
20000111101102201
20022222100022200
00000022221022200
00000000011002200
01100200010011111
01100201100000000
STEP 34 P1 MOVE -1 -1 -1 -1
OWN
00110011122200000
00000022000222220
00000120000111121
21111121000002001
20000111101102201
20022222100022200
00000022221022200
00000000011002200
01100200010011111
01100201100000000
STEP 35 P2 MOVE 0 12 0 15
OWN
00110011122222220
00000022000222220
00000120000111121
21111121000002001
20000111101102201
20022222100022200
00000022221022200
00000000011002200
01100200010011111
01100201100000000
STEP 36 P1 MOVE 0 5 0 16
OWN
00110111111111111
00000022000222220
00000120000111121
21111121000002001
20000111101102201
20022222100022200
00000022221022200
00000000011002200
01100200010011111
01100201100000000
STEP 37 P2 MOVE -1 -1 -1 -1
OWN
00110111111111111
00000022000222220
00000120000111121
21111121000002001
20000111101102201
20022222100022200
00000022221022200
00000000011002200
01100200010011111
01100201100000000
STEP 38 P1 MOVE -1 -1 -1 -1
OWN
00110111111111111
00000022000222220
00000120000111121
21111121000002001
20000111101102201
20022222100022200
00000022221022200
00000000011002200
01100200010011111
01100201100000000
RESULT first=50 second=35 winner=1
ANALYSIS winner=P1 score=50-35 reason=탈취우위(+8칸 빼앗음,2배효과) steal(w/l)=14/6 neu(w/l)=42/43
