BOARD
74721494862637129
25371719829594727
16392369487557968
32631574833678348
98398229882162267
92726138773332361
69164784328953629
44819786767649657
95519772481498353
53999839466284945
STEP 0 P1 MOVE 5 3 8 3
OWN
00000000000000000
00000000000000000
00000000000000000
00000000000000000
00000000000000000
00010000000000000
00010000000000000
00010000000000000
00010000000000000
00000000000000000
STEP 1 P2 MOVE 0 2 0 4
OWN
00222000000000000
00000000000000000
00000000000000000
00000000000000000
00000000000000000
00010000000000000
00010000000000000
00010000000000000
00010000000000000
00000000000000000
STEP 2 P1 MOVE 0 0 2 0
OWN
10222000000000000
10000000000000000
10000000000000000
00000000000000000
00000000000000000
00010000000000000
00010000000000000
00010000000000000
00010000000000000
00000000000000000
STEP 3 P2 MOVE 5 14 5 16
OWN
10222000000000000
10000000000000000
10000000000000000
00000000000000000
00000000000000000
00010000000000222
00010000000000000
00010000000000000
00010000000000000
00000000000000000
STEP 4 P1 MOVE 0 13 0 15
OWN
10222000000001110
10000000000000000
10000000000000000
00000000000000000
00000000000000000
00010000000000222
00010000000000000
00010000000000000
00010000000000000
00000000000000000
STEP 5 P2 MOVE 4 13 4 15
OWN
10222000000001110
10000000000000000
10000000000000000
00000000000000000
00000000000002220
00010000000000222
00010000000000000
00010000000000000
00010000000000000
00000000000000000
STEP 6 P1 MOVE 4 5 6 5
OWN
10222000000001110
10000000000000000
10000000000000000
00000000000000000
00000100000002220
00010100000000222
00010100000000000
00010000000000000
00010000000000000
00000000000000000
STEP 7 P2 MOVE 4 1 5 1
OWN
10222000000001110
10000000000000000
10000000000000000
00000000000000000
02000100000002220
02010100000000222
00010100000000000
00010000000000000
00010000000000000
00000000000000000
STEP 8 P1 MOVE 6 8 7 8
OWN
10222000000001110
10000000000000000
10000000000000000
00000000000000000
02000100000002220
02010100000000222
00010100100000000
00010000100000000
00010000000000000
00000000000000000
STEP 9 P2 MOVE 4 4 4 6
OWN
10222000000001110
10000000000000000
10000000000000000
00000000000000000
02002220000002220
02010100000000222
00010100100000000
00010000100000000
00010000000000000
00000000000000000
STEP 10 P1 MOVE 1 4 5 4
OWN
10222000000001110
10001000000000000
10001000000000000
00001000000000000
02001220000002220
02011100000000222
00010100100000000
00010000100000000
00010000000000000
00000000000000000
STEP 11 P2 MOVE 5 2 5 6
OWN
10222000000001110
10001000000000000
10001000000000000
00001000000000000
02001220000002220
02222220000000222
00010100100000000
00010000100000000
00010000000000000
00000000000000000
STEP 12 P1 MOVE 2 10 3 10
OWN
10222000000001110
10001000000000000
10001000001000000
00001000001000000
02001220000002220
02222220000000222
00010100100000000
00010000100000000
00010000000000000
00000000000000000
STEP 13 P2 MOVE 3 2 6 2
OWN
10222000000001110
10001000000000000
10001000001000000
00201000001000000
02201220000002220
02222220000000222
00210100100000000
00010000100000000
00010000000000000
00000000000000000
STEP 14 P1 MOVE 1 11 2 11
OWN
10222000000001110
10001000000100000
10001000001100000
00201000001000000
02201220000002220
02222220000000222
00210100100000000
00010000100000000
00010000000000000
00000000000000000
STEP 15 P2 MOVE 1 9 2 9
OWN
10222000000001110
10001000020100000
10001000021100000
00201000001000000
02201220000002220
02222220000000222
00210100100000000
00010000100000000
00010000000000000
00000000000000000
STEP 16 P1 MOVE 1 5 2 5
OWN
10222000000001110
10001100020100000
10001100021100000
00201000001000000
02201220000002220
02222220000000222
00210100100000000
00010000100000000
00010000000000000
00000000000000000
STEP 17 P2 MOVE 9 8 9 9
OWN
10222000000001110
10001100020100000
10001100021100000
00201000001000000
02201220000002220
02222220000000222
00210100100000000
00010000100000000
00010000000000000
00000000220000000
STEP 18 P1 MOVE 8 6 9 6
OWN
10222000000001110
10001100020100000
10001100021100000
00201000001000000
02201220000002220
02222220000000222
00210100100000000
00010000100000000
00010010000000000
00000010220000000
STEP 19 P2 MOVE 7 11 7 12
OWN
10222000000001110
10001100020100000
10001100021100000
00201000001000000
02201220000002220
02222220000000222
00210100100000000
00010000100220000
00010010000000000
00000010220000000
STEP 20 P1 MOVE 7 16 8 16
OWN
10222000000001110
10001100020100000
10001100021100000
00201000001000000
02201220000002220
02222220000000222
00210100100000000
00010000100220001
00010010000000001
00000010220000000
STEP 21 P2 MOVE 8 1 8 2
OWN
10222000000001110
10001100020100000
10001100021100000
00201000001000000
02201220000002220
02222220000000222
00210100100000000
00010000100220001
02210010000000001
00000010220000000
STEP 22 P1 MOVE 6 9 6 10
OWN
10222000000001110
10001100020100000
10001100021100000
00201000001000000
02201220000002220
02222220000000222
00210100111000000
00010000100220001
02210010000000001
00000010220000000
STEP 23 P2 MOVE 1 2 1 3
OWN
10222000000001110
10221100020100000
10001100021100000
00201000001000000
02201220000002220
02222220000000222
00210100111000000
00010000100220001
02210010000000001
00000010220000000
STEP 24 P1 MOVE 1 6 1 7
OWN
10222000000001110
10221111020100000
10001100021100000
00201000001000000
02201220000002220
02222220000000222
00210100111000000
00010000100220001
02210010000000001
00000010220000000
STEP 25 P2 MOVE 2 15 3 15
OWN
10222000000001110
10221111020100000
10001100021100020
00201000001000020
02201220000002220
02222220000000222
00210100111000000
00010000100220001
02210010000000001
00000010220000000
STEP 26 P1 MOVE 6 0 7 0
OWN
10222000000001110
10221111020100000
10001100021100020
00201000001000020
02201220000002220
02222220000000222
10210100111000000
10010000100220001
02210010000000001
00000010220000000
STEP 27 P2 MOVE 7 15 8 15
OWN
10222000000001110
10221111020100000
10001100021100020
00201000001000020
02201220000002220
02222220000000222
10210100111000000
10010000100220021
02210010000000021
00000010220000000
STEP 28 P1 MOVE 5 9 5 10
OWN
10222000000001110
10221111020100000
10001100021100020
00201000001000020
02201220000002220
02222220011000222
10210100111000000
10010000100220021
02210010000000021
00000010220000000
STEP 29 P2 MOVE 3 11 5 11
OWN
10222000000001110
10221111020100000
10001100021100020
00201000001200020
02201220000202220
02222220011200222
10210100111000000
10010000100220021
02210010000000021
00000010220000000
STEP 30 P1 MOVE 3 9 3 12
OWN
10222000000001110
10221111020100000
10001100021100020
00201000011110020
02201220000202220
02222220011200222
10210100111000000
10010000100220021
02210010000000021
00000010220000000
STEP 31 P2 MOVE 4 10 8 10
OWN
10222000000001110
10221111020100000
10001100021100020
00201000011110020
02201220002202220
02222220012200222
10210100112000000
10010000102220021
02210010002000021
00000010220000000
STEP 32 P1 MOVE 3 13 5 13
OWN
10222000000001110
10221111020100000
10001100021100020
00201000011111020
02201220002201220
02222220012201222
10210100112000000
10010000102220021
02210010002000021
00000010220000000
STEP 33 P2 MOVE 2 13 6 13
OWN
10222000000001110
10221111020100000
10001100021102020
00201000011112020
02201220002202220
02222220012202222
10210100112002000
10010000102220021
02210010002000021
00000010220000000
STEP 34 P1 MOVE 5 8 5 12
OWN
10222000000001110
10221111020100000
10001100021102020
00201000011112020
02201220002202220
02222220111112222
10210100112002000
10010000102220021
02210010002000021
00000010220000000
STEP 35 P2 MOVE -1 -1 -1 -1
OWN
10222000000001110
10221111020100000
10001100021102020
00201000011112020
02201220002202220
02222220111112222
10210100112002000
10010000102220021
02210010002000021
00000010220000000
STEP 36 P1 MOVE 3 1 3 5
OWN
10222000000001110
10221111020100000
10001100021102020
01111100011112020
02201220002202220
02222220111112222
10210100112002000
10010000102220021
02210010002000021
00000010220000000
STEP 37 P2 MOVE 3 0 3 6
OWN
10222000000001110
10221111020100000
10001100021102020
22222220011112020
02201220002202220
02222220111112222
10210100112002000
10010000102220021
02210010002000021
00000010220000000
STEP 38 P1 MOVE -1 -1 -1 -1
OWN
10222000000001110
10221111020100000
10001100021102020
22222220011112020
02201220002202220
02222220111112222
10210100112002000
10010000102220021
02210010002000021
00000010220000000
STEP 39 P2 MOVE -1 -1 -1 -1
OWN
10222000000001110
10221111020100000
10001100021102020
22222220011112020
02201220002202220
02222220111112222
10210100112002000
10010000102220021
02210010002000021
00000010220000000
RESULT first=38 second=50 winner=2
ANALYSIS winner=P2 score=38-50 reason=Ĺ»ĂëżěŔ§(+8Ä­ »©ľŃŔ˝,2ąčČż°ú) steal(w/l)=14/6 neu(w/l)=42/46
