BOARD
52915545245218385
37876218311224659
19181675662217296
32641882559947418
53688798172784869
14348495436872537
55558449974256732
57187111321248989
51198929954186899
53933295571149678
STEP 0 P1 MOVE 7 6 7 11
OWN
00000000000000000
00000000000000000
00000000000000000
00000000000000000
00000000000000000
00000000000000000
00000000000000000
00000011111100000
00000000000000000
00000000000000000
STEP 1 P2 MOVE 1 10 2 12
OWN
00000000000000000
00000000002220000
00000000002220000
00000000000000000
00000000000000000
00000000000000000
00000000000000000
00000011111100000
00000000000000000
00000000000000000
STEP 2 P1 MOVE 7 1 8 2
OWN
00000000000000000
00000000002220000
00000000002220000
00000000000000000
00000000000000000
00000000000000000
00000000000000000
01100011111100000
01100000000000000
00000000000000000
STEP 3 P2 MOVE 2 0 5 0
OWN
00000000000000000
00000000002220000
20000000002220000
20000000000000000
20000000000000000
20000000000000000
00000000000000000
01100011111100000
01100000000000000
00000000000000000
STEP 4 P1 MOVE 2 2 2 4
OWN
00000000000000000
00000000002220000
20111000002220000
20000000000000000
20000000000000000
20000000000000000
00000000000000000
01100011111100000
01100000000000000
00000000000000000
STEP 5 P2 MOVE 3 8 5 8
OWN
00000000000000000
00000000002220000
20111000002220000
20000000200000000
20000000200000000
20000000200000000
00000000000000000
01100011111100000
01100000000000000
00000000000000000
STEP 6 P1 MOVE 3 15 5 15
OWN
00000000000000000
00000000002220000
20111000002220000
20000000200000010
20000000200000010
20000000200000010
00000000000000000
01100011111100000
01100000000000000
00000000000000000
STEP 7 P2 MOVE 8 9 8 11
OWN
00000000000000000
00000000002220000
20111000002220000
20000000200000010
20000000200000010
20000000200000010
00000000000000000
01100011111100000
01100000022200000
00000000000000000
STEP 8 P1 MOVE 9 7 9 8
OWN
00000000000000000
00000000002220000
20111000002220000
20000000200000010
20000000200000010
20000000200000010
00000000000000000
01100011111100000
01100000022200000
00000001100000000
STEP 9 P2 MOVE 5 9 6 9
OWN
00000000000000000
00000000002220000
20111000002220000
20000000200000010
20000000200000010
20000000220000010
00000000020000000
01100011111100000
01100000022200000
00000001100000000
STEP 10 P1 MOVE 8 0 9 0
OWN
00000000000000000
00000000002220000
20111000002220000
20000000200000010
20000000200000010
20000000220000010
00000000020000000
01100011111100000
11100000022200000
10000001100000000
STEP 11 P2 MOVE 6 2 6 3
OWN
00000000000000000
00000000002220000
20111000002220000
20000000200000010
20000000200000010
20000000220000010
00220000020000000
01100011111100000
11100000022200000
10000001100000000
STEP 12 P1 MOVE 6 0 7 0
OWN
00000000000000000
00000000002220000
20111000002220000
20000000200000010
20000000200000010
20000000220000010
10220000020000000
11100011111100000
11100000022200000
10000001100000000
STEP 13 P2 MOVE 1 13 1 14
OWN
00000000000000000
00000000002222200
20111000002220000
20000000200000010
20000000200000010
20000000220000010
10220000020000000
11100011111100000
11100000022200000
10000001100000000
STEP 14 P1 MOVE 3 2 3 3
OWN
00000000000000000
00000000002222200
20111000002220000
20110000200000010
20000000200000010
20000000220000010
10220000020000000
11100011111100000
11100000022200000
10000001100000000
STEP 15 P2 MOVE 3 6 3 7
OWN
00000000000000000
00000000002222200
20111000002220000
20110022200000010
20000000200000010
20000000220000010
10220000020000000
11100011111100000
11100000022200000
10000001100000000
STEP 16 P1 MOVE 5 10 6 10
OWN
00000000000000000
00000000002222200
20111000002220000
20110022200000010
20000000200000010
20000000221000010
10220000021000000
11100011111100000
11100000022200000
10000001100000000
STEP 17 P2 MOVE 0 2 0 3
OWN
00220000000000000
00000000002222200
20111000002220000
20110022200000010
20000000200000010
20000000221000010
10220000021000000
11100011111100000
11100000022200000
10000001100000000
STEP 18 P1 MOVE 0 8 1 9
OWN
00220000110000000
00000000112222200
20111000002220000
20110022200000010
20000000200000010
20000000221000010
10220000021000000
11100011111100000
11100000022200000
10000001100000000
STEP 19 P2 MOVE 0 4 0 5
OWN
00222200110000000
00000000112222200
20111000002220000
20110022200000010
20000000200000010
20000000221000010
10220000021000000
11100011111100000
11100000022200000
10000001100000000
STEP 20 P1 MOVE 5 11 6 11
OWN
00222200110000000
00000000112222200
20111000002220000
20110022200000010
20000000200000010
20000000221100010
10220000021100000
11100011111100000
11100000022200000
10000001100000000
STEP 21 P2 MOVE 6 14 6 15
OWN
00222200110000000
00000000112222200
20111000002220000
20110022200000010
20000000200000010
20000000221100010
10220000021100220
11100011111100000
11100000022200000
10000001100000000
STEP 22 P1 MOVE 1 0 1 1
OWN
00222200110000000
11000000112222200
20111000002220000
20110022200000010
20000000200000010
20000000221100010
10220000021100220
11100011111100000
11100000022200000
10000001100000000
STEP 23 P2 MOVE 0 1 1 2
OWN
02222200110000000
12200000112222200
20111000002220000
20110022200000010
20000000200000010
20000000221100010
10220000021100220
11100011111100000
11100000022200000
10000001100000000
STEP 24 P1 MOVE 0 7 0 10
OWN
02222201111000000
12200000112222200
20111000002220000
20110022200000010
20000000200000010
20000000221100010
10220000021100220
11100011111100000
11100000022200000
10000001100000000
STEP 25 P2 MOVE -1 -1 -1 -1
OWN
02222201111000000
12200000112222200
20111000002220000
20110022200000010
20000000200000010
20000000221100010
10220000021100220
11100011111100000
11100000022200000
10000001100000000
STEP 26 P1 MOVE -1 -1 -1 -1
OWN
02222201111000000
12200000112222200
20111000002220000
20110022200000010
20000000200000010
20000000221100010
10220000021100220
11100011111100000
11100000022200000
10000001100000000
RESULT first=35 second=33 winner=1
ANALYSIS winner=P1 score=35-33 reason=şóÄ­Ľ±Áˇ(+4) / Ľ±°řŔĚÁˇ steal(w/l)=0/1 neu(w/l)=36/32
