BOARD
86562183222155616
14528275822925866
78316335524361716
26968811849954475
49792625436551335
57515526432366916
24233576367723762
75496252894871145
66451334855391491
16254366753662664
STEP 0 P1 MOVE 0 7 0 11
OWN
00000001111100000
00000000000000000
00000000000000000
00000000000000000
00000000000000000
00000000000000000
00000000000000000
00000000000000000
00000000000000000
00000000000000000
STEP 1 P2 MOVE 1 9 2 10
OWN
00000001111100000
00000000022000000
00000000022000000
00000000000000000
00000000000000000
00000000000000000
00000000000000000
00000000000000000
00000000000000000
00000000000000000
STEP 2 P1 MOVE 1 0 1 2
OWN
00000001111100000
11100000022000000
00000000022000000
00000000000000000
00000000000000000
00000000000000000
00000000000000000
00000000000000000
00000000000000000
00000000000000000
STEP 3 P2 MOVE 7 16 9 16
OWN
00000001111100000
11100000022000000
00000000022000000
00000000000000000
00000000000000000
00000000000000000
00000000000000000
00000000000000002
00000000000000002
00000000000000002
STEP 4 P1 MOVE 7 2 9 2
OWN
00000001111100000
11100000022000000
00000000022000000
00000000000000000
00000000000000000
00000000000000000
00000000000000000
00100000000000002
00100000000000002
00100000000000002
STEP 5 P2 MOVE 5 13 7 13
OWN
00000001111100000
11100000022000000
00000000022000000
00000000000000000
00000000000000000
00000000000002000
00000000000002000
00100000000002002
00100000000000002
00100000000000002
STEP 6 P1 MOVE 4 15 6 15
OWN
00000001111100000
11100000022000000
00000000022000000
00000000000000000
00000000000000010
00000000000002010
00000000000002010
00100000000002002
00100000000000002
00100000000000002
STEP 7 P2 MOVE 3 9 5 9
OWN
00000001111100000
11100000022000000
00000000022000000
00000000020000000
00000000020000010
00000000020002010
00000000000002010
00100000000002002
00100000000000002
00100000000000002
STEP 8 P1 MOVE 2 3 2 5
OWN
00000001111100000
11100000022000000
00011100022000000
00000000020000000
00000000020000010
00000000020002010
00000000000002010
00100000000002002
00100000000000002
00100000000000002
STEP 9 P2 MOVE 1 5 3 5
OWN
00000001111100000
11100200022000000
00011200022000000
00000200020000000
00000000020000010
00000000020002010
00000000000002010
00100000000002002
00100000000000002
00100000000000002
STEP 10 P1 MOVE 0 4 1 4
OWN
00001001111100000
11101200022000000
00011200022000000
00000200020000000
00000000020000010
00000000020002010
00000000000002010
00100000000002002
00100000000000002
00100000000000002
STEP 11 P2 MOVE 2 7 2 8
OWN
00001001111100000
11101200022000000
00011202222000000
00000200020000000
00000000020000010
00000000020002010
00000000000002010
00100000000002002
00100000000000002
00100000000000002
STEP 12 P1 MOVE 0 13 1 13
OWN
00001001111101000
11101200022001000
00011202222000000
00000200020000000
00000000020000010
00000000020002010
00000000000002010
00100000000002002
00100000000000002
00100000000000002
STEP 13 P2 MOVE 1 12 1 14
OWN
00001001111101000
11101200022022200
00011202222000000
00000200020000000
00000000020000010
00000000020002010
00000000000002010
00100000000002002
00100000000000002
00100000000000002
STEP 14 P1 MOVE 6 5 8 5
OWN
00001001111101000
11101200022022200
00011202222000000
00000200020000000
00000000020000010
00000000020002010
00000100000002010
00100100000002002
00100100000000002
00100000000000002
STEP 15 P2 MOVE 6 4 6 6
OWN
00001001111101000
11101200022022200
00011202222000000
00000200020000000
00000000020000010
00000000020002010
00002220000002010
00100100000002002
00100100000000002
00100000000000002
STEP 16 P1 MOVE 8 14 9 14
OWN
00001001111101000
11101200022022200
00011202222000000
00000200020000000
00000000020000010
00000000020002010
00002220000002010
00100100000002002
00100100000000102
00100000000000102
STEP 17 P2 MOVE 8 9 8 10
OWN
00001001111101000
11101200022022200
00011202222000000
00000200020000000
00000000020000010
00000000020002010
00002220000002010
00100100000002002
00100100022000102
00100000000000102
STEP 18 P1 MOVE 2 11 2 13
OWN
00001001111101000
11101200022022200
00011202222111000
00000200020000000
00000000020000010
00000000020002010
00002220000002010
00100100000002002
00100100022000102
00100000000000102
STEP 19 P2 MOVE 5 6 8 6
OWN
00001001111101000
11101200022022200
00011202222111000
00000200020000000
00000000020000010
00000020020002010
00002220000002010
00100120000002002
00100120022000102
00100000000000102
STEP 20 P1 MOVE 8 3 8 7
OWN
00001001111101000
11101200022022200
00011202222111000
00000200020000000
00000000020000010
00000020020002010
00002220000002010
00100120000002002
00111111022000102
00100000000000102
STEP 21 P2 MOVE 3 4 4 4
OWN
00001001111101000
11101200022022200
00011202222111000
00002200020000000
00002000020000010
00000020020002010
00002220000002010
00100120000002002
00111111022000102
00100000000000102
STEP 22 P1 MOVE 4 8 4 10
OWN
00001001111101000
11101200022022200
00011202222111000
00002200020000000
00002000111000010
00000020020002010
00002220000002010
00100120000002002
00111111022000102
00100000000000102
STEP 23 P2 MOVE 7 7 7 8
OWN
00001001111101000
11101200022022200
00011202222111000
00002200020000000
00002000111000010
00000020020002010
00002220000002010
00100122200002002
00111111022000102
00100000000000102
STEP 24 P1 MOVE 4 3 5 3
OWN
00001001111101000
11101200022022200
00011202222111000
00002200020000000
00012000111000010
00010020020002010
00002220000002010
00100122200002002
00111111022000102
00100000000000102
STEP 25 P2 MOVE 3 6 3 8
OWN
00001001111101000
11101200022022200
00011202222111000
00002222220000000
00012000111000010
00010020020002010
00002220000002010
00100122200002002
00111111022000102
00100000000000102
STEP 26 P1 MOVE 5 7 5 8
OWN
00001001111101000
11101200022022200
00011202222111000
00002222220000000
00012000111000010
00010021120002010
00002220000002010
00100122200002002
00111111022000102
00100000000000102
STEP 27 P2 MOVE 4 10 5 11
OWN
00001001111101000
11101200022022200
00011202222111000
00002222220000000
00012000112200010
00010021122202010
00002220000002010
00100122200002002
00111111022000102
00100000000000102
STEP 28 P1 MOVE 0 12 3 12
OWN
00001001111111000
11101200022012200
00011202222111000
00002222220010000
00012000112200010
00010021122202010
00002220000002010
00100122200002002
00111111022000102
00100000000000102
STEP 29 P2 MOVE 4 7 4 12
OWN
00001001111111000
11101200022012200
00011202222111000
00002222220010000
00012002222220010
00010021122202010
00002220000002010
00100122200002002
00111111022000102
00100000000000102
STEP 30 P1 MOVE 5 4 5 5
OWN
00001001111111000
11101200022012200
00011202222111000
00002222220010000
00012002222220010
00011121122202010
00002220000002010
00100122200002002
00111111022000102
00100000000000102
STEP 31 P2 MOVE 7 4 9 4
OWN
00001001111111000
11101200022012200
00011202222111000
00002222220010000
00012002222220010
00011121122202010
00002220000002010
00102122200002002
00112111022000102
00102000000000102
STEP 32 P1 MOVE 0 5 9 5
OWN
00001101111111000
11101100022012200
00011102222111000
00002122220010000
00012102222220010
00011121122202010
00002120000002010
00102122200002002
00112111022000102
00102100000000102
STEP 33 P2 MOVE 4 2 4 13
OWN
00001101111111000
11101100022012200
00011102222111000
00002122220010000
00222222222222010
00011121122202010
00002120000002010
00102122200002002
00112111022000102
00102100000000102
STEP 34 P1 MOVE 3 12 5 13
OWN
00001101111111000
11101100022012200
00011102222111000
00002122220011000
00222222222211010
00011121122211010
00002120000002010
00102122200002002
00112111022000102
00102100000000102
STEP 35 P2 MOVE 5 2 6 3
OWN
00001101111111000
11101100022012200
00011102222111000
00002122220011000
00222222222211010
00221121122211010
00222120000002010
00102122200002002
00112111022000102
00102100000000102
STEP 36 P1 MOVE 3 16 4 16
OWN
00001101111111000
11101100022012200
00011102222111000
00002122220011001
00222222222211011
00221121122211010
00222120000002010
00102122200002002
00112111022000102
00102100000000102
STEP 37 P2 MOVE 2 6 2 14
OWN
00001101111111000
11101100022012200
00011122222222200
00002122220011001
00222222222211011
00221121122211010
00222120000002010
00102122200002002
00112111022000102
00102100000000102
STEP 38 P1 MOVE 2 2 2 16
OWN
00001101111111000
11101100022012200
00111111111111111
00002122220011001
00222222222211011
00221121122211010
00222120000002010
00102122200002002
00112111022000102
00102100000000102
STEP 39 P2 MOVE 1 1 2 3
OWN
00001101111111000
12221100022012200
02221111111111111
00002122220011001
00222222222211011
00221121122211010
00222120000002010
00102122200002002
00112111022000102
00102100000000102
STEP 40 P1 MOVE 0 14 3 14
OWN
00001101111111100
12221100022012100
02221111111111111
00002122220011101
00222222222211011
00221121122211010
00222120000002010
00102122200002002
00112111022000102
00102100000000102
STEP 41 P2 MOVE 3 14 4 15
OWN
00001101111111100
12221100022012100
02221111111111111
00002122220011221
00222222222211221
00221121122211010
00222120000002010
00102122200002002
00112111022000102
00102100000000102
STEP 42 P1 MOVE -1 -1 -1 -1
OWN
00001101111111100
12221100022012100
02221111111111111
00002122220011221
00222222222211221
00221121122211010
00222120000002010
00102122200002002
00112111022000102
00102100000000102
STEP 43 P2 MOVE 8 13 8 15
OWN
00001101111111100
12221100022012100
02221111111111111
00002122220011221
00222222222211221
00221121122211010
00222120000002010
00102122200002002
00112111022002222
00102100000000102
STEP 44 P1 MOVE 6 13 9 14
OWN
00001101111111100
12221100022012100
02221111111111111
00002122220011221
00222222222211221
00221121122211010
00222120000001110
00102122200001102
00112111022001122
00102100000001102
STEP 45 P2 MOVE 1 15 7 15
OWN
00001101111111100
12221100022012120
02221111111111121
00002122220011221
00222222222211221
00221121122211020
00222120000001120
00102122200001122
00112111022001122
00102100000001102
STEP 46 P1 MOVE 0 11 1 15
OWN
00001101111111110
12221100022111110
02221111111111121
00002122220011221
00222222222211221
00221121122211020
00222120000001120
00102122200001122
00112111022001122
00102100000001102
STEP 47 P2 MOVE -1 -1 -1 -1
OWN
00001101111111110
12221100022111110
02221111111111121
00002122220011221
00222222222211221
00221121122211020
00222120000001120
00102122200001122
00112111022001122
00102100000001102
STEP 48 P1 MOVE -1 -1 -1 -1
OWN
00001101111111110
12221100022111110
02221111111111121
00002122220011221
00222222222211221
00221121122211020
00222120000001120
00102122200001122
00112111022001122
00102100000001102
RESULT first=62 second=53 winner=1
ANALYSIS winner=P1 score=62-53 reason=Ĺ»ĂëżěŔ§(+3Ä­ »©ľŃŔ˝,2ąčČż°ú) / şóÄ­Ľ±Áˇ(+3) steal(w/l)=26/23 neu(w/l)=59/56
