BOARD
14334222993146671
28229692271485539
16322627884421995
51148228425647372
88841265681484324
41189641562357296
41222276986616961
72563284821774193
37711211953135783
29678461152488962
STEP 0 P1 MOVE 0 4 0 7
OWN
00001111000000000
00000000000000000
00000000000000000
00000000000000000
00000000000000000
00000000000000000
00000000000000000
00000000000000000
00000000000000000
00000000000000000
STEP 1 P2 MOVE 4 10 5 11
OWN
00001111000000000
00000000000000000
00000000000000000
00000000000000000
00000000002200000
00000000002200000
00000000000000000
00000000000000000
00000000000000000
00000000000000000
STEP 2 P1 MOVE 8 10 9 11
OWN
00001111000000000
00000000000000000
00000000000000000
00000000000000000
00000000002200000
00000000002200000
00000000000000000
00000000000000000
00000000001100000
00000000001100000
STEP 3 P2 MOVE 0 2 1 3
OWN
00221111000000000
00220000000000000
00000000000000000
00000000000000000
00000000002200000
00000000002200000
00000000000000000
00000000000000000
00000000001100000
00000000001100000
STEP 4 P1 MOVE 2 2 3 3
OWN
00221111000000000
00220000000000000
00110000000000000
00110000000000000
00000000002200000
00000000002200000
00000000000000000
00000000000000000
00000000001100000
00000000001100000
STEP 5 P2 MOVE 1 8 1 10
OWN
00221111000000000
00220000222000000
00110000000000000
00110000000000000
00000000002200000
00000000002200000
00000000000000000
00000000000000000
00000000001100000
00000000001100000
STEP 6 P1 MOVE 3 1 5 1
OWN
00221111000000000
00220000222000000
00110000000000000
01110000000000000
01000000002200000
01000000002200000
00000000000000000
00000000000000000
00000000001100000
00000000001100000
STEP 7 P2 MOVE 5 6 5 8
OWN
00221111000000000
00220000222000000
00110000000000000
01110000000000000
01000000002200000
01000022202200000
00000000000000000
00000000000000000
00000000001100000
00000000001100000
STEP 8 P1 MOVE 5 16 7 16
OWN
00221111000000000
00220000222000000
00110000000000000
01110000000000000
01000000002200000
01000022202200001
00000000000000001
00000000000000001
00000000001100000
00000000001100000
STEP 9 P2 MOVE 7 9 7 11
OWN
00221111000000000
00220000222000000
00110000000000000
01110000000000000
01000000002200000
01000022202200001
00000000000000001
00000000022200001
00000000001100000
00000000001100000
STEP 10 P1 MOVE 2 10 2 12
OWN
00221111000000000
00220000222000000
00110000001110000
01110000000000000
01000000002200000
01000022202200001
00000000000000001
00000000022200001
00000000001100000
00000000001100000
STEP 11 P2 MOVE 8 0 8 1
OWN
00221111000000000
00220000222000000
00110000001110000
01110000000000000
01000000002200000
01000022202200001
00000000000000001
00000000022200001
22000000001100000
00000000001100000
STEP 12 P1 MOVE 6 5 9 5
OWN
00221111000000000
00220000222000000
00110000001110000
01110000000000000
01000000002200000
01000022202200001
00000100000000001
00000100022200001
22000100001100000
00000100001100000
STEP 13 P2 MOVE 8 2 8 6
OWN
00221111000000000
00220000222000000
00110000001110000
01110000000000000
01000000002200000
01000022202200001
00000100000000001
00000100022200001
22222220001100000
00000100001100000
STEP 14 P1 MOVE 6 1 7 2
OWN
00221111000000000
00220000222000000
00110000001110000
01110000000000000
01000000002200000
01000022202200001
01100100000000001
01100100022200001
22222220001100000
00000100001100000
STEP 15 P2 MOVE 8 8 9 8
OWN
00221111000000000
00220000222000000
00110000001110000
01110000000000000
01000000002200000
01000022202200001
01100100000000001
01100100022200001
22222220201100000
00000100201100000
STEP 16 P1 MOVE 7 14 7 15
OWN
00221111000000000
00220000222000000
00110000001110000
01110000000000000
01000000002200000
01000022202200001
01100100000000001
01100100022200111
22222220201100000
00000100201100000
STEP 17 P2 MOVE 2 13 2 14
OWN
00221111000000000
00220000222000000
00110000001112200
01110000000000000
01000000002200000
01000022202200001
01100100000000001
01100100022200111
22222220201100000
00000100201100000
STEP 18 P1 MOVE 8 9 9 9
OWN
00221111000000000
00220000222000000
00110000001112200
01110000000000000
01000000002200000
01000022202200001
01100100000000001
01100100022200111
22222220211100000
00000100211100000
STEP 19 P2 MOVE 0 15 1 15
OWN
00221111000000020
00220000222000020
00110000001112200
01110000000000000
01000000002200000
01000022202200001
01100100000000001
01100100022200111
22222220211100000
00000100211100000
STEP 20 P1 MOVE 2 9 3 9
OWN
00221111000000020
00220000222000020
00110000011112200
01110000010000000
01000000002200000
01000022202200001
01100100000000001
01100100022200111
22222220211100000
00000100211100000
STEP 21 P2 MOVE 1 0 1 1
OWN
00221111000000020
22220000222000020
00110000011112200
01110000010000000
01000000002200000
01000022202200001
01100100000000001
01100100022200111
22222220211100000
00000100211100000
STEP 22 P1 MOVE 3 11 3 12
OWN
00221111000000020
22220000222000020
00110000011112200
01110000010110000
01000000002200000
01000022202200001
01100100000000001
01100100022200111
22222220211100000
00000100211100000
STEP 23 P2 MOVE 1 13 1 14
OWN
00221111000000020
22220000222002220
00110000011112200
01110000010110000
01000000002200000
01000022202200001
01100100000000001
01100100022200111
22222220211100000
00000100211100000
STEP 24 P1 MOVE 2 4 3 4
OWN
00221111000000020
22220000222002220
00111000011112200
01111000010110000
01000000002200000
01000022202200001
01100100000000001
01100100022200111
22222220211100000
00000100211100000
STEP 25 P2 MOVE 3 14 3 15
OWN
00221111000000020
22220000222002220
00111000011112200
01111000010110220
01000000002200000
01000022202200001
01100100000000001
01100100022200111
22222220211100000
00000100211100000
STEP 26 P1 MOVE 3 8 4 8
OWN
00221111000000020
22220000222002220
00111000011112200
01111000110110220
01000000102200000
01000022202200001
01100100000000001
01100100022200111
22222220211100000
00000100211100000
STEP 27 P2 MOVE 0 16 1 16
OWN
00221111000000022
22220000222002222
00111000011112200
01111000110110220
01000000102200000
01000022202200001
01100100000000001
01100100022200111
22222220211100000
00000100211100000
STEP 28 P1 MOVE 2 6 4 6
OWN
00221111000000022
22220000222002222
00111010011112200
01111010110110220
01000010102200000
01000022202200001
01100100000000001
01100100022200111
22222220211100000
00000100211100000
STEP 29 P2 MOVE 1 4 4 4
OWN
00221111000000022
22222000222002222
00112010011112200
01112010110110220
01002010102200000
01000022202200001
01100100000000001
01100100022200111
22222220211100000
00000100211100000
STEP 30 P1 MOVE 5 3 6 3
OWN
00221111000000022
22222000222002222
00112010011112200
01112010110110220
01002010102200000
01010022202200001
01110100000000001
01100100022200111
22222220211100000
00000100211100000
STEP 31 P2 MOVE 6 13 7 13
OWN
00221111000000022
22222000222002222
00112010011112200
01112010110110220
01002010102200000
01010022202200001
01110100000002001
01100100022202111
22222220211100000
00000100211100000
STEP 32 P1 MOVE 6 12 6 14
OWN
00221111000000022
22222000222002222
00112010011112200
01112010110110220
01002010102200000
01010022202200001
01110100000011101
01100100022202111
22222220211100000
00000100211100000
STEP 33 P2 MOVE 1 11 6 11
OWN
00221111000000022
22222000222202222
00112010011212200
01112010110210220
01002010102200000
01010022202200001
01110100000211101
01100100022202111
22222220211100000
00000100211100000
STEP 34 P1 MOVE 1 7 1 12
OWN
00221111000000022
22222001111112222
00112010011212200
01112010110210220
01002010102200000
01010022202200001
01110100000211101
01100100022202111
22222220211100000
00000100211100000
STEP 35 P2 MOVE 3 5 3 7
OWN
00221111000000022
22222001111112222
00112010011212200
01112222110210220
01002010102200000
01010022202200001
01110100000211101
01100100022202111
22222220211100000
00000100211100000
STEP 36 P1 MOVE 0 12 0 13
OWN
00221111000011022
22222001111112222
00112010011212200
01112222110210220
01002010102200000
01010022202200001
01110100000211101
01100100022202111
22222220211100000
00000100211100000
STEP 37 P2 MOVE 4 3 7 3
OWN
00221111000011022
22222001111112222
00112010011212200
01112222110210220
01022010102200000
01020022202200001
01120100000211101
01120100022202111
22222220211100000
00000100211100000
STEP 38 P1 MOVE 4 2 4 5
OWN
00221111000011022
22222001111112222
00112010011212200
01112222110210220
01111110102200000
01020022202200001
01120100000211101
01120100022202111
22222220211100000
00000100211100000
STEP 39 P2 MOVE 7 0 7 4
OWN
00221111000011022
22222001111112222
00112010011212200
01112222110210220
01111110102200000
01020022202200001
01120100000211101
22222100022202111
22222220211100000
00000100211100000
STEP 40 P1 MOVE 6 4 9 4
OWN
00221111000011022
22222001111112222
00112010011212200
01112222110210220
01111110102200000
01020022202200001
01121100000211101
22221100022202111
22221220211100000
00001100211100000
STEP 41 P2 MOVE 0 10 0 14
OWN
00221111002222222
22222001111112222
00112010011212200
01112222110210220
01111110102200000
01020022202200001
01121100000211101
22221100022202111
22221220211100000
00001100211100000
STEP 42 P1 MOVE 3 0 3 10
OWN
00221111002222222
22222001111112222
00112010011212200
11111111111210220
01111110102200000
01020022202200001
01121100000211101
22221100022202111
22221220211100000
00001100211100000
STEP 43 P2 MOVE 0 0 4 0
OWN
20221111002222222
22222001111112222
20112010011212200
21111111111210220
21111110102200000
01020022202200001
01121100000211101
22221100022202111
22221220211100000
00001100211100000
STEP 44 P1 MOVE 0 1 1 5
OWN
21111111002222222
21111101111112222
20112010011212200
21111111111210220
21111110102200000
01020022202200001
01121100000211101
22221100022202111
22221220211100000
00001100211100000
STEP 45 P2 MOVE 2 0 5 1
OWN
21111111002222222
21111101111112222
22112010011212200
22111111111210220
22111110102200000
22020022202200001
01121100000211101
22221100022202111
22221220211100000
00001100211100000
STEP 46 P1 MOVE 6 7 7 7
OWN
21111111002222222
21111101111112222
22112010011212200
22111111111210220
22111110102200000
22020022202200001
01121101000211101
22221101022202111
22221220211100000
00001100211100000
STEP 47 P2 MOVE 7 7 9 8
OWN
21111111002222222
21111101111112222
22112010011212200
22111111111210220
22111110102200000
22020022202200001
01121101000211101
22221102222202111
22221222211100000
00001102211100000
STEP 48 P1 MOVE 7 12 8 12
OWN
21111111002222222
21111101111112222
22112010011212200
22111111111210220
22111110102200000
22020022202200001
01121101000211101
22221102222212111
22221222211110000
00001102211100000
STEP 49 P2 MOVE -1 -1 -1 -1
OWN
21111111002222222
21111101111112222
22112010011212200
22111111111210220
22111110102200000
22020022202200001
01121101000211101
22221102222212111
22221222211110000
00001102211100000
STEP 50 P1 MOVE -1 -1 -1 -1
OWN
21111111002222222
21111101111112222
22112010011212200
22111111111210220
22111110102200000
22020022202200001
01121101000211101
22221102222212111
22221222211110000
00001102211100000
RESULT first=66 second=58 winner=1
ANALYSIS winner=P1 score=66-58 reason=şóÄ­Ľ±Áˇ(+4) steal(w/l)=19/17 neu(w/l)=64/60
