BOARD
79469967276812449
52688987788315247
38559974757263437
49475847973689993
34676839949268728
53729155421215576
67798412843677657
19998427847947226
19799969845599225
32687315165264741
STEP 0 P1 MOVE 9 5 9 8
OWN
00000000000000000
00000000000000000
00000000000000000
00000000000000000
00000000000000000
00000000000000000
00000000000000000
00000000000000000
00000000000000000
00000111100000000
STEP 1 P2 MOVE 5 9 6 10
OWN
00000000000000000
00000000000000000
00000000000000000
00000000000000000
00000000000000000
00000000022000000
00000000022000000
00000000000000000
00000000000000000
00000111100000000
STEP 2 P1 MOVE 2 13 2 15
OWN
00000000000000000
00000000000000000
00000000000001110
00000000000000000
00000000000000000
00000000022000000
00000000022000000
00000000000000000
00000000000000000
00000111100000000
STEP 3 P2 MOVE 6 14 8 14
OWN
00000000000000000
00000000000000000
00000000000001110
00000000000000000
00000000000000000
00000000022000000
00000000022000200
00000000000000200
00000000000000200
00000111100000000
STEP 4 P1 MOVE 3 9 3 10
OWN
00000000000000000
00000000000000000
00000000000001110
00000000011000000
00000000000000000
00000000022000000
00000000022000200
00000000000000200
00000000000000200
00000111100000000
STEP 5 P2 MOVE 5 1 5 2
OWN
00000000000000000
00000000000000000
00000000000001110
00000000011000000
00000000000000000
02200000022000000
00000000022000200
00000000000000200
00000000000000200
00000111100000000
STEP 6 P1 MOVE 4 11 6 11
OWN
00000000000000000
00000000000000000
00000000000001110
00000000011000000
00000000000100000
02200000022100000
00000000022100200
00000000000000200
00000000000000200
00000111100000000
STEP 7 P2 MOVE 3 2 4 2
OWN
00000000000000000
00000000000000000
00000000000001110
00200000011000000
00200000000100000
02200000022100000
00000000022100200
00000000000000200
00000000000000200
00000111100000000
STEP 8 P1 MOVE 0 2 0 3
OWN
00110000000000000
00000000000000000
00000000000001110
00200000011000000
00200000000100000
02200000022100000
00000000022100200
00000000000000200
00000000000000200
00000111100000000
STEP 9 P2 MOVE 4 15 4 16
OWN
00110000000000000
00000000000000000
00000000000001110
00200000011000000
00200000000100022
02200000022100000
00000000022100200
00000000000000200
00000000000000200
00000111100000000
STEP 10 P1 MOVE 8 10 9 10
OWN
00110000000000000
00000000000000000
00000000000001110
00200000011000000
00200000000100022
02200000022100000
00000000022100200
00000000000000200
00000000001000200
00000111101000000
STEP 11 P2 MOVE 7 0 7 1
OWN
00110000000000000
00000000000000000
00000000000001110
00200000011000000
00200000000100022
02200000022100000
00000000022100200
22000000000000200
00000000001000200
00000111101000000
STEP 12 P1 MOVE 6 0 9 0
OWN
00110000000000000
00000000000000000
00000000000001110
00200000011000000
00200000000100022
02200000022100000
10000000022100200
12000000000000200
10000000001000200
10000111101000000
STEP 13 P2 MOVE 1 1 2 1
OWN
00110000000000000
02000000000000000
02000000000001110
00200000011000000
00200000000100022
02200000022100000
10000000022100200
12000000000000200
10000000001000200
10000111101000000
STEP 14 P1 MOVE 5 4 5 5
OWN
00110000000000000
02000000000000000
02000000000001110
00200000011000000
00200000000100022
02201100022100000
10000000022100200
12000000000000200
10000000001000200
10000111101000000
STEP 15 P2 MOVE 8 9 9 9
OWN
00110000000000000
02000000000000000
02000000000001110
00200000011000000
00200000000100022
02201100022100000
10000000022100200
12000000000000200
10000000021000200
10000111121000000
STEP 16 P1 MOVE 9 12 9 13
OWN
00110000000000000
02000000000000000
02000000000001110
00200000011000000
00200000000100022
02201100022100000
10000000022100200
12000000000000200
10000000021000200
10000111121011000
STEP 17 P2 MOVE 5 5 6 6
OWN
00110000000000000
02000000000000000
02000000000001110
00200000011000000
00200000000100022
02201220022100000
10000220022100200
12000000000000200
10000000021000200
10000111121011000
STEP 18 P1 MOVE 5 7 5 12
OWN
00110000000000000
02000000000000000
02000000000001110
00200000011000000
00200000000100022
02201221111110000
10000220022100200
12000000000000200
10000000021000200
10000111121011000
STEP 19 P2 MOVE 0 13 0 15
OWN
00110000000002220
02000000000000000
02000000000001110
00200000011000000
00200000000100022
02201221111110000
10000220022100200
12000000000000200
10000000021000200
10000111121011000
STEP 20 P1 MOVE 0 12 0 16
OWN
00110000000011111
02000000000000000
02000000000001110
00200000011000000
00200000000100022
02201221111110000
10000220022100200
12000000000000200
10000000021000200
10000111121011000
STEP 21 P2 MOVE 2 0 4 0
OWN
00110000000011111
02000000000000000
22000000000001110
20200000011000000
20200000000100022
02201221111110000
10000220022100200
12000000000000200
10000000021000200
10000111121011000
STEP 22 P1 MOVE 1 0 5 0
OWN
00110000000011111
12000000000000000
12000000000001110
10200000011000000
10200000000100022
12201221111110000
10000220022100200
12000000000000200
10000000021000200
10000111121011000
STEP 23 P2 MOVE 6 7 6 8
OWN
00110000000011111
12000000000000000
12000000000001110
10200000011000000
10200000000100022
12201221111110000
10000222222100200
12000000000000200
10000000021000200
10000111121011000
STEP 24 P1 MOVE 2 2 2 3
OWN
00110000000011111
12000000000000000
12110000000001110
10200000011000000
10200000000100022
12201221111110000
10000222222100200
12000000000000200
10000000021000200
10000111121011000
STEP 25 P2 MOVE 2 16 3 16
OWN
00110000000011111
12000000000000000
12110000000001112
10200000011000002
10200000000100022
12201221111110000
10000222222100200
12000000000000200
10000000021000200
10000111121011000
STEP 26 P1 MOVE 5 13 5 14
OWN
00110000000011111
12000000000000000
12110000000001112
10200000011000002
10200000000100022
12201221111111100
10000222222100200
12000000000000200
10000000021000200
10000111121011000
STEP 27 P2 MOVE -1 -1 -1 -1
OWN
00110000000011111
12000000000000000
12110000000001112
10200000011000002
10200000000100022
12201221111111100
10000222222100200
12000000000000200
10000000021000200
10000111121011000
STEP 28 P1 MOVE -1 -1 -1 -1
OWN
00110000000011111
12000000000000000
12110000000001112
10200000011000002
10200000000100022
12201221111111100
10000222222100200
12000000000000200
10000000021000200
10000111121011000
RESULT first=42 second=24 winner=1
ANALYSIS winner=P1 score=42-24 reason=탈취우위(+8칸 빼앗음,2배효과) steal(w/l)=9/1 neu(w/l)=34/32
