BOARD
64738783576615838
74467472887137682
83731784231281254
95298716468372187
88569357568459526
64367912677721615
92852751796394145
47852351882767838
36492517646417776
53744872417167821
STEP 0 P1 MOVE 4 15 7 15
OWN
00000000000000000
00000000000000000
00000000000000000
00000000000000000
00000000000000010
00000000000000010
00000000000000010
00000000000000010
00000000000000000
00000000000000000
STEP 1 P2 MOVE 6 13 6 16
OWN
00000000000000000
00000000000000000
00000000000000000
00000000000000000
00000000000000010
00000000000000010
00000000000002222
00000000000000010
00000000000000000
00000000000000000
STEP 2 P1 MOVE 6 4 9 4
OWN
00000000000000000
00000000000000000
00000000000000000
00000000000000000
00000000000000010
00000000000000010
00001000000002222
00001000000000010
00001000000000000
00001000000000000
STEP 3 P2 MOVE 1 11 4 11
OWN
00000000000000000
00000000000200000
00000000000200000
00000000000200000
00000000000200010
00000000000000010
00001000000002222
00001000000000010
00001000000000000
00001000000000000
STEP 4 P1 MOVE 8 8 8 9
OWN
00000000000000000
00000000000200000
00000000000200000
00000000000200000
00000000000200010
00000000000000010
00001000000002222
00001000000000010
00001000110000000
00001000000000000
STEP 5 P2 MOVE 2 7 2 10
OWN
00000000000000000
00000000000200000
00000002222200000
00000000000200000
00000000000200010
00000000000000010
00001000000002222
00001000000000010
00001000110000000
00001000000000000
STEP 6 P1 MOVE 0 11 1 12
OWN
00000000000110000
00000000000110000
00000002222200000
00000000000200000
00000000000200010
00000000000000010
00001000000002222
00001000000000010
00001000110000000
00001000000000000
STEP 7 P2 MOVE 5 11 5 13
OWN
00000000000110000
00000000000110000
00000002222200000
00000000000200000
00000000000200010
00000000000222010
00001000000002222
00001000000000010
00001000110000000
00001000000000000
STEP 8 P1 MOVE 7 7 9 7
OWN
00000000000110000
00000000000110000
00000002222200000
00000000000200000
00000000000200010
00000000000222010
00001000000002222
00001001000000010
00001001110000000
00001001000000000
STEP 9 P2 MOVE 3 12 3 14
OWN
00000000000110000
00000000000110000
00000002222200000
00000000000222200
00000000000200010
00000000000222010
00001000000002222
00001001000000010
00001001110000000
00001001000000000
STEP 10 P1 MOVE 3 8 3 9
OWN
00000000000110000
00000000000110000
00000002222200000
00000000110222200
00000000000200010
00000000000222010
00001000000002222
00001001000000010
00001001110000000
00001001000000000
STEP 11 P2 MOVE 2 1 2 2
OWN
00000000000110000
00000000000110000
02200002222200000
00000000110222200
00000000000200010
00000000000222010
00001000000002222
00001001000000010
00001001110000000
00001001000000000
STEP 12 P1 MOVE 4 7 6 7
OWN
00000000000110000
00000000000110000
02200002222200000
00000000110222200
00000001000200010
00000001000222010
00001001000002222
00001001000000010
00001001110000000
00001001000000000
STEP 13 P2 MOVE 1 15 1 16
OWN
00000000000110000
00000000000110022
02200002222200000
00000000110222200
00000001000200010
00000001000222010
00001001000002222
00001001000000010
00001001110000000
00001001000000000
STEP 14 P1 MOVE 6 6 7 6
OWN
00000000000110000
00000000000110022
02200002222200000
00000000110222200
00000001000200010
00000001000222010
00001011000002222
00001011000000010
00001001110000000
00001001000000000
STEP 15 P2 MOVE 9 14 9 15
OWN
00000000000110000
00000000000110022
02200002222200000
00000000110222200
00000001000200010
00000001000222010
00001011000002222
00001011000000010
00001001110000000
00001001000000220
STEP 16 P1 MOVE 6 1 6 2
OWN
00000000000110000
00000000000110022
02200002222200000
00000000110222200
00000001000200010
00000001000222010
01101011000002222
00001011000000010
00001001110000000
00001001000000220
STEP 17 P2 MOVE 0 0 0 1
OWN
22000000000110000
00000000000110022
02200002222200000
00000000110222200
00000001000200010
00000001000222010
01101011000002222
00001011000000010
00001001110000000
00001001000000220
STEP 18 P1 MOVE 0 2 0 3
OWN
22110000000110000
00000000000110022
02200002222200000
00000000110222200
00000001000200010
00000001000222010
01101011000002222
00001011000000010
00001001110000000
00001001000000220
STEP 19 P2 MOVE 1 2 1 3
OWN
22110000000110000
00220000000110022
02200002222200000
00000000110222200
00000001000200010
00000001000222010
01101011000002222
00001011000000010
00001001110000000
00001001000000220
STEP 20 P1 MOVE 3 5 4 5
OWN
22110000000110000
00220000000110022
02200002222200000
00000100110222200
00000101000200010
00000001000222010
01101011000002222
00001011000000010
00001001110000000
00001001000000220
STEP 21 P2 MOVE 5 5 5 6
OWN
22110000000110000
00220000000110022
02200002222200000
00000100110222200
00000101000200010
00000221000222010
01101011000002222
00001011000000010
00001001110000000
00001001000000220
STEP 22 P1 MOVE 6 3 7 3
OWN
22110000000110000
00220000000110022
02200002222200000
00000100110222200
00000101000200010
00000221000222010
01111011000002222
00011011000000010
00001001110000000
00001001000000220
STEP 23 P2 MOVE 6 5 7 5
OWN
22110000000110000
00220000000110022
02200002222200000
00000100110222200
00000101000200010
00000221000222010
01111211000002222
00011211000000010
00001001110000000
00001001000000220
STEP 24 P1 MOVE 6 11 7 11
OWN
22110000000110000
00220000000110022
02200002222200000
00000100110222200
00000101000200010
00000221000222010
01111211000102222
00011211000100010
00001001110000000
00001001000000220
STEP 25 P2 MOVE 7 9 7 10
OWN
22110000000110000
00220000000110022
02200002222200000
00000100110222200
00000101000200010
00000221000222010
01111211000102222
00011211022100010
00001001110000000
00001001000000220
STEP 26 P1 MOVE 6 9 9 9
OWN
22110000000110000
00220000000110022
02200002222200000
00000100110222200
00000101000200010
00000221000222010
01111211010102222
00011211012100010
00001001110000000
00001001010000220
STEP 27 P2 MOVE 8 10 8 11
OWN
22110000000110000
00220000000110022
02200002222200000
00000100110222200
00000101000200010
00000221000222010
01111211010102222
00011211012100010
00001001112200000
00001001010000220
STEP 28 P1 MOVE 9 1 9 2
OWN
22110000000110000
00220000000110022
02200002222200000
00000100110222200
00000101000200010
00000221000222010
01111211010102222
00011211012100010
00001001112200000
01101001010000220
STEP 29 P2 MOVE 3 2 5 2
OWN
22110000000110000
00220000000110022
02200002222200000
00200100110222200
00200101000200010
00200221000222010
01111211010102222
00011211012100010
00001001112200000
01101001010000220
STEP 30 P1 MOVE 5 1 5 3
OWN
22110000000110000
00220000000110022
02200002222200000
00200100110222200
00200101000200010
01110221000222010
01111211010102222
00011211012100010
00001001112200000
01101001010000220
STEP 31 P2 MOVE 8 1 8 2
OWN
22110000000110000
00220000000110022
02200002222200000
00200100110222200
00200101000200010
01110221000222010
01111211010102222
00011211012100010
02201001112200000
01101001010000220
STEP 32 P1 MOVE 2 13 4 13
OWN
22110000000110000
00220000000110022
02200002222201000
00200100110221200
00200101000201010
01110221000222010
01111211010102222
00011211012100010
02201001112200000
01101001010000220
STEP 33 P2 MOVE 2 12 2 14
OWN
22110000000110000
00220000000110022
02200002222222200
00200100110221200
00200101000201010
01110221000222010
01111211010102222
00011211012100010
02201001112200000
01101001010000220
STEP 34 P1 MOVE 4 12 4 14
OWN
22110000000110000
00220000000110022
02200002222222200
00200100110221200
00200101000211110
01110221000222010
01111211010102222
00011211012100010
02201001112200000
01101001010000220
STEP 35 P2 MOVE 1 7 1 8
OWN
22110000000110000
00220002200110022
02200002222222200
00200100110221200
00200101000211110
01110221000222010
01111211010102222
00011211012100010
02201001112200000
01101001010000220
STEP 36 P1 MOVE 0 8 4 8
OWN
22110000100110000
00220002100110022
02200002122222200
00200100110221200
00200101100211110
01110221000222010
01111211010102222
00011211012100010
02201001112200000
01101001010000220
STEP 37 P2 MOVE 0 7 0 9
OWN
22110002220110000
00220002100110022
02200002122222200
00200100110221200
00200101100211110
01110221000222010
01111211010102222
00011211012100010
02201001112200000
01101001010000220
STEP 38 P1 MOVE -1 -1 -1 -1
OWN
22110002220110000
00220002100110022
02200002122222200
00200100110221200
00200101100211110
01110221000222010
01111211010102222
00011211012100010
02201001112200000
01101001010000220
STEP 39 P2 MOVE -1 -1 -1 -1
OWN
22110002220110000
00220002100110022
02200002122222200
00200100110221200
00200101100211110
01110221000222010
01111211010102222
00011211012100010
02201001112200000
01101001010000220
RESULT first=48 second=43 winner=1
ANALYSIS winner=P1 score=48-43 reason=Ĺ»ĂëżěŔ§(+3Ä­ »©ľŃŔ˝,2ąčČż°ú) steal(w/l)=6/3 neu(w/l)=45/46
