BOARD
63449986238868219
63376854348152886
69554366985985271
61177351266234169
34272326552167366
76587291388774397
91447529594166844
56417564724733815
81924546818771321
95643326321132351
STEP 0 P1 MOVE 3 11 3 14
OWN
00000000000000000
00000000000000000
00000000000000000
00000000000111100
00000000000000000
00000000000000000
00000000000000000
00000000000000000
00000000000000000
00000000000000000
STEP 1 P2 MOVE 2 11 4 11
OWN
00000000000000000
00000000000000000
00000000000200000
00000000000211100
00000000000200000
00000000000000000
00000000000000000
00000000000000000
00000000000000000
00000000000000000
STEP 2 P1 MOVE 2 14 2 16
OWN
00000000000000000
00000000000000000
00000000000200111
00000000000211100
00000000000200000
00000000000000000
00000000000000000
00000000000000000
00000000000000000
00000000000000000
STEP 3 P2 MOVE 3 8 5 8
OWN
00000000000000000
00000000000000000
00000000000200111
00000000200211100
00000000200200000
00000000200000000
00000000000000000
00000000000000000
00000000000000000
00000000000000000
STEP 4 P1 MOVE 7 7 8 7
OWN
00000000000000000
00000000000000000
00000000000200111
00000000200211100
00000000200200000
00000000200000000
00000000000000000
00000001000000000
00000001000000000
00000000000000000
STEP 5 P2 MOVE 1 13 1 14
OWN
00000000000000000
00000000000002200
00000000000200111
00000000200211100
00000000200200000
00000000200000000
00000000000000000
00000001000000000
00000001000000000
00000000000000000
STEP 6 P1 MOVE 1 7 2 7
OWN
00000000000000000
00000001000002200
00000001000200111
00000000200211100
00000000200200000
00000000200000000
00000000000000000
00000001000000000
00000001000000000
00000000000000000
STEP 7 P2 MOVE 6 16 8 16
OWN
00000000000000000
00000001000002200
00000001000200111
00000000200211100
00000000200200000
00000000200000000
00000000000000002
00000001000000002
00000001000000002
00000000000000000
STEP 8 P1 MOVE 9 3 9 5
OWN
00000000000000000
00000001000002200
00000001000200111
00000000200211100
00000000200200000
00000000200000000
00000000000000002
00000001000000002
00000001000000002
00011100000000000
STEP 9 P2 MOVE 7 6 8 6
OWN
00000000000000000
00000001000002200
00000001000200111
00000000200211100
00000000200200000
00000000200000000
00000000000000002
00000021000000002
00000021000000002
00011100000000000
STEP 10 P1 MOVE 0 13 0 14
OWN
00000000000001100
00000001000002200
00000001000200111
00000000200211100
00000000200200000
00000000200000000
00000000000000002
00000021000000002
00000021000000002
00011100000000000
STEP 11 P2 MOVE 0 15 0 16
OWN
00000000000001122
00000001000002200
00000001000200111
00000000200211100
00000000200200000
00000000200000000
00000000000000002
00000021000000002
00000021000000002
00011100000000000
STEP 12 P1 MOVE 7 11 7 12
OWN
00000000000001122
00000001000002200
00000001000200111
00000000200211100
00000000200200000
00000000200000000
00000000000000002
00000021000110002
00000021000000002
00011100000000000
STEP 13 P2 MOVE 7 5 8 5
OWN
00000000000001122
00000001000002200
00000001000200111
00000000200211100
00000000200200000
00000000200000000
00000000000000002
00000221000110002
00000221000000002
00011100000000000
STEP 14 P1 MOVE 4 0 5 0
OWN
00000000000001122
00000001000002200
00000001000200111
00000000200211100
10000000200200000
10000000200000000
00000000000000002
00000221000110002
00000221000000002
00011100000000000
STEP 15 P2 MOVE 4 13 4 14
OWN
00000000000001122
00000001000002200
00000001000200111
00000000200211100
10000000200202200
10000000200000000
00000000000000002
00000221000110002
00000221000000002
00011100000000000
STEP 16 P1 MOVE 6 0 6 1
OWN
00000000000001122
00000001000002200
00000001000200111
00000000200211100
10000000200202200
10000000200000000
11000000000000002
00000221000110002
00000221000000002
00011100000000000
STEP 17 P2 MOVE 7 1 7 2
OWN
00000000000001122
00000001000002200
00000001000200111
00000000200211100
10000000200202200
10000000200000000
11000000000000002
02200221000110002
00000221000000002
00011100000000000
STEP 18 P1 MOVE 6 13 8 13
OWN
00000000000001122
00000001000002200
00000001000200111
00000000200211100
10000000200202200
10000000200000000
11000000000001002
02200221000111002
00000221000001002
00011100000000000
STEP 19 P2 MOVE 1 4 2 4
OWN
00000000000001122
00002001000002200
00002001000200111
00000000200211100
10000000200202200
10000000200000000
11000000000001002
02200221000111002
00000221000001002
00011100000000000
STEP 20 P1 MOVE 1 2 1 3
OWN
00000000000001122
00112001000002200
00002001000200111
00000000200211100
10000000200202200
10000000200000000
11000000000001002
02200221000111002
00000221000001002
00011100000000000
STEP 21 P2 MOVE 2 2 2 3
OWN
00000000000001122
00112001000002200
00222001000200111
00000000200211100
10000000200202200
10000000200000000
11000000000001002
02200221000111002
00000221000001002
00011100000000000
STEP 22 P1 MOVE -1 -1 -1 -1
OWN
00000000000001122
00112001000002200
00222001000200111
00000000200211100
10000000200202200
10000000200000000
11000000000001002
02200221000111002
00000221000001002
00011100000000000
STEP 23 P2 MOVE 0 1 1 2
OWN
02200000000001122
02212001000002200
00222001000200111
00000000200211100
10000000200202200
10000000200000000
11000000000001002
02200221000111002
00000221000001002
00011100000000000
STEP 24 P1 MOVE 0 0 0 3
OWN
11110000000001122
02212001000002200
00222001000200111
00000000200211100
10000000200202200
10000000200000000
11000000000001002
02200221000111002
00000221000001002
00011100000000000
STEP 25 P2 MOVE 4 1 5 1
OWN
11110000000001122
02212001000002200
00222001000200111
00000000200211100
12000000200202200
12000000200000000
11000000000001002
02200221000111002
00000221000001002
00011100000000000
STEP 26 P1 MOVE 2 1 3 1
OWN
11110000000001122
02212001000002200
01222001000200111
01000000200211100
12000000200202200
12000000200000000
11000000000001002
02200221000111002
00000221000001002
00011100000000000
STEP 27 P2 MOVE 8 12 8 14
OWN
11110000000001122
02212001000002200
01222001000200111
01000000200211100
12000000200202200
12000000200000000
11000000000001002
02200221000111002
00000221000022202
00011100000000000
STEP 28 P1 MOVE 9 10 9 14
OWN
11110000000001122
02212001000002200
01222001000200111
01000000200211100
12000000200202200
12000000200000000
11000000000001002
02200221000111002
00000221000022202
00011100001111100
STEP 29 P2 MOVE 4 5 6 5
OWN
11110000000001122
02212001000002200
01222001000200111
01000000200211100
12000200200202200
12000200200000000
11000200000001002
02200221000111002
00000221000022202
00011100001111100
STEP 30 P1 MOVE 4 4 4 7
OWN
11110000000001122
02212001000002200
01222001000200111
01000000200211100
12001111200202200
12000200200000000
11000200000001002
02200221000111002
00000221000022202
00011100001111100
STEP 31 P2 MOVE 5 6 5 7
OWN
11110000000001122
02212001000002200
01222001000200111
01000000200211100
12001111200202200
12000222200000000
11000200000001002
02200221000111002
00000221000022202
00011100001111100
STEP 32 P1 MOVE 2 7 3 8
OWN
11110000000001122
02212001000002200
01222001100200111
01000001100211100
12001111200202200
12000222200000000
11000200000001002
02200221000111002
00000221000022202
00011100001111100
STEP 33 P2 MOVE 0 8 6 8
OWN
11110000200001122
02212001200002200
01222001200200111
01000001200211100
12001111200202200
12000222200000000
11000200200001002
02200221000111002
00000221000022202
00011100001111100
STEP 34 P1 MOVE 3 5 6 6
OWN
11110000200001122
02212001200002200
01222001200200111
01000111200211100
12001111200202200
12000112200000000
11000110200001002
02200221000111002
00000221000022202
00011100001111100
STEP 35 P2 MOVE 2 4 3 5
OWN
11110000200001122
02212001200002200
01222201200200111
01002211200211100
12001111200202200
12000112200000000
11000110200001002
02200221000111002
00000221000022202
00011100001111100
STEP 36 P1 MOVE -1 -1 -1 -1
OWN
11110000200001122
02212001200002200
01222201200200111
01002211200211100
12001111200202200
12000112200000000
11000110200001002
02200221000111002
00000221000022202
00011100001111100
STEP 37 P2 MOVE 8 1 8 2
OWN
11110000200001122
02212001200002200
01222201200200111
01002211200211100
12001111200202200
12000112200000000
11000110200001002
02200221000111002
02200221000022202
00011100001111100
STEP 38 P1 MOVE 8 0 8 3
OWN
11110000200001122
02212001200002200
01222201200200111
01002211200211100
12001111200202200
12000112200000000
11000110200001002
02200221000111002
11110221000022202
00011100001111100
STEP 39 P2 MOVE 6 2 9 2
OWN
11110000200001122
02212001200002200
01222201200200111
01002211200211100
12001111200202200
12000112200000000
11200110200001002
02200221000111002
11210221000022202
00211100001111100
STEP 40 P1 MOVE 5 1 9 2
OWN
11110000200001122
02212001200002200
01222201200200111
01002211200211100
12001111200202200
11100112200000000
11100110200001002
01100221000111002
11110221000022202
01111100001111100
STEP 41 P2 MOVE 6 0 7 3
OWN
11110000200001122
02212001200002200
01222201200200111
01002211200211100
12001111200202200
11100112200000000
22220110200001002
22220221000111002
11110221000022202
01111100001111100
STEP 42 P1 MOVE -1 -1 -1 -1
OWN
11110000200001122
02212001200002200
01222201200200111
01002211200211100
12001111200202200
11100112200000000
22220110200001002
22220221000111002
11110221000022202
01111100001111100
STEP 43 P2 MOVE 4 10 5 10
OWN
11110000200001122
02212001200002200
01222201200200111
01002211200211100
12001111202202200
11100112202000000
22220110200001002
22220221000111002
11110221000022202
01111100001111100
STEP 44 P1 MOVE 3 10 6 10
OWN
11110000200001122
02212001200002200
01222201200200111
01002211201211100
12001111201202200
11100112201000000
22220110201001002
22220221000111002
11110221000022202
01111100001111100
STEP 45 P2 MOVE 6 9 6 11
OWN
11110000200001122
02212001200002200
01222201200200111
01002211201211100
12001111201202200
11100112201000000
22220110222201002
22220221000111002
11110221000022202
01111100001111100
STEP 46 P1 MOVE 6 10 7 12
OWN
11110000200001122
02212001200002200
01222201200200111
01002211201211100
12001111201202200
11100112201000000
22220110221111002
22220221001111002
11110221000022202
01111100001111100
STEP 47 P2 MOVE 5 9 7 9
OWN
11110000200001122
02212001200002200
01222201200200111
01002211201211100
12001111201202200
11100112221000000
22220110221111002
22220221021111002
11110221000022202
01111100001111100
STEP 48 P1 MOVE -1 -1 -1 -1
OWN
11110000200001122
02212001200002200
01222201200200111
01002211201211100
12001111201202200
11100112221000000
22220110221111002
22220221021111002
11110221000022202
01111100001111100
STEP 49 P2 MOVE -1 -1 -1 -1
OWN
11110000200001122
02212001200002200
01222201200200111
01002211201211100
12001111201202200
11100112221000000
22220110221111002
22220221021111002
11110221000022202
01111100001111100
RESULT first=58 second=48 winner=1
ANALYSIS winner=P1 score=58-48 reason=Ĺ»ĂëżěŔ§(+6Ä­ »©ľŃŔ˝,2ąčČż°ú) steal(w/l)=19/13 neu(w/l)=52/54
