BOARD
18648291889124944
68589612927942337
74876269646789875
55553593399829191
63124848521716661
62249488183411756
88857476144134897
38262261172142685
44123641732691976
21963296921742718
STEP 0 P1 MOVE 5 13 9 13
OWN
00000000000000000
00000000000000000
00000000000000000
00000000000000000
00000000000000000
00000000000001000
00000000000001000
00000000000001000
00000000000001000
00000000000001000
STEP 1 P2 MOVE 4 1 4 4
OWN
00000000000000000
00000000000000000
00000000000000000
00000000000000000
02222000000000000
00000000000001000
00000000000001000
00000000000001000
00000000000001000
00000000000001000
STEP 2 P1 MOVE 7 5 7 8
OWN
00000000000000000
00000000000000000
00000000000000000
00000000000000000
02222000000000000
00000000000001000
00000000000001000
00000111100001000
00000000000001000
00000000000001000
STEP 3 P2 MOVE 9 9 9 11
OWN
00000000000000000
00000000000000000
00000000000000000
00000000000000000
02222000000000000
00000000000001000
00000000000001000
00000111100001000
00000000000001000
00000000022201000
STEP 4 P1 MOVE 0 5 2 5
OWN
00000100000000000
00000100000000000
00000100000000000
00000000000000000
02222000000000000
00000000000001000
00000000000001000
00000111100001000
00000000000001000
00000000022201000
STEP 5 P2 MOVE 6 2 7 2
OWN
00000100000000000
00000100000000000
00000100000000000
00000000000000000
02222000000000000
00000000000001000
00200000000001000
00200111100001000
00000000000001000
00000000022201000
STEP 6 P1 MOVE 0 6 1 6
OWN
00000110000000000
00000110000000000
00000100000000000
00000000000000000
02222000000000000
00000000000001000
00200000000001000
00200111100001000
00000000000001000
00000000022201000
STEP 7 P2 MOVE 3 0 3 1
OWN
00000110000000000
00000110000000000
00000100000000000
22000000000000000
02222000000000000
00000000000001000
00200000000001000
00200111100001000
00000000000001000
00000000022201000
STEP 8 P1 MOVE 3 15 3 16
OWN
00000110000000000
00000110000000000
00000100000000000
22000000000000011
02222000000000000
00000000000001000
00200000000001000
00200111100001000
00000000000001000
00000000022201000
STEP 9 P2 MOVE 7 12 7 14
OWN
00000110000000000
00000110000000000
00000100000000000
22000000000000011
02222000000000000
00000000000001000
00200000000001000
00200111100022200
00000000000001000
00000000022201000
STEP 10 P1 MOVE 6 8 6 11
OWN
00000110000000000
00000110000000000
00000100000000000
22000000000000011
02222000000000000
00000000000001000
00200000111101000
00200111100022200
00000000000001000
00000000022201000
STEP 11 P2 MOVE 3 10 4 10
OWN
00000110000000000
00000110000000000
00000100000000000
22000000002000011
02222000002000000
00000000000001000
00200000111101000
00200111100022200
00000000000001000
00000000022201000
STEP 12 P1 MOVE 3 2 3 3
OWN
00000110000000000
00000110000000000
00000100000000000
22110000002000011
02222000002000000
00000000000001000
00200000111101000
00200111100022200
00000000000001000
00000000022201000
STEP 13 P2 MOVE 2 2 5 2
OWN
00000110000000000
00000110000000000
00200100000000000
22210000002000011
02222000002000000
00200000000001000
00200000111101000
00200111100022200
00000000000001000
00000000022201000
STEP 14 P1 MOVE 2 9 2 10
OWN
00000110000000000
00000110000000000
00200100011000000
22210000002000011
02222000002000000
00200000000001000
00200000111101000
00200111100022200
00000000000001000
00000000022201000
STEP 15 P2 MOVE 5 10 7 11
OWN
00000110000000000
00000110000000000
00200100011000000
22210000002000011
02222000002000000
00200000002201000
00200000112201000
00200111102222200
00000000000001000
00000000022201000
STEP 16 P1 MOVE 3 11 3 12
OWN
00000110000000000
00000110000000000
00200100011000000
22210000002110011
02222000002000000
00200000002201000
00200000112201000
00200111102222200
00000000000001000
00000000022201000
STEP 17 P2 MOVE 0 11 1 11
OWN
00000110000200000
00000110000200000
00200100011000000
22210000002110011
02222000002000000
00200000002201000
00200000112201000
00200111102222200
00000000000001000
00000000022201000
STEP 18 P1 MOVE 3 13 3 14
OWN
00000110000200000
00000110000200000
00200100011000000
22210000002111111
02222000002000000
00200000002201000
00200000112201000
00200111102222200
00000000000001000
00000000022201000
STEP 19 P2 MOVE 0 9 1 9
OWN
00000110020200000
00000110020200000
00200100011000000
22210000002111111
02222000002000000
00200000002201000
00200000112201000
00200111102222200
00000000000001000
00000000022201000
STEP 20 P1 MOVE 0 2 0 3
OWN
00110110020200000
00000110020200000
00200100011000000
22210000002111111
02222000002000000
00200000002201000
00200000112201000
00200111102222200
00000000000001000
00000000022201000
STEP 21 P2 MOVE 8 2 9 2
OWN
00110110020200000
00000110020200000
00200100011000000
22210000002111111
02222000002000000
00200000002201000
00200000112201000
00200111102222200
00200000000001000
00200000022201000
STEP 22 P1 MOVE 8 8 8 9
OWN
00110110020200000
00000110020200000
00200100011000000
22210000002111111
02222000002000000
00200000002201000
00200000112201000
00200111102222200
00200000110001000
00200000022201000
STEP 23 P2 MOVE 8 0 8 3
OWN
00110110020200000
00000110020200000
00200100011000000
22210000002111111
02222000002000000
00200000002201000
00200000112201000
00200111102222200
22220000110001000
00200000022201000
STEP 24 P1 MOVE 9 1 9 4
OWN
00110110020200000
00000110020200000
00200100011000000
22210000002111111
02222000002000000
00200000002201000
00200000112201000
00200111102222200
22220000110001000
01111000022201000
STEP 25 P2 MOVE -1 -1 -1 -1
OWN
00110110020200000
00000110020200000
00200100011000000
22210000002111111
02222000002000000
00200000002201000
00200000112201000
00200111102222200
22220000110001000
01111000022201000
STEP 26 P1 MOVE 5 8 9 8
OWN
00110110020200000
00000110020200000
00200100011000000
22210000002111111
02222000002000000
00200000102201000
00200000112201000
00200111102222200
22220000110001000
01111000122201000
STEP 27 P2 MOVE 9 7 9 12
OWN
00110110020200000
00000110020200000
00200100011000000
22210000002111111
02222000002000000
00200000102201000
00200000112201000
00200111102222200
22220000110001000
01111002222221000
STEP 28 P1 MOVE 4 9 5 9
OWN
00110110020200000
00000110020200000
00200100011000000
22210000002111111
02222000012000000
00200000112201000
00200000112201000
00200111102222200
22220000110001000
01111002222221000
STEP 29 P2 MOVE -1 -1 -1 -1
OWN
00110110020200000
00000110020200000
00200100011000000
22210000002111111
02222000012000000
00200000112201000
00200000112201000
00200111102222200
22220000110001000
01111002222221000
STEP 30 P1 MOVE 8 5 8 6
OWN
00110110020200000
00000110020200000
00200100011000000
22210000002111111
02222000012000000
00200000112201000
00200000112201000
00200111102222200
22220110110001000
01111002222221000
STEP 31 P2 MOVE 5 5 9 5
OWN
00110110020200000
00000110020200000
00200100011000000
22210000002111111
02222000012000000
00200200112201000
00200200112201000
00200211102222200
22220210110001000
01111202222221000
STEP 32 P1 MOVE 6 9 7 12
OWN
00110110020200000
00000110020200000
00200100011000000
22210000002111111
02222000012000000
00200200112201000
00200200111111000
00200211111112200
22220210110001000
01111202222221000
STEP 33 P2 MOVE 7 4 7 15
OWN
00110110020200000
00000110020200000
00200100011000000
22210000002111111
02222000012000000
00200200112201000
00200200111111000
00202222222222220
22220210110001000
01111202222221000
STEP 34 P1 MOVE 5 12 8 12
OWN
00110110020200000
00000110020200000
00200100011000000
22210000002111111
02222000012000000
00200200112211000
00200200111111000
00202222222212220
22220210110011000
01111202222221000
STEP 35 P2 MOVE 6 4 8 4
OWN
00110110020200000
00000110020200000
00200100011000000
22210000002111111
02222000012000000
00200200112211000
00202200111111000
00202222222212220
22222210110011000
01111202222221000
STEP 36 P1 MOVE 1 15 2 15
OWN
00110110020200000
00000110020200010
00200100011000010
22210000002111111
02222000012000000
00200200112211000
00202200111111000
00202222222212220
22222210110011000
01111202222221000
STEP 37 P2 MOVE 0 15 4 15
OWN
00110110020200020
00000110020200020
00200100011000020
22210000002111121
02222000012000020
00200200112211000
00202200111111000
00202222222212220
22222210110011000
01111202222221000
STEP 38 P1 MOVE 1 14 1 16
OWN
00110110020200020
00000110020200111
00200100011000020
22210000002111121
02222000012000020
00200200112211000
00202200111111000
00202222222212220
22222210110011000
01111202222221000
STEP 39 P2 MOVE 0 16 4 16
OWN
00110110020200022
00000110020200112
00200100011000022
22210000002111122
02222000012000022
00200200112211000
00202200111111000
00202222222212220
22222210110011000
01111202222221000
STEP 40 P1 MOVE -1 -1 -1 -1
OWN
00110110020200022
00000110020200112
00200100011000022
22210000002111122
02222000012000022
00200200112211000
00202200111111000
00202222222212220
22222210110011000
01111202222221000
STEP 41 P2 MOVE -1 -1 -1 -1
OWN
00110110020200022
00000110020200112
00200100011000022
22210000002111122
02222000012000022
00200200112211000
00202200111111000
00202222222212220
22222210110011000
01111202222221000
RESULT first=38 second=55 winner=2
ANALYSIS winner=P2 score=38-55 reason=Ĺ»ĂëżěŔ§(+11Ä­ »©ľŃŔ˝,2ąčČż°ú) steal(w/l)=19/8 neu(w/l)=44/49
