BOARD
71456853383122349
58535483298539851
13782767611141268
14956244427769584
95536649251337633
35283485423124222
37718149616781648
33177587943478465
31393268927836356
18541812161621481
STEP 0 P1 MOVE 2 9 2 14
OWN
00000000000000000
00000000000000000
00000000011111100
00000000000000000
00000000000000000
00000000000000000
00000000000000000
00000000000000000
00000000000000000
00000000000000000
STEP 1 P2 MOVE 4 15 5 16
OWN
00000000000000000
00000000000000000
00000000011111100
00000000000000000
00000000000000022
00000000000000022
00000000000000000
00000000000000000
00000000000000000
00000000000000000
STEP 2 P1 MOVE 6 0 9 0
OWN
00000000000000000
00000000000000000
00000000011111100
00000000000000000
00000000000000022
00000000000000022
10000000000000000
10000000000000000
10000000000000000
10000000000000000
STEP 3 P2 MOVE 9 4 9 6
OWN
00000000000000000
00000000000000000
00000000011111100
00000000000000000
00000000000000022
00000000000000022
10000000000000000
10000000000000000
10000000000000000
10002220000000000
STEP 4 P1 MOVE 0 1 0 3
OWN
01110000000000000
00000000000000000
00000000011111100
00000000000000000
00000000000000022
00000000000000022
10000000000000000
10000000000000000
10000000000000000
10002220000000000
STEP 5 P2 MOVE 5 0 5 2
OWN
01110000000000000
00000000000000000
00000000011111100
00000000000000000
00000000000000022
22200000000000022
10000000000000000
10000000000000000
10000000000000000
10002220000000000
STEP 6 P1 MOVE 6 3 6 5
OWN
01110000000000000
00000000000000000
00000000011111100
00000000000000000
00000000000000022
22200000000000022
10011100000000000
10000000000000000
10000000000000000
10002220000000000
STEP 7 P2 MOVE 5 10 5 13
OWN
01110000000000000
00000000000000000
00000000011111100
00000000000000000
00000000000000022
22200000002222022
10011100000000000
10000000000000000
10000000000000000
10002220000000000
STEP 8 P1 MOVE 7 4 8 4
OWN
01110000000000000
00000000000000000
00000000011111100
00000000000000000
00000000000000022
22200000002222022
10011100000000000
10001000000000000
10001000000000000
10002220000000000
STEP 9 P2 MOVE 3 11 4 11
OWN
01110000000000000
00000000000000000
00000000011111100
00000000000200000
00000000000200022
22200000002222022
10011100000000000
10001000000000000
10001000000000000
10002220000000000
STEP 10 P1 MOVE 6 14 7 14
OWN
01110000000000000
00000000000000000
00000000011111100
00000000000200000
00000000000200022
22200000002222022
10011100000000100
10001000000000100
10001000000000000
10002220000000000
STEP 11 P2 MOVE 4 5 4 6
OWN
01110000000000000
00000000000000000
00000000011111100
00000000000200000
00000220000200022
22200000002222022
10011100000000100
10001000000000100
10001000000000000
10002220000000000
STEP 12 P1 MOVE 0 16 1 16
OWN
01110000000000001
00000000000000001
00000000011111100
00000000000200000
00000220000200022
22200000002222022
10011100000000100
10001000000000100
10001000000000000
10002220000000000
STEP 13 P2 MOVE 4 1 4 2
OWN
01110000000000001
00000000000000001
00000000011111100
00000000000200000
02200220000200022
22200000002222022
10011100000000100
10001000000000100
10001000000000000
10002220000000000
STEP 14 P1 MOVE 2 1 2 2
OWN
01110000000000001
00000000000000001
01100000011111100
00000000000200000
02200220000200022
22200000002222022
10011100000000100
10001000000000100
10001000000000000
10002220000000000
STEP 15 P2 MOVE 3 0 4 0
OWN
01110000000000001
00000000000000001
01100000011111100
20000000000200000
22200220000200022
22200000002222022
10011100000000100
10001000000000100
10001000000000000
10002220000000000
STEP 16 P1 MOVE 4 10 7 10
OWN
01110000000000001
00000000000000001
01100000011111100
20000000000200000
22200220001200022
22200000001222022
10011100001000100
10001000001000100
10001000000000000
10002220000000000
STEP 17 P2 MOVE 4 8 4 12
OWN
01110000000000001
00000000000000001
01100000011111100
20000000000200000
22200220222220022
22200000001222022
10011100001000100
10001000001000100
10001000000000000
10002220000000000
STEP 18 P1 MOVE 2 3 2 4
OWN
01110000000000001
00000000000000001
01111000011111100
20000000000200000
22200220222220022
22200000001222022
10011100001000100
10001000001000100
10001000000000000
10002220000000000
STEP 19 P2 MOVE 9 10 9 13
OWN
01110000000000001
00000000000000001
01111000011111100
20000000000200000
22200220222220022
22200000001222022
10011100001000100
10001000001000100
10001000000000000
10002220002222000
STEP 20 P1 MOVE 8 7 9 7
OWN
01110000000000001
00000000000000001
01111000011111100
20000000000200000
22200220222220022
22200000001222022
10011100001000100
10001000001000100
10001001000000000
10002221002222000
STEP 21 P2 MOVE 9 2 9 8
OWN
01110000000000001
00000000000000001
01111000011111100
20000000000200000
22200220222220022
22200000001222022
10011100001000100
10001000001000100
10001001000000000
10222222202222000
STEP 22 P1 MOVE 9 9 9 14
OWN
01110000000000001
00000000000000001
01111000011111100
20000000000200000
22200220222220022
22200000001222022
10011100001000100
10001000001000100
10001001000000000
10222222211111100
STEP 23 P2 MOVE 6 1 7 1
OWN
01110000000000001
00000000000000001
01111000011111100
20000000000200000
22200220222220022
22200000001222022
12011100001000100
12001000001000100
10001001000000000
10222222211111100
STEP 24 P1 MOVE 7 12 8 12
OWN
01110000000000001
00000000000000001
01111000011111100
20000000000200000
22200220222220022
22200000001222022
12011100001000100
12001000001010100
10001001000010000
10222222211111100
STEP 25 P2 MOVE 5 8 6 8
OWN
01110000000000001
00000000000000001
01111000011111100
20000000000200000
22200220222220022
22200000201222022
12011100201000100
12001000001010100
10001001000010000
10222222211111100
STEP 26 P1 MOVE 3 7 3 9
OWN
01110000000000001
00000000000000001
01111000011111100
20000001110200000
22200220222220022
22200000201222022
12011100201000100
12001000001010100
10001001000010000
10222222211111100
STEP 27 P2 MOVE 5 9 6 11
OWN
01110000000000001
00000000000000001
01111000011111100
20000001110200000
22200220222220022
22200000222222022
12011100222200100
12001000001010100
10001001000010000
10222222211111100
STEP 28 P1 MOVE 0 11 7 11
OWN
01110000000100001
00000000000100001
01111000011111100
20000001110100000
22200220222120022
22200000222122022
12011100222100100
12001000001110100
10001001000010000
10222222211111100
STEP 29 P2 MOVE 0 10 0 14
OWN
01110000002222201
00000000000100001
01111000011111100
20000001110100000
22200220222120022
22200000222122022
12011100222100100
12001000001110100
10001001000010000
10222222211111100
STEP 30 P1 MOVE 2 6 3 6
OWN
01110000002222201
00000000000100001
01111010011111100
20000011110100000
22200220222120022
22200000222122022
12011100222100100
12001000001110100
10001001000010000
10222222211111100
STEP 31 P2 MOVE -1 -1 -1 -1
OWN
01110000002222201
00000000000100001
01111010011111100
20000011110100000
22200220222120022
22200000222122022
12011100222100100
12001000001110100
10001001000010000
10222222211111100
STEP 32 P1 MOVE -1 -1 -1 -1
OWN
01110000002222201
00000000000100001
01111010011111100
20000011110100000
22200220222120022
22200000222122022
12011100222100100
12001000001110100
10001001000010000
10222222211111100
RESULT first=47 second=39 winner=1
ANALYSIS winner=P1 score=47-39 reason=Ĺ»ĂëżěŔ§(+4Ä­ »©ľŃŔ˝,2ąčČż°ú) steal(w/l)=9/5 neu(w/l)=43/43
