BOARD
25375137982911883
58387554566345483
82599326591428517
93849952661862353
45962361432833373
27454278277934398
35769765716437966
78569633199353594
11264765315311471
91825213312566687
STEP 0 P1 MOVE 9 6 9 10
OWN
00000000000000000
00000000000000000
00000000000000000
00000000000000000
00000000000000000
00000000000000000
00000000000000000
00000000000000000
00000000000000000
00000011111000000
STEP 1 P2 MOVE 0 10 3 10
OWN
00000000002000000
00000000002000000
00000000002000000
00000000002000000
00000000000000000
00000000000000000
00000000000000000
00000000000000000
00000000000000000
00000011111000000
STEP 2 P1 MOVE 8 9 8 12
OWN
00000000002000000
00000000002000000
00000000002000000
00000000002000000
00000000000000000
00000000000000000
00000000000000000
00000000000000000
00000000011110000
00000011111000000
STEP 3 P2 MOVE 8 0 8 3
OWN
00000000002000000
00000000002000000
00000000002000000
00000000002000000
00000000000000000
00000000000000000
00000000000000000
00000000000000000
22220000011110000
00000011111000000
STEP 4 P1 MOVE 0 6 2 6
OWN
00000010002000000
00000010002000000
00000010002000000
00000000002000000
00000000000000000
00000000000000000
00000000000000000
00000000000000000
22220000011110000
00000011111000000
STEP 5 P2 MOVE 8 14 9 14
OWN
00000010002000000
00000010002000000
00000010002000000
00000000002000000
00000000000000000
00000000000000000
00000000000000000
00000000000000000
22220000011110200
00000011111000200
STEP 6 P1 MOVE 4 7 4 10
OWN
00000010002000000
00000010002000000
00000010002000000
00000000002000000
00000001111000000
00000000000000000
00000000000000000
00000000000000000
22220000011110200
00000011111000200
STEP 7 P2 MOVE 3 7 5 7
OWN
00000010002000000
00000010002000000
00000010002000000
00000002002000000
00000002111000000
00000002000000000
00000000000000000
00000000000000000
22220000011110200
00000011111000200
STEP 8 P1 MOVE 0 12 0 14
OWN
00000010002011100
00000010002000000
00000010002000000
00000002002000000
00000002111000000
00000002000000000
00000000000000000
00000000000000000
22220000011110200
00000011111000200
STEP 9 P2 MOVE 2 1 4 1
OWN
00000010002011100
00000010002000000
02000010002000000
02000002002000000
02000002111000000
00000002000000000
00000000000000000
00000000000000000
22220000011110200
00000011111000200
STEP 10 P1 MOVE 3 13 3 15
OWN
00000010002011100
00000010002000000
02000010002000000
02000002002001110
02000002111000000
00000002000000000
00000000000000000
00000000000000000
22220000011110200
00000011111000200
STEP 11 P2 MOVE 0 0 0 2
OWN
22200010002011100
00000010002000000
02000010002000000
02000002002001110
02000002111000000
00000002000000000
00000000000000000
00000000000000000
22220000011110200
00000011111000200
STEP 12 P1 MOVE 1 16 2 16
OWN
22200010002011100
00000010002000001
02000010002000001
02000002002001110
02000002111000000
00000002000000000
00000000000000000
00000000000000000
22220000011110200
00000011111000200
STEP 13 P2 MOVE 5 8 7 8
OWN
22200010002011100
00000010002000001
02000010002000001
02000002002001110
02000002111000000
00000002200000000
00000000200000000
00000000200000000
22220000011110200
00000011111000200
STEP 14 P1 MOVE 6 10 6 11
OWN
22200010002011100
00000010002000001
02000010002000001
02000002002001110
02000002111000000
00000002200000000
00000000201100000
00000000200000000
22220000011110200
00000011111000200
STEP 15 P2 MOVE 7 13 9 13
OWN
22200010002011100
00000010002000001
02000010002000001
02000002002001110
02000002111000000
00000002200000000
00000000201100000
00000000200002000
22220000011112200
00000011111002200
STEP 16 P1 MOVE 6 16 7 16
OWN
22200010002011100
00000010002000001
02000010002000001
02000002002001110
02000002111000000
00000002200000000
00000000201100001
00000000200002001
22220000011112200
00000011111002200
STEP 17 P2 MOVE 7 12 7 14
OWN
22200010002011100
00000010002000001
02000010002000001
02000002002001110
02000002111000000
00000002200000000
00000000201100001
00000000200022201
22220000011112200
00000011111002200
STEP 18 P1 MOVE 9 0 9 1
OWN
22200010002011100
00000010002000001
02000010002000001
02000002002001110
02000002111000000
00000002200000000
00000000201100001
00000000200022201
22220000011112200
11000011111002200
STEP 19 P2 MOVE 9 2 9 3
OWN
22200010002011100
00000010002000001
02000010002000001
02000002002001110
02000002111000000
00000002200000000
00000000201100001
00000000200022201
22220000011112200
11220011111002200
STEP 20 P1 MOVE 6 0 7 0
OWN
22200010002011100
00000010002000001
02000010002000001
02000002002001110
02000002111000000
00000002200000000
10000000201100001
10000000200022201
22220000011112200
11220011111002200
STEP 21 P2 MOVE 1 7 2 7
OWN
22200010002011100
00000012002000001
02000012002000001
02000002002001110
02000002111000000
00000002200000000
10000000201100001
10000000200022201
22220000011112200
11220011111002200
STEP 22 P1 MOVE 1 5 1 8
OWN
22200010002011100
00000111102000001
02000012002000001
02000002002001110
02000002111000000
00000002200000000
10000000201100001
10000000200022201
22220000011112200
11220011111002200
STEP 23 P2 MOVE 8 8 8 15
OWN
22200010002011100
00000111102000001
02000012002000001
02000002002001110
02000002111000000
00000002200000000
10000000201100001
10000000200022201
22220000222222220
11220011111002200
STEP 24 P1 MOVE 8 7 9 11
OWN
22200010002011100
00000111102000001
02000012002000001
02000002002001110
02000002111000000
00000002200000000
10000000201100001
10000000200022201
22220001111122220
11220011111102200
STEP 25 P2 MOVE 7 15 8 16
OWN
22200010002011100
00000111102000001
02000012002000001
02000002002001110
02000002111000000
00000002200000000
10000000201100001
10000000200022222
22220001111122222
11220011111102200
STEP 26 P1 MOVE 3 3 4 3
OWN
22200010002011100
00000111102000001
02000012002000001
02010002002001110
02010002111000000
00000002200000000
10000000201100001
10000000200022222
22220001111122222
11220011111102200
STEP 27 P2 MOVE 6 9 7 9
OWN
22200010002011100
00000111102000001
02000012002000001
02010002002001110
02010002111000000
00000002200000000
10000000221100001
10000000220022222
22220001111122222
11220011111102200
STEP 28 P1 MOVE 2 12 2 13
OWN
22200010002011100
00000111102000001
02000012002011001
02010002002001110
02010002111000000
00000002200000000
10000000221100001
10000000220022222
22220001111122222
11220011111102200
STEP 29 P2 MOVE 2 11 2 15
OWN
22200010002011100
00000111102000001
02000012002222221
02010002002001110
02010002111000000
00000002200000000
10000000221100001
10000000220022222
22220001111122222
11220011111102200
STEP 30 P1 MOVE 1 14 5 14
OWN
22200010002011100
00000111102000101
02000012002222121
02010002002001110
02010002111000100
00000002200000100
10000000221100001
10000000220022222
22220001111122222
11220011111102200
STEP 31 P2 MOVE 1 12 3 12
OWN
22200010002011100
00000111102020101
02000012002222121
02010002002021110
02010002111000100
00000002200000100
10000000221100001
10000000220022222
22220001111122222
11220011111102200
STEP 32 P1 MOVE 4 15 4 16
OWN
22200010002011100
00000111102020101
02000012002222121
02010002002021110
02010002111000111
00000002200000100
10000000221100001
10000000220022222
22220001111122222
11220011111102200
STEP 33 P2 MOVE 6 12 6 13
OWN
22200010002011100
00000111102020101
02000012002222121
02010002002021110
02010002111000111
00000002200000100
10000000221122001
10000000220022222
22220001111122222
11220011111102200
STEP 34 P1 MOVE -1 -1 -1 -1
OWN
22200010002011100
00000111102020101
02000012002222121
02010002002021110
02010002111000111
00000002200000100
10000000221122001
10000000220022222
22220001111122222
11220011111102200
STEP 35 P2 MOVE -1 -1 -1 -1
OWN
22200010002011100
00000111102020101
02000012002222121
02010002002021110
02010002111000111
00000002200000100
10000000221122001
10000000220022222
22220001111122222
11220011111102200
RESULT first=43 second=45 winner=2
ANALYSIS winner=P2 score=43-45 reason=żŞŔü˝Â steal(w/l)=8/6 neu(w/l)=43/45
