BOARD
51289562841412538
39147173527186719
71464182626142251
94911999363519775
97753631762949988
81823339764646858
14879521791235798
97873763244884397
33778386638526671
97893598969254182
STEP 0 P1 MOVE 2 13 2 16
OWN
00000000000000000
00000000000000000
00000000000001111
00000000000000000
00000000000000000
00000000000000000
00000000000000000
00000000000000000
00000000000000000
00000000000000000
STEP 1 P2 MOVE 3 3 4 4
OWN
00000000000000000
00000000000000000
00000000000001111
00022000000000000
00022000000000000
00000000000000000
00000000000000000
00000000000000000
00000000000000000
00000000000000000
STEP 2 P1 MOVE 1 7 1 9
OWN
00000000000000000
00000001110000000
00000000000001111
00022000000000000
00022000000000000
00000000000000000
00000000000000000
00000000000000000
00000000000000000
00000000000000000
STEP 3 P2 MOVE 4 5 4 7
OWN
00000000000000000
00000001110000000
00000000000001111
00022000000000000
00022222000000000
00000000000000000
00000000000000000
00000000000000000
00000000000000000
00000000000000000
STEP 4 P1 MOVE 7 8 7 10
OWN
00000000000000000
00000001110000000
00000000000001111
00022000000000000
00022222000000000
00000000000000000
00000000000000000
00000000111000000
00000000000000000
00000000000000000
STEP 5 P2 MOVE 3 10 6 10
OWN
00000000000000000
00000001110000000
00000000000001111
00022000002000000
00022222002000000
00000000002000000
00000000002000000
00000000111000000
00000000000000000
00000000000000000
STEP 6 P1 MOVE 0 13 0 15
OWN
00000000000001110
00000001110000000
00000000000001111
00022000002000000
00022222002000000
00000000002000000
00000000002000000
00000000111000000
00000000000000000
00000000000000000
STEP 7 P2 MOVE 0 9 0 12
OWN
00000000022221110
00000001110000000
00000000000001111
00022000002000000
00022222002000000
00000000002000000
00000000002000000
00000000111000000
00000000000000000
00000000000000000
STEP 8 P1 MOVE 7 4 7 5
OWN
00000000022221110
00000001110000000
00000000000001111
00022000002000000
00022222002000000
00000000002000000
00000000002000000
00001100111000000
00000000000000000
00000000000000000
STEP 9 P2 MOVE 6 6 6 8
OWN
00000000022221110
00000001110000000
00000000000001111
00022000002000000
00022222002000000
00000000002000000
00000022202000000
00001100111000000
00000000000000000
00000000000000000
STEP 10 P1 MOVE 7 14 9 14
OWN
00000000022221110
00000001110000000
00000000000001111
00022000002000000
00022222002000000
00000000002000000
00000022202000000
00001100111000100
00000000000000100
00000000000000100
STEP 11 P2 MOVE 0 1 1 1
OWN
02000000022221110
02000001110000000
00000000000001111
00022000002000000
00022222002000000
00000000002000000
00000022202000000
00001100111000100
00000000000000100
00000000000000100
STEP 12 P1 MOVE 5 11 5 12
OWN
02000000022221110
02000001110000000
00000000000001111
00022000002000000
00022222002000000
00000000002110000
00000022202000000
00001100111000100
00000000000000100
00000000000000100
STEP 13 P2 MOVE 2 7 2 9
OWN
02000000022221110
02000001110000000
00000002220001111
00022000002000000
00022222002000000
00000000002110000
00000022202000000
00001100111000100
00000000000000100
00000000000000100
STEP 14 P1 MOVE 7 16 9 16
OWN
02000000022221110
02000001110000000
00000002220001111
00022000002000000
00022222002000000
00000000002110000
00000022202000000
00001100111000101
00000000000000101
00000000000000101
STEP 15 P2 MOVE 7 12 8 12
OWN
02000000022221110
02000001110000000
00000002220001111
00022000002000000
00022222002000000
00000000002110000
00000022202000000
00001100111020101
00000000000020101
00000000000000101
STEP 16 P1 MOVE 1 15 1 16
OWN
02000000022221110
02000001110000011
00000002220001111
00022000002000000
00022222002000000
00000000002110000
00000022202000000
00001100111020101
00000000000020101
00000000000000101
STEP 17 P2 MOVE 1 0 2 0
OWN
02000000022221110
22000001110000011
20000002220001111
00022000002000000
00022222002000000
00000000002110000
00000022202000000
00001100111020101
00000000000020101
00000000000000101
STEP 18 P1 MOVE 7 13 8 13
OWN
02000000022221110
22000001110000011
20000002220001111
00022000002000000
00022222002000000
00000000002110000
00000022202000000
00001100111021101
00000000000021101
00000000000000101
STEP 19 P2 MOVE 6 0 7 0
OWN
02000000022221110
22000001110000011
20000002220001111
00022000002000000
00022222002000000
00000000002110000
20000022202000000
20001100111021101
00000000000021101
00000000000000101
STEP 20 P1 MOVE 6 11 7 11
OWN
02000000022221110
22000001110000011
20000002220001111
00022000002000000
00022222002000000
00000000002110000
20000022202100000
20001100111121101
00000000000021101
00000000000000101
STEP 21 P2 MOVE 7 1 8 1
OWN
02000000022221110
22000001110000011
20000002220001111
00022000002000000
00022222002000000
00000000002110000
20000022202100000
22001100111121101
02000000000021101
00000000000000101
STEP 22 P1 MOVE 0 7 0 8
OWN
02000001122221110
22000001110000011
20000002220001111
00022000002000000
00022222002000000
00000000002110000
20000022202100000
22001100111121101
02000000000021101
00000000000000101
STEP 23 P2 MOVE 2 2 2 3
OWN
02000001122221110
22000001110000011
20220002220001111
00022000002000000
00022222002000000
00000000002110000
20000022202100000
22001100111121101
02000000000021101
00000000000000101
STEP 24 P1 MOVE 1 2 3 2
OWN
02000001122221110
22100001110000011
20120002220001111
00122000002000000
00022222002000000
00000000002110000
20000022202100000
22001100111121101
02000000000021101
00000000000000101
STEP 25 P2 MOVE 5 2 5 3
OWN
02000001122221110
22100001110000011
20120002220001111
00122000002000000
00022222002000000
00220000002110000
20000022202100000
22001100111121101
02000000000021101
00000000000000101
STEP 26 P1 MOVE 5 1 5 6
OWN
02000001122221110
22100001110000011
20120002220001111
00122000002000000
00022222002000000
01111110002110000
20000022202100000
22001100111121101
02000000000021101
00000000000000101
STEP 27 P2 MOVE 8 0 8 2
OWN
02000001122221110
22100001110000011
20120002220001111
00122000002000000
00022222002000000
01111110002110000
20000022202100000
22001100111121101
22200000000021101
00000000000000101
STEP 28 P1 MOVE 2 5 3 5
OWN
02000001122221110
22100001110000011
20120102220001111
00122100002000000
00022222002000000
01111110002110000
20000022202100000
22001100111121101
22200000000021101
00000000000000101
STEP 29 P2 MOVE 3 8 4 8
OWN
02000001122221110
22100001110000011
20120102220001111
00122100202000000
00022222202000000
01111110002110000
20000022202100000
22001100111121101
22200000000021101
00000000000000101
STEP 30 P1 MOVE 3 12 3 13
OWN
02000001122221110
22100001110000011
20120102220001111
00122100202011000
00022222202000000
01111110002110000
20000022202100000
22001100111121101
22200000000021101
00000000000000101
STEP 31 P2 MOVE 2 11 3 12
OWN
02000001122221110
22100001110000011
20120102220221111
00122100202221000
00022222202000000
01111110002110000
20000022202100000
22001100111121101
22200000000021101
00000000000000101
STEP 32 P1 MOVE -1 -1 -1 -1
OWN
02000001122221110
22100001110000011
20120102220221111
00122100202221000
00022222202000000
01111110002110000
20000022202100000
22001100111121101
22200000000021101
00000000000000101
STEP 33 P2 MOVE -1 -1 -1 -1
OWN
02000001122221110
22100001110000011
20120102220221111
00122100202221000
00022222202000000
01111110002110000
20000022202100000
22001100111121101
22200000000021101
00000000000000101
RESULT first=43 second=40 winner=1
ANALYSIS winner=P1 score=43-40 reason=摹奢檜薄 / 羲瞪蝓 steal(w/l)=3/1 neu(w/l)=41/42
