BOARD
55146648115552628
97749822598731854
56836424116283244
49726745554573413
84838621778391415
58737346176323258
22455745514888542
76499771726221417
54959319662454321
89855757735778141
STEP 0 P1 MOVE 0 13 4 13
OWN
00000000000001000
00000000000001000
00000000000001000
00000000000001000
00000000000001000
00000000000000000
00000000000000000
00000000000000000
00000000000000000
00000000000000000
STEP 1 P2 MOVE 2 8 2 11
OWN
00000000000001000
00000000000001000
00000000222201000
00000000000001000
00000000000001000
00000000000000000
00000000000000000
00000000000000000
00000000000000000
00000000000000000
STEP 2 P1 MOVE 5 11 5 14
OWN
00000000000001000
00000000000001000
00000000222201000
00000000000001000
00000000000001000
00000000000111100
00000000000000000
00000000000000000
00000000000000000
00000000000000000
STEP 3 P2 MOVE 7 11 7 15
OWN
00000000000001000
00000000000001000
00000000222201000
00000000000001000
00000000000001000
00000000000111100
00000000000000000
00000000000222220
00000000000000000
00000000000000000
STEP 4 P1 MOVE 3 15 4 16
OWN
00000000000001000
00000000000001000
00000000222201000
00000000000001011
00000000000001011
00000000000111100
00000000000000000
00000000000222220
00000000000000000
00000000000000000
STEP 5 P2 MOVE 7 15 8 16
OWN
00000000000001000
00000000000001000
00000000222201000
00000000000001011
00000000000001011
00000000000111100
00000000000000000
00000000000222222
00000000000000022
00000000000000000
STEP 6 P1 MOVE 2 14 4 14
OWN
00000000000001000
00000000000001000
00000000222201100
00000000000001111
00000000000001111
00000000000111100
00000000000000000
00000000000222222
00000000000000022
00000000000000000
STEP 7 P2 MOVE 1 6 4 6
OWN
00000000000001000
00000020000001000
00000020222201100
00000020000001111
00000020000001111
00000000000111100
00000000000000000
00000000000222222
00000000000000022
00000000000000000
STEP 8 P1 MOVE 5 9 7 9
OWN
00000000000001000
00000020000001000
00000020222201100
00000020000001111
00000020000001111
00000000010111100
00000000010000000
00000000010222222
00000000000000022
00000000000000000
STEP 9 P2 MOVE 2 7 4 7
OWN
00000000000001000
00000020000001000
00000022222201100
00000022000001111
00000022000001111
00000000010111100
00000000010000000
00000000010222222
00000000000000022
00000000000000000
STEP 10 P1 MOVE 0 1 0 3
OWN
01110000000001000
00000020000001000
00000022222201100
00000022000001111
00000022000001111
00000000010111100
00000000010000000
00000000010222222
00000000000000022
00000000000000000
STEP 11 P2 MOVE 0 7 0 9
OWN
01110002220001000
00000020000001000
00000022222201100
00000022000001111
00000022000001111
00000000010111100
00000000010000000
00000000010222222
00000000000000022
00000000000000000
STEP 12 P1 MOVE 0 5 0 6
OWN
01110112220001000
00000020000001000
00000022222201100
00000022000001111
00000022000001111
00000000010111100
00000000010000000
00000000010222222
00000000000000022
00000000000000000
STEP 13 P2 MOVE 3 8 3 9
OWN
01110112220001000
00000020000001000
00000022222201100
00000022220001111
00000022000001111
00000000010111100
00000000010000000
00000000010222222
00000000000000022
00000000000000000
STEP 14 P1 MOVE 1 5 1 7
OWN
01110112220001000
00000111000001000
00000022222201100
00000022220001111
00000022000001111
00000000010111100
00000000010000000
00000000010222222
00000000000000022
00000000000000000
STEP 15 P2 MOVE 9 8 9 9
OWN
01110112220001000
00000111000001000
00000022222201100
00000022220001111
00000022000001111
00000000010111100
00000000010000000
00000000010222222
00000000000000022
00000000220000000
STEP 16 P1 MOVE 5 16 6 16
OWN
01110112220001000
00000111000001000
00000022222201100
00000022220001111
00000022000001111
00000000010111101
00000000010000001
00000000010222222
00000000000000022
00000000220000000
STEP 17 P2 MOVE 5 10 6 10
OWN
01110112220001000
00000111000001000
00000022222201100
00000022220001111
00000022000001111
00000000012111101
00000000012000001
00000000010222222
00000000000000022
00000000220000000
STEP 18 P1 MOVE 9 3 9 4
OWN
01110112220001000
00000111000001000
00000022222201100
00000022220001111
00000022000001111
00000000012111101
00000000012000001
00000000010222222
00000000000000022
00011000220000000
STEP 19 P2 MOVE 0 11 0 12
OWN
01110112220221000
00000111000001000
00000022222201100
00000022220001111
00000022000001111
00000000012111101
00000000012000001
00000000010222222
00000000000000022
00011000220000000
STEP 20 P1 MOVE 5 6 5 7
OWN
01110112220221000
00000111000001000
00000022222201100
00000022220001111
00000022000001111
00000011012111101
00000000012000001
00000000010222222
00000000000000022
00011000220000000
STEP 21 P2 MOVE 7 1 7 2
OWN
01110112220221000
00000111000001000
00000022222201100
00000022220001111
00000022000001111
00000011012111101
00000000012000001
02200000010222222
00000000000000022
00011000220000000
STEP 22 P1 MOVE 8 6 8 7
OWN
01110112220221000
00000111000001000
00000022222201100
00000022220001111
00000022000001111
00000011012111101
00000000012000001
02200000010222222
00000011000000022
00011000220000000
STEP 23 P2 MOVE 7 5 8 5
OWN
01110112220221000
00000111000001000
00000022222201100
00000022220001111
00000022000001111
00000011012111101
00000000012000001
02200200010222222
00000211000000022
00011000220000000
STEP 24 P1 MOVE 0 15 0 16
OWN
01110112220221011
00000111000001000
00000022222201100
00000022220001111
00000022000001111
00000011012111101
00000000012000001
02200200010222222
00000211000000022
00011000220000000
STEP 25 P2 MOVE 1 11 1 12
OWN
01110112220221011
00000111000221000
00000022222201100
00000022220001111
00000022000001111
00000011012111101
00000000012000001
02200200010222222
00000211000000022
00011000220000000
STEP 26 P1 MOVE 2 4 2 5
OWN
01110112220221011
00000111000221000
00001122222201100
00000022220001111
00000022000001111
00000011012111101
00000000012000001
02200200010222222
00000211000000022
00011000220000000
STEP 27 P2 MOVE 5 1 6 1
OWN
01110112220221011
00000111000221000
00001122222201100
00000022220001111
00000022000001111
02000011012111101
02000000012000001
02200200010222222
00000211000000022
00011000220000000
STEP 28 P1 MOVE 6 3 6 4
OWN
01110112220221011
00000111000221000
00001122222201100
00000022220001111
00000022000001111
02000011012111101
02011000012000001
02200200010222222
00000211000000022
00011000220000000
STEP 29 P2 MOVE 5 2 5 3
OWN
01110112220221011
00000111000221000
00001122222201100
00000022220001111
00000022000001111
02220011012111101
02011000012000001
02200200010222222
00000211000000022
00011000220000000
STEP 30 P1 MOVE 5 4 5 5
OWN
01110112220221011
00000111000221000
00001122222201100
00000022220001111
00000022000001111
02221111012111101
02011000012000001
02200200010222222
00000211000000022
00011000220000000
STEP 31 P2 MOVE 6 7 6 8
OWN
01110112220221011
00000111000221000
00001122222201100
00000022220001111
00000022000001111
02221111012111101
02011002212000001
02200200010222222
00000211000000022
00011000220000000
STEP 32 P1 MOVE -1 -1 -1 -1
OWN
01110112220221011
00000111000221000
00001122222201100
00000022220001111
00000022000001111
02221111012111101
02011002212000001
02200200010222222
00000211000000022
00011000220000000
STEP 33 P2 MOVE -1 -1 -1 -1
OWN
01110112220221011
00000111000221000
00001122222201100
00000022220001111
00000022000001111
02221111012111101
02011002212000001
02200200010222222
00000211000000022
00011000220000000
RESULT first=43 second=41 winner=1
ANALYSIS winner=P1 score=43-41 reason=摹奢檜薄 steal(w/l)=1/0 neu(w/l)=42/42
