BOARD
94688735917643271
44647233984316653
56162834412685296
78473217783772342
91573385233782385
61749437289875854
75132476188327833
69618743139114998
56594795854799291
86793329653373511
STEP 0 P1 MOVE 0 6 3 6
OWN
00000010000000000
00000010000000000
00000010000000000
00000010000000000
00000000000000000
00000000000000000
00000000000000000
00000000000000000
00000000000000000
00000000000000000
STEP 1 P2 MOVE 6 2 6 5
OWN
00000010000000000
00000010000000000
00000010000000000
00000010000000000
00000000000000000
00000000000000000
00222200000000000
00000000000000000
00000000000000000
00000000000000000
STEP 2 P1 MOVE 9 13 9 16
OWN
00000010000000000
00000010000000000
00000010000000000
00000010000000000
00000000000000000
00000000000000000
00222200000000000
00000000000000000
00000000000000000
00000000000001111
STEP 3 P2 MOVE 0 14 0 16
OWN
00000010000000222
00000010000000000
00000010000000000
00000010000000000
00000000000000000
00000000000000000
00222200000000000
00000000000000000
00000000000000000
00000000000001111
STEP 4 P1 MOVE 2 2 4 2
OWN
00000010000000222
00000010000000000
00100010000000000
00100010000000000
00100000000000000
00000000000000000
00222200000000000
00000000000000000
00000000000000000
00000000000001111
STEP 5 P2 MOVE 3 1 5 1
OWN
00000010000000222
00000010000000000
00100010000000000
02100010000000000
02100000000000000
02000000000000000
00222200000000000
00000000000000000
00000000000000000
00000000000001111
STEP 6 P1 MOVE 7 12 8 12
OWN
00000010000000222
00000010000000000
00100010000000000
02100010000000000
02100000000000000
02000000000000000
00222200000000000
00000000000010000
00000000000010000
00000000000001111
STEP 7 P2 MOVE 1 2 1 3
OWN
00000010000000222
00220010000000000
00100010000000000
02100010000000000
02100000000000000
02000000000000000
00222200000000000
00000000000010000
00000000000010000
00000000000001111
STEP 8 P1 MOVE 4 7 4 9
OWN
00000010000000222
00220010000000000
00100010000000000
02100010000000000
02100001110000000
02000000000000000
00222200000000000
00000000000010000
00000000000010000
00000000000001111
STEP 9 P2 MOVE 0 8 0 9
OWN
00000010220000222
00220010000000000
00100010000000000
02100010000000000
02100001110000000
02000000000000000
00222200000000000
00000000000010000
00000000000010000
00000000000001111
STEP 10 P1 MOVE 5 8 5 9
OWN
00000010220000222
00220010000000000
00100010000000000
02100010000000000
02100001110000000
02000000110000000
00222200000000000
00000000000010000
00000000000010000
00000000000001111
STEP 11 P2 MOVE 4 3 4 4
OWN
00000010220000222
00220010000000000
00100010000000000
02100010000000000
02122001110000000
02000000110000000
00222200000000000
00000000000010000
00000000000010000
00000000000001111
STEP 12 P1 MOVE 4 10 4 11
OWN
00000010220000222
00220010000000000
00100010000000000
02100010000000000
02122001111100000
02000000110000000
00222200000000000
00000000000010000
00000000000010000
00000000000001111
STEP 13 P2 MOVE 4 12 4 13
OWN
00000010220000222
00220010000000000
00100010000000000
02100010000000000
02122001111122000
02000000110000000
00222200000000000
00000000000010000
00000000000010000
00000000000001111
STEP 14 P1 MOVE 3 10 3 11
OWN
00000010220000222
00220010000000000
00100010000000000
02100010001100000
02122001111122000
02000000110000000
00222200000000000
00000000000010000
00000000000010000
00000000000001111
STEP 15 P2 MOVE 8 15 8 16
OWN
00000010220000222
00220010000000000
00100010000000000
02100010001100000
02122001111122000
02000000110000000
00222200000000000
00000000000010000
00000000000010022
00000000000001111
STEP 16 P1 MOVE 0 1 0 2
OWN
01100010220000222
00220010000000000
00100010000000000
02100010001100000
02122001111122000
02000000110000000
00222200000000000
00000000000010000
00000000000010022
00000000000001111
STEP 17 P2 MOVE 1 1 2 1
OWN
01100010220000222
02220010000000000
02100010000000000
02100010001100000
02122001111122000
02000000110000000
00222200000000000
00000000000010000
00000000000010022
00000000000001111
STEP 18 P1 MOVE 9 11 9 12
OWN
01100010220000222
02220010000000000
02100010000000000
02100010001100000
02122001111122000
02000000110000000
00222200000000000
00000000000010000
00000000000010022
00000000000111111
STEP 19 P2 MOVE 8 5 9 5
OWN
01100010220000222
02220010000000000
02100010000000000
02100010001100000
02122001111122000
02000000110000000
00222200000000000
00000000000010000
00000200000010022
00000200000111111
STEP 20 P1 MOVE 7 3 8 3
OWN
01100010220000222
02220010000000000
02100010000000000
02100010001100000
02122001111122000
02000000110000000
00222200000000000
00010000000010000
00010200000010022
00000200000111111
STEP 21 P2 MOVE 5 6 5 7
OWN
01100010220000222
02220010000000000
02100010000000000
02100010001100000
02122001111122000
02000022110000000
00222200000000000
00010000000010000
00010200000010022
00000200000111111
STEP 22 P1 MOVE 8 9 9 9
OWN
01100010220000222
02220010000000000
02100010000000000
02100010001100000
02122001111122000
02000022110000000
00222200000000000
00010000000010000
00010200010010022
00000200010111111
STEP 23 P2 MOVE 7 10 7 11
OWN
01100010220000222
02220010000000000
02100010000000000
02100010001100000
02122001111122000
02000022110000000
00222200000000000
00010000002210000
00010200010010022
00000200010111111
STEP 24 P1 MOVE 7 9 9 10
OWN
01100010220000222
02220010000000000
02100010000000000
02100010001100000
02122001111122000
02000022110000000
00222200000000000
00010000011210000
00010200011010022
00000200011111111
STEP 25 P2 MOVE 6 8 7 9
OWN
01100010220000222
02220010000000000
02100010000000000
02100010001100000
02122001111122000
02000022110000000
00222200220000000
00010000221210000
00010200011010022
00000200011111111
STEP 26 P1 MOVE 6 11 8 11
OWN
01100010220000222
02220010000000000
02100010000000000
02100010001100000
02122001111122000
02000022110000000
00222200220100000
00010000221110000
00010200011110022
00000200011111111
STEP 27 P2 MOVE 6 10 6 12
OWN
01100010220000222
02220010000000000
02100010000000000
02100010001100000
02122001111122000
02000022110000000
00222200222220000
00010000221110000
00010200011110022
00000200011111111
STEP 28 P1 MOVE -1 -1 -1 -1
OWN
01100010220000222
02220010000000000
02100010000000000
02100010001100000
02122001111122000
02000022110000000
00222200222220000
00010000221110000
00010200011110022
00000200011111111
STEP 29 P2 MOVE 2 4 2 5
OWN
01100010220000222
02220010000000000
02102210000000000
02100010001100000
02122001111122000
02000022110000000
00222200222220000
00010000221110000
00010200011110022
00000200011111111
STEP 30 P1 MOVE 1 4 3 4
OWN
01100010220000222
02221010000000000
02101210000000000
02101010001100000
02122001111122000
02000022110000000
00222200222220000
00010000221110000
00010200011110022
00000200011111111
STEP 31 P2 MOVE 1 11 1 13
OWN
01100010220000222
02221010000222000
02101210000000000
02101010001100000
02122001111122000
02000022110000000
00222200222220000
00010000221110000
00010200011110022
00000200011111111
STEP 32 P1 MOVE 0 11 0 12
OWN
01100010220110222
02221010000222000
02101210000000000
02101010001100000
02122001111122000
02000022110000000
00222200222220000
00010000221110000
00010200011110022
00000200011111111
STEP 33 P2 MOVE 2 3 2 7
OWN
01100010220110222
02221010000222000
02122222000000000
02101010001100000
02122001111122000
02000022110000000
00222200222220000
00010000221110000
00010200011110022
00000200011111111
STEP 34 P1 MOVE 2 0 2 9
OWN
01100010220110222
02221010000222000
11111111110000000
02101010001100000
02122001111122000
02000022110000000
00222200222220000
00010000221110000
00010200011110022
00000200011111111
STEP 35 P2 MOVE 0 13 3 13
OWN
01100010220112222
02221010000222000
11111111110002000
02101010001102000
02122001111122000
02000022110000000
00222200222220000
00010000221110000
00010200011110022
00000200011111111
STEP 36 P1 MOVE 1 10 1 14
OWN
01100010220112222
02221010001111100
11111111110002000
02101010001102000
02122001111122000
02000022110000000
00222200222220000
00010000221110000
00010200011110022
00000200011111111
STEP 37 P2 MOVE 2 9 3 10
OWN
01100010220112222
02221010001111100
11111111122002000
02101010022102000
02122001111122000
02000022110000000
00222200222220000
00010000221110000
00010200011110022
00000200011111111
STEP 38 P1 MOVE 2 12 2 14
OWN
01100010220112222
02221010001111100
11111111122011100
02101010022102000
02122001111122000
02000022110000000
00222200222220000
00010000221110000
00010200011110022
00000200011111111
STEP 39 P2 MOVE 1 7 3 7
OWN
01100010220112222
02221012001111100
11111112122011100
02101012022102000
02122001111122000
02000022110000000
00222200222220000
00010000221110000
00010200011110022
00000200011111111
STEP 40 P1 MOVE -1 -1 -1 -1
OWN
01100010220112222
02221012001111100
11111112122011100
02101012022102000
02122001111122000
02000022110000000
00222200222220000
00010000221110000
00010200011110022
00000200011111111
STEP 41 P2 MOVE -1 -1 -1 -1
OWN
01100010220112222
02221012001111100
11111112122011100
02101012022102000
02122001111122000
02000022110000000
00222200222220000
00010000221110000
00010200011110022
00000200011111111
RESULT first=52 second=41 winner=1
ANALYSIS winner=P1 score=52-41 reason=Ĺ»ĂëżěŔ§(+6Ä­ »©ľŃŔ˝,2ąčČż°ú) steal(w/l)=13/7 neu(w/l)=46/47
