BOARD
83364156864557238
53672584496727169
81986142866617972
11959791849419939
77681884669719927
48933447867828179
68417823875196848
36961988353539542
77928728295586732
37457722832673984
STEP 0 P1 MOVE 0 12 4 12
OWN
00000000000010000
00000000000010000
00000000000010000
00000000000010000
00000000000010000
00000000000000000
00000000000000000
00000000000000000
00000000000000000
00000000000000000
STEP 1 P2 MOVE 5 3 5 5
OWN
00000000000010000
00000000000010000
00000000000010000
00000000000010000
00000000000010000
00022200000000000
00000000000000000
00000000000000000
00000000000000000
00000000000000000
STEP 2 P1 MOVE 0 4 0 6
OWN
00001110000010000
00000000000010000
00000000000010000
00000000000010000
00000000000010000
00022200000000000
00000000000000000
00000000000000000
00000000000000000
00000000000000000
STEP 3 P2 MOVE 6 6 7 6
OWN
00001110000010000
00000000000010000
00000000000010000
00000000000010000
00000000000010000
00022200000000000
00000020000000000
00000020000000000
00000000000000000
00000000000000000
STEP 4 P1 MOVE 8 0 9 0
OWN
00001110000010000
00000000000010000
00000000000010000
00000000000010000
00000000000010000
00022200000000000
00000020000000000
00000020000000000
10000000000000000
10000000000000000
STEP 5 P2 MOVE 5 12 5 13
OWN
00001110000010000
00000000000010000
00000000000010000
00000000000010000
00000000000010000
00022200000022000
00000020000000000
00000020000000000
10000000000000000
10000000000000000
STEP 6 P1 MOVE 9 7 9 8
OWN
00001110000010000
00000000000010000
00000000000010000
00000000000010000
00000000000010000
00022200000022000
00000020000000000
00000020000000000
10000000000000000
10000001100000000
STEP 7 P2 MOVE 0 7 1 7
OWN
00001112000010000
00000002000010000
00000000000010000
00000000000010000
00000000000010000
00022200000022000
00000020000000000
00000020000000000
10000000000000000
10000001100000000
STEP 8 P1 MOVE 7 4 7 5
OWN
00001112000010000
00000002000010000
00000000000010000
00000000000010000
00000000000010000
00022200000022000
00000020000000000
00001120000000000
10000000000000000
10000001100000000
STEP 9 P2 MOVE 6 11 6 12
OWN
00001112000010000
00000002000010000
00000000000010000
00000000000010000
00000000000010000
00022200000022000
00000020000220000
00001120000000000
10000000000000000
10000001100000000
STEP 10 P1 MOVE 3 9 4 9
OWN
00001112000010000
00000002000010000
00000000000010000
00000000010010000
00000000010010000
00022200000022000
00000020000220000
00001120000000000
10000000000000000
10000001100000000
STEP 11 P2 MOVE 0 9 0 10
OWN
00001112022010000
00000002000010000
00000000000010000
00000000010010000
00000000010010000
00022200000022000
00000020000220000
00001120000000000
10000000000000000
10000001100000000
STEP 12 P1 MOVE 4 14 5 14
OWN
00001112022010000
00000002000010000
00000000000010000
00000000010010000
00000000010010100
00022200000022100
00000020000220000
00001120000000000
10000000000000000
10000001100000000
STEP 13 P2 MOVE 1 14 2 14
OWN
00001112022010000
00000002000010200
00000000000010200
00000000010010000
00000000010010100
00022200000022100
00000020000220000
00001120000000000
10000000000000000
10000001100000000
STEP 14 P1 MOVE 2 11 3 11
OWN
00001112022010000
00000002000010200
00000000000110200
00000000010110000
00000000010010100
00022200000022100
00000020000220000
00001120000000000
10000000000000000
10000001100000000
STEP 15 P2 MOVE 5 7 6 7
OWN
00001112022010000
00000002000010200
00000000000110200
00000000010110000
00000000010010100
00022202000022100
00000022000220000
00001120000000000
10000000000000000
10000001100000000
STEP 16 P1 MOVE 8 7 8 8
OWN
00001112022010000
00000002000010200
00000000000110200
00000000010110000
00000000010010100
00022202000022100
00000022000220000
00001120000000000
10000001100000000
10000001100000000
STEP 17 P2 MOVE 2 15 3 15
OWN
00001112022010000
00000002000010200
00000000000110220
00000000010110020
00000000010010100
00022202000022100
00000022000220000
00001120000000000
10000001100000000
10000001100000000
STEP 18 P1 MOVE 6 16 7 16
OWN
00001112022010000
00000002000010200
00000000000110220
00000000010110020
00000000010010100
00022202000022100
00000022000220001
00001120000000001
10000001100000000
10000001100000000
STEP 19 P2 MOVE 8 3 8 4
OWN
00001112022010000
00000002000010200
00000000000110220
00000000010110020
00000000010010100
00022202000022100
00000022000220001
00001120000000001
10022001100000000
10000001100000000
STEP 20 P1 MOVE 9 12 9 13
OWN
00001112022010000
00000002000010200
00000000000110220
00000000010110020
00000000010010100
00022202000022100
00000022000220001
00001120000000001
10022001100000000
10000001100011000
STEP 21 P2 MOVE 7 6 8 7
OWN
00001112022010000
00000002000010200
00000000000110220
00000000010110020
00000000010010100
00022202000022100
00000022000220001
00001122000000001
10022022100000000
10000001100011000
STEP 22 P1 MOVE 3 4 4 4
OWN
00001112022010000
00000002000010200
00000000000110220
00001000010110020
00001000010010100
00022202000022100
00000022000220001
00001122000000001
10022022100000000
10000001100011000
STEP 23 P2 MOVE 3 6 3 7
OWN
00001112022010000
00000002000010200
00000000000110220
00001022010110020
00001000010010100
00022202000022100
00000022000220001
00001122000000001
10022022100000000
10000001100011000
STEP 24 P1 MOVE 4 7 4 8
OWN
00001112022010000
00000002000010200
00000000000110220
00001022010110020
00001001110010100
00022202000022100
00000022000220001
00001122000000001
10022022100000000
10000001100011000
STEP 25 P2 MOVE 7 11 8 11
OWN
00001112022010000
00000002000010200
00000000000110220
00001022010110020
00001001110010100
00022202000022100
00000022000220001
00001122000200001
10022022100200000
10000001100011000
STEP 26 P1 MOVE 7 10 9 10
OWN
00001112022010000
00000002000010200
00000000000110220
00001022010110020
00001001110010100
00022202000022100
00000022000220001
00001122001200001
10022022101200000
10000001101011000
STEP 27 P2 MOVE 2 1 2 2
OWN
00001112022010000
00000002000010200
02200000000110220
00001022010110020
00001001110010100
00022202000022100
00000022000220001
00001122001200001
10022022101200000
10000001101011000
STEP 28 P1 MOVE 2 0 3 1
OWN
00001112022010000
00000002000010200
11200000000110220
11001022010110020
00001001110010100
00022202000022100
00000022000220001
00001122001200001
10022022101200000
10000001101011000
STEP 29 P2 MOVE 1 1 4 1
OWN
00001112022010000
02000002000010200
12200000000110220
12001022010110020
02001001110010100
00022202000022100
00000022000220001
00001122001200001
10022022101200000
10000001101011000
STEP 30 P1 MOVE -1 -1 -1 -1
OWN
00001112022010000
02000002000010200
12200000000110220
12001022010110020
02001001110010100
00022202000022100
00000022000220001
00001122001200001
10022022101200000
10000001101011000
STEP 31 P2 MOVE 7 5 8 8
OWN
00001112022010000
02000002000010200
12200000000110220
12001022010110020
02001001110010100
00022202000022100
00000022000220001
00001222201200001
10022222201200000
10000001101011000
STEP 32 P1 MOVE 6 6 9 8
OWN
00001112022010000
02000002000010200
12200000000110220
12001022010110020
02001001110010100
00022202000022100
00000011100220001
00001211101200001
10022211101200000
10000011101011000
STEP 33 P2 MOVE 9 5 9 9
OWN
00001112022010000
02000002000010200
12200000000110220
12001022010110020
02001001110010100
00022202000022100
00000011100220001
00001211101200001
10022211101200000
10000222221011000
STEP 34 P1 MOVE -1 -1 -1 -1
OWN
00001112022010000
02000002000010200
12200000000110220
12001022010110020
02001001110010100
00022202000022100
00000011100220001
00001211101200001
10022211101200000
10000222221011000
STEP 35 P2 MOVE 8 14 8 15
OWN
00001112022010000
02000002000010200
12200000000110220
12001022010110020
02001001110010100
00022202000022100
00000011100220001
00001211101200001
10022211101200220
10000222221011000
STEP 36 P1 MOVE 6 15 8 16
OWN
00001112022010000
02000002000010200
12200000000110220
12001022010110020
02001001110010100
00022202000022100
00000011100220011
00001211101200011
10022211101200211
10000222221011000
STEP 37 P2 MOVE -1 -1 -1 -1
OWN
00001112022010000
02000002000010200
12200000000110220
12001022010110020
02001001110010100
00022202000022100
00000011100220011
00001211101200011
10022211101200211
10000222221011000
STEP 38 P1 MOVE -1 -1 -1 -1
OWN
00001112022010000
02000002000010200
12200000000110220
12001022010110020
02001001110010100
00022202000022100
00000011100220011
00001211101200011
10022211101200211
10000222221011000
RESULT first=43 second=35 winner=1
ANALYSIS winner=P1 score=43-35 reason=綴蘊摹薄(+4) steal(w/l)=10/8 neu(w/l)=41/37
