BOARD
58712438675654486
78638428234978154
15785654786112414
27211886313848658
99261419351589319
19247765686217646
57736686788594379
16437914672486641
72215599439518557
81919385112482687
STEP 0 P1 MOVE 7 2 8 3
OWN
00000000000000000
00000000000000000
00000000000000000
00000000000000000
00000000000000000
00000000000000000
00000000000000000
00110000000000000
00110000000000000
00000000000000000
STEP 1 P2 MOVE 1 11 2 11
OWN
00000000000000000
00000000000200000
00000000000200000
00000000000000000
00000000000000000
00000000000000000
00000000000000000
00110000000000000
00110000000000000
00000000000000000
STEP 2 P1 MOVE 3 9 4 10
OWN
00000000000000000
00000000000200000
00000000000200000
00000000011000000
00000000011000000
00000000000000000
00000000000000000
00110000000000000
00110000000000000
00000000000000000
STEP 3 P2 MOVE 0 3 0 6
OWN
00022220000000000
00000000000200000
00000000000200000
00000000011000000
00000000011000000
00000000000000000
00000000000000000
00110000000000000
00110000000000000
00000000000000000
STEP 4 P1 MOVE 1 0 3 0
OWN
00022220000000000
10000000000200000
10000000000200000
10000000011000000
00000000011000000
00000000000000000
00000000000000000
00110000000000000
00110000000000000
00000000000000000
STEP 5 P2 MOVE 3 15 5 15
OWN
00022220000000000
10000000000200000
10000000000200000
10000000011000020
00000000011000020
00000000000000020
00000000000000000
00110000000000000
00110000000000000
00000000000000000
STEP 6 P1 MOVE 7 5 7 6
OWN
00022220000000000
10000000000200000
10000000000200000
10000000011000020
00000000011000020
00000000000000020
00000000000000000
00110110000000000
00110000000000000
00000000000000000
STEP 7 P2 MOVE 8 13 9 13
OWN
00022220000000000
10000000000200000
10000000000200000
10000000011000020
00000000011000020
00000000000000020
00000000000000000
00110110000000000
00110000000002000
00000000000002000
STEP 8 P1 MOVE 7 7 7 8
OWN
00022220000000000
10000000000200000
10000000000200000
10000000011000020
00000000011000020
00000000000000020
00000000000000000
00110111100000000
00110000000002000
00000000000002000
STEP 9 P2 MOVE 5 0 5 1
OWN
00022220000000000
10000000000200000
10000000000200000
10000000011000020
00000000011000020
22000000000000020
00000000000000000
00110111100000000
00110000000002000
00000000000002000
STEP 10 P1 MOVE 1 6 1 7
OWN
00022220000000000
10000011000200000
10000000000200000
10000000011000020
00000000011000020
22000000000000020
00000000000000000
00110111100000000
00110000000002000
00000000000002000
STEP 11 P2 MOVE 4 6 4 7
OWN
00022220000000000
10000011000200000
10000000000200000
10000000011000020
00000022011000020
22000000000000020
00000000000000000
00110111100000000
00110000000002000
00000000000002000
STEP 12 P1 MOVE 1 10 2 10
OWN
00022220000000000
10000011001200000
10000000001200000
10000000011000020
00000022011000020
22000000000000020
00000000000000000
00110111100000000
00110000000002000
00000000000002000
STEP 13 P2 MOVE 9 3 9 4
OWN
00022220000000000
10000011001200000
10000000001200000
10000000011000020
00000022011000020
22000000000000020
00000000000000000
00110111100000000
00110000000002000
00022000000002000
STEP 14 P1 MOVE 2 7 3 7
OWN
00022220000000000
10000011001200000
10000001001200000
10000001011000020
00000022011000020
22000000000000020
00000000000000000
00110111100000000
00110000000002000
00022000000002000
STEP 15 P2 MOVE 9 1 9 2
OWN
00022220000000000
10000011001200000
10000001001200000
10000001011000020
00000022011000020
22000000000000020
00000000000000000
00110111100000000
00110000000002000
02222000000002000
STEP 16 P1 MOVE 5 12 6 12
OWN
00022220000000000
10000011001200000
10000001001200000
10000001011000020
00000022011000020
22000000000010020
00000000000010000
00110111100000000
00110000000002000
02222000000002000
STEP 17 P2 MOVE 8 14 8 15
OWN
00022220000000000
10000011001200000
10000001001200000
10000001011000020
00000022011000020
22000000000010020
00000000000010000
00110111100000000
00110000000002220
02222000000002000
STEP 18 P1 MOVE 6 16 7 16
OWN
00022220000000000
10000011001200000
10000001001200000
10000001011000020
00000022011000020
22000000000010020
00000000000010001
00110111100000001
00110000000002220
02222000000002000
STEP 19 P2 MOVE 0 9 1 9
OWN
00022220020000000
10000011021200000
10000001001200000
10000001011000020
00000022011000020
22000000000010020
00000000000010001
00110111100000001
00110000000002220
02222000000002000
STEP 20 P1 MOVE 7 14 7 15
OWN
00022220020000000
10000011021200000
10000001001200000
10000001011000020
00000022011000020
22000000000010020
00000000000010001
00110111100000111
00110000000002220
02222000000002000
STEP 21 P2 MOVE 1 5 2 5
OWN
00022220020000000
10000211021200000
10000201001200000
10000001011000020
00000022011000020
22000000000010020
00000000000010001
00110111100000111
00110000000002220
02222000000002000
STEP 22 P1 MOVE 7 9 8 9
OWN
00022220020000000
10000211021200000
10000201001200000
10000001011000020
00000022011000020
22000000000010020
00000000000010001
00110111110000111
00110000010002220
02222000000002000
STEP 23 P2 MOVE 6 2 6 3
OWN
00022220020000000
10000211021200000
10000201001200000
10000001011000020
00000022011000020
22000000000010020
00220000000010001
00110111110000111
00110000010002220
02222000000002000
STEP 24 P1 MOVE 6 10 7 10
OWN
00022220020000000
10000211021200000
10000201001200000
10000001011000020
00000022011000020
22000000000010020
00220000001010001
00110111111000111
00110000010002220
02222000000002000
STEP 25 P2 MOVE 8 4 8 5
OWN
00022220020000000
10000211021200000
10000201001200000
10000001011000020
00000022011000020
22000000000010020
00220000001010001
00110111111000111
00112200010002220
02222000000002000
STEP 26 P1 MOVE 2 4 2 6
OWN
00022220020000000
10000211021200000
10001111001200000
10000001011000020
00000022011000020
22000000000010020
00220000001010001
00110111111000111
00112200010002220
02222000000002000
STEP 27 P2 MOVE 1 4 4 4
OWN
00022220020000000
10002211021200000
10002111001200000
10002001011000020
00002022011000020
22000000000010020
00220000001010001
00110111111000111
00112200010002220
02222000000002000
STEP 28 P1 MOVE 3 1 3 3
OWN
00022220020000000
10002211021200000
10002111001200000
11112001011000020
00002022011000020
22000000000010020
00220000001010001
00110111111000111
00112200010002220
02222000000002000
STEP 29 P2 MOVE 2 8 3 8
OWN
00022220020000000
10002211021200000
10002111201200000
11112001211000020
00002022011000020
22000000000010020
00220000001010001
00110111111000111
00112200010002220
02222000000002000
STEP 30 P1 MOVE 1 13 2 13
OWN
00022220020000000
10002211021201000
10002111201201000
11112001211000020
00002022011000020
22000000000010020
00220000001010001
00110111111000111
00112200010002220
02222000000002000
STEP 31 P2 MOVE 1 8 1 14
OWN
00022220020000000
10002211222222200
10002111201201000
11112001211000020
00002022011000020
22000000000010020
00220000001010001
00110111111000111
00112200010002220
02222000000002000
STEP 32 P1 MOVE 0 12 2 13
OWN
00022220020011000
10002211222211200
10002111201211000
11112001211000020
00002022011000020
22000000000010020
00220000001010001
00110111111000111
00112200010002220
02222000000002000
STEP 33 P2 MOVE 0 11 0 14
OWN
00022220020222200
10002211222211200
10002111201211000
11112001211000020
00002022011000020
22000000000010020
00220000001010001
00110111111000111
00112200010002220
02222000000002000
STEP 34 P1 MOVE 1 14 2 15
OWN
00022220020222200
10002211222211110
10002111201211110
11112001211000020
00002022011000020
22000000000010020
00220000001010001
00110111111000111
00112200010002220
02222000000002000
STEP 35 P2 MOVE 7 4 9 5
OWN
00022220020222200
10002211222211110
10002111201211110
11112001211000020
00002022011000020
22000000000010020
00220000001010001
00112211111000111
00112200010002220
02222200000002000
STEP 36 P1 MOVE 7 1 7 11
OWN
00022220020222200
10002211222211110
10002111201211110
11112001211000020
00002022011000020
22000000000010020
00220000001010001
01111111111100111
00112200010002220
02222200000002000
STEP 37 P2 MOVE 7 0 8 1
OWN
00022220020222200
10002211222211110
10002111201211110
11112001211000020
00002022011000020
22000000000010020
00220000001010001
22111111111100111
22112200010002220
02222200000002000
STEP 38 P1 MOVE 6 13 7 13
OWN
00022220020222200
10002211222211110
10002111201211110
11112001211000020
00002022011000020
22000000000010020
00220000001011001
22111111111101111
22112200010002220
02222200000002000
STEP 39 P2 MOVE 4 3 5 3
OWN
00022220020222200
10002211222211110
10002111201211110
11112001211000020
00022022011000020
22020000000010020
00220000001011001
22111111111101111
22112200010002220
02222200000002000
STEP 40 P1 MOVE 0 16 1 16
OWN
00022220020222201
10002211222211111
10002111201211110
11112001211000020
00022022011000020
22020000000010020
00220000001011001
22111111111101111
22112200010002220
02222200000002000
STEP 41 P2 MOVE 6 14 6 15
OWN
00022220020222201
10002211222211111
10002111201211110
11112001211000020
00022022011000020
22020000000010020
00220000001011221
22111111111101111
22112200010002220
02222200000002000
STEP 42 P1 MOVE -1 -1 -1 -1
OWN
00022220020222201
10002211222211111
10002111201211110
11112001211000020
00022022011000020
22020000000010020
00220000001011221
22111111111101111
22112200010002220
02222200000002000
STEP 43 P2 MOVE 6 11 8 11
OWN
00022220020222201
10002211222211111
10002111201211110
11112001211000020
00022022011000020
22020000000010020
00220000001211221
22111111111201111
22112200010202220
02222200000002000
STEP 44 P1 MOVE 5 11 7 12
OWN
00022220020222201
10002211222211111
10002111201211110
11112001211000020
00022022011000020
22020000000110020
00220000001111221
22111111111111111
22112200010202220
02222200000002000
STEP 45 P2 MOVE 8 10 8 12
OWN
00022220020222201
10002211222211111
10002111201211110
11112001211000020
00022022011000020
22020000000110020
00220000001111221
22111111111111111
22112200012222220
02222200000002000
STEP 46 P1 MOVE -1 -1 -1 -1
OWN
00022220020222201
10002211222211111
10002111201211110
11112001211000020
00022022011000020
22020000000110020
00220000001111221
22111111111111111
22112200012222220
02222200000002000
STEP 47 P2 MOVE -1 -1 -1 -1
OWN
00022220020222201
10002211222211111
10002111201211110
11112001211000020
00022022011000020
22020000000110020
00220000001111221
22111111111111111
22112200012222220
02222200000002000
RESULT first=52 second=52 winner=0
ANALYSIS winner=P0 score=52-52 reason=ą«˝ÂşÎ steal(w/l)=0/0 neu(w/l)=0/0
