BOARD
77541551313571982
12837734652735481
57456133726949468
15178397151646628
23284865796827491
28688745987122959
33765158523752891
14635229627639168
12814315752795232
79131767625817383
STEP 0 P1 MOVE 3 0 8 0
OWN
00000000000000000
00000000000000000
00000000000000000
10000000000000000
10000000000000000
10000000000000000
10000000000000000
10000000000000000
10000000000000000
00000000000000000
STEP 1 P2 MOVE 0 6 0 9
OWN
00000022220000000
00000000000000000
00000000000000000
10000000000000000
10000000000000000
10000000000000000
10000000000000000
10000000000000000
10000000000000000
00000000000000000
STEP 2 P1 MOVE 0 2 0 4
OWN
00111022220000000
00000000000000000
00000000000000000
10000000000000000
10000000000000000
10000000000000000
10000000000000000
10000000000000000
10000000000000000
00000000000000000
STEP 3 P2 MOVE 6 3 8 3
OWN
00111022220000000
00000000000000000
00000000000000000
10000000000000000
10000000000000000
10000000000000000
10020000000000000
10020000000000000
10020000000000000
00000000000000000
STEP 4 P1 MOVE 8 13 8 15
OWN
00111022220000000
00000000000000000
00000000000000000
10000000000000000
10000000000000000
10000000000000000
10020000000000000
10020000000000000
10020000000001110
00000000000000000
STEP 5 P2 MOVE 5 5 7 5
OWN
00111022220000000
00000000000000000
00000000000000000
10000000000000000
10000000000000000
10000200000000000
10020200000000000
10020200000000000
10020000000001110
00000000000000000
STEP 6 P1 MOVE 7 4 9 4
OWN
00111022220000000
00000000000000000
00000000000000000
10000000000000000
10000000000000000
10000200000000000
10020200000000000
10021200000000000
10021000000001110
00001000000000000
STEP 7 P2 MOVE 4 16 5 16
OWN
00111022220000000
00000000000000000
00000000000000000
10000000000000000
10000000000000002
10000200000000002
10020200000000000
10021200000000000
10021000000001110
00001000000000000
STEP 8 P1 MOVE 6 10 7 10
OWN
00111022220000000
00000000000000000
00000000000000000
10000000000000000
10000000000000002
10000200000000002
10020200001000000
10021200001000000
10021000000001110
00001000000000000
STEP 9 P2 MOVE 7 1 7 2
OWN
00111022220000000
00000000000000000
00000000000000000
10000000000000000
10000000000000002
10000200000000002
10020200001000000
12221200001000000
10021000000001110
00001000000000000
STEP 10 P1 MOVE 8 1 8 2
OWN
00111022220000000
00000000000000000
00000000000000000
10000000000000000
10000000000000002
10000200000000002
10020200001000000
12221200001000000
11121000000001110
00001000000000000
STEP 11 P2 MOVE 3 14 4 14
OWN
00111022220000000
00000000000000000
00000000000000000
10000000000000200
10000000000000202
10000200000000002
10020200001000000
12221200001000000
11121000000001110
00001000000000000
STEP 12 P1 MOVE 0 12 1 12
OWN
00111022220010000
00000000000010000
00000000000000000
10000000000000200
10000000000000202
10000200000000002
10020200001000000
12221200001000000
11121000000001110
00001000000000000
STEP 13 P2 MOVE 2 12 4 12
OWN
00111022220010000
00000000000010000
00000000000020000
10000000000020200
10000000000020202
10000200000000002
10020200001000000
12221200001000000
11121000000001110
00001000000000000
STEP 14 P1 MOVE 4 7 5 7
OWN
00111022220010000
00000000000010000
00000000000020000
10000000000020200
10000001000020202
10000201000000002
10020200001000000
12221200001000000
11121000000001110
00001000000000000
STEP 15 P2 MOVE 8 12 9 12
OWN
00111022220010000
00000000000010000
00000000000020000
10000000000020200
10000001000020202
10000201000000002
10020200001000000
12221200001000000
11121000000021110
00001000000020000
STEP 16 P1 MOVE 5 9 6 9
OWN
00111022220010000
00000000000010000
00000000000020000
10000000000020200
10000001000020202
10000201010000002
10020200011000000
12221200001000000
11121000000021110
00001000000020000
STEP 17 P2 MOVE 5 10 5 12
OWN
00111022220010000
00000000000010000
00000000000020000
10000000000020200
10000001000020202
10000201012220002
10020200011000000
12221200001000000
11121000000021110
00001000000020000
STEP 18 P1 MOVE 9 13 9 14
OWN
00111022220010000
00000000000010000
00000000000020000
10000000000020200
10000001000020202
10000201012220002
10020200011000000
12221200001000000
11121000000021110
00001000000021100
STEP 19 P2 MOVE 7 16 8 16
OWN
00111022220010000
00000000000010000
00000000000020000
10000000000020200
10000001000020202
10000201012220002
10020200011000000
12221200001000002
11121000000021112
00001000000021100
STEP 20 P1 MOVE 0 13 0 14
OWN
00111022220011100
00000000000010000
00000000000020000
10000000000020200
10000001000020202
10000201012220002
10020200011000000
12221200001000002
11121000000021112
00001000000021100
STEP 21 P2 MOVE 4 2 4 3
OWN
00111022220011100
00000000000010000
00000000000020000
10000000000020200
10220001000020202
10000201012220002
10020200011000000
12221200001000002
11121000000021112
00001000000021100
STEP 22 P1 MOVE 6 15 6 16
OWN
00111022220011100
00000000000010000
00000000000020000
10000000000020200
10220001000020202
10000201012220002
10020200011000011
12221200001000002
11121000000021112
00001000000021100
STEP 23 P2 MOVE 0 15 0 16
OWN
00111022220011122
00000000000010000
00000000000020000
10000000000020200
10220001000020202
10000201012220002
10020200011000011
12221200001000002
11121000000021112
00001000000021100
STEP 24 P1 MOVE 6 1 6 2
OWN
00111022220011122
00000000000010000
00000000000020000
10000000000020200
10220001000020202
10000201012220002
11120200011000011
12221200001000002
11121000000021112
00001000000021100
STEP 25 P2 MOVE 1 3 1 4
OWN
00111022220011122
00022000000010000
00000000000020000
10000000000020200
10220001000020202
10000201012220002
11120200011000011
12221200001000002
11121000000021112
00001000000021100
STEP 26 P1 MOVE 3 15 3 16
OWN
00111022220011122
00022000000010000
00000000000020000
10000000000020211
10220001000020202
10000201012220002
11120200011000011
12221200001000002
11121000000021112
00001000000021100
STEP 27 P2 MOVE 1 1 1 2
OWN
00111022220011122
02222000000010000
00000000000020000
10000000000020211
10220001000020202
10000201012220002
11120200011000011
12221200001000002
11121000000021112
00001000000021100
STEP 28 P1 MOVE 9 3 9 5
OWN
00111022220011122
02222000000010000
00000000000020000
10000000000020211
10220001000020202
10000201012220002
11120200011000011
12221200001000002
11121000000021112
00011100000021100
STEP 29 P2 MOVE 8 5 9 6
OWN
00111022220011122
02222000000010000
00000000000020000
10000000000020211
10220001000020202
10000201012220002
11120200011000011
12221200001000002
11121220000021112
00011220000021100
STEP 30 P1 MOVE 6 4 6 6
OWN
00111022220011122
02222000000010000
00000000000020000
10000000000020211
10220001000020202
10000201012220002
11121110011000011
12221200001000002
11121220000021112
00011220000021100
STEP 31 P2 MOVE 2 14 2 15
OWN
00111022220011122
02222000000010000
00000000000020220
10000000000020211
10220001000020202
10000201012220002
11121110011000011
12221200001000002
11121220000021112
00011220000021100
STEP 32 P1 MOVE 9 1 9 2
OWN
00111022220011122
02222000000010000
00000000000020220
10000000000020211
10220001000020202
10000201012220002
11121110011000011
12221200001000002
11121220000021112
01111220000021100
STEP 33 P2 MOVE 1 5 1 6
OWN
00111022220011122
02222220000010000
00000000000020220
10000000000020211
10220001000020202
10000201012220002
11121110011000011
12221200001000002
11121220000021112
01111220000021100
STEP 34 P1 MOVE 1 7 1 8
OWN
00111022220011122
02222221100010000
00000000000020220
10000000000020211
10220001000020202
10000201012220002
11121110011000011
12221200001000002
11121220000021112
01111220000021100
STEP 35 P2 MOVE 0 5 1 9
OWN
00111222220011122
02222222220010000
00000000000020220
10000000000020211
10220001000020202
10000201012220002
11121110011000011
12221200001000002
11121220000021112
01111220000021100
STEP 36 P1 MOVE 1 0 1 11
OWN
00111222220011122
11111111111110000
00000000000020220
10000000000020211
10220001000020202
10000201012220002
11121110011000011
12221200001000002
11121220000021112
01111220000021100
STEP 37 P2 MOVE 0 1 0 10
OWN
02222222222011122
11111111111110000
00000000000020220
10000000000020211
10220001000020202
10000201012220002
11121110011000011
12221200001000002
11121220000021112
01111220000021100
STEP 38 P1 MOVE 0 11 1 13
OWN
02222222222111122
11111111111111000
00000000000020220
10000000000020211
10220001000020202
10000201012220002
11121110011000011
12221200001000002
11121220000021112
01111220000021100
STEP 39 P2 MOVE 2 4 2 6
OWN
02222222222111122
11111111111111000
00002220000020220
10000000000020211
10220001000020202
10000201012220002
11121110011000011
12221200001000002
11121220000021112
01111220000021100
STEP 40 P1 MOVE 2 7 3 7
OWN
02222222222111122
11111111111111000
00002221000020220
10000001000020211
10220001000020202
10000201012220002
11121110011000011
12221200001000002
11121220000021112
01111220000021100
STEP 41 P2 MOVE 3 6 3 8
OWN
02222222222111122
11111111111111000
00002221000020220
10000022200020211
10220001000020202
10000201012220002
11121110011000011
12221200001000002
11121220000021112
01111220000021100
STEP 42 P1 MOVE 2 5 3 8
OWN
02222222222111122
11111111111111000
00002111100020220
10000111100020211
10220001000020202
10000201012220002
11121110011000011
12221200001000002
11121220000021112
01111220000021100
STEP 43 P2 MOVE -1 -1 -1 -1
OWN
02222222222111122
11111111111111000
00002111100020220
10000111100020211
10220001000020202
10000201012220002
11121110011000011
12221200001000002
11121220000021112
01111220000021100
STEP 44 P1 MOVE -1 -1 -1 -1
OWN
02222222222111122
11111111111111000
00002111100020220
10000111100020211
10220001000020202
10000201012220002
11121110011000011
12221200001000002
11121220000021112
01111220000021100
RESULT first=60 second=42 winner=1
ANALYSIS winner=P1 score=60-42 reason=Ĺ»ĂëżěŔ§(+8Ä­ »©ľŃŔ˝,2ąčČż°ú) steal(w/l)=15/7 neu(w/l)=52/50
