BOARD
17249789573933664
22876443668549657
76237146686628157
89987761775155889
73845922233394176
12816682583347355
15682349278754645
65525196745237468
12569679845284835
67414428663593921
STEP 0 P1 MOVE 4 7 4 10
OWN
00000000000000000
00000000000000000
00000000000000000
00000000000000000
00000001111000000
00000000000000000
00000000000000000
00000000000000000
00000000000000000
00000000000000000
STEP 1 P2 MOVE 4 14 6 14
OWN
00000000000000000
00000000000000000
00000000000000000
00000000000000000
00000001111000200
00000000000000200
00000000000000200
00000000000000000
00000000000000000
00000000000000000
STEP 2 P1 MOVE 0 0 0 2
OWN
11100000000000000
00000000000000000
00000000000000000
00000000000000000
00000001111000200
00000000000000200
00000000000000200
00000000000000000
00000000000000000
00000000000000000
STEP 3 P2 MOVE 5 5 7 5
OWN
11100000000000000
00000000000000000
00000000000000000
00000000000000000
00000001111000200
00000200000000200
00000200000000200
00000200000000000
00000000000000000
00000000000000000
STEP 4 P1 MOVE 2 3 2 4
OWN
11100000000000000
00000000000000000
00011000000000000
00000000000000000
00000001111000200
00000200000000200
00000200000000200
00000200000000000
00000000000000000
00000000000000000
STEP 5 P2 MOVE 7 10 7 12
OWN
11100000000000000
00000000000000000
00011000000000000
00000000000000000
00000001111000200
00000200000000200
00000200000000200
00000200002220000
00000000000000000
00000000000000000
STEP 6 P1 MOVE 9 4 9 6
OWN
11100000000000000
00000000000000000
00011000000000000
00000000000000000
00000001111000200
00000200000000200
00000200000000200
00000200002220000
00000000000000000
00001110000000000
STEP 7 P2 MOVE 7 14 7 15
OWN
11100000000000000
00000000000000000
00011000000000000
00000000000000000
00000001111000200
00000200000000200
00000200000000200
00000200002220220
00000000000000000
00001110000000000
STEP 8 P1 MOVE 8 11 8 12
OWN
11100000000000000
00000000000000000
00011000000000000
00000000000000000
00000001111000200
00000200000000200
00000200000000200
00000200002220220
00000000000110000
00001110000000000
STEP 9 P2 MOVE 1 1 1 2
OWN
11100000000000000
02200000000000000
00011000000000000
00000000000000000
00000001111000200
00000200000000200
00000200000000200
00000200002220220
00000000000110000
00001110000000000
STEP 10 P1 MOVE 8 9 9 9
OWN
11100000000000000
02200000000000000
00011000000000000
00000000000000000
00000001111000200
00000200000000200
00000200000000200
00000200002220220
00000000010110000
00001110010000000
STEP 11 P2 MOVE 5 1 5 2
OWN
11100000000000000
02200000000000000
00011000000000000
00000000000000000
00000001111000200
02200200000000200
00000200000000200
00000200002220220
00000000010110000
00001110010000000
STEP 12 P1 MOVE 0 9 0 10
OWN
11100000011000000
02200000000000000
00011000000000000
00000000000000000
00000001111000200
02200200000000200
00000200000000200
00000200002220220
00000000010110000
00001110010000000
STEP 13 P2 MOVE 2 6 2 7
OWN
11100000011000000
02200000000000000
00011022000000000
00000000000000000
00000001111000200
02200200000000200
00000200000000200
00000200002220220
00000000010110000
00001110010000000
STEP 14 P1 MOVE 5 11 6 11
OWN
11100000011000000
02200000000000000
00011022000000000
00000000000000000
00000001111000200
02200200000100200
00000200000100200
00000200002220220
00000000010110000
00001110010000000
STEP 15 P2 MOVE 0 15 0 16
OWN
11100000011000022
02200000000000000
00011022000000000
00000000000000000
00000001111000200
02200200000100200
00000200000100200
00000200002220220
00000000010110000
00001110010000000
STEP 16 P1 MOVE 5 15 5 16
OWN
11100000011000022
02200000000000000
00011022000000000
00000000000000000
00000001111000200
02200200000100211
00000200000100200
00000200002220220
00000000010110000
00001110010000000
STEP 17 P2 MOVE 1 15 2 15
OWN
11100000011000022
02200000000000020
00011022000000020
00000000000000000
00000001111000200
02200200000100211
00000200000100200
00000200002220220
00000000010110000
00001110010000000
STEP 18 P1 MOVE 2 12 2 13
OWN
11100000011000022
02200000000000020
00011022000011020
00000000000000000
00000001111000200
02200200000100211
00000200000100200
00000200002220220
00000000010110000
00001110010000000
STEP 19 P2 MOVE 3 12 3 13
OWN
11100000011000022
02200000000000020
00011022000011020
00000000000022000
00000001111000200
02200200000100211
00000200000100200
00000200002220220
00000000010110000
00001110010000000
STEP 20 P1 MOVE 1 4 1 5
OWN
11100000011000022
02201100000000020
00011022000011020
00000000000022000
00000001111000200
02200200000100211
00000200000100200
00000200002220220
00000000010110000
00001110010000000
STEP 21 P2 MOVE 6 1 7 1
OWN
11100000011000022
02201100000000020
00011022000011020
00000000000022000
00000001111000200
02200200000100211
02000200000100200
02000200002220220
00000000010110000
00001110010000000
STEP 22 P1 MOVE 6 0 8 1
OWN
11100000011000022
02201100000000020
00011022000011020
00000000000022000
00000001111000200
02200200000100211
11000200000100200
11000200002220220
11000000010110000
00001110010000000
STEP 23 P2 MOVE 4 1 9 1
OWN
11100000011000022
02201100000000020
00011022000011020
00000000000022000
02000001111000200
02200200000100211
12000200000100200
12000200002220220
12000000010110000
02001110010000000
STEP 24 P1 MOVE 7 2 8 2
OWN
11100000011000022
02201100000000020
00011022000011020
00000000000022000
02000001111000200
02200200000100211
12000200000100200
12100200002220220
12100000010110000
02001110010000000
STEP 25 P2 MOVE 9 0 9 2
OWN
11100000011000022
02201100000000020
00011022000011020
00000000000022000
02000001111000200
02200200000100211
12000200000100200
12100200002220220
12100000010110000
22201110010000000
STEP 26 P1 MOVE 6 3 7 3
OWN
11100000011000022
02201100000000020
00011022000011020
00000000000022000
02000001111000200
02200200000100211
12010200000100200
12110200002220220
12100000010110000
22201110010000000
STEP 27 P2 MOVE 4 6 5 6
OWN
11100000011000022
02201100000000020
00011022000011020
00000000000022000
02000021111000200
02200220000100211
12010200000100200
12110200002220220
12100000010110000
22201110010000000
STEP 28 P1 MOVE 5 0 5 7
OWN
11100000011000022
02201100000000020
00011022000011020
00000000000022000
02000021111000200
11111111000100211
12010200000100200
12110200002220220
12100000010110000
22201110010000000
STEP 29 P2 MOVE 3 7 6 7
OWN
11100000011000022
02201100000000020
00011022000011020
00000002000022000
02000022111000200
11111112000100211
12010202000100200
12110200002220220
12100000010110000
22201110010000000
STEP 30 P1 MOVE 3 6 6 6
OWN
11100000011000022
02201100000000020
00011022000011020
00000012000022000
02000012111000200
11111112000100211
12010212000100200
12110200002220220
12100000010110000
22201110010000000
STEP 31 P2 MOVE 6 2 6 8
OWN
11100000011000022
02201100000000020
00011022000011020
00000012000022000
02000012111000200
11111112000100211
12222222200100200
12110200002220220
12100000010110000
22201110010000000
STEP 32 P1 MOVE 4 4 7 4
OWN
11100000011000022
02201100000000020
00011022000011020
00000012000022000
02001012111000200
11111112000100211
12221222200100200
12111200002220220
12100000010110000
22201110010000000
STEP 33 P2 MOVE 1 2 2 5
OWN
11100000011000022
02222200000000020
00222222000011020
00000012000022000
02001012111000200
11111112000100211
12221222200100200
12111200002220220
12100000010110000
22201110010000000
STEP 34 P1 MOVE 0 1 2 3
OWN
11110000011000022
01112200000000020
01112222000011020
00000012000022000
02001012111000200
11111112000100211
12221222200100200
12111200002220220
12100000010110000
22201110010000000
STEP 35 P2 MOVE 4 3 8 3
OWN
11110000011000022
01112200000000020
01112222000011020
00000012000022000
02021012111000200
11121112000100211
12221222200100200
12121200002220220
12120000010110000
22201110010000000
STEP 36 P1 MOVE 8 3 9 4
OWN
11110000011000022
01112200000000020
01112222000011020
00000012000022000
02021012111000200
11121112000100211
12221222200100200
12121200002220220
12111000010110000
22211110010000000
STEP 37 P2 MOVE -1 -1 -1 -1
OWN
11110000011000022
01112200000000020
01112222000011020
00000012000022000
02021012111000200
11121112000100211
12221222200100200
12121200002220220
12111000010110000
22211110010000000
STEP 38 P1 MOVE -1 -1 -1 -1
OWN
11110000011000022
01112200000000020
01112222000011020
00000012000022000
02021012111000200
11121112000100211
12221222200100200
12121200002220220
12111000010110000
22211110010000000
RESULT first=47 second=40 winner=1
ANALYSIS winner=P1 score=47-40 reason=綴蘊摹薄(+5) steal(w/l)=14/13 neu(w/l)=46/41
