BOARD
69263847613822852
71682869492746895
28145975661795917
39669928525986861
32553299529697681
92677974365176343
13426964979637315
67184386822727367
43917593858413621
59868428996886319
STEP 0 P1 MOVE 6 0 6 3
OWN
00000000000000000
00000000000000000
00000000000000000
00000000000000000
00000000000000000
00000000000000000
11110000000000000
00000000000000000
00000000000000000
00000000000000000
STEP 1 P2 MOVE 3 16 6 16
OWN
00000000000000000
00000000000000000
00000000000000000
00000000000000002
00000000000000002
00000000000000002
11110000000000002
00000000000000000
00000000000000000
00000000000000000
STEP 2 P1 MOVE 0 4 2 4
OWN
00001000000000000
00001000000000000
00001000000000000
00000000000000002
00000000000000002
00000000000000002
11110000000000002
00000000000000000
00000000000000000
00000000000000000
STEP 3 P2 MOVE 9 13 9 15
OWN
00001000000000000
00001000000000000
00001000000000000
00000000000000002
00000000000000002
00000000000000002
11110000000000002
00000000000000000
00000000000000000
00000000000002220
STEP 4 P1 MOVE 4 0 4 2
OWN
00001000000000000
00001000000000000
00001000000000000
00000000000000002
11100000000000002
00000000000000002
11110000000000002
00000000000000000
00000000000000000
00000000000002220
STEP 5 P2 MOVE 8 16 9 16
OWN
00001000000000000
00001000000000000
00001000000000000
00000000000000002
11100000000000002
00000000000000002
11110000000000002
00000000000000000
00000000000000002
00000000000002222
STEP 6 P1 MOVE 4 3 4 5
OWN
00001000000000000
00001000000000000
00001000000000000
00000000000000002
11111100000000002
00000000000000002
11110000000000002
00000000000000000
00000000000000002
00000000000002222
STEP 7 P2 MOVE 0 8 0 10
OWN
00001000222000000
00001000000000000
00001000000000000
00000000000000002
11111100000000002
00000000000000002
11110000000000002
00000000000000000
00000000000000002
00000000000002222
STEP 8 P1 MOVE 7 13 8 13
OWN
00001000222000000
00001000000000000
00001000000000000
00000000000000002
11111100000000002
00000000000000002
11110000000000002
00000000000001000
00000000000001002
00000000000002222
STEP 9 P2 MOVE 2 14 2 15
OWN
00001000222000000
00001000000000000
00001000000000220
00000000000000002
11111100000000002
00000000000000002
11110000000000002
00000000000001000
00000000000001002
00000000000002222
STEP 10 P1 MOVE 7 2 8 2
OWN
00001000222000000
00001000000000000
00001000000000220
00000000000000002
11111100000000002
00000000000000002
11110000000000002
00100000000001000
00100000000001002
00000000000002222
STEP 11 P2 MOVE 3 9 5 9
OWN
00001000222000000
00001000000000000
00001000000000220
00000000020000002
11111100020000002
00000000020000002
11110000000000002
00100000000001000
00100000000001002
00000000000002222
STEP 12 P1 MOVE 0 1 1 1
OWN
01001000222000000
01001000000000000
00001000000000220
00000000020000002
11111100020000002
00000000020000002
11110000000000002
00100000000001000
00100000000001002
00000000000002222
STEP 13 P2 MOVE 3 8 4 8
OWN
01001000222000000
01001000000000000
00001000000000220
00000000220000002
11111100220000002
00000000020000002
11110000000000002
00100000000001000
00100000000001002
00000000000002222
STEP 14 P1 MOVE 6 4 7 4
OWN
01001000222000000
01001000000000000
00001000000000220
00000000220000002
11111100220000002
00000000020000002
11111000000000002
00101000000001000
00100000000001002
00000000000002222
STEP 15 P2 MOVE 6 7 7 7
OWN
01001000222000000
01001000000000000
00001000000000220
00000000220000002
11111100220000002
00000000020000002
11111002000000002
00101002000001000
00100000000001002
00000000000002222
STEP 16 P1 MOVE 0 6 1 6
OWN
01001010222000000
01001010000000000
00001000000000220
00000000220000002
11111100220000002
00000000020000002
11111002000000002
00101002000001000
00100000000001002
00000000000002222
STEP 17 P2 MOVE 0 11 0 12
OWN
01001010222220000
01001010000000000
00001000000000220
00000000220000002
11111100220000002
00000000020000002
11111002000000002
00101002000001000
00100000000001002
00000000000002222
STEP 18 P1 MOVE 0 13 0 14
OWN
01001010222221100
01001010000000000
00001000000000220
00000000220000002
11111100220000002
00000000020000002
11111002000000002
00101002000001000
00100000000001002
00000000000002222
STEP 19 P2 MOVE 7 0 8 0
OWN
01001010222221100
01001010000000000
00001000000000220
00000000220000002
11111100220000002
00000000020000002
11111002000000002
20101002000001000
20100000000001002
00000000000002222
STEP 20 P1 MOVE 9 6 9 7
OWN
01001010222221100
01001010000000000
00001000000000220
00000000220000002
11111100220000002
00000000020000002
11111002000000002
20101002000001000
20100000000001002
00000011000002222
STEP 21 P2 MOVE 1 8 2 8
OWN
01001010222221100
01001010200000000
00001000200000220
00000000220000002
11111100220000002
00000000020000002
11111002000000002
20101002000001000
20100000000001002
00000011000002222
STEP 22 P1 MOVE 1 12 1 13
OWN
01001010222221100
01001010200011000
00001000200000220
00000000220000002
11111100220000002
00000000020000002
11111002000000002
20101002000001000
20100000000001002
00000011000002222
STEP 23 P2 MOVE 7 10 8 10
OWN
01001010222221100
01001010200011000
00001000200000220
00000000220000002
11111100220000002
00000000020000002
11111002000000002
20101002002001000
20100000002001002
00000011000002222
STEP 24 P1 MOVE 8 9 8 12
OWN
01001010222221100
01001010200011000
00001000200000220
00000000220000002
11111100220000002
00000000020000002
11111002000000002
20101002002001000
20100000011111002
00000011000002222
STEP 25 P2 MOVE 7 8 7 9
OWN
01001010222221100
01001010200011000
00001000200000220
00000000220000002
11111100220000002
00000000020000002
11111002000000002
20101002222001000
20100000011111002
00000011000002222
STEP 26 P1 MOVE 7 1 8 1
OWN
01001010222221100
01001010200011000
00001000200000220
00000000220000002
11111100220000002
00000000020000002
11111002000000002
21101002222001000
21100000011111002
00000011000002222
STEP 27 P2 MOVE 7 12 9 12
OWN
01001010222221100
01001010200011000
00001000200000220
00000000220000002
11111100220000002
00000000020000002
11111002000000002
21101002222021000
21100000011121002
00000011000022222
STEP 28 P1 MOVE 3 6 3 7
OWN
01001010222221100
01001010200011000
00001000200000220
00000011220000002
11111100220000002
00000000020000002
11111002000000002
21101002222021000
21100000011121002
00000011000022222
STEP 29 P2 MOVE 7 11 7 14
OWN
01001010222221100
01001010200011000
00001000200000220
00000011220000002
11111100220000002
00000000020000002
11111002000000002
21101002222222200
21100000011121002
00000011000022222
STEP 30 P1 MOVE 6 14 7 15
OWN
01001010222221100
01001010200011000
00001000200000220
00000011220000002
11111100220000002
00000000020000002
11111002000000112
21101002222222110
21100000011121002
00000011000022222
STEP 31 P2 MOVE 6 12 6 13
OWN
01001010222221100
01001010200011000
00001000200000220
00000011220000002
11111100220000002
00000000020000002
11111002000022112
21101002222222110
21100000011121002
00000011000022222
STEP 32 P1 MOVE -1 -1 -1 -1
OWN
01001010222221100
01001010200011000
00001000200000220
00000011220000002
11111100220000002
00000000020000002
11111002000022112
21101002222222110
21100000011121002
00000011000022222
STEP 33 P2 MOVE -1 -1 -1 -1
OWN
01001010222221100
01001010200011000
00001000200000220
00000011220000002
11111100220000002
00000000020000002
11111002000022112
21101002222222110
21100000011121002
00000011000022222
RESULT first=39 second=37 winner=1
ANALYSIS winner=P1 score=39-37 reason=摹奢檜薄 steal(w/l)=2/2 neu(w/l)=39/37
