BOARD
66545283786232652
63158362461482872
99548475335427145
19791614541934927
22146413256558884
76633276764719268
34397889439992851
71789151612626511
25139663564929635
25648651299933272
STEP 0 P1 MOVE 7 7 7 10
OWN
00000000000000000
00000000000000000
00000000000000000
00000000000000000
00000000000000000
00000000000000000
00000000000000000
00000001111000000
00000000000000000
00000000000000000
STEP 1 P2 MOVE 7 15 8 16
OWN
00000000000000000
00000000000000000
00000000000000000
00000000000000000
00000000000000000
00000000000000000
00000000000000000
00000001111000022
00000000000000022
00000000000000000
STEP 2 P1 MOVE 6 0 6 2
OWN
00000000000000000
00000000000000000
00000000000000000
00000000000000000
00000000000000000
00000000000000000
11100000000000000
00000001111000022
00000000000000022
00000000000000000
STEP 3 P2 MOVE 2 14 2 16
OWN
00000000000000000
00000000000000000
00000000000000222
00000000000000000
00000000000000000
00000000000000000
11100000000000000
00000001111000022
00000000000000022
00000000000000000
STEP 4 P1 MOVE 4 5 4 8
OWN
00000000000000000
00000000000000000
00000000000000222
00000000000000000
00000111100000000
00000000000000000
11100000000000000
00000001111000022
00000000000000022
00000000000000000
STEP 5 P2 MOVE 2 12 4 12
OWN
00000000000000000
00000000000000000
00000000000020222
00000000000020000
00000111100020000
00000000000000000
11100000000000000
00000001111000022
00000000000000022
00000000000000000
STEP 6 P1 MOVE 0 11 2 11
OWN
00000000000100000
00000000000100000
00000000000120222
00000000000020000
00000111100020000
00000000000000000
11100000000000000
00000001111000022
00000000000000022
00000000000000000
STEP 7 P2 MOVE 3 0 5 0
OWN
00000000000100000
00000000000100000
00000000000120222
20000000000020000
20000111100020000
20000000000000000
11100000000000000
00000001111000022
00000000000000022
00000000000000000
STEP 8 P1 MOVE 1 0 1 2
OWN
00000000000100000
11100000000100000
00000000000120222
20000000000020000
20000111100020000
20000000000000000
11100000000000000
00000001111000022
00000000000000022
00000000000000000
STEP 9 P2 MOVE 3 10 3 11
OWN
00000000000100000
11100000000100000
00000000000120222
20000000002220000
20000111100020000
20000000000000000
11100000000000000
00000001111000022
00000000000000022
00000000000000000
STEP 10 P1 MOVE 5 4 6 4
OWN
00000000000100000
11100000000100000
00000000000120222
20000000002220000
20000111100020000
20001000000000000
11101000000000000
00000001111000022
00000000000000022
00000000000000000
STEP 11 P2 MOVE 3 7 5 7
OWN
00000000000100000
11100000000100000
00000000000120222
20000002002220000
20000112100020000
20001002000000000
11101000000000000
00000001111000022
00000000000000022
00000000000000000
STEP 12 P1 MOVE 0 7 2 7
OWN
00000001000100000
11100001000100000
00000001000120222
20000002002220000
20000112100020000
20001002000000000
11101000000000000
00000001111000022
00000000000000022
00000000000000000
STEP 13 P2 MOVE 2 6 2 8
OWN
00000001000100000
11100001000100000
00000022200120222
20000002002220000
20000112100020000
20001002000000000
11101000000000000
00000001111000022
00000000000000022
00000000000000000
STEP 14 P1 MOVE 6 13 6 14
OWN
00000001000100000
11100001000100000
00000022200120222
20000002002220000
20000112100020000
20001002000000000
11101000000001100
00000001111000022
00000000000000022
00000000000000000
STEP 15 P2 MOVE 3 3 3 4
OWN
00000001000100000
11100001000100000
00000022200120222
20022002002220000
20000112100020000
20001002000000000
11101000000001100
00000001111000022
00000000000000022
00000000000000000
STEP 16 P1 MOVE 9 2 9 3
OWN
00000001000100000
11100001000100000
00000022200120222
20022002002220000
20000112100020000
20001002000000000
11101000000001100
00000001111000022
00000000000000022
00110000000000000
STEP 17 P2 MOVE 1 12 1 13
OWN
00000001000100000
11100001000122000
00000022200120222
20022002002220000
20000112100020000
20001002000000000
11101000000001100
00000001111000022
00000000000000022
00110000000000000
STEP 18 P1 MOVE 4 10 5 10
OWN
00000001000100000
11100001000122000
00000022200120222
20022002002220000
20000112101020000
20001002001000000
11101000000001100
00000001111000022
00000000000000022
00110000000000000
STEP 19 P2 MOVE 4 3 4 4
OWN
00000001000100000
11100001000122000
00000022200120222
20022002002220000
20022112101020000
20001002001000000
11101000000001100
00000001111000022
00000000000000022
00110000000000000
STEP 20 P1 MOVE 4 14 5 14
OWN
00000001000100000
11100001000122000
00000022200120222
20022002002220000
20022112101020100
20001002001000100
11101000000001100
00000001111000022
00000000000000022
00110000000000000
STEP 21 P2 MOVE 3 15 4 15
OWN
00000001000100000
11100001000122000
00000022200120222
20022002002220020
20022112101020120
20001002001000100
11101000000001100
00000001111000022
00000000000000022
00110000000000000
STEP 22 P1 MOVE 0 5 0 6
OWN
00000111000100000
11100001000122000
00000022200120222
20022002002220020
20022112101020120
20001002001000100
11101000000001100
00000001111000022
00000000000000022
00110000000000000
STEP 23 P2 MOVE 5 12 5 13
OWN
00000111000100000
11100001000122000
00000022200120222
20022002002220020
20022112101020120
20001002001022100
11101000000001100
00000001111000022
00000000000000022
00110000000000000
STEP 24 P1 MOVE 7 4 7 5
OWN
00000111000100000
11100001000122000
00000022200120222
20022002002220020
20022112101020120
20001002001022100
11101000000001100
00001101111000022
00000000000000022
00110000000000000
STEP 25 P2 MOVE 8 9 8 10
OWN
00000111000100000
11100001000122000
00000022200120222
20022002002220020
20022112101020120
20001002001022100
11101000000001100
00001101111000022
00000000022000022
00110000000000000
STEP 26 P1 MOVE 2 5 3 5
OWN
00000111000100000
11100001000122000
00000122200120222
20022102002220020
20022112101020120
20001002001022100
11101000000001100
00001101111000022
00000000022000022
00110000000000000
STEP 27 P2 MOVE 3 6 3 9
OWN
00000111000100000
11100001000122000
00000122200120222
20022122222220020
20022112101020120
20001002001022100
11101000000001100
00001101111000022
00000000022000022
00110000000000000
STEP 28 P1 MOVE 2 4 5 5
OWN
00000111000100000
11100001000122000
00001122200120222
20021122222220020
20021112101020120
20001102001022100
11101000000001100
00001101111000022
00000000022000022
00110000000000000
STEP 29 P2 MOVE 5 3 5 6
OWN
00000111000100000
11100001000122000
00001122200120222
20021122222220020
20021112101020120
20022222001022100
11101000000001100
00001101111000022
00000000022000022
00110000000000000
STEP 30 P1 MOVE 2 10 4 11
OWN
00000111000100000
11100001000122000
00001122201120222
20021122221120020
20021112101120120
20022222001022100
11101000000001100
00001101111000022
00000000022000022
00110000000000000
STEP 31 P2 MOVE 0 11 5 12
OWN
00000111000220000
11100001000222000
00001122201220222
20021122221220020
20021112101220120
20022222001222100
11101000000001100
00001101111000022
00000000022000022
00110000000000000
STEP 32 P1 MOVE 1 10 6 10
OWN
00000111000220000
11100001001222000
00001122201220222
20021122221220020
20021112101220120
20022222001222100
11101000001001100
00001101111000022
00000000022000022
00110000000000000
STEP 33 P2 MOVE 8 1 9 1
OWN
00000111000220000
11100001001222000
00001122201220222
20021122221220020
20021112101220120
20022222001222100
11101000001001100
00001101111000022
02000000022000022
02110000000000000
STEP 34 P1 MOVE 9 0 9 4
OWN
00000111000220000
11100001001222000
00001122201220222
20021122221220020
20021112101220120
20022222001222100
11101000001001100
00001101111000022
02000000022000022
11111000000000000
STEP 35 P2 MOVE 0 2 2 2
OWN
00200111000220000
11200001001222000
00201122201220222
20021122221220020
20021112101220120
20022222001222100
11101000001001100
00001101111000022
02000000022000022
11111000000000000
STEP 36 P1 MOVE 7 0 8 1
OWN
00200111000220000
11200001001222000
00201122201220222
20021122221220020
20021112101220120
20022222001222100
11101000001001100
11001101111000022
11000000022000022
11111000000000000
STEP 37 P2 MOVE 0 1 0 3
OWN
02220111000220000
11200001001222000
00201122201220222
20021122221220020
20021112101220120
20022222001222100
11101000001001100
11001101111000022
11000000022000022
11111000000000000
STEP 38 P1 MOVE 1 8 1 9
OWN
02220111000220000
11200001111222000
00201122201220222
20021122221220020
20021112101220120
20022222001222100
11101000001001100
11001101111000022
11000000022000022
11111000000000000
STEP 39 P2 MOVE -1 -1 -1 -1
OWN
02220111000220000
11200001111222000
00201122201220222
20021122221220020
20021112101220120
20022222001222100
11101000001001100
11001101111000022
11000000022000022
11111000000000000
STEP 40 P1 MOVE 2 9 2 13
OWN
02220111000220000
11200001111222000
00201122211111222
20021122221220020
20021112101220120
20022222001222100
11101000001001100
11001101111000022
11000000022000022
11111000000000000
STEP 41 P2 MOVE 1 6 3 13
OWN
02220111000220000
11200022222222000
00201122222222222
20021122222222020
20021112101220120
20022222001222100
11101000001001100
11001101111000022
11000000022000022
11111000000000000
STEP 42 P1 MOVE 1 5 5 8
OWN
02220111000220000
11200111122222000
00201111122222222
20021111122222020
20021111101220120
20022111101222100
11101000001001100
11001101111000022
11000000022000022
11111000000000000
STEP 43 P2 MOVE 6 14 7 15
OWN
02220111000220000
11200111122222000
00201111122222222
20021111122222020
20021111101220120
20022111101222100
11101000001001220
11001101111000222
11000000022000022
11111000000000000
STEP 44 P1 MOVE 6 15 9 16
OWN
02220111000220000
11200111122222000
00201111122222222
20021111122222020
20021111101220120
20022111101222100
11101000001001211
11001101111000211
11000000022000011
11111000000000011
STEP 45 P2 MOVE 0 13 4 13
OWN
02220111000222000
11200111122222000
00201111122222222
20021111122222020
20021111101222120
20022111101222100
11101000001001211
11001101111000211
11000000022000011
11111000000000011
STEP 46 P1 MOVE -1 -1 -1 -1
OWN
02220111000222000
11200111122222000
00201111122222222
20021111122222020
20021111101222120
20022111101222100
11101000001001211
11001101111000211
11000000022000011
11111000000000011
STEP 47 P2 MOVE -1 -1 -1 -1
OWN
02220111000222000
11200111122222000
00201111122222222
20021111122222020
20021111101222120
20022111101222100
11101000001001211
11001101111000211
11000000022000011
11111000000000011
RESULT first=61 second=45 winner=1
ANALYSIS winner=P1 score=61-45 reason=Ĺ»ĂëżěŔ§(+5Ä­ »©ľŃŔ˝,2ąčČż°ú) / şóÄ­Ľ±Áˇ(+6) steal(w/l)=26/21 neu(w/l)=56/50
