BOARD
64716974682173156
13147361637339783
62947643764697663
35893894334544468
93363334616981564
72266287968317726
49324927724133652
64275174495955119
22569532188293439
12994743182191115
STEP 0 P1 MOVE 4 1 5 2
OWN
00000000000000000
00000000000000000
00000000000000000
00000000000000000
01100000000000000
01100000000000000
00000000000000000
00000000000000000
00000000000000000
00000000000000000
STEP 1 P2 MOVE 0 10 0 12
OWN
00000000002220000
00000000000000000
00000000000000000
00000000000000000
01100000000000000
01100000000000000
00000000000000000
00000000000000000
00000000000000000
00000000000000000
STEP 2 P1 MOVE 2 9 2 10
OWN
00000000002220000
00000000000000000
00000000011000000
00000000000000000
01100000000000000
01100000000000000
00000000000000000
00000000000000000
00000000000000000
00000000000000000
STEP 3 P2 MOVE 1 0 3 0
OWN
00000000002220000
20000000000000000
20000000011000000
20000000000000000
01100000000000000
01100000000000000
00000000000000000
00000000000000000
00000000000000000
00000000000000000
STEP 4 P1 MOVE 1 5 1 7
OWN
00000000002220000
20000111000000000
20000000011000000
20000000000000000
01100000000000000
01100000000000000
00000000000000000
00000000000000000
00000000000000000
00000000000000000
STEP 5 P2 MOVE 4 15 4 16
OWN
00000000002220000
20000111000000000
20000000011000000
20000000000000000
01100000000000022
01100000000000000
00000000000000000
00000000000000000
00000000000000000
00000000000000000
STEP 6 P1 MOVE 1 9 1 10
OWN
00000000002220000
20000111011000000
20000000011000000
20000000000000000
01100000000000022
01100000000000000
00000000000000000
00000000000000000
00000000000000000
00000000000000000
STEP 7 P2 MOVE 3 8 3 10
OWN
00000000002220000
20000111011000000
20000000011000000
20000000222000000
01100000000000022
01100000000000000
00000000000000000
00000000000000000
00000000000000000
00000000000000000
STEP 8 P1 MOVE 5 5 5 6
OWN
00000000002220000
20000111011000000
20000000011000000
20000000222000000
01100000000000022
01100110000000000
00000000000000000
00000000000000000
00000000000000000
00000000000000000
STEP 9 P2 MOVE 1 1 3 1
OWN
00000000002220000
22000111011000000
22000000011000000
22000000222000000
01100000000000022
01100110000000000
00000000000000000
00000000000000000
00000000000000000
00000000000000000
STEP 10 P1 MOVE 7 0 7 1
OWN
00000000002220000
22000111011000000
22000000011000000
22000000222000000
01100000000000022
01100110000000000
00000000000000000
11000000000000000
00000000000000000
00000000000000000
STEP 11 P2 MOVE 0 0 0 1
OWN
22000000002220000
22000111011000000
22000000011000000
22000000222000000
01100000000000022
01100110000000000
00000000000000000
11000000000000000
00000000000000000
00000000000000000
STEP 12 P1 MOVE 1 2 2 2
OWN
22000000002220000
22100111011000000
22100000011000000
22000000222000000
01100000000000022
01100110000000000
00000000000000000
11000000000000000
00000000000000000
00000000000000000
STEP 13 P2 MOVE 5 4 6 4
OWN
22000000002220000
22100111011000000
22100000011000000
22000000222000000
01100000000000022
01102110000000000
00002000000000000
11000000000000000
00000000000000000
00000000000000000
STEP 14 P1 MOVE 8 10 8 11
OWN
22000000002220000
22100111011000000
22100000011000000
22000000222000000
01100000000000022
01102110000000000
00002000000000000
11000000000000000
00000000001100000
00000000000000000
STEP 15 P2 MOVE 2 4 3 4
OWN
22000000002220000
22100111011000000
22102000011000000
22002000222000000
01100000000000022
01102110000000000
00002000000000000
11000000000000000
00000000001100000
00000000000000000
STEP 16 P1 MOVE 0 7 0 8
OWN
22000001102220000
22100111011000000
22102000011000000
22002000222000000
01100000000000022
01102110000000000
00002000000000000
11000000000000000
00000000001100000
00000000000000000
STEP 17 P2 MOVE 2 3 2 5
OWN
22000001102220000
22100111011000000
22122200011000000
22002000222000000
01100000000000022
01102110000000000
00002000000000000
11000000000000000
00000000001100000
00000000000000000
STEP 18 P1 MOVE 9 9 9 10
OWN
22000001102220000
22100111011000000
22122200011000000
22002000222000000
01100000000000022
01102110000000000
00002000000000000
11000000000000000
00000000001100000
00000000011000000
STEP 19 P2 MOVE 8 8 9 9
OWN
22000001102220000
22100111011000000
22122200011000000
22002000222000000
01100000000000022
01102110000000000
00002000000000000
11000000000000000
00000000221100000
00000000221000000
STEP 20 P1 MOVE 8 5 8 7
OWN
22000001102220000
22100111011000000
22122200011000000
22002000222000000
01100000000000022
01102110000000000
00002000000000000
11000000000000000
00000111221100000
00000000221000000
STEP 21 P2 MOVE 1 4 4 4
OWN
22000001102220000
22102111011000000
22122200011000000
22002000222000000
01102000000000022
01102110000000000
00002000000000000
11000000000000000
00000111221100000
00000000221000000
STEP 22 P1 MOVE 1 3 1 8
OWN
22000001102220000
22111111111000000
22122200011000000
22002000222000000
01102000000000022
01102110000000000
00002000000000000
11000000000000000
00000111221100000
00000000221000000
STEP 23 P2 MOVE 7 11 9 11
OWN
22000001102220000
22111111111000000
22122200011000000
22002000222000000
01102000000000022
01102110000000000
00002000000000000
11000000000200000
00000111221200000
00000000221200000
STEP 24 P1 MOVE 6 10 7 11
OWN
22000001102220000
22111111111000000
22122200011000000
22002000222000000
01102000000000022
01102110000000000
00002000001100000
11000000001100000
00000111221200000
00000000221200000
STEP 25 P2 MOVE 7 12 7 13
OWN
22000001102220000
22111111111000000
22122200011000000
22002000222000000
01102000000000022
01102110000000000
00002000001100000
11000000001122000
00000111221200000
00000000221200000
STEP 26 P1 MOVE 0 3 3 3
OWN
22010001102220000
22111111111000000
22112200011000000
22012000222000000
01102000000000022
01102110000000000
00002000001100000
11000000001122000
00000111221200000
00000000221200000
STEP 27 P2 MOVE 7 9 7 14
OWN
22010001102220000
22111111111000000
22112200011000000
22012000222000000
01102000000000022
01102110000000000
00002000001100000
11000000022222200
00000111221200000
00000000221200000
STEP 28 P1 MOVE 7 14 9 15
OWN
22010001102220000
22111111111000000
22112200011000000
22012000222000000
01102000000000022
01102110000000000
00002000001100000
11000000022222110
00000111221200110
00000000221200110
STEP 29 P2 MOVE 6 5 7 5
OWN
22010001102220000
22111111111000000
22112200011000000
22012000222000000
01102000000000022
01102110000000000
00002200001100000
11000200022222110
00000111221200110
00000000221200110
STEP 30 P1 MOVE 9 12 9 13
OWN
22010001102220000
22111111111000000
22112200011000000
22012000222000000
01102000000000022
01102110000000000
00002200001100000
11000200022222110
00000111221200110
00000000221211110
STEP 31 P2 MOVE 4 5 9 5
OWN
22010001102220000
22111111111000000
22112200011000000
22012000222000000
01102200000000022
01102210000000000
00002200001100000
11000200022222110
00000211221200110
00000200221211110
STEP 32 P1 MOVE 5 3 6 6
OWN
22010001102220000
22111111111000000
22112200011000000
22012000222000000
01102200000000022
01111110000000000
00011110001100000
11000200022222110
00000211221200110
00000200221211110
STEP 33 P2 MOVE 6 2 6 7
OWN
22010001102220000
22111111111000000
22112200011000000
22012000222000000
01102200000000022
01111110000000000
00222222001100000
11000200022222110
00000211221200110
00000200221211110
STEP 34 P1 MOVE 3 2 7 2
OWN
22010001102220000
22111111111000000
22112200011000000
22112000222000000
01102200000000022
01111110000000000
00122222001100000
11100200022222110
00000211221200110
00000200221211110
STEP 35 P2 MOVE 5 13 6 13
OWN
22010001102220000
22111111111000000
22112200011000000
22112000222000000
01102200000000022
01111110000002000
00122222001102000
11100200022222110
00000211221200110
00000200221211110
STEP 36 P1 MOVE 5 12 5 15
OWN
22010001102220000
22111111111000000
22112200011000000
22112000222000000
01102200000000022
01111110000011110
00122222001102000
11100200022222110
00000211221200110
00000200221211110
STEP 37 P2 MOVE 4 6 7 6
OWN
22010001102220000
22111111111000000
22112200011000000
22112000222000000
01102220000000022
01111120000011110
00122222001102000
11100220022222110
00000211221200110
00000200221211110
STEP 38 P1 MOVE 4 3 4 7
OWN
22010001102220000
22111111111000000
22112200011000000
22112000222000000
01111111000000022
01111120000011110
00122222001102000
11100220022222110
00000211221200110
00000200221211110
STEP 39 P2 MOVE 3 14 3 15
OWN
22010001102220000
22111111111000000
22112200011000000
22112000222000220
01111111000000022
01111120000011110
00122222001102000
11100220022222110
00000211221200110
00000200221211110
STEP 40 P1 MOVE -1 -1 -1 -1
OWN
22010001102220000
22111111111000000
22112200011000000
22112000222000220
01111111000000022
01111120000011110
00122222001102000
11100220022222110
00000211221200110
00000200221211110
STEP 41 P2 MOVE 3 7 4 8
OWN
22010001102220000
22111111111000000
22112200011000000
22112002222000220
01111112200000022
01111120000011110
00122222001102000
11100220022222110
00000211221200110
00000200221211110
STEP 42 P1 MOVE 3 6 4 9
OWN
22010001102220000
22111111111000000
22112200011000000
22112011112000220
01111111110000022
01111120000011110
00122222001102000
11100220022222110
00000211221200110
00000200221211110
STEP 43 P2 MOVE 2 7 5 7
OWN
22010001102220000
22111111111000000
22112202011000000
22112012112000220
01111112110000022
01111122000011110
00122222001102000
11100220022222110
00000211221200110
00000200221211110
STEP 44 P1 MOVE -1 -1 -1 -1
OWN
22010001102220000
22111111111000000
22112202011000000
22112012112000220
01111112110000022
01111122000011110
00122222001102000
11100220022222110
00000211221200110
00000200221211110
STEP 45 P2 MOVE -1 -1 -1 -1
OWN
22010001102220000
22111111111000000
22112202011000000
22112012112000220
01111112110000022
01111122000011110
00122222001102000
11100220022222110
00000211221200110
00000200221211110
RESULT first=56 second=45 winner=1
ANALYSIS winner=P1 score=56-45 reason=Ĺ»ĂëżěŔ§(+4Ä­ »©ľŃŔ˝,2ąčČż°ú) / şóÄ­Ľ±Áˇ(+3) / żŞŔü˝Â steal(w/l)=18/14 neu(w/l)=52/49
