BOARD
96429587945645925
39322266233576593
72431249712443293
11621972868947924
18236726977746177
55531762997218346
32736833871797128
42925611386769569
63829458195456442
61647769754892325
STEP 0 P1 MOVE 4 14 7 14
OWN
00000000000000000
00000000000000000
00000000000000000
00000000000000000
00000000000000100
00000000000000100
00000000000000100
00000000000000100
00000000000000000
00000000000000000
STEP 1 P2 MOVE 2 10 2 12
OWN
00000000000000000
00000000000000000
00000000002220000
00000000000000000
00000000000000100
00000000000000100
00000000000000100
00000000000000100
00000000000000000
00000000000000000
STEP 2 P1 MOVE 9 14 9 16
OWN
00000000000000000
00000000000000000
00000000002220000
00000000000000000
00000000000000100
00000000000000100
00000000000000100
00000000000000100
00000000000000000
00000000000000111
STEP 3 P2 MOVE 8 14 8 16
OWN
00000000000000000
00000000000000000
00000000002220000
00000000000000000
00000000000000100
00000000000000100
00000000000000100
00000000000000100
00000000000000222
00000000000000111
STEP 4 P1 MOVE 5 10 5 12
OWN
00000000000000000
00000000000000000
00000000002220000
00000000000000000
00000000000000100
00000000001110100
00000000000000100
00000000000000100
00000000000000222
00000000000000111
STEP 5 P2 MOVE 5 3 8 3
OWN
00000000000000000
00000000000000000
00000000002220000
00000000000000000
00000000000000100
00020000001110100
00020000000000100
00020000000000100
00020000000000222
00000000000000111
STEP 6 P1 MOVE 4 2 5 3
OWN
00000000000000000
00000000000000000
00000000002220000
00000000000000000
00110000000000100
00110000001110100
00020000000000100
00020000000000100
00020000000000222
00000000000000111
STEP 7 P2 MOVE 3 0 3 3
OWN
00000000000000000
00000000000000000
00000000002220000
22220000000000000
00110000000000100
00110000001110100
00020000000000100
00020000000000100
00020000000000222
00000000000000111
STEP 8 P1 MOVE 1 16 3 16
OWN
00000000000000000
00000000000000001
00000000002220001
22220000000000001
00110000000000100
00110000001110100
00020000000000100
00020000000000100
00020000000000222
00000000000000111
STEP 9 P2 MOVE 2 3 2 6
OWN
00000000000000000
00000000000000001
00022220002220001
22220000000000001
00110000000000100
00110000001110100
00020000000000100
00020000000000100
00020000000000222
00000000000000111
STEP 10 P1 MOVE 1 4 5 4
OWN
00000000000000000
00001000000000001
00021220002220001
22221000000000001
00111000000000100
00111000001110100
00020000000000100
00020000000000100
00020000000000222
00000000000000111
STEP 11 P2 MOVE 1 3 1 6
OWN
00000000000000000
00022220000000001
00021220002220001
22221000000000001
00111000000000100
00111000001110100
00020000000000100
00020000000000100
00020000000000222
00000000000000111
STEP 12 P1 MOVE 3 7 5 7
OWN
00000000000000000
00022220000000001
00021220002220001
22221001000000001
00111001000000100
00111001001110100
00020000000000100
00020000000000100
00020000000000222
00000000000000111
STEP 13 P2 MOVE 0 1 0 2
OWN
02200000000000000
00022220000000001
00021220002220001
22221001000000001
00111001000000100
00111001001110100
00020000000000100
00020000000000100
00020000000000222
00000000000000111
STEP 14 P1 MOVE 5 0 5 1
OWN
02200000000000000
00022220000000001
00021220002220001
22221001000000001
00111001000000100
11111001001110100
00020000000000100
00020000000000100
00020000000000222
00000000000000111
STEP 15 P2 MOVE 2 1 4 1
OWN
02200000000000000
00022220000000001
02021220002220001
22221001000000001
02111001000000100
11111001001110100
00020000000000100
00020000000000100
00020000000000222
00000000000000111
STEP 16 P1 MOVE 4 0 4 6
OWN
02200000000000000
00022220000000001
02021220002220001
22221001000000001
11111111000000100
11111001001110100
00020000000000100
00020000000000100
00020000000000222
00000000000000111
STEP 17 P2 MOVE 2 0 6 0
OWN
02200000000000000
00022220000000001
22021220002220001
22221001000000001
21111111000000100
21111001001110100
20020000000000100
00020000000000100
00020000000000222
00000000000000111
STEP 18 P1 MOVE 7 0 8 0
OWN
02200000000000000
00022220000000001
22021220002220001
22221001000000001
21111111000000100
21111001001110100
20020000000000100
10020000000000100
10020000000000222
00000000000000111
STEP 19 P2 MOVE 8 0 9 1
OWN
02200000000000000
00022220000000001
22021220002220001
22221001000000001
21111111000000100
21111001001110100
20020000000000100
10020000000000100
22020000000000222
22000000000000111
STEP 20 P1 MOVE 4 12 4 13
OWN
02200000000000000
00022220000000001
22021220002220001
22221001000000001
21111111000011100
21111001001110100
20020000000000100
10020000000000100
22020000000000222
22000000000000111
STEP 21 P2 MOVE 5 6 7 6
OWN
02200000000000000
00022220000000001
22021220002220001
22221001000000001
21111111000011100
21111021001110100
20020020000000100
10020020000000100
22020000000000222
22000000000000111
STEP 22 P1 MOVE 5 15 5 16
OWN
02200000000000000
00022220000000001
22021220002220001
22221001000000001
21111111000011100
21111021001110111
20020020000000100
10020020000000100
22020000000000222
22000000000000111
STEP 23 P2 MOVE 6 15 6 16
OWN
02200000000000000
00022220000000001
22021220002220001
22221001000000001
21111111000011100
21111021001110111
20020020000000122
10020020000000100
22020000000000222
22000000000000111
STEP 24 P1 MOVE 1 9 3 9
OWN
02200000000000000
00022220010000001
22021220012220001
22221001010000001
21111111000011100
21111021001110111
20020020000000122
10020020000000100
22020000000000222
22000000000000111
STEP 25 P2 MOVE 2 8 2 13
OWN
02200000000000000
00022220010000001
22021220222222001
22221001010000001
21111111000011100
21111021001110111
20020020000000122
10020020000000100
22020000000000222
22000000000000111
STEP 26 P1 MOVE 1 8 3 8
OWN
02200000000000000
00022220110000001
22021220122222001
22221001110000001
21111111000011100
21111021001110111
20020020000000122
10020020000000100
22020000000000222
22000000000000111
STEP 27 P2 MOVE 3 6 6 7
OWN
02200000000000000
00022220110000001
22021220122222001
22221022110000001
21111122000011100
21111022001110111
20020022000000122
10020020000000100
22020000000000222
22000000000000111
STEP 28 P1 MOVE 2 7 7 7
OWN
02200000000000000
00022220110000001
22021221122222001
22221021110000001
21111121000011100
21111021001110111
20020021000000122
10020021000000100
22020000000000222
22000000000000111
STEP 29 P2 MOVE 7 5 8 5
OWN
02200000000000000
00022220110000001
22021221122222001
22221021110000001
21111121000011100
21111021001110111
20020021000000122
10020221000000100
22020200000000222
22000000000000111
STEP 30 P1 MOVE 9 2 9 3
OWN
02200000000000000
00022220110000001
22021221122222001
22221021110000001
21111121000011100
21111021001110111
20020021000000122
10020221000000100
22020200000000222
22110000000000111
STEP 31 P2 MOVE -1 -1 -1 -1
OWN
02200000000000000
00022220110000001
22021221122222001
22221021110000001
21111121000011100
21111021001110111
20020021000000122
10020221000000100
22020200000000222
22110000000000111
STEP 32 P1 MOVE -1 -1 -1 -1
OWN
02200000000000000
00022220110000001
22021221122222001
22221021110000001
21111121000011100
21111021001110111
20020021000000122
10020221000000100
22020200000000222
22110000000000111
RESULT first=42 second=42 winner=0
ANALYSIS winner=P0 score=42-42 reason=ą«˝ÂşÎ steal(w/l)=0/0 neu(w/l)=0/0
