BOARD
43472526572553234
18845397261994134
87886247584169398
51777868284947499
81628898276844821
96298297691175451
19344677332344595
51466739384252813
74473966646739123
33626814787386289
STEP 0 P1 MOVE 0 13 1 14
OWN
00000000000001100
00000000000001100
00000000000000000
00000000000000000
00000000000000000
00000000000000000
00000000000000000
00000000000000000
00000000000000000
00000000000000000
STEP 1 P2 MOVE 5 14 5 16
OWN
00000000000001100
00000000000001100
00000000000000000
00000000000000000
00000000000000000
00000000000000222
00000000000000000
00000000000000000
00000000000000000
00000000000000000
STEP 2 P1 MOVE 8 9 8 10
OWN
00000000000001100
00000000000001100
00000000000000000
00000000000000000
00000000000000000
00000000000000222
00000000000000000
00000000000000000
00000000011000000
00000000000000000
STEP 3 P2 MOVE 7 0 7 2
OWN
00000000000001100
00000000000001100
00000000000000000
00000000000000000
00000000000000000
00000000000000222
00000000000000000
22200000000000000
00000000011000000
00000000000000000
STEP 4 P1 MOVE 7 6 9 6
OWN
00000000000001100
00000000000001100
00000000000000000
00000000000000000
00000000000000000
00000000000000222
00000000000000000
22200010000000000
00000010011000000
00000010000000000
STEP 5 P2 MOVE 5 4 5 5
OWN
00000000000001100
00000000000001100
00000000000000000
00000000000000000
00000000000000000
00002200000000222
00000000000000000
22200010000000000
00000010011000000
00000010000000000
STEP 6 P1 MOVE 5 0 6 0
OWN
00000000000001100
00000000000001100
00000000000000000
00000000000000000
00000000000000000
10002200000000222
10000000000000000
22200010000000000
00000010011000000
00000010000000000
STEP 7 P2 MOVE 3 8 3 9
OWN
00000000000001100
00000000000001100
00000000000000000
00000000220000000
00000000000000000
10002200000000222
10000000000000000
22200010000000000
00000010011000000
00000010000000000
STEP 8 P1 MOVE 8 3 8 4
OWN
00000000000001100
00000000000001100
00000000000000000
00000000220000000
00000000000000000
10002200000000222
10000000000000000
22200010000000000
00011010011000000
00000010000000000
STEP 9 P2 MOVE 6 4 6 5
OWN
00000000000001100
00000000000001100
00000000000000000
00000000220000000
00000000000000000
10002200000000222
10002200000000000
22200010000000000
00011010011000000
00000010000000000
STEP 10 P1 MOVE 9 14 9 15
OWN
00000000000001100
00000000000001100
00000000000000000
00000000220000000
00000000000000000
10002200000000222
10002200000000000
22200010000000000
00011010011000000
00000010000000110
STEP 11 P2 MOVE 2 6 3 6
OWN
00000000000001100
00000000000001100
00000020000000000
00000020220000000
00000000000000000
10002200000000222
10002200000000000
22200010000000000
00011010011000000
00000010000000110
STEP 12 P1 MOVE 2 5 3 5
OWN
00000000000001100
00000000000001100
00000120000000000
00000120220000000
00000000000000000
10002200000000222
10002200000000000
22200010000000000
00011010011000000
00000010000000110
STEP 13 P2 MOVE 0 11 0 12
OWN
00000000000221100
00000000000001100
00000120000000000
00000120220000000
00000000000000000
10002200000000222
10002200000000000
22200010000000000
00011010011000000
00000010000000110
STEP 14 P1 MOVE 9 10 9 11
OWN
00000000000221100
00000000000001100
00000120000000000
00000120220000000
00000000000000000
10002200000000222
10002200000000000
22200010000000000
00011010011000000
00000010001100110
STEP 15 P2 MOVE 3 16 4 16
OWN
00000000000221100
00000000000001100
00000120000000000
00000120220000002
00000000000000002
10002200000000222
10002200000000000
22200010000000000
00011010011000000
00000010001100110
STEP 16 P1 MOVE 8 11 8 12
OWN
00000000000221100
00000000000001100
00000120000000000
00000120220000002
00000000000000002
10002200000000222
10002200000000000
22200010000000000
00011010011110000
00000010001100110
STEP 17 P2 MOVE 1 10 1 11
OWN
00000000000221100
00000000002201100
00000120000000000
00000120220000002
00000000000000002
10002200000000222
10002200000000000
22200010000000000
00011010011110000
00000010001100110
STEP 18 P1 MOVE 4 3 4 4
OWN
00000000000221100
00000000002201100
00000120000000000
00000120220000002
00011000000000002
10002200000000222
10002200000000000
22200010000000000
00011010011110000
00000010001100110
STEP 19 P2 MOVE 8 0 9 0
OWN
00000000000221100
00000000002201100
00000120000000000
00000120220000002
00011000000000002
10002200000000222
10002200000000000
22200010000000000
20011010011110000
20000010001100110
STEP 20 P1 MOVE 8 7 9 7
OWN
00000000000221100
00000000002201100
00000120000000000
00000120220000002
00011000000000002
10002200000000222
10002200000000000
22200010000000000
20011011011110000
20000011001100110
STEP 21 P2 MOVE 8 13 8 14
OWN
00000000000221100
00000000002201100
00000120000000000
00000120220000002
00011000000000002
10002200000000222
10002200000000000
22200010000000000
20011011011112200
20000011001100110
STEP 22 P1 MOVE 4 7 4 8
OWN
00000000000221100
00000000002201100
00000120000000000
00000120220000002
00011001100000002
10002200000000222
10002200000000000
22200010000000000
20011011011112200
20000011001100110
STEP 23 P2 MOVE 4 14 4 15
OWN
00000000000221100
00000000002201100
00000120000000000
00000120220000002
00011001100000222
10002200000000222
10002200000000000
22200010000000000
20011011011112200
20000011001100110
STEP 24 P1 MOVE 7 13 7 14
OWN
00000000000221100
00000000002201100
00000120000000000
00000120220000002
00011001100000222
10002200000000222
10002200000000000
22200010000001100
20011011011112200
20000011001100110
STEP 25 P2 MOVE 6 3 7 3
OWN
00000000000221100
00000000002201100
00000120000000000
00000120220000002
00011001100000222
10002200000000222
10022200000000000
22220010000001100
20011011011112200
20000011001100110
STEP 26 P1 MOVE 8 2 9 2
OWN
00000000000221100
00000000002201100
00000120000000000
00000120220000002
00011001100000222
10002200000000222
10022200000000000
22220010000001100
20111011011112200
20100011001100110
STEP 27 P2 MOVE 5 9 5 10
OWN
00000000000221100
00000000002201100
00000120000000000
00000120220000002
00011001100000222
10002200022000222
10022200000000000
22220010000001100
20111011011112200
20100011001100110
STEP 28 P1 MOVE 4 9 6 9
OWN
00000000000221100
00000000002201100
00000120000000000
00000120220000002
00011001110000222
10002200012000222
10022200010000000
22220010000001100
20111011011112200
20100011001100110
STEP 29 P2 MOVE 2 11 3 11
OWN
00000000000221100
00000000002201100
00000120000200000
00000120220200002
00011001110000222
10002200012000222
10022200010000000
22220010000001100
20111011011112200
20100011001100110
STEP 30 P1 MOVE 2 12 3 12
OWN
00000000000221100
00000000002201100
00000120000210000
00000120220210002
00011001110000222
10002200012000222
10022200010000000
22220010000001100
20111011011112200
20100011001100110
STEP 31 P2 MOVE 6 7 6 8
OWN
00000000000221100
00000000002201100
00000120000210000
00000120220210002
00011001110000222
10002200012000222
10022202210000000
22220010000001100
20111011011112200
20100011001100110
STEP 32 P1 MOVE 3 10 4 10
OWN
00000000000221100
00000000002201100
00000120000210000
00000120221210002
00011001111000222
10002200012000222
10022202210000000
22220010000001100
20111011011112200
20100011001100110
STEP 33 P2 MOVE 6 13 9 13
OWN
00000000000221100
00000000002201100
00000120000210000
00000120221210002
00011001111000222
10002200012000222
10022202210002000
22220010000002100
20111011011112200
20100011001102110
STEP 34 P1 MOVE 8 12 9 15
OWN
00000000000221100
00000000002201100
00000120000210000
00000120221210002
00011001111000222
10002200012000222
10022202210002000
22220010000002100
20111011011111110
20100011001111110
STEP 35 P2 MOVE 5 13 6 14
OWN
00000000000221100
00000000002201100
00000120000210000
00000120221210002
00011001111000222
10002200012002222
10022202210002200
22220010000002100
20111011011111110
20100011001111110
STEP 36 P1 MOVE 6 15 7 15
OWN
00000000000221100
00000000002201100
00000120000210000
00000120221210002
00011001111000222
10002200012002222
10022202210002210
22220010000002110
20111011011111110
20100011001111110
STEP 37 P2 MOVE 2 10 7 10
OWN
00000000000221100
00000000002201100
00000120002210000
00000120222210002
00011001112000222
10002200012002222
10022202212002210
22220010002002110
20111011011111110
20100011001111110
STEP 38 P1 MOVE 0 10 4 11
OWN
00000000001121100
00000000001101100
00000120001110000
00000120221110002
00011001111100222
10002200012002222
10022202212002210
22220010002002110
20111011011111110
20100011001111110
STEP 39 P2 MOVE 6 6 6 11
OWN
00000000001121100
00000000001101100
00000120001110000
00000120221110002
00011001111100222
10002200012002222
10022222222202210
22220010002002110
20111011011111110
20100011001111110
STEP 40 P1 MOVE 7 11 7 16
OWN
00000000001121100
00000000001101100
00000120001110000
00000120221110002
00011001111100222
10002200012002222
10022222222202210
22220010002111111
20111011011111110
20100011001111110
STEP 41 P2 MOVE 0 9 0 15
OWN
00000000022222220
00000000001101100
00000120001110000
00000120221110002
00011001111100222
10002200012002222
10022222222202210
22220010002111111
20111011011111110
20100011001111110
STEP 42 P1 MOVE 7 1 8 4
OWN
00000000022222220
00000000001101100
00000120001110000
00000120221110002
00011001111100222
10002200012002222
10022222222202210
21111010002111111
21111011011111110
20100011001111110
STEP 43 P2 MOVE 6 2 7 5
OWN
00000000022222220
00000000001101100
00000120001110000
00000120221110002
00011001111100222
10002200012002222
10222222222202210
21222210002111111
21111011011111110
20100011001111110
STEP 44 P1 MOVE -1 -1 -1 -1
OWN
00000000022222220
00000000001101100
00000120001110000
00000120221110002
00011001111100222
10002200012002222
10222222222202210
21222210002111111
21111011011111110
20100011001111110
STEP 45 P2 MOVE -1 -1 -1 -1
OWN
00000000022222220
00000000001101100
00000120001110000
00000120221110002
00011001111100222
10002200012002222
10222222222202210
21222210002111111
21111011011111110
20100011001111110
RESULT first=53 second=42 winner=1
ANALYSIS winner=P1 score=53-42 reason=Ĺ»ĂëżěŔ§(+5Ä­ »©ľŃŔ˝,2ąčČż°ú) steal(w/l)=16/11 neu(w/l)=48/47
