BOARD
82632482659233151
68319966845931786
39986148755315151
55873697433839586
67565518462575161
52793255328582448
95491461611592794
51524529487622275
63448269752313245
95551115986791295
STEP 0 P1 MOVE 0 13 0 16
OWN
00000000000001111
00000000000000000
00000000000000000
00000000000000000
00000000000000000
00000000000000000
00000000000000000
00000000000000000
00000000000000000
00000000000000000
STEP 1 P2 MOVE 8 5 9 6
OWN
00000000000001111
00000000000000000
00000000000000000
00000000000000000
00000000000000000
00000000000000000
00000000000000000
00000000000000000
00000220000000000
00000220000000000
STEP 2 P1 MOVE 0 12 3 12
OWN
00000000000011111
00000000000010000
00000000000010000
00000000000010000
00000000000000000
00000000000000000
00000000000000000
00000000000000000
00000220000000000
00000220000000000
STEP 3 P2 MOVE 2 10 4 10
OWN
00000000000011111
00000000000010000
00000000002010000
00000000002010000
00000000002000000
00000000000000000
00000000000000000
00000000000000000
00000220000000000
00000220000000000
STEP 4 P1 MOVE 8 11 9 11
OWN
00000000000011111
00000000000010000
00000000002010000
00000000002010000
00000000002000000
00000000000000000
00000000000000000
00000000000000000
00000220000100000
00000220000100000
STEP 5 P2 MOVE 8 12 8 15
OWN
00000000000011111
00000000000010000
00000000002010000
00000000002010000
00000000002000000
00000000000000000
00000000000000000
00000000000000000
00000220000122220
00000220000100000
STEP 6 P1 MOVE 9 1 9 2
OWN
00000000000011111
00000000000010000
00000000002010000
00000000002010000
00000000002000000
00000000000000000
00000000000000000
00000000000000000
00000220000122220
01100220000100000
STEP 7 P2 MOVE 4 11 5 11
OWN
00000000000011111
00000000000010000
00000000002010000
00000000002010000
00000000002200000
00000000000200000
00000000000000000
00000000000000000
00000220000122220
01100220000100000
STEP 8 P1 MOVE 3 0 3 1
OWN
00000000000011111
00000000000010000
00000000002010000
11000000002010000
00000000002200000
00000000000200000
00000000000000000
00000000000000000
00000220000122220
01100220000100000
STEP 9 P2 MOVE 6 7 7 7
OWN
00000000000011111
00000000000010000
00000000002010000
11000000002010000
00000000002200000
00000000000200000
00000002000000000
00000002000000000
00000220000122220
01100220000100000
STEP 10 P1 MOVE 4 15 5 15
OWN
00000000000011111
00000000000010000
00000000002010000
11000000002010000
00000000002200010
00000000000200010
00000002000000000
00000002000000000
00000220000122220
01100220000100000
STEP 11 P2 MOVE 6 3 6 4
OWN
00000000000011111
00000000000010000
00000000002010000
11000000002010000
00000000002200010
00000000000200010
00022002000000000
00000002000000000
00000220000122220
01100220000100000
STEP 12 P1 MOVE 5 4 5 6
OWN
00000000000011111
00000000000010000
00000000002010000
11000000002010000
00000000002200010
00001110000200010
00022002000000000
00000002000000000
00000220000122220
01100220000100000
STEP 13 P2 MOVE 0 6 0 7
OWN
00000022000011111
00000000000010000
00000000002010000
11000000002010000
00000000002200010
00001110000200010
00022002000000000
00000002000000000
00000220000122220
01100220000100000
STEP 14 P1 MOVE 3 3 3 4
OWN
00000022000011111
00000000000010000
00000000002010000
11011000002010000
00000000002200010
00001110000200010
00022002000000000
00000002000000000
00000220000122220
01100220000100000
STEP 15 P2 MOVE 0 0 0 1
OWN
22000022000011111
00000000000010000
00000000002010000
11011000002010000
00000000002200010
00001110000200010
00022002000000000
00000002000000000
00000220000122220
01100220000100000
STEP 16 P1 MOVE 8 16 9 16
OWN
22000022000011111
00000000000010000
00000000002010000
11011000002010000
00000000002200010
00001110000200010
00022002000000000
00000002000000000
00000220000122221
01100220000100001
STEP 17 P2 MOVE 6 10 8 10
OWN
22000022000011111
00000000000010000
00000000002010000
11011000002010000
00000000002200010
00001110000200010
00022002002000000
00000002002000000
00000220002122221
01100220000100001
STEP 18 P1 MOVE 1 3 1 4
OWN
22000022000011111
00011000000010000
00000000002010000
11011000002010000
00000000002200010
00001110000200010
00022002002000000
00000002002000000
00000220002122221
01100220000100001
STEP 19 P2 MOVE 9 12 9 13
OWN
22000022000011111
00011000000010000
00000000002010000
11011000002010000
00000000002200010
00001110000200010
00022002002000000
00000002002000000
00000220002122221
01100220000122001
STEP 20 P1 MOVE 1 6 2 6
OWN
22000022000011111
00011010000010000
00000010002010000
11011000002010000
00000000002200010
00001110000200010
00022002002000000
00000002002000000
00000220002122221
01100220000122001
STEP 21 P2 MOVE 4 8 4 9
OWN
22000022000011111
00011010000010000
00000010002010000
11011000002010000
00000000222200010
00001110000200010
00022002002000000
00000002002000000
00000220002122221
01100220000122001
STEP 22 P1 MOVE 3 6 4 6
OWN
22000022000011111
00011010000010000
00000010002010000
11011010002010000
00000010222200010
00001110000200010
00022002002000000
00000002002000000
00000220002122221
01100220000122001
STEP 23 P2 MOVE 4 4 4 5
OWN
22000022000011111
00011010000010000
00000010002010000
11011010002010000
00002210222200010
00001110000200010
00022002002000000
00000002002000000
00000220002122221
01100220000122001
STEP 24 P1 MOVE 3 5 6 5
OWN
22000022000011111
00011010000010000
00000010002010000
11011110002010000
00002110222200010
00001110000200010
00022102002000000
00000002002000000
00000220002122221
01100220000122001
STEP 25 P2 MOVE 6 2 6 6
OWN
22000022000011111
00011010000010000
00000010002010000
11011110002010000
00002110222200010
00001110000200010
00222222002000000
00000002002000000
00000220002122221
01100220000122001
STEP 26 P1 MOVE 6 8 7 8
OWN
22000022000011111
00011010000010000
00000010002010000
11011110002010000
00002110222200010
00001110000200010
00222222102000000
00000002102000000
00000220002122221
01100220000122001
STEP 27 P2 MOVE 5 8 8 8
OWN
22000022000011111
00011010000010000
00000010002010000
11011110002010000
00002110222200010
00001110200200010
00222222202000000
00000002202000000
00000220202122221
01100220000122001
STEP 28 P1 MOVE 7 6 7 9
OWN
22000022000011111
00011010000010000
00000010002010000
11011110002010000
00002110222200010
00001110200200010
00222222202000000
00000011112000000
00000220202122221
01100220000122001
STEP 29 P2 MOVE 5 9 5 10
OWN
22000022000011111
00011010000010000
00000010002010000
11011110002010000
00002110222200010
00001110222200010
00222222202000000
00000011112000000
00000220202122221
01100220000122001
STEP 30 P1 MOVE 5 5 7 7
OWN
22000022000011111
00011010000010000
00000010002010000
11011110002010000
00002110222200010
00001111222200010
00222111202000000
00000111112000000
00000220202122221
01100220000122001
STEP 31 P2 MOVE 5 12 5 13
OWN
22000022000011111
00011010000010000
00000010002010000
11011110002010000
00002110222200010
00001111222222010
00222111202000000
00000111112000000
00000220202122221
01100220000122001
STEP 32 P1 MOVE 4 13 5 14
OWN
22000022000011111
00011010000010000
00000010002010000
11011110002010000
00002110222201110
00001111222221110
00222111202000000
00000111112000000
00000220202122221
01100220000122001
STEP 33 P2 MOVE 5 3 6 9
OWN
22000022000011111
00011010000010000
00000010002010000
11011110002010000
00002110222201110
00022222222221110
00222222222000000
00000111112000000
00000220202122221
01100220000122001
STEP 34 P1 MOVE 6 1 6 11
OWN
22000022000011111
00011010000010000
00000010002010000
11011110002010000
00002110222201110
00022222222221110
01111111111100000
00000111112000000
00000220202122221
01100220000122001
STEP 35 P2 MOVE 4 1 7 1
OWN
22000022000011111
00011010000010000
00000010002010000
11011110002010000
02002110222201110
02022222222221110
02111111111100000
02000111112000000
00000220202122221
01100220000122001
STEP 36 P1 MOVE 7 4 7 11
OWN
22000022000011111
00011010000010000
00000010002010000
11011110002010000
02002110222201110
02022222222221110
02111111111100000
02001111111100000
00000220202122221
01100220000122001
STEP 37 P2 MOVE 7 10 9 13
OWN
22000022000011111
00011010000010000
00000010002010000
11011110002010000
02002110222201110
02022222222221110
02111111111100000
02001111112222000
00000220202222221
01100220002222001
STEP 38 P1 MOVE 9 9 9 14
OWN
22000022000011111
00011010000010000
00000010002010000
11011110002010000
02002110222201110
02022222222221110
02111111111100000
02001111112222000
00000220202222221
01100220011111101
STEP 39 P2 MOVE 7 0 7 2
OWN
22000022000011111
00011010000010000
00000010002010000
11011110002010000
02002110222201110
02022222222221110
02111111111100000
22201111112222000
00000220202222221
01100220011111101
STEP 40 P1 MOVE -1 -1 -1 -1
OWN
22000022000011111
00011010000010000
00000010002010000
11011110002010000
02002110222201110
02022222222221110
02111111111100000
22201111112222000
00000220202222221
01100220011111101
STEP 41 P2 MOVE 0 5 0 8
OWN
22000222200011111
00011010000010000
00000010002010000
11011110002010000
02002110222201110
02022222222221110
02111111111100000
22201111112222000
00000220202222221
01100220011111101
STEP 42 P1 MOVE 0 3 0 9
OWN
22011111110011111
00011010000010000
00000010002010000
11011110002010000
02002110222201110
02022222222221110
02111111111100000
22201111112222000
00000220202222221
01100220011111101
STEP 43 P2 MOVE 1 11 1 13
OWN
22011111110011111
00011010000222000
00000010002010000
11011110002010000
02002110222201110
02022222222221110
02111111111100000
22201111112222000
00000220202222221
01100220011111101
STEP 44 P1 MOVE 0 11 2 13
OWN
22011111110111111
00011010000111000
00000010002111000
11011110002010000
02002110222201110
02022222222221110
02111111111100000
22201111112222000
00000220202222221
01100220011111101
STEP 45 P2 MOVE 1 5 2 5
OWN
22011111110111111
00011210000111000
00000210002111000
11011110002010000
02002110222201110
02022222222221110
02111111111100000
22201111112222000
00000220202222221
01100220011111101
STEP 46 P1 MOVE -1 -1 -1 -1
OWN
22011111110111111
00011210000111000
00000210002111000
11011110002010000
02002110222201110
02022222222221110
02111111111100000
22201111112222000
00000220202222221
01100220011111101
STEP 47 P2 MOVE -1 -1 -1 -1
OWN
22011111110111111
00011210000111000
00000210002111000
11011110002010000
02002110222201110
02022222222221110
02111111111100000
22201111112222000
00000220202222221
01100220011111101
RESULT first=64 second=42 winner=1
ANALYSIS winner=P1 score=64-42 reason=Ĺ»ĂëżěŔ§(+12Ä­ »©ľŃŔ˝,2ąčČż°ú) steal(w/l)=28/16 neu(w/l)=52/54
