BOARD
23685439523791723
43857747379488424
45836799596784663
32274683122796198
39927613719474863
26763237154716441
84725927991624167
95785795297959625
48596778261713963
95349358421263657
STEP 0 P1 MOVE 1 14 1 16
OWN
00000000000000000
00000000000000111
00000000000000000
00000000000000000
00000000000000000
00000000000000000
00000000000000000
00000000000000000
00000000000000000
00000000000000000
STEP 1 P2 MOVE 0 8 0 10
OWN
00000000222000000
00000000000000111
00000000000000000
00000000000000000
00000000000000000
00000000000000000
00000000000000000
00000000000000000
00000000000000000
00000000000000000
STEP 2 P1 MOVE 0 13 0 15
OWN
00000000222001110
00000000000000111
00000000000000000
00000000000000000
00000000000000000
00000000000000000
00000000000000000
00000000000000000
00000000000000000
00000000000000000
STEP 3 P2 MOVE 1 1 3 1
OWN
00000000222001110
02000000000000111
02000000000000000
02000000000000000
00000000000000000
00000000000000000
00000000000000000
00000000000000000
00000000000000000
00000000000000000
STEP 4 P1 MOVE 0 0 2 0
OWN
10000000222001110
12000000000000111
12000000000000000
02000000000000000
00000000000000000
00000000000000000
00000000000000000
00000000000000000
00000000000000000
00000000000000000
STEP 5 P2 MOVE 5 8 5 10
OWN
10000000222001110
12000000000000111
12000000000000000
02000000000000000
00000000000000000
00000000222000000
00000000000000000
00000000000000000
00000000000000000
00000000000000000
STEP 6 P1 MOVE 4 3 6 3
OWN
10000000222001110
12000000000000111
12000000000000000
02000000000000000
00010000000000000
00010000222000000
00010000000000000
00000000000000000
00000000000000000
00000000000000000
STEP 7 P2 MOVE 5 1 6 1
OWN
10000000222001110
12000000000000111
12000000000000000
02000000000000000
00010000000000000
02010000222000000
02010000000000000
00000000000000000
00000000000000000
00000000000000000
STEP 8 P1 MOVE 4 4 5 4
OWN
10000000222001110
12000000000000111
12000000000000000
02000000000000000
00011000000000000
02011000222000000
02010000000000000
00000000000000000
00000000000000000
00000000000000000
STEP 9 P2 MOVE 4 12 6 12
OWN
10000000222001110
12000000000000111
12000000000000000
02000000000000000
00011000000020000
02011000222020000
02010000000020000
00000000000000000
00000000000000000
00000000000000000
STEP 10 P1 MOVE 2 13 2 14
OWN
10000000222001110
12000000000000111
12000000000001100
02000000000000000
00011000000020000
02011000222020000
02010000000020000
00000000000000000
00000000000000000
00000000000000000
STEP 11 P2 MOVE 5 13 6 13
OWN
10000000222001110
12000000000000111
12000000000001100
02000000000000000
00011000000020000
02011000222022000
02010000000022000
00000000000000000
00000000000000000
00000000000000000
STEP 12 P1 MOVE 4 5 4 7
OWN
10000000222001110
12000000000000111
12000000000001100
02000000000000000
00011111000020000
02011000222022000
02010000000022000
00000000000000000
00000000000000000
00000000000000000
STEP 13 P2 MOVE 2 3 3 3
OWN
10000000222001110
12000000000000111
12020000000001100
02020000000000000
00011111000020000
02011000222022000
02010000000022000
00000000000000000
00000000000000000
00000000000000000
STEP 14 P1 MOVE 4 15 5 15
OWN
10000000222001110
12000000000000111
12020000000001100
02020000000000000
00011111000020010
02011000222022010
02010000000022000
00000000000000000
00000000000000000
00000000000000000
STEP 15 P2 MOVE 6 9 6 10
OWN
10000000222001110
12000000000000111
12020000000001100
02020000000000000
00011111000020010
02011000222022010
02010000022022000
00000000000000000
00000000000000000
00000000000000000
STEP 16 P1 MOVE 8 16 9 16
OWN
10000000222001110
12000000000000111
12020000000001100
02020000000000000
00011111000020010
02011000222022010
02010000022022000
00000000000000000
00000000000000001
00000000000000001
STEP 17 P2 MOVE 1 7 1 8
OWN
10000000222001110
12000002200000111
12020000000001100
02020000000000000
00011111000020010
02011000222022010
02010000022022000
00000000000000000
00000000000000001
00000000000000001
STEP 18 P1 MOVE 2 2 3 2
OWN
10000000222001110
12000002200000111
12120000000001100
02120000000000000
00011111000020010
02011000222022010
02010000022022000
00000000000000000
00000000000000001
00000000000000001
STEP 19 P2 MOVE 5 0 6 0
OWN
10000000222001110
12000002200000111
12120000000001100
02120000000000000
00011111000020010
22011000222022010
22010000022022000
00000000000000000
00000000000000001
00000000000000001
STEP 20 P1 MOVE 2 4 3 4
OWN
10000000222001110
12000002200000111
12121000000001100
02121000000000000
00011111000020010
22011000222022010
22010000022022000
00000000000000000
00000000000000001
00000000000000001
STEP 21 P2 MOVE 6 4 7 4
OWN
10000000222001110
12000002200000111
12121000000001100
02121000000000000
00011111000020010
22011000222022010
22012000022022000
00002000000000000
00000000000000001
00000000000000001
STEP 22 P1 MOVE 3 14 3 15
OWN
10000000222001110
12000002200000111
12121000000001100
02121000000000110
00011111000020010
22011000222022010
22012000022022000
00002000000000000
00000000000000001
00000000000000001
STEP 23 P2 MOVE 3 13 4 13
OWN
10000000222001110
12000002200000111
12121000000001100
02121000000002110
00011111000022010
22011000222022010
22012000022022000
00002000000000000
00000000000000001
00000000000000001
STEP 24 P1 MOVE 8 5 9 5
OWN
10000000222001110
12000002200000111
12121000000001100
02121000000002110
00011111000022010
22011000222022010
22012000022022000
00002000000000000
00000100000000001
00000100000000001
STEP 25 P2 MOVE 3 7 5 7
OWN
10000000222001110
12000002200000111
12121000000001100
02121002000002110
00011112000022010
22011002222022010
22012000022022000
00002000000000000
00000100000000001
00000100000000001
STEP 26 P1 MOVE 4 9 7 9
OWN
10000000222001110
12000002200000111
12121000000001100
02121002000002110
00011112010022010
22011002212022010
22012000012022000
00002000010000000
00000100000000001
00000100000000001
STEP 27 P2 MOVE 3 9 9 9
OWN
10000000222001110
12000002200000111
12121000000001100
02121002020002110
00011112020022010
22011002222022010
22012000022022000
00002000020000000
00000100020000001
00000100020000001
STEP 28 P1 MOVE 5 6 5 11
OWN
10000000222001110
12000002200000111
12121000000001100
02121002020002110
00011112020022010
22011011111122010
22012000022022000
00002000020000000
00000100020000001
00000100020000001
STEP 29 P2 MOVE 3 8 3 11
OWN
10000000222001110
12000002200000111
12121000000001100
02121002222202110
00011112020022010
22011011111122010
22012000022022000
00002000020000000
00000100020000001
00000100020000001
STEP 30 P1 MOVE -1 -1 -1 -1
OWN
10000000222001110
12000002200000111
12121000000001100
02121002222202110
00011112020022010
22011011111122010
22012000022022000
00002000020000000
00000100020000001
00000100020000001
STEP 31 P2 MOVE 4 11 6 11
OWN
10000000222001110
12000002200000111
12121000000001100
02121002222202110
00011112020222010
22011011111222010
22012000022222000
00002000020000000
00000100020000001
00000100020000001
STEP 32 P1 MOVE 6 8 6 14
OWN
10000000222001110
12000002200000111
12121000000001100
02121002222202110
00011112020222010
22011011111222010
22012000111111100
00002000020000000
00000100020000001
00000100020000001
STEP 33 P2 MOVE 5 14 6 15
OWN
10000000222001110
12000002200000111
12121000000001100
02121002222202110
00011112020222010
22011011111222220
22012000111111220
00002000020000000
00000100020000001
00000100020000001
STEP 34 P1 MOVE 5 2 5 16
OWN
10000000222001110
12000002200000111
12121000000001100
02121002222202110
00011112020222010
22111111111111111
22012000111111220
00002000020000000
00000100020000001
00000100020000001
STEP 35 P2 MOVE 8 7 8 8
OWN
10000000222001110
12000002200000111
12121000000001100
02121002222202110
00011112020222010
22111111111111111
22012000111111220
00002000020000000
00000102220000001
00000100020000001
STEP 36 P1 MOVE 3 6 6 6
OWN
10000000222001110
12000002200000111
12121000000001100
02121012222202110
00011112020222010
22111111111111111
22012010111111220
00002000020000000
00000102220000001
00000100020000001
STEP 37 P2 MOVE 4 16 6 16
OWN
10000000222001110
12000002200000111
12121000000001100
02121012222202110
00011112020222012
22111111111111112
22012010111111222
00002000020000000
00000102220000001
00000100020000001
STEP 38 P1 MOVE -1 -1 -1 -1
OWN
10000000222001110
12000002200000111
12121000000001100
02121012222202110
00011112020222012
22111111111111112
22012010111111222
00002000020000000
00000102220000001
00000100020000001
STEP 39 P2 MOVE -1 -1 -1 -1
OWN
10000000222001110
12000002200000111
12121000000001100
02121012222202110
00011112020222012
22111111111111112
22012010111111222
00002000020000000
00000102220000001
00000100020000001
RESULT first=49 second=37 winner=1
ANALYSIS winner=P1 score=49-37 reason=Ĺ»ĂëżěŔ§(+7Ä­ »©ľŃŔ˝,2ąčČż°ú) steal(w/l)=16/9 neu(w/l)=42/44
