BOARD
45211272993855178
89448268944816742
93468768555763179
79545192226245156
81281222873229186
93693533724112246
82129477791986794
49473183833279782
22268313525486165
13956185992858153
STEP 0 P1 MOVE 5 9 5 13
OWN
00000000000000000
00000000000000000
00000000000000000
00000000000000000
00000000000000000
00000000011111000
00000000000000000
00000000000000000
00000000000000000
00000000000000000
STEP 1 P2 MOVE 3 11 4 12
OWN
00000000000000000
00000000000000000
00000000000000000
00000000000220000
00000000000220000
00000000011111000
00000000000000000
00000000000000000
00000000000000000
00000000000000000
STEP 2 P1 MOVE 7 10 9 10
OWN
00000000000000000
00000000000000000
00000000000000000
00000000000220000
00000000000220000
00000000011111000
00000000000000000
00000000001000000
00000000001000000
00000000001000000
STEP 3 P2 MOVE 2 2 2 3
OWN
00000000000000000
00000000000000000
00220000000000000
00000000000220000
00000000000220000
00000000011111000
00000000000000000
00000000001000000
00000000001000000
00000000001000000
STEP 4 P1 MOVE 1 5 3 5
OWN
00000000000000000
00000100000000000
00220100000000000
00000100000220000
00000000000220000
00000000011111000
00000000000000000
00000000001000000
00000000001000000
00000000001000000
STEP 5 P2 MOVE 5 5 7 5
OWN
00000000000000000
00000100000000000
00220100000000000
00000100000220000
00000000000220000
00000200011111000
00000200000000000
00000200001000000
00000000001000000
00000000001000000
STEP 6 P1 MOVE 3 8 3 10
OWN
00000000000000000
00000100000000000
00220100000000000
00000100111220000
00000000000220000
00000200011111000
00000200000000000
00000200001000000
00000000001000000
00000000001000000
STEP 7 P2 MOVE 7 16 9 16
OWN
00000000000000000
00000100000000000
00220100000000000
00000100111220000
00000000000220000
00000200011111000
00000200000000000
00000200001000002
00000000001000002
00000000001000002
STEP 8 P1 MOVE 8 7 8 9
OWN
00000000000000000
00000100000000000
00220100000000000
00000100111220000
00000000000220000
00000200011111000
00000200000000000
00000200001000002
00000001111000002
00000000001000002
STEP 9 P2 MOVE 5 16 6 16
OWN
00000000000000000
00000100000000000
00220100000000000
00000100111220000
00000000000220000
00000200011111002
00000200000000002
00000200001000002
00000001111000002
00000000001000002
STEP 10 P1 MOVE 2 8 2 9
OWN
00000000000000000
00000100000000000
00220100110000000
00000100111220000
00000000000220000
00000200011111002
00000200000000002
00000200001000002
00000001111000002
00000000001000002
STEP 11 P2 MOVE 2 12 2 14
OWN
00000000000000000
00000100000000000
00220100110022200
00000100111220000
00000000000220000
00000200011111002
00000200000000002
00000200001000002
00000001111000002
00000000001000002
STEP 12 P1 MOVE 0 7 1 7
OWN
00000001000000000
00000101000000000
00220100110022200
00000100111220000
00000000000220000
00000200011111002
00000200000000002
00000200001000002
00000001111000002
00000000001000002
STEP 13 P2 MOVE 4 13 4 14
OWN
00000001000000000
00000101000000000
00220100110022200
00000100111220000
00000000000222200
00000200011111002
00000200000000002
00000200001000002
00000001111000002
00000000001000002
STEP 14 P1 MOVE 3 14 6 14
OWN
00000001000000000
00000101000000000
00220100110022200
00000100111220100
00000000000222100
00000200011111102
00000200000000102
00000200001000002
00000001111000002
00000000001000002
STEP 15 P2 MOVE 6 7 7 7
OWN
00000001000000000
00000101000000000
00220100110022200
00000100111220100
00000000000222100
00000200011111102
00000202000000102
00000202001000002
00000001111000002
00000000001000002
STEP 16 P1 MOVE 3 13 3 15
OWN
00000001000000000
00000101000000000
00220100110022200
00000100111221110
00000000000222100
00000200011111102
00000202000000102
00000202001000002
00000001111000002
00000000001000002
STEP 17 P2 MOVE 6 9 6 10
OWN
00000001000000000
00000101000000000
00220100110022200
00000100111221110
00000000000222100
00000200011111102
00000202022000102
00000202001000002
00000001111000002
00000000001000002
STEP 18 P1 MOVE 7 3 7 4
OWN
00000001000000000
00000101000000000
00220100110022200
00000100111221110
00000000000222100
00000200011111102
00000202022000102
00011202001000002
00000001111000002
00000000001000002
STEP 19 P2 MOVE 4 9 7 9
OWN
00000001000000000
00000101000000000
00220100110022200
00000100111221110
00000000020222100
00000200021111102
00000202022000102
00011202021000002
00000001111000002
00000000001000002
STEP 20 P1 MOVE 7 8 7 11
OWN
00000001000000000
00000101000000000
00220100110022200
00000100111221110
00000000020222100
00000200021111102
00000202022000102
00011202111100002
00000001111000002
00000000001000002
STEP 21 P2 MOVE 4 7 9 7
OWN
00000001000000000
00000101000000000
00220100110022200
00000100111221110
00000002020222100
00000202021111102
00000202022000102
00011202111100002
00000002111000002
00000002001000002
STEP 22 P1 MOVE 3 7 4 8
OWN
00000001000000000
00000101000000000
00220100110022200
00000101111221110
00000001120222100
00000202021111102
00000202022000102
00011202111100002
00000002111000002
00000002001000002
STEP 23 P2 MOVE 0 12 0 13
OWN
00000001000022000
00000101000000000
00220100110022200
00000101111221110
00000001120222100
00000202021111102
00000202022000102
00011202111100002
00000002111000002
00000002001000002
STEP 24 P1 MOVE 5 6 6 6
OWN
00000001000022000
00000101000000000
00220100110022200
00000101111221110
00000001120222100
00000212021111102
00000212022000102
00011202111100002
00000002111000002
00000002001000002
STEP 25 P2 MOVE 4 8 5 10
OWN
00000001000022000
00000101000000000
00220100110022200
00000101111221110
00000001222222100
00000212222111102
00000212022000102
00011202111100002
00000002111000002
00000002001000002
STEP 26 P1 MOVE 0 16 1 16
OWN
00000001000022001
00000101000000001
00220100110022200
00000101111221110
00000001222222100
00000212222111102
00000212022000102
00011202111100002
00000002111000002
00000002001000002
STEP 27 P2 MOVE 0 4 0 6
OWN
00002221000022001
00000101000000001
00220100110022200
00000101111221110
00000001222222100
00000212222111102
00000212022000102
00011202111100002
00000002111000002
00000002001000002
STEP 28 P1 MOVE 0 3 0 8
OWN
00011111100022001
00000101000000001
00220100110022200
00000101111221110
00000001222222100
00000212222111102
00000212022000102
00011202111100002
00000002111000002
00000002001000002
STEP 29 P2 MOVE 0 2 1 3
OWN
00221111100022001
00220101000000001
00220100110022200
00000101111221110
00000001222222100
00000212222111102
00000212022000102
00011202111100002
00000002111000002
00000002001000002
STEP 30 P1 MOVE 8 1 8 3
OWN
00221111100022001
00220101000000001
00220100110022200
00000101111221110
00000001222222100
00000212222111102
00000212022000102
00011202111100002
01110002111000002
00000002001000002
STEP 31 P2 MOVE 8 0 8 4
OWN
00221111100022001
00220101000000001
00220100110022200
00000101111221110
00000001222222100
00000212222111102
00000212022000102
00011202111100002
22222002111000002
00000002001000002
STEP 32 P1 MOVE 8 4 9 5
OWN
00221111100022001
00220101000000001
00220100110022200
00000101111221110
00000001222222100
00000212222111102
00000212022000102
00011202111100002
22221102111000002
00001102001000002
STEP 33 P2 MOVE 6 0 6 1
OWN
00221111100022001
00220101000000001
00220100110022200
00000101111221110
00000001222222100
00000212222111102
22000212022000102
00011202111100002
22221102111000002
00001102001000002
STEP 34 P1 MOVE 5 1 6 2
OWN
00221111100022001
00220101000000001
00220100110022200
00000101111221110
00000001222222100
01100212222111102
21100212022000102
00011202111100002
22221102111000002
00001102001000002
STEP 35 P2 MOVE 4 2 4 3
OWN
00221111100022001
00220101000000001
00220100110022200
00000101111221110
00220001222222100
01100212222111102
21100212022000102
00011202111100002
22221102111000002
00001102001000002
STEP 36 P1 MOVE 4 0 4 4
OWN
00221111100022001
00220101000000001
00220100110022200
00000101111221110
11111001222222100
01100212222111102
21100212022000102
00011202111100002
22221102111000002
00001102001000002
STEP 37 P2 MOVE 4 6 4 15
OWN
00221111100022001
00220101000000001
00220100110022200
00000101111221110
11111022222222220
01100212222111102
21100212022000102
00011202111100002
22221102111000002
00001102001000002
STEP 38 P1 MOVE 4 5 7 6
OWN
00221111100022001
00220101000000001
00220100110022200
00000101111221110
11111112222222220
01100112222111102
21100112022000102
00011112111100002
22221102111000002
00001102001000002
STEP 39 P2 MOVE 6 4 8 6
OWN
00221111100022001
00220101000000001
00220100110022200
00000101111221110
11111112222222220
01100112222111102
21102222022000102
00012222111100002
22222222111000002
00001102001000002
STEP 40 P1 MOVE 5 4 6 8
OWN
00221111100022001
00220101000000001
00220100110022200
00000101111221110
11111112222222220
01101111122111102
21101111122000102
00012222111100002
22222222111000002
00001102001000002
STEP 41 P2 MOVE 4 15 5 16
OWN
00221111100022001
00220101000000001
00220100110022200
00000101111221110
11111112222222222
01101111122111122
21101111122000102
00012222111100002
22222222111000002
00001102001000002
STEP 42 P1 MOVE -1 -1 -1 -1
OWN
00221111100022001
00220101000000001
00220100110022200
00000101111221110
11111112222222222
01101111122111122
21101111122000102
00012222111100002
22222222111000002
00001102001000002
STEP 43 P2 MOVE -1 -1 -1 -1
OWN
00221111100022001
00220101000000001
00220100110022200
00000101111221110
11111112222222222
01101111122111122
21101111122000102
00012222111100002
22222222111000002
00001102001000002
RESULT first=57 second=47 winner=1
ANALYSIS winner=P1 score=57-47 reason=탈취우위(+3칸 빼앗음,2배효과) / 빈칸선점(+4) steal(w/l)=20/17 neu(w/l)=54/50
