BOARD
54625825715733445
97178161917777334
58592221197675794
63733721992534489
22225738654366246
71868771872239739
35676452261321492
65239349289784713
37187751249672313
23514322517936823
STEP 0 P1 MOVE 8 6 9 7
OWN
00000000000000000
00000000000000000
00000000000000000
00000000000000000
00000000000000000
00000000000000000
00000000000000000
00000000000000000
00000011000000000
00000011000000000
STEP 1 P2 MOVE 3 10 3 12
OWN
00000000000000000
00000000000000000
00000000000000000
00000000002220000
00000000000000000
00000000000000000
00000000000000000
00000000000000000
00000011000000000
00000011000000000
STEP 2 P1 MOVE 3 7 5 7
OWN
00000000000000000
00000000000000000
00000000000000000
00000001002220000
00000001000000000
00000001000000000
00000000000000000
00000000000000000
00000011000000000
00000011000000000
STEP 3 P2 MOVE 6 9 6 11
OWN
00000000000000000
00000000000000000
00000000000000000
00000001002220000
00000001000000000
00000001000000000
00000000022200000
00000000000000000
00000011000000000
00000011000000000
STEP 4 P1 MOVE 1 14 1 16
OWN
00000000000000000
00000000000000111
00000000000000000
00000001002220000
00000001000000000
00000001000000000
00000000022200000
00000000000000000
00000011000000000
00000011000000000
STEP 5 P2 MOVE 0 12 0 14
OWN
00000000000022200
00000000000000111
00000000000000000
00000001002220000
00000001000000000
00000001000000000
00000000022200000
00000000000000000
00000011000000000
00000011000000000
STEP 6 P1 MOVE 7 1 7 3
OWN
00000000000022200
00000000000000111
00000000000000000
00000001002220000
00000001000000000
00000001000000000
00000000022200000
01110000000000000
00000011000000000
00000011000000000
STEP 7 P2 MOVE 9 2 9 4
OWN
00000000000022200
00000000000000111
00000000000000000
00000001002220000
00000001000000000
00000001000000000
00000000022200000
01110000000000000
00000011000000000
00222011000000000
STEP 8 P1 MOVE 2 8 3 8
OWN
00000000000022200
00000000000000111
00000000100000000
00000001102220000
00000001000000000
00000001000000000
00000000022200000
01110000000000000
00000011000000000
00222011000000000
STEP 9 P2 MOVE 1 7 1 8
OWN
00000000000022200
00000002200000111
00000000100000000
00000001102220000
00000001000000000
00000001000000000
00000000022200000
01110000000000000
00000011000000000
00222011000000000
STEP 10 P1 MOVE 2 7 2 9
OWN
00000000000022200
00000002200000111
00000001110000000
00000001102220000
00000001000000000
00000001000000000
00000000022200000
01110000000000000
00000011000000000
00222011000000000
STEP 11 P2 MOVE 3 13 4 13
OWN
00000000000022200
00000002200000111
00000001110000000
00000001102222000
00000001000002000
00000001000000000
00000000022200000
01110000000000000
00000011000000000
00222011000000000
STEP 12 P1 MOVE 1 9 3 9
OWN
00000000000022200
00000002210000111
00000001110000000
00000001112222000
00000001000002000
00000001000000000
00000000022200000
01110000000000000
00000011000000000
00222011000000000
STEP 13 P2 MOVE 1 4 2 4
OWN
00000000000022200
00002002210000111
00002001110000000
00000001112222000
00000001000002000
00000001000000000
00000000022200000
01110000000000000
00000011000000000
00222011000000000
STEP 14 P1 MOVE 1 5 3 5
OWN
00000000000022200
00002102210000111
00002101110000000
00000101112222000
00000001000002000
00000001000000000
00000000022200000
01110000000000000
00000011000000000
00222011000000000
STEP 15 P2 MOVE 4 6 5 6
OWN
00000000000022200
00002102210000111
00002101110000000
00000101112222000
00000021000002000
00000021000000000
00000000022200000
01110000000000000
00000011000000000
00222011000000000
STEP 16 P1 MOVE 8 0 8 1
OWN
00000000000022200
00002102210000111
00002101110000000
00000101112222000
00000021000002000
00000021000000000
00000000022200000
01110000000000000
11000011000000000
00222011000000000
STEP 17 P2 MOVE 4 2 5 2
OWN
00000000000022200
00002102210000111
00002101110000000
00000101112222000
00200021000002000
00200021000000000
00000000022200000
01110000000000000
11000011000000000
00222011000000000
STEP 18 P1 MOVE 6 12 7 12
OWN
00000000000022200
00002102210000111
00002101110000000
00000101112222000
00200021000002000
00200021000000000
00000000022210000
01110000000010000
11000011000000000
00222011000000000
STEP 19 P2 MOVE 6 6 6 13
OWN
00000000000022200
00002102210000111
00002101110000000
00000101112222000
00200021000002000
00200021000000000
00000022222222000
01110000000010000
11000011000000000
00222011000000000
STEP 20 P1 MOVE 5 12 8 12
OWN
00000000000022200
00002102210000111
00002101110000000
00000101112222000
00200021000002000
00200021000010000
00000022222212000
01110000000010000
11000011000010000
00222011000000000
STEP 21 P2 MOVE 5 8 7 8
OWN
00000000000022200
00002102210000111
00002101110000000
00000101112222000
00200021000002000
00200021200010000
00000022222212000
01110000200010000
11000011000010000
00222011000000000
STEP 22 P1 MOVE 4 15 4 16
OWN
00000000000022200
00002102210000111
00002101110000000
00000101112222000
00200021000002011
00200021200010000
00000022222212000
01110000200010000
11000011000010000
00222011000000000
STEP 23 P2 MOVE 0 6 2 6
OWN
00000020000022200
00002122210000111
00002121110000000
00000101112222000
00200021000002011
00200021200010000
00000022222212000
01110000200010000
11000011000010000
00222011000000000
STEP 24 P1 MOVE 3 2 3 3
OWN
00000020000022200
00002122210000111
00002121110000000
00110101112222000
00200021000002011
00200021200010000
00000022222212000
01110000200010000
11000011000010000
00222011000000000
STEP 25 P2 MOVE 5 14 5 15
OWN
00000020000022200
00002122210000111
00002121110000000
00110101112222000
00200021000002011
00200021200010220
00000022222212000
01110000200010000
11000011000010000
00222011000000000
STEP 26 P1 MOVE 3 14 6 14
OWN
00000020000022200
00002122210000111
00002121110000000
00110101112222100
00200021000002111
00200021200010120
00000022222212100
01110000200010000
11000011000010000
00222011000000000
STEP 27 P2 MOVE 6 15 7 15
OWN
00000020000022200
00002122210000111
00002121110000000
00110101112222100
00200021000002111
00200021200010120
00000022222212120
01110000200010020
11000011000010000
00222011000000000
STEP 28 P1 MOVE 7 14 8 14
OWN
00000020000022200
00002122210000111
00002121110000000
00110101112222100
00200021000002111
00200021200010120
00000022222212120
01110000200010120
11000011000010100
00222011000000000
STEP 29 P2 MOVE 7 5 8 5
OWN
00000020000022200
00002122210000111
00002121110000000
00110101112222100
00200021000002111
00200021200010120
00000022222212120
01110200200010120
11000211000010100
00222011000000000
STEP 30 P1 MOVE 8 5 9 8
OWN
00000020000022200
00002122210000111
00002121110000000
00110101112222100
00200021000002111
00200021200010120
00000022222212120
01110200200010120
11000111100010100
00222111100000000
STEP 31 P2 MOVE 6 4 6 5
OWN
00000020000022200
00002122210000111
00002121110000000
00110101112222100
00200021000002111
00200021200010120
00002222222212120
01110200200010120
11000111100010100
00222111100000000
STEP 32 P1 MOVE 0 1 0 2
OWN
01100020000022200
00002122210000111
00002121110000000
00110101112222100
00200021000002111
00200021200010120
00002222222212120
01110200200010120
11000111100010100
00222111100000000
STEP 33 P2 MOVE 3 6 3 15
OWN
01100020000022200
00002122210000111
00002121110000000
00110122222222220
00200021000002111
00200021200010120
00002222222212120
01110200200010120
11000111100010100
00222111100000000
STEP 34 P1 MOVE 2 4 3 10
OWN
01100020000022200
00002122210000111
00001111111000000
00111111111222220
00200021000002111
00200021200010120
00002222222212120
01110200200010120
11000111100010100
00222111100000000
STEP 35 P2 MOVE 2 15 8 15
OWN
01100020000022200
00002122210000111
00001111111000020
00111111111222220
00200021000002121
00200021200010120
00002222222212120
01110200200010120
11000111100010120
00222111100000000
STEP 36 P1 MOVE 0 4 4 4
OWN
01101020000022200
00001122210000111
00001111111000020
00111111111222220
00201021000002121
00200021200010120
00002222222212120
01110200200010120
11000111100010120
00222111100000000
STEP 37 P2 MOVE 0 3 0 5
OWN
01122220000022200
00001122210000111
00001111111000020
00111111111222220
00201021000002121
00200021200010120
00002222222212120
01110200200010120
11000111100010120
00222111100000000
STEP 38 P1 MOVE 0 0 0 7
OWN
11111111000022200
00001122210000111
00001111111000020
00111111111222220
00201021000002121
00200021200010120
00002222222212120
01110200200010120
11000111100010120
00222111100000000
STEP 39 P2 MOVE 9 14 9 15
OWN
11111111000022200
00001122210000111
00001111111000020
00111111111222220
00201021000002121
00200021200010120
00002222222212120
01110200200010120
11000111100010120
00222111100000220
STEP 40 P1 MOVE -1 -1 -1 -1
OWN
11111111000022200
00001122210000111
00001111111000020
00111111111222220
00201021000002121
00200021200010120
00002222222212120
01110200200010120
11000111100010120
00222111100000220
STEP 41 P2 MOVE -1 -1 -1 -1
OWN
11111111000022200
00001122210000111
00001111111000020
00111111111222220
00201021000002121
00200021200010120
00002222222212120
01110200200010120
11000111100010120
00222111100000220
RESULT first=56 second=39 winner=1
ANALYSIS winner=P1 score=56-39 reason=Ĺ»ĂëżěŔ§(+8Ä­ »©ľŃŔ˝,2ąčČż°ú) steal(w/l)=15/7 neu(w/l)=48/47
