BOARD
37154112414787578
56397451171713183
43266464253893687
48327758132531996
62552161142467368
24371611833753787
27685667578163588
42122248997579197
49818481848843849
23521765742593618
STEP 0 P1 MOVE 4 4 7 4
OWN
00000000000000000
00000000000000000
00000000000000000
00000000000000000
00001000000000000
00001000000000000
00001000000000000
00001000000000000
00000000000000000
00000000000000000
STEP 1 P2 MOVE 0 10 3 10
OWN
00000000002000000
00000000002000000
00000000002000000
00000000002000000
00001000000000000
00001000000000000
00001000000000000
00001000000000000
00000000000000000
00000000000000000
STEP 2 P1 MOVE 9 3 9 5
OWN
00000000002000000
00000000002000000
00000000002000000
00000000002000000
00001000000000000
00001000000000000
00001000000000000
00001000000000000
00000000000000000
00011100000000000
STEP 3 P2 MOVE 9 0 9 2
OWN
00000000002000000
00000000002000000
00000000002000000
00000000002000000
00001000000000000
00001000000000000
00001000000000000
00001000000000000
00000000000000000
22211100000000000
STEP 4 P1 MOVE 4 0 6 0
OWN
00000000002000000
00000000002000000
00000000002000000
00000000002000000
10001000000000000
10001000000000000
10001000000000000
00001000000000000
00000000000000000
22211100000000000
STEP 5 P2 MOVE 0 3 0 5
OWN
00022200002000000
00000000002000000
00000000002000000
00000000002000000
10001000000000000
10001000000000000
10001000000000000
00001000000000000
00000000000000000
22211100000000000
STEP 6 P1 MOVE 9 13 9 15
OWN
00022200002000000
00000000002000000
00000000002000000
00000000002000000
10001000000000000
10001000000000000
10001000000000000
00001000000000000
00000000000000000
22211100000001110
STEP 7 P2 MOVE 6 11 6 13
OWN
00022200002000000
00000000002000000
00000000002000000
00000000002000000
10001000000000000
10001000000000000
10001000000222000
00001000000000000
00000000000000000
22211100000001110
STEP 8 P1 MOVE 4 14 5 14
OWN
00022200002000000
00000000002000000
00000000002000000
00000000002000000
10001000000000100
10001000000000100
10001000000222000
00001000000000000
00000000000000000
22211100000001110
STEP 9 P2 MOVE 3 8 5 8
OWN
00022200002000000
00000000002000000
00000000002000000
00000000202000000
10001000200000100
10001000200000100
10001000000222000
00001000000000000
00000000000000000
22211100000001110
STEP 10 P1 MOVE 2 4 2 5
OWN
00022200002000000
00000000002000000
00001100002000000
00000000202000000
10001000200000100
10001000200000100
10001000000222000
00001000000000000
00000000000000000
22211100000001110
STEP 11 P2 MOVE 8 10 9 10
OWN
00022200002000000
00000000002000000
00001100002000000
00000000202000000
10001000200000100
10001000200000100
10001000000222000
00001000000000000
00000000002000000
22211100002001110
STEP 12 P1 MOVE 4 9 4 11
OWN
00022200002000000
00000000002000000
00001100002000000
00000000202000000
10001000211100100
10001000200000100
10001000000222000
00001000000000000
00000000002000000
22211100002001110
STEP 13 P2 MOVE 1 16 2 16
OWN
00022200002000000
00000000002000002
00001100002000002
00000000202000000
10001000211100100
10001000200000100
10001000000222000
00001000000000000
00000000002000000
22211100002001110
STEP 14 P1 MOVE 7 14 7 15
OWN
00022200002000000
00000000002000002
00001100002000002
00000000202000000
10001000211100100
10001000200000100
10001000000222000
00001000000000110
00000000002000000
22211100002001110
STEP 15 P2 MOVE 2 2 4 2
OWN
00022200002000000
00000000002000002
00201100002000002
00200000202000000
10201000211100100
10001000200000100
10001000000222000
00001000000000110
00000000002000000
22211100002001110
STEP 16 P1 MOVE 6 6 7 6
OWN
00022200002000000
00000000002000002
00201100002000002
00200000202000000
10201000211100100
10001000200000100
10001010000222000
00001010000000110
00000000002000000
22211100002001110
STEP 17 P2 MOVE 3 1 3 3
OWN
00022200002000000
00000000002000002
00201100002000002
02220000202000000
10201000211100100
10001000200000100
10001010000222000
00001010000000110
00000000002000000
22211100002001110
STEP 18 P1 MOVE 5 9 6 9
OWN
00022200002000000
00000000002000002
00201100002000002
02220000202000000
10201000211100100
10001000210000100
10001010010222000
00001010000000110
00000000002000000
22211100002001110
STEP 19 P2 MOVE 2 6 2 7
OWN
00022200002000000
00000000002000002
00201122002000002
02220000202000000
10201000211100100
10001000210000100
10001010010222000
00001010000000110
00000000002000000
22211100002001110
STEP 20 P1 MOVE 1 6 3 6
OWN
00022200002000000
00000010002000002
00201112002000002
02220010202000000
10201000211100100
10001000210000100
10001010010222000
00001010000000110
00000000002000000
22211100002001110
STEP 21 P2 MOVE 3 13 3 14
OWN
00022200002000000
00000010002000002
00201112002000002
02220010202002200
10201000211100100
10001000210000100
10001010010222000
00001010000000110
00000000002000000
22211100002001110
STEP 22 P1 MOVE 7 5 7 7
OWN
00022200002000000
00000010002000002
00201112002000002
02220010202002200
10201000211100100
10001000210000100
10001010010222000
00001111000000110
00000000002000000
22211100002001110
STEP 23 P2 MOVE 2 13 4 13
OWN
00022200002000000
00000010002000002
00201112002002002
02220010202002200
10201000211102100
10001000210000100
10001010010222000
00001111000000110
00000000002000000
22211100002001110
STEP 24 P1 MOVE 6 5 8 5
OWN
00022200002000000
00000010002000002
00201112002002002
02220010202002200
10201000211102100
10001000210000100
10001110010222000
00001111000000110
00000100002000000
22211100002001110
STEP 25 P2 MOVE 0 0 0 1
OWN
22022200002000000
00000010002000002
00201112002002002
02220010202002200
10201000211102100
10001000210000100
10001110010222000
00001111000000110
00000100002000000
22211100002001110
STEP 26 P1 MOVE 1 12 2 12
OWN
22022200002000000
00000010002010002
00201112002012002
02220010202002200
10201000211102100
10001000210000100
10001110010222000
00001111000000110
00000100002000000
22211100002001110
STEP 27 P2 MOVE 0 13 1 13
OWN
22022200002002000
00000010002012002
00201112002012002
02220010202002200
10201000211102100
10001000210000100
10001110010222000
00001111000000110
00000100002000000
22211100002001110
STEP 28 P1 MOVE 1 13 5 14
OWN
22022200002002000
00000010002011102
00201112002011102
02220010202001100
10201000211101100
10001000210001100
10001110010222000
00001111000000110
00000100002000000
22211100002001110
STEP 29 P2 MOVE 0 14 6 14
OWN
22022200002002200
00000010002011202
00201112002011202
02220010202001200
10201000211101200
10001000210001200
10001110010222200
00001111000000110
00000100002000000
22211100002001110
STEP 30 P1 MOVE 3 0 5 1
OWN
22022200002002200
00000010002011202
00201112002011202
11220010202001200
11201000211101200
11001000210001200
10001110010222200
00001111000000110
00000100002000000
22211100002001110
STEP 31 P2 MOVE 2 0 5 2
OWN
22022200002002200
00000010002011202
22201112002011202
22220010202001200
22201000211101200
22201000210001200
10001110010222200
00001111000000110
00000100002000000
22211100002001110
STEP 32 P1 MOVE 1 2 7 2
OWN
22022200002002200
00100010002011202
22101112002011202
22120010202001200
22101000211101200
22101000210001200
10101110010222200
00101111000000110
00000100002000000
22211100002001110
STEP 33 P2 MOVE 6 3 7 3
OWN
22022200002002200
00100010002011202
22101112002011202
22120010202001200
22101000211101200
22101000210001200
10121110010222200
00121111000000110
00000100002000000
22211100002001110
STEP 34 P1 MOVE -1 -1 -1 -1
OWN
22022200002002200
00100010002011202
22101112002011202
22120010202001200
22101000211101200
22101000210001200
10121110010222200
00121111000000110
00000100002000000
22211100002001110
STEP 35 P2 MOVE 0 2 1 3
OWN
22222200002002200
00220010002011202
22101112002011202
22120010202001200
22101000211101200
22101000210001200
10121110010222200
00121111000000110
00000100002000000
22211100002001110
STEP 36 P1 MOVE 0 7 2 8
OWN
22222201102002200
00220011102011202
22101111102011202
22120010202001200
22101000211101200
22101000210001200
10121110010222200
00121111000000110
00000100002000000
22211100002001110
STEP 37 P2 MOVE 5 10 5 11
OWN
22222201102002200
00220011102011202
22101111102011202
22120010202001200
22101000211101200
22101000212201200
10121110010222200
00121111000000110
00000100002000000
22211100002001110
STEP 38 P1 MOVE 4 7 8 7
OWN
22222201102002200
00220011102011202
22101111102011202
22120010202001200
22101001211101200
22101001212201200
10121111010222200
00121111000000110
00000101002000000
22211100002001110
STEP 39 P2 MOVE 3 11 7 11
OWN
22222201102002200
00220011102011202
22101111102011202
22120010202201200
22101001211201200
22101001212201200
10121111010222200
00121111000200110
00000101002000000
22211100002001110
STEP 40 P1 MOVE -1 -1 -1 -1
OWN
22222201102002200
00220011102011202
22101111102011202
22120010202201200
22101001211201200
22101001212201200
10121111010222200
00121111000200110
00000101002000000
22211100002001110
STEP 41 P2 MOVE -1 -1 -1 -1
OWN
22222201102002200
00220011102011202
22101111102011202
22120010202201200
22101001211201200
22101001212201200
10121111010222200
00121111000200110
00000101002000000
22211100002001110
RESULT first=51 second=49 winner=1
ANALYSIS winner=P1 score=51-49 reason=şóÄ­Ľ±Áˇ(+4) / Ľ±°řŔĚÁˇ steal(w/l)=12/13 neu(w/l)=52/48
