BOARD
72163311834599213
11349867372779953
32481892462166238
93542183272433353
21545864883974763
73882953572964747
34364188259417189
53659939621289857
54759429165768931
81949712575924428
STEP 0 P1 MOVE 0 10 3 10
OWN
00000000001000000
00000000001000000
00000000001000000
00000000001000000
00000000000000000
00000000000000000
00000000000000000
00000000000000000
00000000000000000
00000000000000000
STEP 1 P2 MOVE 0 7 2 7
OWN
00000002001000000
00000002001000000
00000002001000000
00000000001000000
00000000000000000
00000000000000000
00000000000000000
00000000000000000
00000000000000000
00000000000000000
STEP 2 P1 MOVE 9 5 9 7
OWN
00000002001000000
00000002001000000
00000002001000000
00000000001000000
00000000000000000
00000000000000000
00000000000000000
00000000000000000
00000000000000000
00000111000000000
STEP 3 P2 MOVE 9 12 9 14
OWN
00000002001000000
00000002001000000
00000002001000000
00000000001000000
00000000000000000
00000000000000000
00000000000000000
00000000000000000
00000000000000000
00000111000022200
STEP 4 P1 MOVE 2 4 5 4
OWN
00000002001000000
00000002001000000
00001002001000000
00001000001000000
00001000000000000
00001000000000000
00000000000000000
00000000000000000
00000000000000000
00000111000022200
STEP 5 P2 MOVE 3 2 3 5
OWN
00000002001000000
00000002001000000
00001002001000000
00222200001000000
00001000000000000
00001000000000000
00000000000000000
00000000000000000
00000000000000000
00000111000022200
STEP 6 P1 MOVE 1 1 2 2
OWN
00000002001000000
01100002001000000
01101002001000000
00222200001000000
00001000000000000
00001000000000000
00000000000000000
00000000000000000
00000000000000000
00000111000022200
STEP 7 P2 MOVE 0 0 0 2
OWN
22200002001000000
01100002001000000
01101002001000000
00222200001000000
00001000000000000
00001000000000000
00000000000000000
00000000000000000
00000000000000000
00000111000022200
STEP 8 P1 MOVE 4 6 4 7
OWN
22200002001000000
01100002001000000
01101002001000000
00222200001000000
00001011000000000
00001000000000000
00000000000000000
00000000000000000
00000000000000000
00000111000022200
STEP 9 P2 MOVE 6 5 7 5
OWN
22200002001000000
01100002001000000
01101002001000000
00222200001000000
00001011000000000
00001000000000000
00000200000000000
00000200000000000
00000000000000000
00000111000022200
STEP 10 P1 MOVE 4 15 5 15
OWN
22200002001000000
01100002001000000
01101002001000000
00222200001000000
00001011000000010
00001000000000010
00000200000000000
00000200000000000
00000000000000000
00000111000022200
STEP 11 P2 MOVE 1 8 1 9
OWN
22200002001000000
01100002221000000
01101002001000000
00222200001000000
00001011000000010
00001000000000010
00000200000000000
00000200000000000
00000000000000000
00000111000022200
STEP 12 P1 MOVE 9 15 9 16
OWN
22200002001000000
01100002221000000
01101002001000000
00222200001000000
00001011000000010
00001000000000010
00000200000000000
00000200000000000
00000000000000000
00000111000022211
STEP 13 P2 MOVE 8 7 8 8
OWN
22200002001000000
01100002221000000
01101002001000000
00222200001000000
00001011000000010
00001000000000010
00000200000000000
00000200000000000
00000002200000000
00000111000022211
STEP 14 P1 MOVE 4 16 5 16
OWN
22200002001000000
01100002221000000
01101002001000000
00222200001000000
00001011000000011
00001000000000011
00000200000000000
00000200000000000
00000002200000000
00000111000022211
STEP 15 P2 MOVE 9 1 9 2
OWN
22200002001000000
01100002221000000
01101002001000000
00222200001000000
00001011000000011
00001000000000011
00000200000000000
00000200000000000
00000002200000000
02200111000022211
STEP 16 P1 MOVE 6 7 6 8
OWN
22200002001000000
01100002221000000
01101002001000000
00222200001000000
00001011000000011
00001000000000011
00000201100000000
00000200000000000
00000002200000000
02200111000022211
STEP 17 P2 MOVE 7 11 7 12
OWN
22200002001000000
01100002221000000
01101002001000000
00222200001000000
00001011000000011
00001000000000011
00000201100000000
00000200000220000
00000002200000000
02200111000022211
STEP 18 P1 MOVE 8 10 9 10
OWN
22200002001000000
01100002221000000
01101002001000000
00222200001000000
00001011000000011
00001000000000011
00000201100000000
00000200000220000
00000002201000000
02200111001022211
STEP 19 P2 MOVE 5 12 5 13
OWN
22200002001000000
01100002221000000
01101002001000000
00222200001000000
00001011000000011
00001000000022011
00000201100000000
00000200000220000
00000002201000000
02200111001022211
STEP 20 P1 MOVE 3 12 4 12
OWN
22200002001000000
01100002221000000
01101002001000000
00222200001010000
00001011000010011
00001000000022011
00000201100000000
00000200000220000
00000002201000000
02200111001022211
STEP 21 P2 MOVE 6 3 6 4
OWN
22200002001000000
01100002221000000
01101002001000000
00222200001010000
00001011000010011
00001000000022011
00022201100000000
00000200000220000
00000002201000000
02200111001022211
STEP 22 P1 MOVE 7 3 8 3
OWN
22200002001000000
01100002221000000
01101002001000000
00222200001010000
00001011000010011
00001000000022011
00022201100000000
00010200000220000
00010002201000000
02200111001022211
STEP 23 P2 MOVE 5 1 7 1
OWN
22200002001000000
01100002221000000
01101002001000000
00222200001010000
00001011000010011
02001000000022011
02022201100000000
02010200000220000
00010002201000000
02200111001022211
STEP 24 P1 MOVE 4 0 5 1
OWN
22200002001000000
01100002221000000
01101002001000000
00222200001010000
11001011000010011
11001000000022011
02022201100000000
02010200000220000
00010002201000000
02200111001022211
STEP 25 P2 MOVE 3 11 3 14
OWN
22200002001000000
01100002221000000
01101002001000000
00222200001222200
11001011000010011
11001000000022011
02022201100000000
02010200000220000
00010002201000000
02200111001022211
STEP 26 P1 MOVE 2 13 4 13
OWN
22200002001000000
01100002221000000
01101002001001000
00222200001221200
11001011000011011
11001000000022011
02022201100000000
02010200000220000
00010002201000000
02200111001022211
STEP 27 P2 MOVE 0 3 1 3
OWN
22220002001000000
01120002221000000
01101002001001000
00222200001221200
11001011000011011
11001000000022011
02022201100000000
02010200000220000
00010002201000000
02200111001022211
STEP 28 P1 MOVE 1 0 1 4
OWN
22220002001000000
11111002221000000
01101002001001000
00222200001221200
11001011000011011
11001000000022011
02022201100000000
02010200000220000
00010002201000000
02200111001022211
STEP 29 P2 MOVE 6 10 7 10
OWN
22220002001000000
11111002221000000
01101002001001000
00222200001221200
11001011000011011
11001000000022011
02022201102000000
02010200002220000
00010002201000000
02200111001022211
STEP 30 P1 MOVE 6 9 6 12
OWN
22220002001000000
11111002221000000
01101002001001000
00222200001221200
11001011000011011
11001000000022011
02022201111110000
02010200002220000
00010002201000000
02200111001022211
STEP 31 P2 MOVE 7 0 8 0
OWN
22220002001000000
11111002221000000
01101002001001000
00222200001221200
11001011000011011
11001000000022011
02022201111110000
22010200002220000
20010002201000000
02200111001022211
STEP 32 P1 MOVE -1 -1 -1 -1
OWN
22220002001000000
11111002221000000
01101002001001000
00222200001221200
11001011000011011
11001000000022011
02022201111110000
22010200002220000
20010002201000000
02200111001022211
STEP 33 P2 MOVE 3 8 4 8
OWN
22220002001000000
11111002221000000
01101002001001000
00222200201221200
11001011200011011
11001000000022011
02022201111110000
22010200002220000
20010002201000000
02200111001022211
STEP 34 P1 MOVE 3 7 3 9
OWN
22220002001000000
11111002221000000
01101002001001000
00222201111221200
11001011200011011
11001000000022011
02022201111110000
22010200002220000
20010002201000000
02200111001022211
STEP 35 P2 MOVE 2 14 3 15
OWN
22220002001000000
11111002221000000
01101002001001220
00222201111221220
11001011200011011
11001000000022011
02022201111110000
22010200002220000
20010002201000000
02200111001022211
STEP 36 P1 MOVE 3 14 4 16
OWN
22220002001000000
11111002221000000
01101002001001220
00222201111221111
11001011200011111
11001000000022011
02022201111110000
22010200002220000
20010002201000000
02200111001022211
STEP 37 P2 MOVE -1 -1 -1 -1
OWN
22220002001000000
11111002221000000
01101002001001220
00222201111221111
11001011200011111
11001000000022011
02022201111110000
22010200002220000
20010002201000000
02200111001022211
STEP 38 P1 MOVE -1 -1 -1 -1
OWN
22220002001000000
11111002221000000
01101002001001220
00222201111221111
11001011200011111
11001000000022011
02022201111110000
22010200002220000
20010002201000000
02200111001022211
RESULT first=50 second=38 winner=1
ANALYSIS winner=P1 score=50-38 reason=탈취우위(+5칸 빼앗음,2배효과) steal(w/l)=7/2 neu(w/l)=45/43
