BOARD
54479836157693872
27936527542744767
69889942755757547
13553899169578564
83242332737256623
43558671845213692
91323566772669163
61427268556471379
92691498957669329
16882964925877244
STEP 0 P1 MOVE 4 11 5 12
OWN
00000000000000000
00000000000000000
00000000000000000
00000000000000000
00000000000110000
00000000000110000
00000000000000000
00000000000000000
00000000000000000
00000000000000000
STEP 1 P2 MOVE 4 4 4 7
OWN
00000000000000000
00000000000000000
00000000000000000
00000000000000000
00002222000110000
00000000000110000
00000000000000000
00000000000000000
00000000000000000
00000000000000000
STEP 2 P1 MOVE 5 14 7 14
OWN
00000000000000000
00000000000000000
00000000000000000
00000000000000000
00002222000110000
00000000000110100
00000000000000100
00000000000000100
00000000000000000
00000000000000000
STEP 3 P2 MOVE 6 1 9 1
OWN
00000000000000000
00000000000000000
00000000000000000
00000000000000000
00002222000110000
00000000000110100
02000000000000100
02000000000000100
02000000000000000
02000000000000000
STEP 4 P1 MOVE 0 6 0 8
OWN
00000011100000000
00000000000000000
00000000000000000
00000000000000000
00002222000110000
00000000000110100
02000000000000100
02000000000000100
02000000000000000
02000000000000000
STEP 5 P2 MOVE 7 0 7 2
OWN
00000011100000000
00000000000000000
00000000000000000
00000000000000000
00002222000110000
00000000000110100
02000000000000100
22200000000000100
02000000000000000
02000000000000000
STEP 6 P1 MOVE 6 3 6 5
OWN
00000011100000000
00000000000000000
00000000000000000
00000000000000000
00002222000110000
00000000000110100
02011100000000100
22200000000000100
02000000000000000
02000000000000000
STEP 7 P2 MOVE 9 14 9 16
OWN
00000011100000000
00000000000000000
00000000000000000
00000000000000000
00002222000110000
00000000000110100
02011100000000100
22200000000000100
02000000000000000
02000000000000222
STEP 8 P1 MOVE 9 3 9 4
OWN
00000011100000000
00000000000000000
00000000000000000
00000000000000000
00002222000110000
00000000000110100
02011100000000100
22200000000000100
02000000000000000
02011000000000222
STEP 9 P2 MOVE 7 11 8 11
OWN
00000011100000000
00000000000000000
00000000000000000
00000000000000000
00002222000110000
00000000000110100
02011100000000100
22200000000200100
02000000000200000
02011000000000222
STEP 10 P1 MOVE 7 9 8 9
OWN
00000011100000000
00000000000000000
00000000000000000
00000000000000000
00002222000110000
00000000000110100
02011100000000100
22200000010200100
02000000010200000
02011000000000222
STEP 11 P2 MOVE 2 15 3 15
OWN
00000011100000000
00000000000000000
00000000000000020
00000000000000020
00002222000110000
00000000000110100
02011100000000100
22200000010200100
02000000010200000
02011000000000222
STEP 12 P1 MOVE 6 13 7 13
OWN
00000011100000000
00000000000000000
00000000000000020
00000000000000020
00002222000110000
00000000000110100
02011100000001100
22200000010201100
02000000010200000
02011000000000222
STEP 13 P2 MOVE 0 3 1 3
OWN
00020011100000000
00020000000000000
00000000000000020
00000000000000020
00002222000110000
00000000000110100
02011100000001100
22200000010201100
02000000010200000
02011000000000222
STEP 14 P1 MOVE 2 14 3 14
OWN
00020011100000000
00020000000000000
00000000000000120
00000000000000120
00002222000110000
00000000000110100
02011100000001100
22200000010201100
02000000010200000
02011000000000222
STEP 15 P2 MOVE 2 9 2 10
OWN
00020011100000000
00020000000000000
00000000022000120
00000000000000120
00002222000110000
00000000000110100
02011100000001100
22200000010201100
02000000010200000
02011000000000222
STEP 16 P1 MOVE 8 0 9 0
OWN
00020011100000000
00020000000000000
00000000022000120
00000000000000120
00002222000110000
00000000000110100
02011100000001100
22200000010201100
12000000010200000
12011000000000222
STEP 17 P2 MOVE 9 6 9 7
OWN
00020011100000000
00020000000000000
00000000022000120
00000000000000120
00002222000110000
00000000000110100
02011100000001100
22200000010201100
12000000010200000
12011022000000222
STEP 18 P1 MOVE 3 2 3 3
OWN
00020011100000000
00020000000000000
00000000022000120
00110000000000120
00002222000110000
00000000000110100
02011100000001100
22200000010201100
12000000010200000
12011022000000222
STEP 19 P2 MOVE 5 2 5 3
OWN
00020011100000000
00020000000000000
00000000022000120
00110000000000120
00002222000110000
00220000000110100
02011100000001100
22200000010201100
12000000010200000
12011022000000222
STEP 20 P1 MOVE 4 8 4 9
OWN
00020011100000000
00020000000000000
00000000022000120
00110000000000120
00002222110110000
00220000000110100
02011100000001100
22200000010201100
12000000010200000
12011022000000222
STEP 21 P2 MOVE 3 9 5 9
OWN
00020011100000000
00020000000000000
00000000022000120
00110000020000120
00002222120110000
00220000020110100
02011100000001100
22200000010201100
12000000010200000
12011022000000222
STEP 22 P1 MOVE 3 8 3 10
OWN
00020011100000000
00020000000000000
00000000022000120
00110000111000120
00002222120110000
00220000020110100
02011100000001100
22200000010201100
12000000010200000
12011022000000222
STEP 23 P2 MOVE 3 7 5 7
OWN
00020011100000000
00020000000000000
00000000022000120
00110002111000120
00002222120110000
00220002020110100
02011100000001100
22200000010201100
12000000010200000
12011022000000222
STEP 24 P1 MOVE 8 3 8 4
OWN
00020011100000000
00020000000000000
00000000022000120
00110002111000120
00002222120110000
00220002020110100
02011100000001100
22200000010201100
12011000010200000
12011022000000222
STEP 25 P2 MOVE 8 2 8 5
OWN
00020011100000000
00020000000000000
00000000022000120
00110002111000120
00002222120110000
00220002020110100
02011100000001100
22200000010201100
12222200010200000
12011022000000222
STEP 26 P1 MOVE -1 -1 -1 -1
OWN
00020011100000000
00020000000000000
00000000022000120
00110002111000120
00002222120110000
00220002020110100
02011100000001100
22200000010201100
12222200010200000
12011022000000222
STEP 27 P2 MOVE -1 -1 -1 -1
OWN
00020011100000000
00020000000000000
00000000022000120
00110002111000120
00002222120110000
00220002020110100
02011100000001100
22200000010201100
12222200010200000
12011022000000222
RESULT first=29 second=33 winner=2
ANALYSIS winner=P2 score=29-33 reason=żŞŔü˝Â steal(w/l)=3/1 neu(w/l)=31/31
