BOARD
75179119768144397
16977357338838239
51329981677417728
28587168247367863
92242438456592548
49234738431738219
85186558117345958
88612836173748822
58211567835914148
14557586996519919
STEP 0 P1 MOVE 4 1 4 4
OWN
00000000000000000
00000000000000000
00000000000000000
00000000000000000
01111000000000000
00000000000000000
00000000000000000
00000000000000000
00000000000000000
00000000000000000
STEP 1 P2 MOVE 0 5 1 6
OWN
00000220000000000
00000220000000000
00000000000000000
00000000000000000
01111000000000000
00000000000000000
00000000000000000
00000000000000000
00000000000000000
00000000000000000
STEP 2 P1 MOVE 6 8 7 9
OWN
00000220000000000
00000220000000000
00000000000000000
00000000000000000
01111000000000000
00000000000000000
00000000110000000
00000000110000000
00000000000000000
00000000000000000
STEP 3 P2 MOVE 6 12 9 12
OWN
00000220000000000
00000220000000000
00000000000000000
00000000000000000
01111000000000000
00000000000000000
00000000110020000
00000000110020000
00000000000020000
00000000000020000
STEP 4 P1 MOVE 6 3 8 3
OWN
00000220000000000
00000220000000000
00000000000000000
00000000000000000
01111000000000000
00000000000000000
00010000110020000
00010000110020000
00010000000020000
00000000000020000
STEP 5 P2 MOVE 3 8 5 8
OWN
00000220000000000
00000220000000000
00000000000000000
00000000200000000
01111000200000000
00000000200000000
00010000110020000
00010000110020000
00010000000020000
00000000000020000
STEP 6 P1 MOVE 9 0 9 2
OWN
00000220000000000
00000220000000000
00000000000000000
00000000200000000
01111000200000000
00000000200000000
00010000110020000
00010000110020000
00010000000020000
11100000000020000
STEP 7 P2 MOVE 9 14 9 15
OWN
00000220000000000
00000220000000000
00000000000000000
00000000200000000
01111000200000000
00000000200000000
00010000110020000
00010000110020000
00010000000020000
11100000000020220
STEP 8 P1 MOVE 4 13 5 13
OWN
00000220000000000
00000220000000000
00000000000000000
00000000200000000
01111000200001000
00000000200001000
00010000110020000
00010000110020000
00010000000020000
11100000000020220
STEP 9 P2 MOVE 5 11 5 12
OWN
00000220000000000
00000220000000000
00000000000000000
00000000200000000
01111000200001000
00000000200221000
00010000110020000
00010000110020000
00010000000020000
11100000000020220
STEP 10 P1 MOVE 2 15 2 16
OWN
00000220000000000
00000220000000000
00000000000000011
00000000200000000
01111000200001000
00000000200221000
00010000110020000
00010000110020000
00010000000020000
11100000000020220
STEP 11 P2 MOVE 7 4 9 4
OWN
00000220000000000
00000220000000000
00000000000000011
00000000200000000
01111000200001000
00000000200221000
00010000110020000
00012000110020000
00012000000020000
11102000000020220
STEP 12 P1 MOVE 9 3 9 5
OWN
00000220000000000
00000220000000000
00000000000000011
00000000200000000
01111000200001000
00000000200221000
00010000110020000
00012000110020000
00012000000020000
11111100000020220
STEP 13 P2 MOVE 5 15 5 16
OWN
00000220000000000
00000220000000000
00000000000000011
00000000200000000
01111000200001000
00000000200221022
00010000110020000
00012000110020000
00012000000020000
11111100000020220
STEP 14 P1 MOVE 0 8 1 8
OWN
00000220100000000
00000220100000000
00000000000000011
00000000200000000
01111000200001000
00000000200221022
00010000110020000
00012000110020000
00012000000020000
11111100000020220
STEP 15 P2 MOVE 7 16 8 16
OWN
00000220100000000
00000220100000000
00000000000000011
00000000200000000
01111000200001000
00000000200221022
00010000110020000
00012000110020002
00012000000020002
11111100000020220
STEP 16 P1 MOVE 6 5 6 6
OWN
00000220100000000
00000220100000000
00000000000000011
00000000200000000
01111000200001000
00000000200221022
00010110110020000
00012000110020002
00012000000020002
11111100000020220
STEP 17 P2 MOVE 5 5 5 6
OWN
00000220100000000
00000220100000000
00000000000000011
00000000200000000
01111000200001000
00000220200221022
00010110110020000
00012000110020002
00012000000020002
11111100000020220
STEP 18 P1 MOVE 1 12 3 12
OWN
00000220100000000
00000220100010000
00000000000010011
00000000200010000
01111000200001000
00000220200221022
00010110110020000
00012000110020002
00012000000020002
11111100000020220
STEP 19 P2 MOVE 2 5 3 5
OWN
00000220100000000
00000220100010000
00000200000010011
00000200200010000
01111000200001000
00000220200221022
00010110110020000
00012000110020002
00012000000020002
11111100000020220
STEP 20 P1 MOVE 3 10 3 11
OWN
00000220100000000
00000220100010000
00000200000010011
00000200201110000
01111000200001000
00000220200221022
00010110110020000
00012000110020002
00012000000020002
11111100000020220
STEP 21 P2 MOVE 6 11 7 11
OWN
00000220100000000
00000220100010000
00000200000010011
00000200201110000
01111000200001000
00000220200221022
00010110110220000
00012000110220002
00012000000020002
11111100000020220
STEP 22 P1 MOVE 6 10 7 10
OWN
00000220100000000
00000220100010000
00000200000010011
00000200201110000
01111000200001000
00000220200221022
00010110111220000
00012000111220002
00012000000020002
11111100000020220
STEP 23 P2 MOVE 1 13 1 14
OWN
00000220100000000
00000220100012200
00000200000010011
00000200201110000
01111000200001000
00000220200221022
00010110111220000
00012000111220002
00012000000020002
11111100000020220
STEP 24 P1 MOVE 1 14 2 15
OWN
00000220100000000
00000220100012110
00000200000010111
00000200201110000
01111000200001000
00000220200221022
00010110111220000
00012000111220002
00012000000020002
11111100000020220
STEP 25 P2 MOVE 3 15 4 15
OWN
00000220100000000
00000220100012110
00000200000010111
00000200201110020
01111000200001020
00000220200221022
00010110111220000
00012000111220002
00012000000020002
11111100000020220
STEP 26 P1 MOVE 1 7 1 9
OWN
00000220100000000
00000221110012110
00000200000010111
00000200201110020
01111000200001020
00000220200221022
00010110111220000
00012000111220002
00012000000020002
11111100000020220
STEP 27 P2 MOVE 0 7 2 7
OWN
00000222100000000
00000222110012110
00000202000010111
00000200201110020
01111000200001020
00000220200221022
00010110111220000
00012000111220002
00012000000020002
11111100000020220
STEP 28 P1 MOVE -1 -1 -1 -1
OWN
00000222100000000
00000222110012110
00000202000010111
00000200201110020
01111000200001020
00000220200221022
00010110111220000
00012000111220002
00012000000020002
11111100000020220
STEP 29 P2 MOVE 3 0 3 1
OWN
00000222100000000
00000222110012110
00000202000010111
22000200201110020
01111000200001020
00000220200221022
00010110111220000
00012000111220002
00012000000020002
11111100000020220
STEP 30 P1 MOVE 0 2 1 2
OWN
00100222100000000
00100222110012110
00000202000010111
22000200201110020
01111000200001020
00000220200221022
00010110111220000
00012000111220002
00012000000020002
11111100000020220
STEP 31 P2 MOVE 2 2 5 2
OWN
00100222100000000
00100222110012110
00200202000010111
22200200201110020
01211000200001020
00200220200221022
00010110111220000
00012000111220002
00012000000020002
11111100000020220
STEP 32 P1 MOVE 2 1 5 1
OWN
00100222100000000
00100222110012110
01200202000010111
21200200201110020
01211000200001020
01200220200221022
00010110111220000
00012000111220002
00012000000020002
11111100000020220
STEP 33 P2 MOVE 8 1 8 2
OWN
00100222100000000
00100222110012110
01200202000010111
21200200201110020
01211000200001020
01200220200221022
00010110111220000
00012000111220002
02212000000020002
11111100000020220
STEP 34 P1 MOVE 8 0 8 5
OWN
00100222100000000
00100222110012110
01200202000010111
21200200201110020
01211000200001020
01200220200221022
00010110111220000
00012000111220002
11111100000020002
11111100000020220
STEP 35 P2 MOVE 5 2 7 3
OWN
00100222100000000
00100222110012110
01200202000010111
21200200201110020
01211000200001020
01220220200221022
00220110111220000
00222000111220002
11111100000020002
11111100000020220
STEP 36 P1 MOVE 2 3 3 3
OWN
00100222100000000
00100222110012110
01210202000010111
21210200201110020
01211000200001020
01220220200221022
00220110111220000
00222000111220002
11111100000020002
11111100000020220
STEP 37 P2 MOVE 5 4 6 4
OWN
00100222100000000
00100222110012110
01210202000010111
21210200201110020
01211000200001020
01222220200221022
00222110111220000
00222000111220002
11111100000020002
11111100000020220
STEP 38 P1 MOVE -1 -1 -1 -1
OWN
00100222100000000
00100222110012110
01210202000010111
21210200201110020
01211000200001020
01222220200221022
00222110111220000
00222000111220002
11111100000020002
11111100000020220
STEP 39 P2 MOVE -1 -1 -1 -1
OWN
00100222100000000
00100222110012110
01210202000010111
21210200201110020
01211000200001020
01222220200221022
00222110111220000
00222000111220002
11111100000020002
11111100000020220
RESULT first=45 second=44 winner=1
ANALYSIS winner=P1 score=45-44 reason=Ľ±°řŔĚÁˇ steal(w/l)=6/4 neu(w/l)=43/46
