BOARD
63616773739443818
97234823162429821
89685862885922774
15217736741173215
98972991962217453
99831791567281762
68858286989366735
98413376648813363
88837575941868231
85334761415449695
STEP 0 P1 MOVE 1 10 4 10
OWN
00000000000000000
00000000001000000
00000000001000000
00000000001000000
00000000001000000
00000000000000000
00000000000000000
00000000000000000
00000000000000000
00000000000000000
STEP 1 P2 MOVE 2 7 5 7
OWN
00000000000000000
00000000001000000
00000002001000000
00000002001000000
00000002001000000
00000002000000000
00000000000000000
00000000000000000
00000000000000000
00000000000000000
STEP 2 P1 MOVE 1 7 1 9
OWN
00000000000000000
00000001111000000
00000002001000000
00000002001000000
00000002001000000
00000002000000000
00000000000000000
00000000000000000
00000000000000000
00000000000000000
STEP 3 P2 MOVE 9 9 9 11
OWN
00000000000000000
00000001111000000
00000002001000000
00000002001000000
00000002001000000
00000002000000000
00000000000000000
00000000000000000
00000000000000000
00000000022200000
STEP 4 P1 MOVE 0 1 0 3
OWN
01110000000000000
00000001111000000
00000002001000000
00000002001000000
00000002001000000
00000002000000000
00000000000000000
00000000000000000
00000000000000000
00000000022200000
STEP 5 P2 MOVE 1 16 3 16
OWN
01110000000000000
00000001111000002
00000002001000002
00000002001000002
00000002001000000
00000002000000000
00000000000000000
00000000000000000
00000000000000000
00000000022200000
STEP 6 P1 MOVE 3 2 3 4
OWN
01110000000000000
00000001111000002
00000002001000002
00111002001000002
00000002001000000
00000002000000000
00000000000000000
00000000000000000
00000000000000000
00000000022200000
STEP 7 P2 MOVE 9 2 9 4
OWN
01110000000000000
00000001111000002
00000002001000002
00111002001000002
00000002001000000
00000002000000000
00000000000000000
00000000000000000
00000000000000000
00222000022200000
STEP 8 P1 MOVE 1 15 3 15
OWN
01110000000000000
00000001111000012
00000002001000012
00111002001000012
00000002001000000
00000002000000000
00000000000000000
00000000000000000
00000000000000000
00222000022200000
STEP 9 P2 MOVE 4 16 6 16
OWN
01110000000000000
00000001111000012
00000002001000012
00111002001000012
00000002001000002
00000002000000002
00000000000000002
00000000000000000
00000000000000000
00222000022200000
STEP 10 P1 MOVE 3 6 3 8
OWN
01110000000000000
00000001111000012
00000002001000012
00111011101000012
00000002001000002
00000002000000002
00000000000000002
00000000000000000
00000000000000000
00222000022200000
STEP 11 P2 MOVE 5 13 7 13
OWN
01110000000000000
00000001111000012
00000002001000012
00111011101000012
00000002001000002
00000002000002002
00000000000002002
00000000000002000
00000000000000000
00222000022200000
STEP 12 P1 MOVE 3 12 3 13
OWN
01110000000000000
00000001111000012
00000002001000012
00111011101011012
00000002001000002
00000002000002002
00000000000002002
00000000000002000
00000000000000000
00222000022200000
STEP 13 P2 MOVE 7 4 8 4
OWN
01110000000000000
00000001111000012
00000002001000012
00111011101011012
00000002001000002
00000002000002002
00000000000002002
00002000000002000
00002000000000000
00222000022200000
STEP 14 P1 MOVE 0 4 1 4
OWN
01111000000000000
00001001111000012
00000002001000012
00111011101011012
00000002001000002
00000002000002002
00000000000002002
00002000000002000
00002000000000000
00222000022200000
STEP 15 P2 MOVE 0 8 0 9
OWN
01111000220000000
00001001111000012
00000002001000012
00111011101011012
00000002001000002
00000002000002002
00000000000002002
00002000000002000
00002000000000000
00222000022200000
STEP 16 P1 MOVE 6 4 6 5
OWN
01111000220000000
00001001111000012
00000002001000012
00111011101011012
00000002001000002
00000002000002002
00001100000002002
00002000000002000
00002000000000000
00222000022200000
STEP 17 P2 MOVE 8 12 9 12
OWN
01111000220000000
00001001111000012
00000002001000012
00111011101011012
00000002001000002
00000002000002002
00001100000002002
00002000000002000
00002000000020000
00222000022220000
STEP 18 P1 MOVE 7 8 7 9
OWN
01111000220000000
00001001111000012
00000002001000012
00111011101011012
00000002001000002
00000002000002002
00001100000002002
00002000110002000
00002000000020000
00222000022220000
STEP 19 P2 MOVE 5 11 5 12
OWN
01111000220000000
00001001111000012
00000002001000012
00111011101011012
00000002001000002
00000002000222002
00001100000002002
00002000110002000
00002000000020000
00222000022220000
STEP 20 P1 MOVE 2 12 7 12
OWN
01111000220000000
00001001111000012
00000002001010012
00111011101011012
00000002001010002
00000002000212002
00001100000012002
00002000110012000
00002000000020000
00222000022220000
STEP 21 P2 MOVE 0 6 0 7
OWN
01111022220000000
00001001111000012
00000002001010012
00111011101011012
00000002001010002
00000002000212002
00001100000012002
00002000110012000
00002000000020000
00222000022220000
STEP 22 P1 MOVE 3 11 4 13
OWN
01111022220000000
00001001111000012
00000002001010012
00111011101111012
00000002001111002
00000002000212002
00001100000012002
00002000110012000
00002000000020000
00222000022220000
STEP 23 P2 MOVE 4 9 4 14
OWN
01111022220000000
00001001111000012
00000002001010012
00111011101111012
00000002022222202
00000002000212002
00001100000012002
00002000110012000
00002000000020000
00222000022220000
STEP 24 P1 MOVE 2 13 8 13
OWN
01111022220000000
00001001111000012
00000002001011012
00111011101111012
00000002022221202
00000002000211002
00001100000011002
00002000110011000
00002000000021000
00222000022220000
STEP 25 P2 MOVE 6 11 6 14
OWN
01111022220000000
00001001111000012
00000002001011012
00111011101111012
00000002022221202
00000002000211002
00001100000222202
00002000110011000
00002000000021000
00222000022220000
STEP 26 P1 MOVE 3 9 5 9
OWN
01111022220000000
00001001111000012
00000002001011012
00111011111111012
00000002012221202
00000002010211002
00001100000222202
00002000110011000
00002000000021000
00222000022220000
STEP 27 P2 MOVE 3 0 4 0
OWN
01111022220000000
00001001111000012
00000002001011012
20111011111111012
20000002012221202
00000002010211002
00001100000222202
00002000110011000
00002000000021000
00222000022220000
STEP 28 P1 MOVE 8 11 8 14
OWN
01111022220000000
00001001111000012
00000002001011012
20111011111111012
20000002012221202
00000002010211002
00001100000222202
00002000110011000
00002000000111100
00222000022220000
STEP 29 P2 MOVE 5 3 7 4
OWN
01111022220000000
00001001111000012
00000002001011012
20111011111111012
20000002012221202
00022002010211002
00022100000222202
00022000110011000
00002000000111100
00222000022220000
STEP 30 P1 MOVE 7 5 7 6
OWN
01111022220000000
00001001111000012
00000002001011012
20111011111111012
20000002012221202
00022002010211002
00022100000222202
00022110110011000
00002000000111100
00222000022220000
STEP 31 P2 MOVE 8 10 9 13
OWN
01111022220000000
00001001111000012
00000002001011012
20111011111111012
20000002012221202
00022002010211002
00022100000222202
00022110110011000
00002000002222100
00222000022222000
STEP 32 P1 MOVE 8 9 9 14
OWN
01111022220000000
00001001111000012
00000002001011012
20111011111111012
20000002012221202
00022002010211002
00022100000222202
00022110110011000
00002000011111100
00222000011111100
STEP 33 P2 MOVE 7 2 7 7
OWN
01111022220000000
00001001111000012
00000002001011012
20111011111111012
20000002012221202
00022002010211002
00022100000222202
00222222110011000
00002000011111100
00222000011111100
STEP 34 P1 MOVE 4 3 8 3
OWN
01111022220000000
00001001111000012
00000002001011012
20111011111111012
20010002012221202
00012002010211002
00012100000222202
00212222110011000
00012000011111100
00222000011111100
STEP 35 P2 MOVE -1 -1 -1 -1
OWN
01111022220000000
00001001111000012
00000002001011012
20111011111111012
20010002012221202
00012002010211002
00012100000222202
00212222110011000
00012000011111100
00222000011111100
STEP 36 P1 MOVE -1 -1 -1 -1
OWN
01111022220000000
00001001111000012
00000002001011012
20111011111111012
20010002012221202
00012002010211002
00012100000222202
00212222110011000
00012000011111100
00222000011111100
RESULT first=53 second=35 winner=1
ANALYSIS winner=P1 score=53-35 reason=Ĺ»ĂëżěŔ§(+8Ä­ »©ľŃŔ˝,2ąčČż°ú) steal(w/l)=20/12 neu(w/l)=45/43
