BOARD
23136163342727553
98758459592462515
55122539583828179
75841799869721925
63128335313383282
27196381739613928
87859636327125849
26476292722691591
17783498656929961
49291199543467167
STEP 0 P1 MOVE 2 2 2 5
OWN
00000000000000000
00000000000000000
00111100000000000
00000000000000000
00000000000000000
00000000000000000
00000000000000000
00000000000000000
00000000000000000
00000000000000000
STEP 1 P2 MOVE 5 11 6 12
OWN
00000000000000000
00000000000000000
00111100000000000
00000000000000000
00000000000000000
00000000000220000
00000000000220000
00000000000000000
00000000000000000
00000000000000000
STEP 2 P1 MOVE 4 8 4 11
OWN
00000000000000000
00000000000000000
00111100000000000
00000000000000000
00000000111100000
00000000000220000
00000000000220000
00000000000000000
00000000000000000
00000000000000000
STEP 3 P2 MOVE 4 0 4 2
OWN
00000000000000000
00000000000000000
00111100000000000
00000000000000000
22200000111100000
00000000000220000
00000000000220000
00000000000000000
00000000000000000
00000000000000000
STEP 4 P1 MOVE 0 5 0 7
OWN
00000111000000000
00000000000000000
00111100000000000
00000000000000000
22200000111100000
00000000000220000
00000000000220000
00000000000000000
00000000000000000
00000000000000000
STEP 5 P2 MOVE 0 12 2 12
OWN
00000111000020000
00000000000020000
00111100000020000
00000000000000000
22200000111100000
00000000000220000
00000000000220000
00000000000000000
00000000000000000
00000000000000000
STEP 6 P1 MOVE 3 11 3 13
OWN
00000111000020000
00000000000020000
00111100000020000
00000000000111000
22200000111100000
00000000000220000
00000000000220000
00000000000000000
00000000000000000
00000000000000000
STEP 7 P2 MOVE 5 0 5 2
OWN
00000111000020000
00000000000020000
00111100000020000
00000000000111000
22200000111100000
22200000000220000
00000000000220000
00000000000000000
00000000000000000
00000000000000000
STEP 8 P1 MOVE 5 15 5 16
OWN
00000111000020000
00000000000020000
00111100000020000
00000000000111000
22200000111100000
22200000000220011
00000000000220000
00000000000000000
00000000000000000
00000000000000000
STEP 9 P2 MOVE 3 15 4 15
OWN
00000111000020000
00000000000020000
00111100000020000
00000000000111020
22200000111100020
22200000000220011
00000000000220000
00000000000000000
00000000000000000
00000000000000000
STEP 10 P1 MOVE 5 8 6 8
OWN
00000111000020000
00000000000020000
00111100000020000
00000000000111020
22200000111100020
22200000100220011
00000000100220000
00000000000000000
00000000000000000
00000000000000000
STEP 11 P2 MOVE 7 9 7 11
OWN
00000111000020000
00000000000020000
00111100000020000
00000000000111020
22200000111100020
22200000100220011
00000000100220000
00000000022200000
00000000000000000
00000000000000000
STEP 12 P1 MOVE 2 1 3 1
OWN
00000111000020000
00000000000020000
01111100000020000
01000000000111020
22200000111100020
22200000100220011
00000000100220000
00000000022200000
00000000000000000
00000000000000000
STEP 13 P2 MOVE 9 3 9 4
OWN
00000111000020000
00000000000020000
01111100000020000
01000000000111020
22200000111100020
22200000100220011
00000000100220000
00000000022200000
00000000000000000
00022000000000000
STEP 14 P1 MOVE 9 5 9 6
OWN
00000111000020000
00000000000020000
01111100000020000
01000000000111020
22200000111100020
22200000100220011
00000000100220000
00000000022200000
00000000000000000
00022110000000000
STEP 15 P2 MOVE 7 13 8 13
OWN
00000111000020000
00000000000020000
01111100000020000
01000000000111020
22200000111100020
22200000100220011
00000000100220000
00000000022202000
00000000000002000
00022110000000000
STEP 16 P1 MOVE 1 8 2 8
OWN
00000111000020000
00000000100020000
01111100100020000
01000000000111020
22200000111100020
22200000100220011
00000000100220000
00000000022202000
00000000000002000
00022110000000000
STEP 17 P2 MOVE 4 3 4 4
OWN
00000111000020000
00000000100020000
01111100100020000
01000000000111020
22222000111100020
22200000100220011
00000000100220000
00000000022202000
00000000000002000
00022110000000000
STEP 18 P1 MOVE 0 14 1 14
OWN
00000111000020100
00000000100020100
01111100100020000
01000000000111020
22222000111100020
22200000100220011
00000000100220000
00000000022202000
00000000000002000
00022110000000000
STEP 19 P2 MOVE 1 13 2 13
OWN
00000111000020100
00000000100022100
01111100100022000
01000000000111020
22222000111100020
22200000100220011
00000000100220000
00000000022202000
00000000000002000
00022110000000000
STEP 20 P1 MOVE 7 7 8 7
OWN
00000111000020100
00000000100022100
01111100100022000
01000000000111020
22222000111100020
22200000100220011
00000000100220000
00000001022202000
00000001000002000
00022110000000000
STEP 21 P2 MOVE 8 14 9 14
OWN
00000111000020100
00000000100022100
01111100100022000
01000000000111020
22222000111100020
22200000100220011
00000000100220000
00000001022202000
00000001000002200
00022110000000200
STEP 22 P1 MOVE 6 0 7 0
OWN
00000111000020100
00000000100022100
01111100100022000
01000000000111020
22222000111100020
22200000100220011
10000000100220000
10000001022202000
00000001000002200
00022110000000200
STEP 23 P2 MOVE 9 11 9 12
OWN
00000111000020100
00000000100022100
01111100100022000
01000000000111020
22222000111100020
22200000100220011
10000000100220000
10000001022202000
00000001000002200
00022110000220200
STEP 24 P1 MOVE 0 13 4 13
OWN
00000111000021100
00000000100021100
01111100100021000
01000000000111020
22222000111101020
22200000100220011
10000000100220000
10000001022202000
00000001000002200
00022110000220200
STEP 25 P2 MOVE 1 11 1 16
OWN
00000111000021100
00000000100222222
01111100100021000
01000000000111020
22222000111101020
22200000100220011
10000000100220000
10000001022202000
00000001000002200
00022110000220200
STEP 26 P1 MOVE 7 1 7 2
OWN
00000111000021100
00000000100222222
01111100100021000
01000000000111020
22222000111101020
22200000100220011
10000000100220000
11100001022202000
00000001000002200
00022110000220200
STEP 27 P2 MOVE 2 14 3 14
OWN
00000111000021100
00000000100222222
01111100100021200
01000000000111220
22222000111101020
22200000100220011
10000000100220000
11100001022202000
00000001000002200
00022110000220200
STEP 28 P1 MOVE 3 5 4 5
OWN
00000111000021100
00000000100222222
01111100100021200
01000100000111220
22222100111101020
22200000100220011
10000000100220000
11100001022202000
00000001000002200
00022110000220200
STEP 29 P2 MOVE 7 15 7 16
OWN
00000111000021100
00000000100222222
01111100100021200
01000100000111220
22222100111101020
22200000100220011
10000000100220000
11100001022202022
00000001000002200
00022110000220200
STEP 30 P1 MOVE 6 15 8 15
OWN
00000111000021100
00000000100222222
01111100100021200
01000100000111220
22222100111101020
22200000100220011
10000000100220010
11100001022202012
00000001000002210
00022110000220200
STEP 31 P2 MOVE 9 10 9 13
OWN
00000111000021100
00000000100222222
01111100100021200
01000100000111220
22222100111101020
22200000100220011
10000000100220010
11100001022202012
00000001000002210
00022110002222200
STEP 32 P1 MOVE -1 -1 -1 -1
OWN
00000111000021100
00000000100222222
01111100100021200
01000100000111220
22222100111101020
22200000100220011
10000000100220010
11100001022202012
00000001000002210
00022110002222200
STEP 33 P2 MOVE 3 4 5 5
OWN
00000111000021100
00000000100222222
01111100100021200
01002200000111220
22222200111101020
22202200100220011
10000000100220010
11100001022202012
00000001000002210
00022110002222200
STEP 34 P1 MOVE 1 5 6 5
OWN
00000111000021100
00000100100222222
01111100100021200
01002100000111220
22222100111101020
22202100100220011
10000100100220010
11100001022202012
00000001000002210
00022110002222200
STEP 35 P2 MOVE 4 12 4 14
OWN
00000111000021100
00000100100222222
01111100100021200
01002100000111220
22222100111122220
22202100100220011
10000100100220010
11100001022202012
00000001000002210
00022110002222200
STEP 36 P1 MOVE 4 6 4 16
OWN
00000111000021100
00000100100222222
01111100100021200
01002100000111220
22222111111111111
22202100100220011
10000100100220010
11100001022202012
00000001000002210
00022110002222200
STEP 37 P2 MOVE 3 7 5 7
OWN
00000111000021100
00000100100222222
01111100100021200
01002102000111220
22222112111111111
22202102100220011
10000100100220010
11100001022202012
00000001000002210
00022110002222200
STEP 38 P1 MOVE 6 16 8 16
OWN
00000111000021100
00000100100222222
01111100100021200
01002102000111220
22222112111111111
22202102100220011
10000100100220011
11100001022202011
00000001000002211
00022110002222200
STEP 39 P2 MOVE -1 -1 -1 -1
OWN
00000111000021100
00000100100222222
01111100100021200
01002102000111220
22222112111111111
22202102100220011
10000100100220011
11100001022202011
00000001000002211
00022110002222200
STEP 40 P1 MOVE -1 -1 -1 -1
OWN
00000111000021100
00000100100222222
01111100100021200
01002102000111220
22222112111111111
22202102100220011
10000100100220011
11100001022202011
00000001000002211
00022110002222200
RESULT first=50 second=41 winner=1
ANALYSIS winner=P1 score=50-41 reason=Ĺ»ĂëżěŔ§(+5Ä­ »©ľŃŔ˝,2ąčČż°ú) steal(w/l)=11/6 neu(w/l)=45/46
