BOARD
85841816319146984
53161243283383598
66722388996225569
31643565568496622
91581475813177964
52114881185449693
29888842783871252
55555423292549445
87771797833325536
86688535571794653
STEP 0 P1 MOVE 2 1 5 1
OWN
00000000000000000
00000000000000000
01000000000000000
01000000000000000
01000000000000000
01000000000000000
00000000000000000
00000000000000000
00000000000000000
00000000000000000
STEP 1 P2 MOVE 0 11 3 11
OWN
00000000000200000
00000000000200000
01000000000200000
01000000000200000
01000000000000000
01000000000000000
00000000000000000
00000000000000000
00000000000000000
00000000000000000
STEP 2 P1 MOVE 1 4 1 7
OWN
00000000000200000
00001111000200000
01000000000200000
01000000000200000
01000000000000000
01000000000000000
00000000000000000
00000000000000000
00000000000000000
00000000000000000
STEP 3 P2 MOVE 1 3 2 4
OWN
00000000000200000
00022111000200000
01022000000200000
01000000000200000
01000000000000000
01000000000000000
00000000000000000
00000000000000000
00000000000000000
00000000000000000
STEP 4 P1 MOVE 5 10 7 10
OWN
00000000000200000
00022111000200000
01022000000200000
01000000000200000
01000000000000000
01000000001000000
00000000001000000
00000000001000000
00000000000000000
00000000000000000
STEP 5 P2 MOVE 6 13 6 16
OWN
00000000000200000
00022111000200000
01022000000200000
01000000000200000
01000000000000000
01000000001000000
00000000001002222
00000000001000000
00000000000000000
00000000000000000
STEP 6 P1 MOVE 0 9 0 10
OWN
00000000011200000
00022111000200000
01022000000200000
01000000000200000
01000000000000000
01000000001000000
00000000001002222
00000000001000000
00000000000000000
00000000000000000
STEP 7 P2 MOVE 5 14 7 14
OWN
00000000011200000
00022111000200000
01022000000200000
01000000000200000
01000000000000000
01000000001000200
00000000001002222
00000000001000200
00000000000000000
00000000000000000
STEP 8 P1 MOVE 3 14 3 16
OWN
00000000011200000
00022111000200000
01022000000200000
01000000000200111
01000000000000000
01000000001000200
00000000001002222
00000000001000200
00000000000000000
00000000000000000
STEP 9 P2 MOVE 8 11 8 13
OWN
00000000011200000
00022111000200000
01022000000200000
01000000000200111
01000000000000000
01000000001000200
00000000001002222
00000000001000200
00000000000222000
00000000000000000
STEP 10 P1 MOVE 5 8 7 8
OWN
00000000011200000
00022111000200000
01022000000200000
01000000000200111
01000000000000000
01000000101000200
00000000101002222
00000000101000200
00000000000222000
00000000000000000
STEP 11 P2 MOVE 6 7 6 9
OWN
00000000011200000
00022111000200000
01022000000200000
01000000000200111
01000000000000000
01000000101000200
00000002221002222
00000000101000200
00000000000222000
00000000000000000
STEP 12 P1 MOVE 3 7 4 7
OWN
00000000011200000
00022111000200000
01022000000200000
01000001000200111
01000001000000000
01000000101000200
00000002221002222
00000000101000200
00000000000222000
00000000000000000
STEP 13 P2 MOVE 1 12 2 12
OWN
00000000011200000
00022111000220000
01022000000220000
01000001000200111
01000001000000000
01000000101000200
00000002221002222
00000000101000200
00000000000222000
00000000000000000
STEP 14 P1 MOVE 2 13 2 14
OWN
00000000011200000
00022111000220000
01022000000221100
01000001000200111
01000001000000000
01000000101000200
00000002221002222
00000000101000200
00000000000222000
00000000000000000
STEP 15 P2 MOVE 4 15 4 16
OWN
00000000011200000
00022111000220000
01022000000221100
01000001000200111
01000001000000022
01000000101000200
00000002221002222
00000000101000200
00000000000222000
00000000000000000
STEP 16 P1 MOVE 7 3 7 4
OWN
00000000011200000
00022111000220000
01022000000221100
01000001000200111
01000001000000022
01000000101000200
00000002221002222
00011000101000200
00000000000222000
00000000000000000
STEP 17 P2 MOVE 7 1 7 2
OWN
00000000011200000
00022111000220000
01022000000221100
01000001000200111
01000001000000022
01000000101000200
00000002221002222
02211000101000200
00000000000222000
00000000000000000
STEP 18 P1 MOVE 0 12 0 13
OWN
00000000011211000
00022111000220000
01022000000221100
01000001000200111
01000001000000022
01000000101000200
00000002221002222
02211000101000200
00000000000222000
00000000000000000
STEP 19 P2 MOVE 0 6 0 8
OWN
00000022211211000
00022111000220000
01022000000221100
01000001000200111
01000001000000022
01000000101000200
00000002221002222
02211000101000200
00000000000222000
00000000000000000
STEP 20 P1 MOVE 1 8 1 9
OWN
00000022211211000
00022111110220000
01022000000221100
01000001000200111
01000001000000022
01000000101000200
00000002221002222
02211000101000200
00000000000222000
00000000000000000
STEP 21 P2 MOVE 7 7 8 7
OWN
00000022211211000
00022111110220000
01022000000221100
01000001000200111
01000001000000022
01000000101000200
00000002221002222
02211002101000200
00000002000222000
00000000000000000
STEP 22 P1 MOVE 2 2 2 5
OWN
00000022211211000
00022111110220000
01111100000221100
01000001000200111
01000001000000022
01000000101000200
00000002221002222
02211002101000200
00000002000222000
00000000000000000
STEP 23 P2 MOVE 1 1 3 2
OWN
00000022211211000
02222111110220000
02211100000221100
02200001000200111
01000001000000022
01000000101000200
00000002221002222
02211002101000200
00000002000222000
00000000000000000
STEP 24 P1 MOVE 3 0 3 4
OWN
00000022211211000
02222111110220000
02211100000221100
11111001000200111
01000001000000022
01000000101000200
00000002221002222
02211002101000200
00000002000222000
00000000000000000
STEP 25 P2 MOVE 3 4 4 5
OWN
00000022211211000
02222111110220000
02211100000221100
11112201000200111
01002201000000022
01000000101000200
00000002221002222
02211002101000200
00000002000222000
00000000000000000
STEP 26 P1 MOVE 8 9 9 9
OWN
00000022211211000
02222111110220000
02211100000221100
11112201000200111
01002201000000022
01000000101000200
00000002221002222
02211002101000200
00000002010222000
00000000010000000
STEP 27 P2 MOVE 9 7 9 8
OWN
00000022211211000
02222111110220000
02211100000221100
11112201000200111
01002201000000022
01000000101000200
00000002221002222
02211002101000200
00000002010222000
00000002210000000
STEP 28 P1 MOVE 9 13 9 14
OWN
00000022211211000
02222111110220000
02211100000221100
11112201000200111
01002201000000022
01000000101000200
00000002221002222
02211002101000200
00000002010222000
00000002210001100
STEP 29 P2 MOVE -1 -1 -1 -1
OWN
00000022211211000
02222111110220000
02211100000221100
11112201000200111
01002201000000022
01000000101000200
00000002221002222
02211002101000200
00000002010222000
00000002210001100
STEP 30 P1 MOVE -1 -1 -1 -1
OWN
00000022211211000
02222111110220000
02211100000221100
11112201000200111
01002201000000022
01000000101000200
00000002221002222
02211002101000200
00000002010222000
00000002210001100
RESULT first=36 second=39 winner=2
ANALYSIS winner=P2 score=36-39 reason=±ŮĽŇşąÇŐżěŔ§ steal(w/l)=6/4 neu(w/l)=37/38
