BOARD
23432912317777286
95995459234745862
36429972758927189
19845326382741147
14284642581345989
98131972498563828
64961442441148886
76624792469417832
47891138133996928
69919664412898691
STEP 0 P1 MOVE 6 9 6 12
OWN
00000000000000000
00000000000000000
00000000000000000
00000000000000000
00000000000000000
00000000000000000
00000000011110000
00000000000000000
00000000000000000
00000000000000000
STEP 1 P2 MOVE 1 14 3 14
OWN
00000000000000000
00000000000000200
00000000000000200
00000000000000200
00000000000000000
00000000000000000
00000000011110000
00000000000000000
00000000000000000
00000000000000000
STEP 2 P1 MOVE 4 4 7 4
OWN
00000000000000000
00000000000000200
00000000000000200
00000000000000200
00001000000000000
00001000000000000
00001000011110000
00001000000000000
00000000000000000
00000000000000000
STEP 3 P2 MOVE 7 8 7 9
OWN
00000000000000000
00000000000000200
00000000000000200
00000000000000200
00001000000000000
00001000000000000
00001000011110000
00001000220000000
00000000000000000
00000000000000000
STEP 4 P1 MOVE 6 3 6 5
OWN
00000000000000000
00000000000000200
00000000000000200
00000000000000200
00001000000000000
00001000000000000
00011100011110000
00001000220000000
00000000000000000
00000000000000000
STEP 5 P2 MOVE 2 7 4 7
OWN
00000000000000000
00000000000000200
00000002000000200
00000002000000200
00001002000000000
00001000000000000
00011100011110000
00001000220000000
00000000000000000
00000000000000000
STEP 6 P1 MOVE 0 1 0 3
OWN
01110000000000000
00000000000000200
00000002000000200
00000002000000200
00001002000000000
00001000000000000
00011100011110000
00001000220000000
00000000000000000
00000000000000000
STEP 7 P2 MOVE 3 4 3 6
OWN
01110000000000000
00000000000000200
00000002000000200
00002222000000200
00001002000000000
00001000000000000
00011100011110000
00001000220000000
00000000000000000
00000000000000000
STEP 8 P1 MOVE 2 4 8 4
OWN
01110000000000000
00000000000000200
00001002000000200
00001222000000200
00001002000000000
00001000000000000
00011100011110000
00001000220000000
00001000000000000
00000000000000000
STEP 9 P2 MOVE 8 3 8 5
OWN
01110000000000000
00000000000000200
00001002000000200
00001222000000200
00001002000000000
00001000000000000
00011100011110000
00001000220000000
00022200000000000
00000000000000000
STEP 10 P1 MOVE 4 15 5 15
OWN
01110000000000000
00000000000000200
00001002000000200
00001222000000200
00001002000000010
00001000000000010
00011100011110000
00001000220000000
00022200000000000
00000000000000000
STEP 11 P2 MOVE 9 3 9 4
OWN
01110000000000000
00000000000000200
00001002000000200
00001222000000200
00001002000000010
00001000000000010
00011100011110000
00001000220000000
00022200000000000
00022000000000000
STEP 12 P1 MOVE 7 12 8 12
OWN
01110000000000000
00000000000000200
00001002000000200
00001222000000200
00001002000000010
00001000000000010
00011100011110000
00001000220010000
00022200000010000
00022000000000000
STEP 13 P2 MOVE 6 0 6 1
OWN
01110000000000000
00000000000000200
00001002000000200
00001222000000200
00001002000000010
00001000000000010
22011100011110000
00001000220010000
00022200000010000
00022000000000000
STEP 14 P1 MOVE 4 0 5 0
OWN
01110000000000000
00000000000000200
00001002000000200
00001222000000200
10001002000000010
10001000000000010
22011100011110000
00001000220010000
00022200000010000
00022000000000000
STEP 15 P2 MOVE 0 14 0 15
OWN
01110000000000220
00000000000000200
00001002000000200
00001222000000200
10001002000000010
10001000000000010
22011100011110000
00001000220010000
00022200000010000
00022000000000000
STEP 16 P1 MOVE 2 1 2 2
OWN
01110000000000220
00000000000000200
01101002000000200
00001222000000200
10001002000000010
10001000000000010
22011100011110000
00001000220010000
00022200000010000
00022000000000000
STEP 17 P2 MOVE 5 2 6 2
OWN
01110000000000220
00000000000000200
01101002000000200
00001222000000200
10001002000000010
10201000000000010
22211100011110000
00001000220010000
00022200000010000
00022000000000000
STEP 18 P1 MOVE 9 6 9 7
OWN
01110000000000220
00000000000000200
01101002000000200
00001222000000200
10001002000000010
10201000000000010
22211100011110000
00001000220010000
00022200000010000
00022011000000000
STEP 19 P2 MOVE 9 15 9 16
OWN
01110000000000220
00000000000000200
01101002000000200
00001222000000200
10001002000000010
10201000000000010
22211100011110000
00001000220010000
00022200000010000
00022011000000022
STEP 20 P1 MOVE 8 15 8 16
OWN
01110000000000220
00000000000000200
01101002000000200
00001222000000200
10001002000000010
10201000000000010
22211100011110000
00001000220010000
00022200000010011
00022011000000022
STEP 21 P2 MOVE 8 0 9 0
OWN
01110000000000220
00000000000000200
01101002000000200
00001222000000200
10001002000000010
10201000000000010
22211100011110000
00001000220010000
20022200000010011
20022011000000022
STEP 22 P1 MOVE 2 10 3 10
OWN
01110000000000220
00000000000000200
01101002001000200
00001222001000200
10001002000000010
10201000000000010
22211100011110000
00001000220010000
20022200000010011
20022011000000022
STEP 23 P2 MOVE 3 2 4 2
OWN
01110000000000220
00000000000000200
01101002001000200
00201222001000200
10201002000000010
10201000000000010
22211100011110000
00001000220010000
20022200000010011
20022011000000022
STEP 24 P1 MOVE 1 12 3 12
OWN
01110000000000220
00000000000010200
01101002001010200
00201222001010200
10201002000000010
10201000000000010
22211100011110000
00001000220010000
20022200000010011
20022011000000022
STEP 25 P2 MOVE 4 12 5 12
OWN
01110000000000220
00000000000010200
01101002001010200
00201222001010200
10201002000020010
10201000000020010
22211100011110000
00001000220010000
20022200000010011
20022011000000022
STEP 26 P1 MOVE 4 5 4 6
OWN
01110000000000220
00000000000010200
01101002001010200
00201222001010200
10201112000020010
10201000000020010
22211100011110000
00001000220010000
20022200000010011
20022011000000022
STEP 27 P2 MOVE 7 7 8 7
OWN
01110000000000220
00000000000010200
01101002001010200
00201222001010200
10201112000020010
10201000000020010
22211100011110000
00001002220010000
20022202000010011
20022011000000022
STEP 28 P1 MOVE 6 7 8 9
OWN
01110000000000220
00000000000010200
01101002001010200
00201222001010200
10201112000020010
10201000000020010
22211101111110000
00001001110010000
20022201110010011
20022011000000022
STEP 29 P2 MOVE 9 10 9 11
OWN
01110000000000220
00000000000010200
01101002001010200
00201222001010200
10201112000020010
10201000000020010
22211101111110000
00001001110010000
20022201110010011
20022011002200022
STEP 30 P1 MOVE -1 -1 -1 -1
OWN
01110000000000220
00000000000010200
01101002001010200
00201222001010200
10201112000020010
10201000000020010
22211101111110000
00001001110010000
20022201110010011
20022011002200022
STEP 31 P2 MOVE 3 0 3 1
OWN
01110000000000220
00000000000010200
01101002001010200
22201222001010200
10201112000020010
10201000000020010
22211101111110000
00001001110010000
20022201110010011
20022011002200022
STEP 32 P1 MOVE 2 0 7 0
OWN
01110000000000220
00000000000010200
11101002001010200
12201222001010200
10201112000020010
10201000000020010
12211101111110000
10001001110010000
20022201110010011
20022011002200022
STEP 33 P2 MOVE 5 7 9 8
OWN
01110000000000220
00000000000010200
11101002001010200
12201222001010200
10201112000020010
10201002200020010
12211102211110000
10001002210010000
20022202210010011
20022012202200022
STEP 34 P1 MOVE 8 5 9 9
OWN
01110000000000220
00000000000010200
11101002001010200
12201222001010200
10201112000020010
10201002200020010
12211102211110000
10001002210010000
20022111110010011
20022111112200022
STEP 35 P2 MOVE 3 11 4 11
OWN
01110000000000220
00000000000010200
11101002001010200
12201222001210200
10201112000220010
10201002200020010
12211102211110000
10001002210010000
20022111110010011
20022111112200022
STEP 36 P1 MOVE 2 10 4 11
OWN
01110000000000220
00000000000010200
11101002001110200
12201222001110200
10201112001120010
10201002200020010
12211102211110000
10001002210010000
20022111110010011
20022111112200022
STEP 37 P2 MOVE -1 -1 -1 -1
OWN
01110000000000220
00000000000010200
11101002001110200
12201222001110200
10201112001120010
10201002200020010
12211102211110000
10001002210010000
20022111110010011
20022111112200022
STEP 38 P1 MOVE -1 -1 -1 -1
OWN
01110000000000220
00000000000010200
11101002001110200
12201222001110200
10201112001120010
10201002200020010
12211102211110000
10001002210010000
20022111110010011
20022111112200022
RESULT first=51 second=34 winner=1
ANALYSIS winner=P1 score=51-34 reason=Ĺ»ĂëżěŔ§(+6Ä­ »©ľŃŔ˝,2ąčČż°ú) / şóÄ­Ľ±Áˇ(+5) steal(w/l)=14/8 neu(w/l)=45/40
