BOARD
51264363667726697
46992641722513864
81499154375465391
88316323253614752
94348732554136111
71158559121188178
73529434292656748
37376679721392164
29546166912489992
17274921847776417
STEP 0 P1 MOVE 1 7 4 7
OWN
00000000000000000
00000001000000000
00000001000000000
00000001000000000
00000001000000000
00000000000000000
00000000000000000
00000000000000000
00000000000000000
00000000000000000
STEP 1 P2 MOVE 2 6 4 6
OWN
00000000000000000
00000001000000000
00000021000000000
00000021000000000
00000021000000000
00000000000000000
00000000000000000
00000000000000000
00000000000000000
00000000000000000
STEP 2 P1 MOVE 0 12 3 12
OWN
00000000000010000
00000001000010000
00000021000010000
00000021000010000
00000021000000000
00000000000000000
00000000000000000
00000000000000000
00000000000000000
00000000000000000
STEP 3 P2 MOVE 5 1 6 2
OWN
00000000000010000
00000001000010000
00000021000010000
00000021000010000
00000021000000000
02200000000000000
02200000000000000
00000000000000000
00000000000000000
00000000000000000
STEP 4 P1 MOVE 3 2 3 4
OWN
00000000000010000
00000001000010000
00000021000010000
00111021000010000
00000021000000000
02200000000000000
02200000000000000
00000000000000000
00000000000000000
00000000000000000
STEP 5 P2 MOVE 2 2 7 2
OWN
00000000000010000
00000001000010000
00200021000010000
00211021000010000
00200021000000000
02200000000000000
02200000000000000
00200000000000000
00000000000000000
00000000000000000
STEP 6 P1 MOVE 3 5 3 9
OWN
00000000000010000
00000001000010000
00200021000010000
00211111110010000
00200021000000000
02200000000000000
02200000000000000
00200000000000000
00000000000000000
00000000000000000
STEP 7 P2 MOVE 5 8 7 8
OWN
00000000000010000
00000001000010000
00200021000010000
00211111110010000
00200021000000000
02200000200000000
02200000200000000
00200000200000000
00000000000000000
00000000000000000
STEP 8 P1 MOVE 2 1 2 3
OWN
00000000000010000
00000001000010000
01110021000010000
00211111110010000
00200021000000000
02200000200000000
02200000200000000
00200000200000000
00000000000000000
00000000000000000
STEP 9 P2 MOVE 6 15 7 15
OWN
00000000000010000
00000001000010000
01110021000010000
00211111110010000
00200021000000000
02200000200000000
02200000200000020
00200000200000020
00000000000000000
00000000000000000
STEP 10 P1 MOVE 4 14 7 14
OWN
00000000000010000
00000001000010000
01110021000010000
00211111110010000
00200021000000100
02200000200000100
02200000200000120
00200000200000120
00000000000000000
00000000000000000
STEP 11 P2 MOVE 9 0 9 2
OWN
00000000000010000
00000001000010000
01110021000010000
00211111110010000
00200021000000100
02200000200000100
02200000200000120
00200000200000120
00000000000000000
22200000000000000
STEP 12 P1 MOVE 4 12 4 15
OWN
00000000000010000
00000001000010000
01110021000010000
00211111110010000
00200021000011110
02200000200000100
02200000200000120
00200000200000120
00000000000000000
22200000000000000
STEP 13 P2 MOVE 0 5 2 5
OWN
00000200000010000
00000201000010000
01110221000010000
00211111110010000
00200021000011110
02200000200000100
02200000200000120
00200000200000120
00000000000000000
22200000000000000
STEP 14 P1 MOVE 0 4 0 6
OWN
00001110000010000
00000201000010000
01110221000010000
00211111110010000
00200021000011110
02200000200000100
02200000200000120
00200000200000120
00000000000000000
22200000000000000
STEP 15 P2 MOVE 4 9 4 11
OWN
00001110000010000
00000201000010000
01110221000010000
00211111110010000
00200021022211110
02200000200000100
02200000200000120
00200000200000120
00000000000000000
22200000000000000
STEP 16 P1 MOVE 7 0 7 1
OWN
00001110000010000
00000201000010000
01110221000010000
00211111110010000
00200021022211110
02200000200000100
02200000200000120
11200000200000120
00000000000000000
22200000000000000
STEP 17 P2 MOVE 6 5 7 5
OWN
00001110000010000
00000201000010000
01110221000010000
00211111110010000
00200021022211110
02200000200000100
02200200200000120
11200200200000120
00000000000000000
22200000000000000
STEP 18 P1 MOVE 8 5 9 5
OWN
00001110000010000
00000201000010000
01110221000010000
00211111110010000
00200021022211110
02200000200000100
02200200200000120
11200200200000120
00000100000000000
22200100000000000
STEP 19 P2 MOVE 1 0 1 1
OWN
00001110000010000
22000201000010000
01110221000010000
00211111110010000
00200021022211110
02200000200000100
02200200200000120
11200200200000120
00000100000000000
22200100000000000
STEP 20 P1 MOVE 6 6 7 6
OWN
00001110000010000
22000201000010000
01110221000010000
00211111110010000
00200021022211110
02200000200000100
02200210200000120
11200210200000120
00000100000000000
22200100000000000
STEP 21 P2 MOVE 3 11 3 13
OWN
00001110000010000
22000201000010000
01110221000010000
00211111110222000
00200021022211110
02200000200000100
02200210200000120
11200210200000120
00000100000000000
22200100000000000
STEP 22 P1 MOVE 1 11 5 11
OWN
00001110000010000
22000201000110000
01110221000110000
00211111110122000
00200021022111110
02200000200100100
02200210200000120
11200210200000120
00000100000000000
22200100000000000
STEP 23 P2 MOVE 8 15 9 15
OWN
00001110000010000
22000201000110000
01110221000110000
00211111110122000
00200021022111110
02200000200100100
02200210200000120
11200210200000120
00000100000000020
22200100000000020
STEP 24 P1 MOVE 9 13 9 14
OWN
00001110000010000
22000201000110000
01110221000110000
00211111110122000
00200021022111110
02200000200100100
02200210200000120
11200210200000120
00000100000000020
22200100000001120
STEP 25 P2 MOVE 1 8 2 8
OWN
00001110000010000
22000201200110000
01110221200110000
00211111110122000
00200021022111110
02200000200100100
02200210200000120
11200210200000120
00000100000000020
22200100000001120
STEP 26 P1 MOVE 8 3 8 4
OWN
00001110000010000
22000201200110000
01110221200110000
00211111110122000
00200021022111110
02200000200100100
02200210200000120
11200210200000120
00011100000000020
22200100000001120
STEP 27 P2 MOVE 2 10 2 13
OWN
00001110000010000
22000201200110000
01110221202222000
00211111110122000
00200021022111110
02200000200100100
02200210200000120
11200210200000120
00011100000000020
22200100000001120
STEP 28 P1 MOVE 2 9 3 10
OWN
00001110000010000
22000201200110000
01110221211222000
00211111111122000
00200021022111110
02200000200100100
02200210200000120
11200210200000120
00011100000000020
22200100000001120
STEP 29 P2 MOVE 7 4 9 4
OWN
00001110000010000
22000201200110000
01110221211222000
00211111111122000
00200021022111110
02200000200100100
02200210200000120
11202210200000120
00012100000000020
22202100000001120
STEP 30 P1 MOVE 9 3 9 7
OWN
00001110000010000
22000201200110000
01110221211222000
00211111111122000
00200021022111110
02200000200100100
02200210200000120
11202210200000120
00012100000000020
22211111000001120
STEP 31 P2 MOVE 7 10 8 11
OWN
00001110000010000
22000201200110000
01110221211222000
00211111111122000
00200021022111110
02200000200100100
02200210200000120
11202210202200120
00012100002200020
22211111000001120
STEP 32 P1 MOVE 2 15 2 16
OWN
00001110000010000
22000201200110000
01110221211222011
00211111111122000
00200021022111110
02200000200100100
02200210200000120
11202210202200120
00012100002200020
22211111000001120
STEP 33 P2 MOVE 5 10 9 10
OWN
00001110000010000
22000201200110000
01110221211222011
00211111111122000
00200021022111110
02200000202100100
02200210202000120
11202210202200120
00012100002200020
22211111002001120
STEP 34 P1 MOVE 5 9 5 12
OWN
00001110000010000
22000201200110000
01110221211222011
00211111111122000
00200021022111110
02200000211110100
02200210202000120
11202210202200120
00012100002200020
22211111002001120
STEP 35 P2 MOVE 8 8 8 9
OWN
00001110000010000
22000201200110000
01110221211222011
00211111111122000
00200021022111110
02200000211110100
02200210202000120
11202210202200120
00012100222200020
22211111002001120
STEP 36 P1 MOVE 1 15 1 16
OWN
00001110000010000
22000201200110011
01110221211222011
00211111111122000
00200021022111110
02200000211110100
02200210202000120
11202210202200120
00012100222200020
22211111002001120
STEP 37 P2 MOVE 2 14 3 14
OWN
00001110000010000
22000201200110011
01110221211222211
00211111111122200
00200021022111110
02200000211110100
02200210202000120
11202210202200120
00012100222200020
22211111002001120
STEP 38 P1 MOVE 5 5 5 6
OWN
00001110000010000
22000201200110011
01110221211222211
00211111111122200
00200021022111110
02200110211110100
02200210202000120
11202210202200120
00012100222200020
22211111002001120
STEP 39 P2 MOVE -1 -1 -1 -1
OWN
00001110000010000
22000201200110011
01110221211222211
00211111111122200
00200021022111110
02200110211110100
02200210202000120
11202210202200120
00012100222200020
22211111002001120
STEP 40 P1 MOVE -1 -1 -1 -1
OWN
00001110000010000
22000201200110011
01110221211222211
00211111111122200
00200021022111110
02200110211110100
02200210202000120
11202210202200120
00012100222200020
22211111002001120
RESULT first=54 second=46 winner=1
ANALYSIS winner=P1 score=54-46 reason=Ĺ»ĂëżěŔ§(+3Ä­ »©ľŃŔ˝,2ąčČż°ú) steal(w/l)=8/5 neu(w/l)=51/49
