BOARD
61153826163455263
44759431637747686
57132118118274714
69672835432729542
93411843944355112
62249692734223738
18997657294884486
96691475368246358
29191225389414135
74483193933972561
STEP 0 P1 MOVE 8 4 8 7
OWN
00000000000000000
00000000000000000
00000000000000000
00000000000000000
00000000000000000
00000000000000000
00000000000000000
00000000000000000
00001111000000000
00000000000000000
STEP 1 P2 MOVE 6 13 7 13
OWN
00000000000000000
00000000000000000
00000000000000000
00000000000000000
00000000000000000
00000000000000000
00000000000002000
00000000000002000
00001111000000000
00000000000000000
STEP 2 P1 MOVE 0 1 0 4
OWN
01111000000000000
00000000000000000
00000000000000000
00000000000000000
00000000000000000
00000000000000000
00000000000002000
00000000000002000
00001111000000000
00000000000000000
STEP 3 P2 MOVE 3 7 5 7
OWN
01111000000000000
00000000000000000
00000000000000000
00000002000000000
00000002000000000
00000002000000000
00000000000002000
00000000000002000
00001111000000000
00000000000000000
STEP 4 P1 MOVE 2 5 2 7
OWN
01111000000000000
00000000000000000
00000111000000000
00000002000000000
00000002000000000
00000002000000000
00000000000002000
00000000000002000
00001111000000000
00000000000000000
STEP 5 P2 MOVE 0 12 0 13
OWN
01111000000022000
00000000000000000
00000111000000000
00000002000000000
00000002000000000
00000002000000000
00000000000002000
00000000000002000
00001111000000000
00000000000000000
STEP 6 P1 MOVE 9 5 9 6
OWN
01111000000022000
00000000000000000
00000111000000000
00000002000000000
00000002000000000
00000002000000000
00000000000002000
00000000000002000
00001111000000000
00000110000000000
STEP 7 P2 MOVE 2 10 2 11
OWN
01111000000022000
00000000000000000
00000111002200000
00000002000000000
00000002000000000
00000002000000000
00000000000002000
00000000000002000
00001111000000000
00000110000000000
STEP 8 P1 MOVE 6 5 7 5
OWN
01111000000022000
00000000000000000
00000111002200000
00000002000000000
00000002000000000
00000002000000000
00000100000002000
00000100000002000
00001111000000000
00000110000000000
STEP 9 P2 MOVE 5 11 6 11
OWN
01111000000022000
00000000000000000
00000111002200000
00000002000000000
00000002000000000
00000002000200000
00000100000202000
00000100000002000
00001111000000000
00000110000000000
STEP 10 P1 MOVE 6 0 7 0
OWN
01111000000022000
00000000000000000
00000111002200000
00000002000000000
00000002000000000
00000002000200000
10000100000202000
10000100000002000
00001111000000000
00000110000000000
STEP 11 P2 MOVE 5 1 6 1
OWN
01111000000022000
00000000000000000
00000111002200000
00000002000000000
00000002000000000
02000002000200000
12000100000202000
10000100000002000
00001111000000000
00000110000000000
STEP 12 P1 MOVE 0 0 1 0
OWN
11111000000022000
10000000000000000
00000111002200000
00000002000000000
00000002000000000
02000002000200000
12000100000202000
10000100000002000
00001111000000000
00000110000000000
STEP 13 P2 MOVE 4 12 4 13
OWN
11111000000022000
10000000000000000
00000111002200000
00000002000000000
00000002000022000
02000002000200000
12000100000202000
10000100000002000
00001111000000000
00000110000000000
STEP 14 P1 MOVE 5 8 5 9
OWN
11111000000022000
10000000000000000
00000111002200000
00000002000000000
00000002000022000
02000002110200000
12000100000202000
10000100000002000
00001111000000000
00000110000000000
STEP 15 P2 MOVE 3 10 5 10
OWN
11111000000022000
10000000000000000
00000111002200000
00000002002000000
00000002002022000
02000002112200000
12000100000202000
10000100000002000
00001111000000000
00000110000000000
STEP 16 P1 MOVE 3 11 4 11
OWN
11111000000022000
10000000000000000
00000111002200000
00000002002100000
00000002002122000
02000002112200000
12000100000202000
10000100000002000
00001111000000000
00000110000000000
STEP 17 P2 MOVE 5 13 5 14
OWN
11111000000022000
10000000000000000
00000111002200000
00000002002100000
00000002002122000
02000002112202200
12000100000202000
10000100000002000
00001111000000000
00000110000000000
STEP 18 P1 MOVE 1 16 2 16
OWN
11111000000022000
10000000000000001
00000111002200001
00000002002100000
00000002002122000
02000002112202200
12000100000202000
10000100000002000
00001111000000000
00000110000000000
STEP 19 P2 MOVE 4 4 5 4
OWN
11111000000022000
10000000000000001
00000111002200001
00000002002100000
00002002002122000
02002002112202200
12000100000202000
10000100000002000
00001111000000000
00000110000000000
STEP 20 P1 MOVE 1 9 1 10
OWN
11111000000022000
10000000011000001
00000111002200001
00000002002100000
00002002002122000
02002002112202200
12000100000202000
10000100000002000
00001111000000000
00000110000000000
STEP 21 P2 MOVE 0 8 0 10
OWN
11111000222022000
10000000011000001
00000111002200001
00000002002100000
00002002002122000
02002002112202200
12000100000202000
10000100000002000
00001111000000000
00000110000000000
STEP 22 P1 MOVE 0 5 0 6
OWN
11111110222022000
10000000011000001
00000111002200001
00000002002100000
00002002002122000
02002002112202200
12000100000202000
10000100000002000
00001111000000000
00000110000000000
STEP 23 P2 MOVE 0 6 1 7
OWN
11111122222022000
10000022011000001
00000111002200001
00000002002100000
00002002002122000
02002002112202200
12000100000202000
10000100000002000
00001111000000000
00000110000000000
STEP 24 P1 MOVE 1 5 1 8
OWN
11111122222022000
10000111111000001
00000111002200001
00000002002100000
00002002002122000
02002002112202200
12000100000202000
10000100000002000
00001111000000000
00000110000000000
STEP 25 P2 MOVE 8 1 8 2
OWN
11111122222022000
10000111111000001
00000111002200001
00000002002100000
00002002002122000
02002002112202200
12000100000202000
10000100000002000
02201111000000000
00000110000000000
STEP 26 P1 MOVE 7 1 9 1
OWN
11111122222022000
10000111111000001
00000111002200001
00000002002100000
00002002002122000
02002002112202200
12000100000202000
11000100000002000
01201111000000000
01000110000000000
STEP 27 P2 MOVE 3 3 4 4
OWN
11111122222022000
10000111111000001
00000111002200001
00022002002100000
00022002002122000
02002002112202200
12000100000202000
11000100000002000
01201111000000000
01000110000000000
STEP 28 P1 MOVE 4 2 5 3
OWN
11111122222022000
10000111111000001
00000111002200001
00022002002100000
00112002002122000
02112002112202200
12000100000202000
11000100000002000
01201111000000000
01000110000000000
STEP 29 P2 MOVE 2 2 3 3
OWN
11111122222022000
10000111111000001
00220111002200001
00222002002100000
00112002002122000
02112002112202200
12000100000202000
11000100000002000
01201111000000000
01000110000000000
STEP 30 P1 MOVE 8 11 8 14
OWN
11111122222022000
10000111111000001
00220111002200001
00222002002100000
00112002002122000
02112002112202200
12000100000202000
11000100000002000
01201111000111100
01000110000000000
STEP 31 P2 MOVE 7 13 9 14
OWN
11111122222022000
10000111111000001
00220111002200001
00222002002100000
00112002002122000
02112002112202200
12000100000202000
11000100000002200
01201111000112200
01000110000002200
STEP 32 P1 MOVE 2 15 4 16
OWN
11111122222022000
10000111111000001
00220111002200011
00222002002100011
00112002002122011
02112002112202200
12000100000202000
11000100000002200
01201111000112200
01000110000002200
STEP 33 P2 MOVE 4 9 5 15
OWN
11111122222022000
10000111111000001
00220111002200011
00222002002100011
00112002022222221
02112002122222220
12000100000202000
11000100000002200
01201111000112200
01000110000002200
STEP 34 P1 MOVE 3 12 6 12
OWN
11111122222022000
10000111111000001
00220111002200011
00222002002110011
00112002022212221
02112002122212220
12000100000212000
11000100000002200
01201111000112200
01000110000002200
STEP 35 P2 MOVE 6 11 7 14
OWN
11111122222022000
10000111111000001
00220111002200011
00222002002110011
00112002022212221
02112002122212220
12000100000222200
11000100000222200
01201111000112200
01000110000002200
STEP 36 P1 MOVE 2 4 7 4
OWN
11111122222022000
10000111111000001
00221111002200011
00221002002110011
00111002022212221
02111002122212220
12001100000222200
11001100000222200
01201111000112200
01000110000002200
STEP 37 P2 MOVE 1 4 2 8
OWN
11111122222022000
10002222211000001
00222222202200011
00221002002110011
00111002022212221
02111002122212220
12001100000222200
11001100000222200
01201111000112200
01000110000002200
STEP 38 P1 MOVE 7 4 9 6
OWN
11111122222022000
10002222211000001
00222222202200011
00221002002110011
00111002022212221
02111002122212220
12001100000222200
11001110000222200
01201111000112200
01001110000002200
STEP 39 P2 MOVE 7 2 9 2
OWN
11111122222022000
10002222211000001
00222222202200011
00221002002110011
00111002022212221
02111002122212220
12001100000222200
11201110000222200
01201111000112200
01201110000002200
STEP 40 P1 MOVE -1 -1 -1 -1
OWN
11111122222022000
10002222211000001
00222222202200011
00221002002110011
00111002022212221
02111002122212220
12001100000222200
11201110000222200
01201111000112200
01201110000002200
STEP 41 P2 MOVE -1 -1 -1 -1
OWN
11111122222022000
10002222211000001
00222222202200011
00221002002110011
00111002022212221
02111002122212220
12001100000222200
11201110000222200
01201111000112200
01201110000002200
RESULT first=46 second=56 winner=2
ANALYSIS winner=P2 score=46-56 reason=Ĺ»ĂëżěŔ§(+6Ä­ »©ľŃŔ˝,2ąčČż°ú) / żŞŔü˝Â steal(w/l)=15/9 neu(w/l)=50/52
