BOARD
46882437287841811
85256764719763254
21736929561593918
61615836524135444
54689625514216812
54749339873923729
24838691436377323
82653424868197198
85386993717442849
89125387553195534
STEP 0 P1 MOVE 2 1 5 1
OWN
00000000000000000
00000000000000000
01000000000000000
01000000000000000
01000000000000000
01000000000000000
00000000000000000
00000000000000000
00000000000000000
00000000000000000
STEP 1 P2 MOVE 2 15 6 15
OWN
00000000000000000
00000000000000000
01000000000000020
01000000000000020
01000000000000020
01000000000000020
00000000000000020
00000000000000000
00000000000000000
00000000000000000
STEP 2 P1 MOVE 2 6 5 6
OWN
00000000000000000
00000000000000000
01000010000000020
01000010000000020
01000010000000020
01000010000000020
00000000000000020
00000000000000000
00000000000000000
00000000000000000
STEP 3 P2 MOVE 1 9 4 9
OWN
00000000000000000
00000000020000000
01000010020000020
01000010020000020
01000010020000020
01000010000000020
00000000000000020
00000000000000000
00000000000000000
00000000000000000
STEP 4 P1 MOVE 4 14 4 16
OWN
00000000000000000
00000000020000000
01000010020000020
01000010020000020
01000010020000111
01000010000000020
00000000000000020
00000000000000000
00000000000000000
00000000000000000
STEP 5 P2 MOVE 0 14 0 16
OWN
00000000000000222
00000000020000000
01000010020000020
01000010020000020
01000010020000111
01000010000000020
00000000000000020
00000000000000000
00000000000000000
00000000000000000
STEP 6 P1 MOVE 7 5 7 7
OWN
00000000000000222
00000000020000000
01000010020000020
01000010020000020
01000010020000111
01000010000000020
00000000000000020
00000111000000000
00000000000000000
00000000000000000
STEP 7 P2 MOVE 8 11 8 13
OWN
00000000000000222
00000000020000000
01000010020000020
01000010020000020
01000010020000111
01000010000000020
00000000000000020
00000111000000000
00000000000222000
00000000000000000
STEP 8 P1 MOVE 4 12 6 12
OWN
00000000000000222
00000000020000000
01000010020000020
01000010020000020
01000010020010111
01000010000010020
00000000000010020
00000111000000000
00000000000222000
00000000000000000
STEP 9 P2 MOVE 5 13 5 14
OWN
00000000000000222
00000000020000000
01000010020000020
01000010020000020
01000010020010111
01000010000012220
00000000000010020
00000111000000000
00000000000222000
00000000000000000
STEP 10 P1 MOVE 3 8 3 11
OWN
00000000000000222
00000000020000000
01000010020000020
01000010111100020
01000010020010111
01000010000012220
00000000000010020
00000111000000000
00000000000222000
00000000000000000
STEP 11 P2 MOVE 9 3 9 5
OWN
00000000000000222
00000000020000000
01000010020000020
01000010111100020
01000010020010111
01000010000012220
00000000000010020
00000111000000000
00000000000222000
00022200000000000
STEP 12 P1 MOVE 7 11 7 12
OWN
00000000000000222
00000000020000000
01000010020000020
01000010111100020
01000010020010111
01000010000012220
00000000000010020
00000111000110000
00000000000222000
00022200000000000
STEP 13 P2 MOVE 8 7 9 7
OWN
00000000000000222
00000000020000000
01000010020000020
01000010111100020
01000010020010111
01000010000012220
00000000000010020
00000111000110000
00000002000222000
00022202000000000
STEP 14 P1 MOVE 1 6 1 7
OWN
00000000000000222
00000011020000000
01000010020000020
01000010111100020
01000010020010111
01000010000012220
00000000000010020
00000111000110000
00000002000222000
00022202000000000
STEP 15 P2 MOVE 6 0 7 0
OWN
00000000000000222
00000011020000000
01000010020000020
01000010111100020
01000010020010111
01000010000012220
20000000000010020
20000111000110000
00000002000222000
00022202000000000
STEP 16 P1 MOVE 9 1 9 2
OWN
00000000000000222
00000011020000000
01000010020000020
01000010111100020
01000010020010111
01000010000012220
20000000000010020
20000111000110000
00000002000222000
01122202000000000
STEP 17 P2 MOVE 5 7 6 7
OWN
00000000000000222
00000011020000000
01000010020000020
01000010111100020
01000010020010111
01000012000012220
20000002000010020
20000111000110000
00000002000222000
01122202000000000
STEP 18 P1 MOVE 8 10 9 10
OWN
00000000000000222
00000011020000000
01000010020000020
01000010111100020
01000010020010111
01000012000012220
20000002000010020
20000111000110000
00000002001222000
01122202001000000
STEP 19 P2 MOVE 9 13 9 14
OWN
00000000000000222
00000011020000000
01000010020000020
01000010111100020
01000010020010111
01000012000012220
20000002000010020
20000111000110000
00000002001222000
01122202001002200
STEP 20 P1 MOVE 2 2 2 3
OWN
00000000000000222
00000011020000000
01110010020000020
01000010111100020
01000010020010111
01000012000012220
20000002000010020
20000111000110000
00000002001222000
01122202001002200
STEP 21 P2 MOVE 9 11 9 12
OWN
00000000000000222
00000011020000000
01110010020000020
01000010111100020
01000010020010111
01000012000012220
20000002000010020
20000111000110000
00000002001222000
01122202001222200
STEP 22 P1 MOVE 6 11 6 13
OWN
00000000000000222
00000011020000000
01110010020000020
01000010111100020
01000010020010111
01000012000012220
20000002000111020
20000111000110000
00000002001222000
01122202001222200
STEP 23 P2 MOVE 5 9 5 10
OWN
00000000000000222
00000011020000000
01110010020000020
01000010111100020
01000010020010111
01000012022012220
20000002000111020
20000111000110000
00000002001222000
01122202001222200
STEP 24 P1 MOVE 0 0 0 1
OWN
11000000000000222
00000011020000000
01110010020000020
01000010111100020
01000010020010111
01000012022012220
20000002000111020
20000111000110000
00000002001222000
01122202001222200
STEP 25 P2 MOVE 9 8 9 9
OWN
11000000000000222
00000011020000000
01110010020000020
01000010111100020
01000010020010111
01000012022012220
20000002000111020
20000111000110000
00000002001222000
01122202221222200
STEP 26 P1 MOVE 0 3 0 4
OWN
11011000000000222
00000011020000000
01110010020000020
01000010111100020
01000010020010111
01000012022012220
20000002000111020
20000111000110000
00000002001222000
01122202221222200
STEP 27 P2 MOVE 4 10 6 10
OWN
11011000000000222
00000011020000000
01110010020000020
01000010111100020
01000010022010111
01000012022012220
20000002002111020
20000111000110000
00000002001222000
01122202221222200
STEP 28 P1 MOVE 3 8 4 12
OWN
11011000000000222
00000011020000000
01110010020000020
01000010111110020
01000010111110111
01000012022012220
20000002002111020
20000111000110000
00000002001222000
01122202221222200
STEP 29 P2 MOVE 6 8 6 14
OWN
11011000000000222
00000011020000000
01110010020000020
01000010111110020
01000010111110111
01000012022012220
20000002222222220
20000111000110000
00000002001222000
01122202221222200
STEP 30 P1 MOVE 0 6 0 7
OWN
11011011000000222
00000011020000000
01110010020000020
01000010111110020
01000010111110111
01000012022012220
20000002222222220
20000111000110000
00000002001222000
01122202221222200
STEP 31 P2 MOVE 0 8 0 9
OWN
11011011220000222
00000011020000000
01110010020000020
01000010111110020
01000010111110111
01000012022012220
20000002222222220
20000111000110000
00000002001222000
01122202221222200
STEP 32 P1 MOVE 1 0 2 0
OWN
11011011220000222
10000011020000000
11110010020000020
01000010111110020
01000010111110111
01000012022012220
20000002222222220
20000111000110000
00000002001222000
01122202221222200
STEP 33 P2 MOVE 7 14 7 15
OWN
11011011220000222
10000011020000000
11110010020000020
01000010111110020
01000010111110111
01000012022012220
20000002222222220
20000111000110220
00000002001222000
01122202221222200
STEP 34 P1 MOVE -1 -1 -1 -1
OWN
11011011220000222
10000011020000000
11110010020000020
01000010111110020
01000010111110111
01000012022012220
20000002222222220
20000111000110220
00000002001222000
01122202221222200
STEP 35 P2 MOVE 0 2 1 2
OWN
11211011220000222
10200011020000000
11110010020000020
01000010111110020
01000010111110111
01000012022012220
20000002222222220
20000111000110220
00000002001222000
01122202221222200
STEP 36 P1 MOVE 1 1 1 3
OWN
11211011220000222
11110011020000000
11110010020000020
01000010111110020
01000010111110111
01000012022012220
20000002222222220
20000111000110220
00000002001222000
01122202221222200
STEP 37 P2 MOVE 0 12 1 12
OWN
11211011220020222
11110011020020000
11110010020000020
01000010111110020
01000010111110111
01000012022012220
20000002222222220
20000111000110220
00000002001222000
01122202221222200
STEP 38 P1 MOVE 1 11 1 13
OWN
11211011220020222
11110011020111000
11110010020000020
01000010111110020
01000010111110111
01000012022012220
20000002222222220
20000111000110220
00000002001222000
01122202221222200
STEP 39 P2 MOVE -1 -1 -1 -1
OWN
11211011220020222
11110011020111000
11110010020000020
01000010111110020
01000010111110111
01000012022012220
20000002222222220
20000111000110220
00000002001222000
01122202221222200
STEP 40 P1 MOVE -1 -1 -1 -1
OWN
11211011220020222
11110011020111000
11110010020000020
01000010111110020
01000010111110111
01000012022012220
20000002222222220
20000111000110220
00000002001222000
01122202221222200
RESULT first=49 second=44 winner=1
ANALYSIS winner=P1 score=49-44 reason=Ĺ»ĂëżěŔ§(+3Ä­ »©ľŃŔ˝,2ąčČż°ú) steal(w/l)=6/3 neu(w/l)=46/47
