BOARD
57622521211564674
97378745287211381
53476466929114999
74185695512525899
64848657173747529
71948317882623119
61239614899149865
91761781477727425
29534231461318532
27117438349627225
STEP 0 P1 MOVE 0 7 0 11
OWN
00000001111100000
00000000000000000
00000000000000000
00000000000000000
00000000000000000
00000000000000000
00000000000000000
00000000000000000
00000000000000000
00000000000000000
STEP 1 P2 MOVE 7 7 8 8
OWN
00000001111100000
00000000000000000
00000000000000000
00000000000000000
00000000000000000
00000000000000000
00000000000000000
00000002200000000
00000002200000000
00000000000000000
STEP 2 P1 MOVE 8 2 9 3
OWN
00000001111100000
00000000000000000
00000000000000000
00000000000000000
00000000000000000
00000000000000000
00000000000000000
00000002200000000
00110002200000000
00110000000000000
STEP 3 P2 MOVE 1 10 1 12
OWN
00000001111100000
00000000002220000
00000000000000000
00000000000000000
00000000000000000
00000000000000000
00000000000000000
00000002200000000
00110002200000000
00110000000000000
STEP 4 P1 MOVE 2 9 4 9
OWN
00000001111100000
00000000002220000
00000000010000000
00000000010000000
00000000010000000
00000000000000000
00000000000000000
00000002200000000
00110002200000000
00110000000000000
STEP 5 P2 MOVE 2 5 2 6
OWN
00000001111100000
00000000002220000
00000220010000000
00000000010000000
00000000010000000
00000000000000000
00000000000000000
00000002200000000
00110002200000000
00110000000000000
STEP 6 P1 MOVE 1 16 2 16
OWN
00000001111100000
00000000002220001
00000220010000001
00000000010000000
00000000010000000
00000000000000000
00000000000000000
00000002200000000
00110002200000000
00110000000000000
STEP 7 P2 MOVE 6 16 7 16
OWN
00000001111100000
00000000002220001
00000220010000001
00000000010000000
00000000010000000
00000000000000000
00000000000000002
00000002200000002
00110002200000000
00110000000000000
STEP 8 P1 MOVE 3 7 3 8
OWN
00000001111100000
00000000002220001
00000220010000001
00000001110000000
00000000010000000
00000000000000000
00000000000000002
00000002200000002
00110002200000000
00110000000000000
STEP 9 P2 MOVE 3 1 6 1
OWN
00000001111100000
00000000002220001
00000220010000001
02000001110000000
02000000010000000
02000000000000000
02000000000000002
00000002200000002
00110002200000000
00110000000000000
STEP 10 P1 MOVE 6 1 7 2
OWN
00000001111100000
00000000002220001
00000220010000001
02000001110000000
02000000010000000
02000000000000000
01100000000000002
01100002200000002
00110002200000000
00110000000000000
STEP 11 P2 MOVE 1 1 2 1
OWN
00000001111100000
02000000002220001
02000220010000001
02000001110000000
02000000010000000
02000000000000000
01100000000000002
01100002200000002
00110002200000000
00110000000000000
STEP 12 P1 MOVE 5 10 5 12
OWN
00000001111100000
02000000002220001
02000220010000001
02000001110000000
02000000010000000
02000000001110000
01100000000000002
01100002200000002
00110002200000000
00110000000000000
STEP 13 P2 MOVE 0 4 1 4
OWN
00002001111100000
02002000002220001
02000220010000001
02000001110000000
02000000010000000
02000000001110000
01100000000000002
01100002200000002
00110002200000000
00110000000000000
STEP 14 P1 MOVE 6 4 7 4
OWN
00002001111100000
02002000002220001
02000220010000001
02000001110000000
02000000010000000
02000000001110000
01101000000000002
01101002200000002
00110002200000000
00110000000000000
STEP 15 P2 MOVE 6 10 6 11
OWN
00002001111100000
02002000002220001
02000220010000001
02000001110000000
02000000010000000
02000000001110000
01101000002200002
01101002200000002
00110002200000000
00110000000000000
STEP 16 P1 MOVE 7 11 8 11
OWN
00002001111100000
02002000002220001
02000220010000001
02000001110000000
02000000010000000
02000000001110000
01101000002200002
01101002200100002
00110002200100000
00110000000000000
STEP 17 P2 MOVE 8 6 8 10
OWN
00002001111100000
02002000002220001
02000220010000001
02000001110000000
02000000010000000
02000000001110000
01101000002200002
01101002200100002
00110022222100000
00110000000000000
STEP 18 P1 MOVE 7 10 8 12
OWN
00002001111100000
02002000002220001
02000220010000001
02000001110000000
02000000010000000
02000000001110000
01101000002200002
01101002201110002
00110022221110000
00110000000000000
STEP 19 P2 MOVE 8 5 8 13
OWN
00002001111100000
02002000002220001
02000220010000001
02000001110000000
02000000010000000
02000000001110000
01101000002200002
01101002201110002
00110222222222000
00110000000000000
STEP 20 P1 MOVE 4 12 9 12
OWN
00002001111100000
02002000002220001
02000220010000001
02000001110000000
02000000010010000
02000000001110000
01101000002210002
01101002201110002
00110222222212000
00110000000010000
STEP 21 P2 MOVE 1 13 3 13
OWN
00002001111100000
02002000002222001
02000220010002001
02000001110002000
02000000010010000
02000000001110000
01101000002210002
01101002201110002
00110222222212000
00110000000010000
STEP 22 P1 MOVE 0 12 0 13
OWN
00002001111111000
02002000002222001
02000220010002001
02000001110002000
02000000010010000
02000000001110000
01101000002210002
01101002201110002
00110222222212000
00110000000010000
STEP 23 P2 MOVE 3 12 3 14
OWN
00002001111111000
02002000002222001
02000220010002001
02000001110022200
02000000010010000
02000000001110000
01101000002210002
01101002201110002
00110222222212000
00110000000010000
STEP 24 P1 MOVE 1 8 1 9
OWN
00002001111111000
02002000112222001
02000220010002001
02000001110022200
02000000010010000
02000000001110000
01101000002210002
01101002201110002
00110222222212000
00110000000010000
STEP 25 P2 MOVE 6 3 6 6
OWN
00002001111111000
02002000112222001
02000220010002001
02000001110022200
02000000010010000
02000000001110000
01122220002210002
01101002201110002
00110222222212000
00110000000010000
STEP 26 P1 MOVE 6 0 6 7
OWN
00002001111111000
02002000112222001
02000220010002001
02000001110022200
02000000010010000
02000000001110000
11111111002210002
01101002201110002
00110222222212000
00110000000010000
STEP 27 P2 MOVE 7 3 8 4
OWN
00002001111111000
02002000112222001
02000220010002001
02000001110022200
02000000010010000
02000000001110000
11111111002210002
01122002201110002
00122222222212000
00110000000010000
STEP 28 P1 MOVE 2 8 4 8
OWN
00002001111111000
02002000112222001
02000220110002001
02000001110022200
02000000110010000
02000000001110000
11111111002210002
01122002201110002
00122222222212000
00110000000010000
STEP 29 P2 MOVE 4 13 5 13
OWN
00002001111111000
02002000112222001
02000220110002001
02000001110022200
02000000110012000
02000000001112000
11111111002210002
01122002201110002
00122222222212000
00110000000010000
STEP 30 P1 MOVE 2 12 6 13
OWN
00002001111111000
02002000112222001
02000220110011001
02000001110011200
02000000110011000
02000000001111000
11111111002211002
01122002201110002
00122222222212000
00110000000010000
STEP 31 P2 MOVE 5 9 5 15
OWN
00002001111111000
02002000112222001
02000220110011001
02000001110011200
02000000110011000
02000000022222220
11111111002211002
01122002201110002
00122222222212000
00110000000010000
STEP 32 P1 MOVE 4 15 7 15
OWN
00002001111111000
02002000112222001
02000220110011001
02000001110011200
02000000110011010
02000000022222210
11111111002211012
01122002201110012
00122222222212000
00110000000010000
STEP 33 P2 MOVE 2 11 2 14
OWN
00002001111111000
02002000112222001
02000220110222201
02000001110011200
02000000110011010
02000000022222210
11111111002211012
01122002201110012
00122222222212000
00110000000010000
STEP 34 P1 MOVE 8 14 8 16
OWN
00002001111111000
02002000112222001
02000220110222201
02000001110011200
02000000110011010
02000000022222210
11111111002211012
01122002201110012
00122222222212111
00110000000010000
STEP 35 P2 MOVE 1 2 1 3
OWN
00002001111111000
02222000112222001
02000220110222201
02000001110011200
02000000110011010
02000000022222210
11111111002211012
01122002201110012
00122222222212111
00110000000010000
STEP 36 P1 MOVE 0 2 2 2
OWN
00102001111111000
02122000112222001
02100220110222201
02000001110011200
02000000110011010
02000000022222210
11111111002211012
01122002201110012
00122222222212111
00110000000010000
STEP 37 P2 MOVE 4 10 4 11
OWN
00102001111111000
02122000112222001
02100220110222201
02000001110011200
02000000112211010
02000000022222210
11111111002211012
01122002201110012
00122222222212111
00110000000010000
STEP 38 P1 MOVE 3 8 5 10
OWN
00102001111111000
02122000112222001
02100220110222201
02000001111011200
02000000111211010
02000000111222210
11111111002211012
01122002201110012
00122222222212111
00110000000010000
STEP 39 P2 MOVE 3 11 4 14
OWN
00102001111111000
02122000112222001
02100220110222201
02000001111222200
02000000111222210
02000000111222210
11111111002211012
01122002201110012
00122222222212111
00110000000010000
STEP 40 P1 MOVE -1 -1 -1 -1
OWN
00102001111111000
02122000112222001
02100220110222201
02000001111222200
02000000111222210
02000000111222210
11111111002211012
01122002201110012
00122222222212111
00110000000010000
STEP 41 P2 MOVE -1 -1 -1 -1
OWN
00102001111111000
02122000112222001
02100220110222201
02000001111222200
02000000111222210
02000000111222210
11111111002211012
01122002201110012
00122222222212111
00110000000010000
RESULT first=53 second=48 winner=1
ANALYSIS winner=P1 score=53-48 reason=şóÄ­Ľ±Áˇ(+3) steal(w/l)=17/16 neu(w/l)=52/49
