BOARD
45388518196419774
54376537739816741
61198312643916614
69823828361722382
52596665529152473
76417641949143896
27748868129494914
53766859732938371
19634339331782678
13774942316158435
STEP 0 P1 MOVE 0 12 4 12
OWN
00000000000010000
00000000000010000
00000000000010000
00000000000010000
00000000000010000
00000000000000000
00000000000000000
00000000000000000
00000000000000000
00000000000000000
STEP 1 P2 MOVE 1 15 2 16
OWN
00000000000010000
00000000000010022
00000000000010022
00000000000010000
00000000000010000
00000000000000000
00000000000000000
00000000000000000
00000000000000000
00000000000000000
STEP 2 P1 MOVE 8 8 9 9
OWN
00000000000010000
00000000000010022
00000000000010022
00000000000010000
00000000000010000
00000000000000000
00000000000000000
00000000000000000
00000000110000000
00000000110000000
STEP 3 P2 MOVE 0 1 2 1
OWN
02000000000010000
02000000000010022
02000000000010022
00000000000010000
00000000000010000
00000000000000000
00000000000000000
00000000000000000
00000000110000000
00000000110000000
STEP 4 P1 MOVE 0 6 0 8
OWN
02000011100010000
02000000000010022
02000000000010022
00000000000010000
00000000000010000
00000000000000000
00000000000000000
00000000000000000
00000000110000000
00000000110000000
STEP 5 P2 MOVE 2 13 4 13
OWN
02000011100010000
02000000000010022
02000000000012022
00000000000012000
00000000000012000
00000000000000000
00000000000000000
00000000000000000
00000000110000000
00000000110000000
STEP 6 P1 MOVE 7 1 7 2
OWN
02000011100010000
02000000000010022
02000000000012022
00000000000012000
00000000000012000
00000000000000000
00000000000000000
01100000000000000
00000000110000000
00000000110000000
STEP 7 P2 MOVE 5 5 5 6
OWN
02000011100010000
02000000000010022
02000000000012022
00000000000012000
00000000000012000
00000220000000000
00000000000000000
01100000000000000
00000000110000000
00000000110000000
STEP 8 P1 MOVE 8 12 8 13
OWN
02000011100010000
02000000000010022
02000000000012022
00000000000012000
00000000000012000
00000220000000000
00000000000000000
01100000000000000
00000000110011000
00000000110000000
STEP 9 P2 MOVE 5 15 6 15
OWN
02000011100010000
02000000000010022
02000000000012022
00000000000012000
00000000000012000
00000220000000020
00000000000000020
01100000000000000
00000000110011000
00000000110000000
STEP 10 P1 MOVE 9 1 9 2
OWN
02000011100010000
02000000000010022
02000000000012022
00000000000012000
00000000000012000
00000220000000020
00000000000000020
01100000000000000
00000000110011000
01100000110000000
STEP 11 P2 MOVE 8 14 9 14
OWN
02000011100010000
02000000000010022
02000000000012022
00000000000012000
00000000000012000
00000220000000020
00000000000000020
01100000000000000
00000000110011200
01100000110000200
STEP 12 P1 MOVE 5 7 5 8
OWN
02000011100010000
02000000000010022
02000000000012022
00000000000012000
00000000000012000
00000221100000020
00000000000000020
01100000000000000
00000000110011200
01100000110000200
STEP 13 P2 MOVE 3 10 4 10
OWN
02000011100010000
02000000000010022
02000000000012022
00000000002012000
00000000002012000
00000221100000020
00000000000000020
01100000000000000
00000000110011200
01100000110000200
STEP 14 P1 MOVE 3 15 3 16
OWN
02000011100010000
02000000000010022
02000000000012022
00000000002012011
00000000002012000
00000221100000020
00000000000000020
01100000000000000
00000000110011200
01100000110000200
STEP 15 P2 MOVE 7 4 8 4
OWN
02000011100010000
02000000000010022
02000000000012022
00000000002012011
00000000002012000
00000221100000020
00000000000000020
01102000000000000
00002000110011200
01100000110000200
STEP 16 P1 MOVE 0 5 1 5
OWN
02000111100010000
02000100000010022
02000000000012022
00000000002012011
00000000002012000
00000221100000020
00000000000000020
01102000000000000
00002000110011200
01100000110000200
STEP 17 P2 MOVE 8 0 8 1
OWN
02000111100010000
02000100000010022
02000000000012022
00000000002012011
00000000002012000
00000221100000020
00000000000000020
01102000000000000
22002000110011200
01100000110000200
STEP 18 P1 MOVE 5 10 5 11
OWN
02000111100010000
02000100000010022
02000000000012022
00000000002012011
00000000002012000
00000221101100020
00000000000000020
01102000000000000
22002000110011200
01100000110000200
STEP 19 P2 MOVE 5 16 6 16
OWN
02000111100010000
02000100000010022
02000000000012022
00000000002012011
00000000002012000
00000221101100022
00000000000000022
01102000000000000
22002000110011200
01100000110000200
STEP 20 P1 MOVE 0 10 0 11
OWN
02000111101110000
02000100000010022
02000000000012022
00000000002012011
00000000002012000
00000221101100022
00000000000000022
01102000000000000
22002000110011200
01100000110000200
STEP 21 P2 MOVE 3 11 3 14
OWN
02000111101110000
02000100000010022
02000000000012022
00000000002222211
00000000002012000
00000221101100022
00000000000000022
01102000000000000
22002000110011200
01100000110000200
STEP 22 P1 MOVE 2 14 4 14
OWN
02000111101110000
02000100000010022
02000000000012122
00000000002222111
00000000002012100
00000221101100022
00000000000000022
01102000000000000
22002000110011200
01100000110000200
STEP 23 P2 MOVE 7 8 7 9
OWN
02000111101110000
02000100000010022
02000000000012122
00000000002222111
00000000002012100
00000221101100022
00000000000000022
01102000220000000
22002000110011200
01100000110000200
STEP 24 P1 MOVE 1 8 1 9
OWN
02000111101110000
02000100110010022
02000000000012122
00000000002222111
00000000002012100
00000221101100022
00000000000000022
01102000220000000
22002000110011200
01100000110000200
STEP 25 P2 MOVE 4 7 4 8
OWN
02000111101110000
02000100110010022
02000000000012122
00000000002222111
00000002202012100
00000221101100022
00000000000000022
01102000220000000
22002000110011200
01100000110000200
STEP 26 P1 MOVE 8 15 9 15
OWN
02000111101110000
02000100110010022
02000000000012122
00000000002222111
00000002202012100
00000221101100022
00000000000000022
01102000220000000
22002000110011210
01100000110000210
STEP 27 P2 MOVE 2 8 2 9
OWN
02000111101110000
02000100110010022
02000000220012122
00000000002222111
00000002202012100
00000221101100022
00000000000000022
01102000220000000
22002000110011210
01100000110000210
STEP 28 P1 MOVE 1 6 1 7
OWN
02000111101110000
02000111110010022
02000000220012122
00000000002222111
00000002202012100
00000221101100022
00000000000000022
01102000220000000
22002000110011210
01100000110000210
STEP 29 P2 MOVE 3 6 3 7
OWN
02000111101110000
02000111110010022
02000000220012122
00000022002222111
00000002202012100
00000221101100022
00000000000000022
01102000220000000
22002000110011210
01100000110000210
STEP 30 P1 MOVE 5 1 5 2
OWN
02000111101110000
02000111110010022
02000000220012122
00000022002222111
00000002202012100
01100221101100022
00000000000000022
01102000220000000
22002000110011210
01100000110000210
STEP 31 P2 MOVE 1 2 1 3
OWN
02000111101110000
02220111110010022
02000000220012122
00000022002222111
00000002202012100
01100221101100022
00000000000000022
01102000220000000
22002000110011210
01100000110000210
STEP 32 P1 MOVE 4 15 4 16
OWN
02000111101110000
02220111110010022
02000000220012122
00000022002222111
00000002202012111
01100221101100022
00000000000000022
01102000220000000
22002000110011210
01100000110000210
STEP 33 P2 MOVE 8 3 9 3
OWN
02000111101110000
02220111110010022
02000000220012122
00000022002222111
00000002202012111
01100221101100022
00000000000000022
01102000220000000
22022000110011210
01120000110000210
STEP 34 P1 MOVE 7 3 9 4
OWN
02000111101110000
02220111110010022
02000000220012122
00000022002222111
00000002202012111
01100221101100022
00000000000000022
01111000220000000
22011000110011210
01111000110000210
STEP 35 P2 MOVE 9 0 9 5
OWN
02000111101110000
02220111110010022
02000000220012122
00000022002222111
00000002202012111
01100221101100022
00000000000000022
01111000220000000
22011000110011210
22222200110000210
STEP 36 P1 MOVE 8 5 9 6
OWN
02000111101110000
02220111110010022
02000000220012122
00000022002222111
00000002202012111
01100221101100022
00000000000000022
01111000220000000
22011110110011210
22222110110000210
STEP 37 P2 MOVE 8 7 8 10
OWN
02000111101110000
02220111110010022
02000000220012122
00000022002222111
00000002202012111
01100221101100022
00000000000000022
01111000220000000
22011112222011210
22222110110000210
STEP 38 P1 MOVE 4 3 5 3
OWN
02000111101110000
02220111110010022
02000000220012122
00000022002222111
00010002202012111
01110221101100022
00000000000000022
01111000220000000
22011112222011210
22222110110000210
STEP 39 P2 MOVE 3 2 3 3
OWN
02000111101110000
02220111110010022
02000000220012122
00220022002222111
00010002202012111
01110221101100022
00000000000000022
01111000220000000
22011112222011210
22222110110000210
STEP 40 P1 MOVE 2 2 2 3
OWN
02000111101110000
02220111110010022
02110000220012122
00220022002222111
00010002202012111
01110221101100022
00000000000000022
01111000220000000
22011112222011210
22222110110000210
STEP 41 P2 MOVE 7 14 7 15
OWN
02000111101110000
02220111110010022
02110000220012122
00220022002222111
00010002202012111
01110221101100022
00000000000000022
01111000220000220
22011112222011210
22222110110000210
STEP 42 P1 MOVE 6 14 7 16
OWN
02000111101110000
02220111110010022
02110000220012122
00220022002222111
00010002202012111
01110221101100022
00000000000000111
01111000220000111
22011112222011210
22222110110000210
STEP 43 P2 MOVE 2 7 6 7
OWN
02000111101110000
02220111110010022
02110002220012122
00220022002222111
00010002202012111
01110222101100022
00000002000000111
01111000220000111
22011112222011210
22222110110000210
STEP 44 P1 MOVE 2 6 3 9
OWN
02000111101110000
02220111110010022
02110011110012122
00220011112222111
00010002202012111
01110222101100022
00000002000000111
01111000220000111
22011112222011210
22222110110000210
STEP 45 P2 MOVE 2 11 4 11
OWN
02000111101110000
02220111110010022
02110011110212122
00220011112222111
00010002202212111
01110222101100022
00000002000000111
01111000220000111
22011112222011210
22222110110000210
STEP 46 P1 MOVE 2 10 5 13
OWN
02000111101110000
02220111110010022
02110011111111122
00220011111111111
00010002201111111
01110222101111022
00000002000000111
01111000220000111
22011112222011210
22222110110000210
STEP 47 P2 MOVE 1 13 6 13
OWN
02000111101110000
02220111110012022
02110011111112122
00220011111112111
00010002201112111
01110222101112022
00000002000002111
01111000220000111
22011112222011210
22222110110000210
STEP 48 P1 MOVE -1 -1 -1 -1
OWN
02000111101110000
02220111110012022
02110011111112122
00220011111112111
00010002201112111
01110222101112022
00000002000002111
01111000220000111
22011112222011210
22222110110000210
STEP 49 P2 MOVE -1 -1 -1 -1
OWN
02000111101110000
02220111110012022
02110011111112122
00220011111112111
00010002201112111
01110222101112022
00000002000002111
01111000220000111
22011112222011210
22222110110000210
RESULT first=69 second=40 winner=1
ANALYSIS winner=P1 score=69-40 reason=Ĺ»ĂëżěŔ§(+12Ä­ »©ľŃŔ˝,2ąčČż°ú) / şóÄ­Ľ±Áˇ(+5) steal(w/l)=24/12 neu(w/l)=57/52
