BOARD
36155381612943718
14741834559845789
97762897797479156
11239159338689931
28876713119837371
24768256711656787
33531171317156171
24884534113443869
76212361827199831
31533717284113484
STEP 0 P1 MOVE 3 0 7 0
OWN
00000000000000000
00000000000000000
00000000000000000
10000000000000000
10000000000000000
10000000000000000
10000000000000000
10000000000000000
00000000000000000
00000000000000000
STEP 1 P2 MOVE 3 16 6 16
OWN
00000000000000000
00000000000000000
00000000000000000
10000000000000002
10000000000000002
10000000000000002
10000000000000002
10000000000000000
00000000000000000
00000000000000000
STEP 2 P1 MOVE 0 7 0 10
OWN
00000001111000000
00000000000000000
00000000000000000
10000000000000002
10000000000000002
10000000000000002
10000000000000002
10000000000000000
00000000000000000
00000000000000000
STEP 3 P2 MOVE 0 0 0 2
OWN
22200001111000000
00000000000000000
00000000000000000
10000000000000002
10000000000000002
10000000000000002
10000000000000002
10000000000000000
00000000000000000
00000000000000000
STEP 4 P1 MOVE 9 6 9 8
OWN
22200001111000000
00000000000000000
00000000000000000
10000000000000002
10000000000000002
10000000000000002
10000000000000002
10000000000000000
00000000000000000
00000011100000000
STEP 5 P2 MOVE 9 4 9 5
OWN
22200001111000000
00000000000000000
00000000000000000
10000000000000002
10000000000000002
10000000000000002
10000000000000002
10000000000000000
00000000000000000
00002211100000000
STEP 6 P1 MOVE 2 13 2 14
OWN
22200001111000000
00000000000000000
00000000000001100
10000000000000002
10000000000000002
10000000000000002
10000000000000002
10000000000000000
00000000000000000
00002211100000000
STEP 7 P2 MOVE 4 14 4 15
OWN
22200001111000000
00000000000000000
00000000000001100
10000000000000002
10000000000000222
10000000000000002
10000000000000002
10000000000000000
00000000000000000
00002211100000000
STEP 8 P1 MOVE 8 0 9 0
OWN
22200001111000000
00000000000000000
00000000000001100
10000000000000002
10000000000000222
10000000000000002
10000000000000002
10000000000000000
10000000000000000
10002211100000000
STEP 9 P2 MOVE 0 13 0 14
OWN
22200001111002200
00000000000000000
00000000000001100
10000000000000002
10000000000000222
10000000000000002
10000000000000002
10000000000000000
10000000000000000
10002211100000000
STEP 10 P1 MOVE 7 1 8 1
OWN
22200001111002200
00000000000000000
00000000000001100
10000000000000002
10000000000000222
10000000000000002
10000000000000002
11000000000000000
11000000000000000
10002211100000000
STEP 11 P2 MOVE 0 3 0 4
OWN
22222001111002200
00000000000000000
00000000000001100
10000000000000002
10000000000000222
10000000000000002
10000000000000002
11000000000000000
11000000000000000
10002211100000000
STEP 12 P1 MOVE 6 4 6 7
OWN
22222001111002200
00000000000000000
00000000000001100
10000000000000002
10000000000000222
10000000000000002
10001111000000002
11000000000000000
11000000000000000
10002211100000000
STEP 13 P2 MOVE 5 5 8 5
OWN
22222001111002200
00000000000000000
00000000000001100
10000000000000002
10000000000000222
10000200000000002
10001211000000002
11000200000000000
11000200000000000
10002211100000000
STEP 14 P1 MOVE 5 9 6 10
OWN
22222001111002200
00000000000000000
00000000000001100
10000000000000002
10000000000000222
10000200011000002
10001211011000002
11000200000000000
11000200000000000
10002211100000000
STEP 15 P2 MOVE 4 9 4 10
OWN
22222001111002200
00000000000000000
00000000000001100
10000000000000002
10000000022000222
10000200011000002
10001211011000002
11000200000000000
11000200000000000
10002211100000000
STEP 16 P1 MOVE 2 4 2 5
OWN
22222001111002200
00000000000000000
00001100000001100
10000000000000002
10000000022000222
10000200011000002
10001211011000002
11000200000000000
11000200000000000
10002211100000000
STEP 17 P2 MOVE 3 3 4 3
OWN
22222001111002200
00000000000000000
00001100000001100
10020000000000002
10020000022000222
10000200011000002
10001211011000002
11000200000000000
11000200000000000
10002211100000000
STEP 18 P1 MOVE 3 4 3 5
OWN
22222001111002200
00000000000000000
00001100000001100
10021100000000002
10020000022000222
10000200011000002
10001211011000002
11000200000000000
11000200000000000
10002211100000000
STEP 19 P2 MOVE 8 9 8 11
OWN
22222001111002200
00000000000000000
00001100000001100
10021100000000002
10020000022000222
10000200011000002
10001211011000002
11000200000000000
11000200022200000
10002211100000000
STEP 20 P1 MOVE 1 0 2 0
OWN
22222001111002200
10000000000000000
10001100000001100
10021100000000002
10020000022000222
10000200011000002
10001211011000002
11000200000000000
11000200022200000
10002211100000000
STEP 21 P2 MOVE 5 12 6 12
OWN
22222001111002200
10000000000000000
10001100000001100
10021100000000002
10020000022000222
10000200011020002
10001211011020002
11000200000000000
11000200022200000
10002211100000000
STEP 22 P1 MOVE 1 3 2 3
OWN
22222001111002200
10010000000000000
10011100000001100
10021100000000002
10020000022000222
10000200011020002
10001211011020002
11000200000000000
11000200022200000
10002211100000000
STEP 23 P2 MOVE 1 8 1 9
OWN
22222001111002200
10010000220000000
10011100000001100
10021100000000002
10020000022000222
10000200011020002
10001211011020002
11000200000000000
11000200022200000
10002211100000000
STEP 24 P1 MOVE 2 8 3 8
OWN
22222001111002200
10010000220000000
10011100100001100
10021100100000002
10020000022000222
10000200011020002
10001211011020002
11000200000000000
11000200022200000
10002211100000000
STEP 25 P2 MOVE 2 11 3 11
OWN
22222001111002200
10010000220000000
10011100100201100
10021100100200002
10020000022000222
10000200011020002
10001211011020002
11000200000000000
11000200022200000
10002211100000000
STEP 26 P1 MOVE 7 8 8 9
OWN
22222001111002200
10010000220000000
10011100100201100
10021100100200002
10020000022000222
10000200011020002
10001211011020002
11000200110000000
11000200112200000
10002211100000000
STEP 27 P2 MOVE 8 7 8 12
OWN
22222001111002200
10010000220000000
10011100100201100
10021100100200002
10020000022000222
10000200011020002
10001211011020002
11000200110000000
11000202222220000
10002211100000000
STEP 28 P1 MOVE 3 2 4 2
OWN
22222001111002200
10010000220000000
10011100100201100
10121100100200002
10120000022000222
10000200011020002
10001211011020002
11000200110000000
11000202222220000
10002211100000000
STEP 29 P2 MOVE 6 6 7 8
OWN
22222001111002200
10010000220000000
10011100100201100
10121100100200002
10120000022000222
10000200011020002
10001222211020002
11000222210000000
11000202222220000
10002211100000000
STEP 30 P1 MOVE 6 3 6 13
OWN
22222001111002200
10010000220000000
10011100100201100
10121100100200002
10120000022000222
10000200011020002
10011111111111002
11000222210000000
11000202222220000
10002211100000000
STEP 31 P2 MOVE 5 8 7 10
OWN
22222001111002200
10010000220000000
10011100100201100
10121100100200002
10120000022000222
10000200222020002
10011111222111002
11000222222000000
11000202222220000
10002211100000000
STEP 32 P1 MOVE 4 7 5 8
OWN
22222001111002200
10010000220000000
10011100100201100
10121100100200002
10120001122000222
10000201122020002
10011111222111002
11000222222000000
11000202222220000
10002211100000000
STEP 33 P2 MOVE 4 12 4 13
OWN
22222001111002200
10010000220000000
10011100100201100
10121100100200002
10120001122022222
10000201122020002
10011111222111002
11000222222000000
11000202222220000
10002211100000000
STEP 34 P1 MOVE 7 11 9 12
OWN
22222001111002200
10010000220000000
10011100100201100
10121100100200002
10120001122022222
10000201122020002
10011111222111002
11000222222110000
11000202222110000
10002211100110000
STEP 35 P2 MOVE 5 10 9 11
OWN
22222001111002200
10010000220000000
10011100100201100
10121100100200002
10120001122022222
10000201122220002
10011111222211002
11000222222210000
11000202222210000
10002211102210000
STEP 36 P1 MOVE -1 -1 -1 -1
OWN
22222001111002200
10010000220000000
10011100100201100
10121100100200002
10120001122022222
10000201122220002
10011111222211002
11000222222210000
11000202222210000
10002211102210000
STEP 37 P2 MOVE -1 -1 -1 -1
OWN
22222001111002200
10010000220000000
10011100100201100
10121100100200002
10120001122022222
10000201122220002
10011111222211002
11000222222210000
11000202222210000
10002211102210000
RESULT first=44 second=49 winner=2
ANALYSIS winner=P2 score=44-49 reason=Ĺ»ĂëżěŔ§(+7Ä­ »©ľŃŔ˝,2ąčČż°ú) / żŞŔü˝Â steal(w/l)=16/9 neu(w/l)=42/51
