BOARD
65129818853942764
78775169747365351
88996112527576336
51879374514265832
79779555374395443
39518656975894433
74818743719156322
16545677678141671
96627892651592621
11267548297287375
STEP 0 P1 MOVE 4 16 8 16
OWN
00000000000000000
00000000000000000
00000000000000000
00000000000000000
00000000000000001
00000000000000001
00000000000000001
00000000000000001
00000000000000001
00000000000000000
STEP 1 P2 MOVE 1 5 4 5
OWN
00000000000000000
00000200000000000
00000200000000000
00000200000000000
00000200000000001
00000000000000001
00000000000000001
00000000000000001
00000000000000001
00000000000000000
STEP 2 P1 MOVE 9 0 9 3
OWN
00000000000000000
00000200000000000
00000200000000000
00000200000000000
00000200000000001
00000000000000001
00000000000000001
00000000000000001
00000000000000001
11110000000000000
STEP 3 P2 MOVE 8 13 8 15
OWN
00000000000000000
00000200000000000
00000200000000000
00000200000000000
00000200000000001
00000000000000001
00000000000000001
00000000000000001
00000000000002221
11110000000000000
STEP 4 P1 MOVE 5 0 6 0
OWN
00000000000000000
00000200000000000
00000200000000000
00000200000000000
00000200000000001
10000000000000001
10000000000000001
00000000000000001
00000000000002221
11110000000000000
STEP 5 P2 MOVE 1 11 3 11
OWN
00000000000000000
00000200000200000
00000200000200000
00000200000200000
00000200000000001
10000000000000001
10000000000000001
00000000000000001
00000000000002221
11110000000000000
STEP 6 P1 MOVE 4 6 5 6
OWN
00000000000000000
00000200000200000
00000200000200000
00000200000200000
00000210000000001
10000010000000001
10000000000000001
00000000000000001
00000000000002221
11110000000000000
STEP 7 P2 MOVE 2 9 4 9
OWN
00000000000000000
00000200000200000
00000200020200000
00000200020200000
00000210020000001
10000010000000001
10000000000000001
00000000000000001
00000000000002221
11110000000000000
STEP 8 P1 MOVE 4 8 4 11
OWN
00000000000000000
00000200000200000
00000200020200000
00000200020200000
00000210111100001
10000010000000001
10000000000000001
00000000000000001
00000000000002221
11110000000000000
STEP 9 P2 MOVE 5 11 7 11
OWN
00000000000000000
00000200000200000
00000200020200000
00000200020200000
00000210111100001
10000010000200001
10000000000200001
00000000000200001
00000000000002221
11110000000000000
STEP 10 P1 MOVE 9 14 9 15
OWN
00000000000000000
00000200000200000
00000200020200000
00000200020200000
00000210111100001
10000010000200001
10000000000200001
00000000000200001
00000000000002221
11110000000000110
STEP 11 P2 MOVE 9 11 9 12
OWN
00000000000000000
00000200000200000
00000200020200000
00000200020200000
00000210111100001
10000010000200001
10000000000200001
00000000000200001
00000000000002221
11110000000220110
STEP 12 P1 MOVE 0 12 1 12
OWN
00000000000010000
00000200000210000
00000200020200000
00000200020200000
00000210111100001
10000010000200001
10000000000200001
00000000000200001
00000000000002221
11110000000220110
STEP 13 P2 MOVE 0 10 1 10
OWN
00000000002010000
00000200002210000
00000200020200000
00000200020200000
00000210111100001
10000010000200001
10000000000200001
00000000000200001
00000000000002221
11110000000220110
STEP 14 P1 MOVE 0 15 0 16
OWN
00000000002010011
00000200002210000
00000200020200000
00000200020200000
00000210111100001
10000010000200001
10000000000200001
00000000000200001
00000000000002221
11110000000220110
STEP 15 P2 MOVE 7 0 8 0
OWN
00000000002010011
00000200002210000
00000200020200000
00000200020200000
00000210111100001
10000010000200001
10000000000200001
20000000000200001
20000000000002221
11110000000220110
STEP 16 P1 MOVE 3 1 4 1
OWN
00000000002010011
00000200002210000
00000200020200000
01000200020200000
01000210111100001
10000010000200001
10000000000200001
20000000000200001
20000000000002221
11110000000220110
STEP 17 P2 MOVE 8 7 9 7
OWN
00000000002010011
00000200002210000
00000200020200000
01000200020200000
01000210111100001
10000010000200001
10000000000200001
20000000000200001
20000002000002221
11110002000220110
STEP 18 P1 MOVE 6 1 7 1
OWN
00000000002010011
00000200002210000
00000200020200000
01000200020200000
01000210111100001
10000010000200001
11000000000200001
21000000000200001
20000002000002221
11110002000220110
STEP 19 P2 MOVE 6 9 6 10
OWN
00000000002010011
00000200002210000
00000200020200000
01000200020200000
01000210111100001
10000010000200001
11000000022200001
21000000000200001
20000002000002221
11110002000220110
STEP 20 P1 MOVE 0 14 1 14
OWN
00000000002010111
00000200002210100
00000200020200000
01000200020200000
01000210111100001
10000010000200001
11000000022200001
21000000000200001
20000002000002221
11110002000220110
STEP 21 P2 MOVE 3 15 5 15
OWN
00000000002010111
00000200002210100
00000200020200000
01000200020200020
01000210111100021
10000010000200021
11000000022200001
21000000000200001
20000002000002221
11110002000220110
STEP 22 P1 MOVE 1 13 1 15
OWN
00000000002010111
00000200002211110
00000200020200000
01000200020200020
01000210111100021
10000010000200021
11000000022200001
21000000000200001
20000002000002221
11110002000220110
STEP 23 P2 MOVE 1 15 2 16
OWN
00000000002010111
00000200002211122
00000200020200022
01000200020200020
01000210111100021
10000010000200021
11000000022200001
21000000000200001
20000002000002221
11110002000220110
STEP 24 P1 MOVE 3 14 3 16
OWN
00000000002010111
00000200002211122
00000200020200022
01000200020200111
01000210111100021
10000010000200021
11000000022200001
21000000000200001
20000002000002221
11110002000220110
STEP 25 P2 MOVE 3 13 4 13
OWN
00000000002010111
00000200002211122
00000200020200022
01000200020202111
01000210111102021
10000010000200021
11000000022200001
21000000000200001
20000002000002221
11110002000220110
STEP 26 P1 MOVE 3 10 3 12
OWN
00000000002010111
00000200002211122
00000200020200022
01000200021112111
01000210111102021
10000010000200021
11000000022200001
21000000000200001
20000002000002221
11110002000220110
STEP 27 P2 MOVE 6 7 6 8
OWN
00000000002010111
00000200002211122
00000200020200022
01000200021112111
01000210111102021
10000010000200021
11000002222200001
21000000000200001
20000002000002221
11110002000220110
STEP 28 P1 MOVE 5 6 6 7
OWN
00000000002010111
00000200002211122
00000200020200022
01000200021112111
01000210111102021
10000011000200021
11000011222200001
21000000000200001
20000002000002221
11110002000220110
STEP 29 P2 MOVE 2 8 3 8
OWN
00000000002010111
00000200002211122
00000200220200022
01000200221112111
01000210111102021
10000011000200021
11000011222200001
21000000000200001
20000002000002221
11110002000220110
STEP 30 P1 MOVE 2 6 2 10
OWN
00000000002010111
00000200002211122
00000211111200022
01000200221112111
01000210111102021
10000011000200021
11000011222200001
21000000000200001
20000002000002221
11110002000220110
STEP 31 P2 MOVE 2 13 5 13
OWN
00000000002010111
00000200002211122
00000211111202022
01000200221112111
01000210111102021
10000011000202021
11000011222200001
21000000000200001
20000002000002221
11110002000220110
STEP 32 P1 MOVE -1 -1 -1 -1
OWN
00000000002010111
00000200002211122
00000211111202022
01000200221112111
01000210111102021
10000011000202021
11000011222200001
21000000000200001
20000002000002221
11110002000220110
STEP 33 P2 MOVE -1 -1 -1 -1
OWN
00000000002010111
00000200002211122
00000211111202022
01000200221112111
01000210111102021
10000011000202021
11000011222200001
21000000000200001
20000002000002221
11110002000220110
RESULT first=44 second=35 winner=1
ANALYSIS winner=P1 score=44-35 reason=탈취우위(+5칸 빼앗음,2배효과) steal(w/l)=6/1 neu(w/l)=39/40
