BOARD
44579868532511531
53574546545318683
64187657768639919
41937925685253813
69185352178454732
53857647891886315
49932879414586127
31529492116474855
55523119633946531
11741189392931327
STEP 0 P1 MOVE 0 12 0 15
OWN
00000000000011110
00000000000000000
00000000000000000
00000000000000000
00000000000000000
00000000000000000
00000000000000000
00000000000000000
00000000000000000
00000000000000000
STEP 1 P2 MOVE 0 8 0 10
OWN
00000000222011110
00000000000000000
00000000000000000
00000000000000000
00000000000000000
00000000000000000
00000000000000000
00000000000000000
00000000000000000
00000000000000000
STEP 2 P1 MOVE 4 5 4 7
OWN
00000000222011110
00000000000000000
00000000000000000
00000000000000000
00000111000000000
00000000000000000
00000000000000000
00000000000000000
00000000000000000
00000000000000000
STEP 3 P2 MOVE 7 8 9 8
OWN
00000000222011110
00000000000000000
00000000000000000
00000000000000000
00000111000000000
00000000000000000
00000000000000000
00000000200000000
00000000200000000
00000000200000000
STEP 4 P1 MOVE 3 2 4 2
OWN
00000000222011110
00000000000000000
00000000000000000
00100000000000000
00100111000000000
00000000000000000
00000000000000000
00000000200000000
00000000200000000
00000000200000000
STEP 5 P2 MOVE 4 14 5 14
OWN
00000000222011110
00000000000000000
00000000000000000
00100000000000000
00100111000000200
00000000000000200
00000000000000000
00000000200000000
00000000200000000
00000000200000000
STEP 6 P1 MOVE 2 0 3 0
OWN
00000000222011110
00000000000000000
10000000000000000
10100000000000000
00100111000000200
00000000000000200
00000000000000000
00000000200000000
00000000200000000
00000000200000000
STEP 7 P2 MOVE 7 13 8 13
OWN
00000000222011110
00000000000000000
10000000000000000
10100000000000000
00100111000000200
00000000000000200
00000000000000000
00000000200002000
00000000200002000
00000000200000000
STEP 8 P1 MOVE 6 9 6 11
OWN
00000000222011110
00000000000000000
10000000000000000
10100000000000000
00100111000000200
00000000000000200
00000000011100000
00000000200002000
00000000200002000
00000000200000000
STEP 9 P2 MOVE 3 16 5 16
OWN
00000000222011110
00000000000000000
10000000000000000
10100000000000002
00100111000000202
00000000000000202
00000000011100000
00000000200002000
00000000200002000
00000000200000000
STEP 10 P1 MOVE 2 15 2 16
OWN
00000000222011110
00000000000000000
10000000000000011
10100000000000002
00100111000000202
00000000000000202
00000000011100000
00000000200002000
00000000200002000
00000000200000000
STEP 11 P2 MOVE 7 6 8 6
OWN
00000000222011110
00000000000000000
10000000000000011
10100000000000002
00100111000000202
00000000000000202
00000000011100000
00000020200002000
00000020200002000
00000000200000000
STEP 12 P1 MOVE 8 2 8 4
OWN
00000000222011110
00000000000000000
10000000000000011
10100000000000002
00100111000000202
00000000000000202
00000000011100000
00000020200002000
00111020200002000
00000000200000000
STEP 13 P2 MOVE 7 4 9 4
OWN
00000000222011110
00000000000000000
10000000000000011
10100000000000002
00100111000000202
00000000000000202
00000000011100000
00002020200002000
00112020200002000
00002000200000000
STEP 14 P1 MOVE 8 0 8 1
OWN
00000000222011110
00000000000000000
10000000000000011
10100000000000002
00100111000000202
00000000000000202
00000000011100000
00002020200002000
11112020200002000
00002000200000000
STEP 15 P2 MOVE 5 5 5 6
OWN
00000000222011110
00000000000000000
10000000000000011
10100000000000002
00100111000000202
00000220000000202
00000000011100000
00002020200002000
11112020200002000
00002000200000000
STEP 16 P1 MOVE 5 9 5 10
OWN
00000000222011110
00000000000000000
10000000000000011
10100000000000002
00100111000000202
00000220011000202
00000000011100000
00002020200002000
11112020200002000
00002000200000000
STEP 17 P2 MOVE 0 6 1 6
OWN
00000020222011110
00000020000000000
10000000000000011
10100000000000002
00100111000000202
00000220011000202
00000000011100000
00002020200002000
11112020200002000
00002000200000000
STEP 18 P1 MOVE 6 1 7 1
OWN
00000020222011110
00000020000000000
10000000000000011
10100000000000002
00100111000000202
00000220011000202
01000000011100000
01002020200002000
11112020200002000
00002000200000000
STEP 19 P2 MOVE 7 10 7 11
OWN
00000020222011110
00000020000000000
10000000000000011
10100000000000002
00100111000000202
00000220011000202
01000000011100000
01002020202202000
11112020200002000
00002000200000000
STEP 20 P1 MOVE 0 2 1 2
OWN
00100020222011110
00100020000000000
10000000000000011
10100000000000002
00100111000000202
00000220011000202
01000000011100000
01002020202202000
11112020200002000
00002000200000000
STEP 21 P2 MOVE 1 9 2 9
OWN
00100020222011110
00100020020000000
10000000020000011
10100000000000002
00100111000000202
00000220011000202
01000000011100000
01002020202202000
11112020200002000
00002000200000000
STEP 22 P1 MOVE 6 15 8 15
OWN
00100020222011110
00100020020000000
10000000020000011
10100000000000002
00100111000000202
00000220011000202
01000000011100010
01002020202202010
11112020200002010
00002000200000000
STEP 23 P2 MOVE 8 15 9 16
OWN
00100020222011110
00100020020000000
10000000020000011
10100000000000002
00100111000000202
00000220011000202
01000000011100010
01002020202202010
11112020200002022
00002000200000022
STEP 24 P1 MOVE 3 11 3 13
OWN
00100020222011110
00100020020000000
10000000020000011
10100000000111002
00100111000000202
00000220011000202
01000000011100010
01002020202202010
11112020200002022
00002000200000022
STEP 25 P2 MOVE 2 11 4 11
OWN
00100020222011110
00100020020000000
10000000020200011
10100000000211002
00100111000200202
00000220011000202
01000000011100010
01002020202202010
11112020200002022
00002000200000022
STEP 26 P1 MOVE 4 13 5 13
OWN
00100020222011110
00100020020000000
10000000020200011
10100000000211002
00100111000201202
00000220011001202
01000000011100010
01002020202202010
11112020200002022
00002000200000022
STEP 27 P2 MOVE 6 4 6 5
OWN
00100020222011110
00100020020000000
10000000020200011
10100000000211002
00100111000201202
00000220011001202
01002200011100010
01002020202202010
11112020200002022
00002000200000022
STEP 28 P1 MOVE 7 7 7 12
OWN
00100020222011110
00100020020000000
10000000020200011
10100000000211002
00100111000201202
00000220011001202
01002200011100010
01002021111112010
11112020200002022
00002000200000022
STEP 29 P2 MOVE 4 9 8 9
OWN
00100020222011110
00100020020000000
10000000020200011
10100000000211002
00100111020201202
00000220021001202
01002200021100010
01002021121112010
11112020220002022
00002000200000022
STEP 30 P1 MOVE 6 3 8 5
OWN
00100020222011110
00100020020000000
10000000020200011
10100000000211002
00100111020201202
00000220021001202
01011100021100010
01011121121112010
11111120220002022
00002000200000022
STEP 31 P2 MOVE 3 5 9 5
OWN
00100020222011110
00100020020000000
10000000020200011
10100200000211002
00100211020201202
00000220021001202
01011200021100010
01011221121112010
11111220220002022
00002200200000022
STEP 32 P1 MOVE 3 3 3 4
OWN
00100020222011110
00100020020000000
10000000020200011
10111200000211002
00100211020201202
00000220021001202
01011200021100010
01011221121112010
11111220220002022
00002200200000022
STEP 33 P2 MOVE 5 14 7 15
OWN
00100020222011110
00100020020000000
10000000020200011
10111200000211002
00100211020201202
00000220021001222
01011200021100220
01011221121112220
11111220220002022
00002200200000022
STEP 34 P1 MOVE 7 2 7 16
OWN
00100020222011110
00100020020000000
10000000020200011
10111200000211002
00100211020201202
00000220021001222
01011200021100220
01111111111111111
11111220220002022
00002200200000022
STEP 35 P2 MOVE 1 1 1 3
OWN
00100020222011110
02220020020000000
10000000020200011
10111200000211002
00100211020201202
00000220021001222
01011200021100220
01111111111111111
11111220220002022
00002200200000022
STEP 36 P1 MOVE 0 1 3 2
OWN
01100020222011110
01120020020000000
11100000020200011
11111200000211002
00100211020201202
00000220021001222
01011200021100220
01111111111111111
11111220220002022
00002200200000022
STEP 37 P2 MOVE 4 15 6 16
OWN
01100020222011110
01120020020000000
11100000020200011
11111200000211002
00100211020201222
00000220021001222
01011200021100222
01111111111111111
11111220220002022
00002200200000022
STEP 38 P1 MOVE -1 -1 -1 -1
OWN
01100020222011110
01120020020000000
11100000020200011
11111200000211002
00100211020201222
00000220021001222
01011200021100222
01111111111111111
11111220220002022
00002200200000022
STEP 39 P2 MOVE -1 -1 -1 -1
OWN
01100020222011110
01120020020000000
11100000020200011
11111200000211002
00100211020201222
00000220021001222
01011200021100222
01111111111111111
11111220220002022
00002200200000022
RESULT first=52 second=41 winner=1
ANALYSIS winner=P1 score=52-41 reason=şóÄ­Ľ±Áˇ(+7) steal(w/l)=15/13 neu(w/l)=50/43
