BOARD
54735512734174495
75136326968676683
24511565129514731
63411677362769342
71578125735711952
42539383666729969
73499796987437266
89176543416332691
58716961998783349
85469852953925943
STEP 0 P1 MOVE 2 1 5 1
OWN
00000000000000000
00000000000000000
01000000000000000
01000000000000000
01000000000000000
01000000000000000
00000000000000000
00000000000000000
00000000000000000
00000000000000000
STEP 1 P2 MOVE 2 11 2 13
OWN
00000000000000000
00000000000000000
01000000000222000
01000000000000000
01000000000000000
01000000000000000
00000000000000000
00000000000000000
00000000000000000
00000000000000000
STEP 2 P1 MOVE 7 13 9 13
OWN
00000000000000000
00000000000000000
01000000000222000
01000000000000000
01000000000000000
01000000000000000
00000000000000000
00000000000001000
00000000000001000
00000000000001000
STEP 3 P2 MOVE 5 2 7 2
OWN
00000000000000000
00000000000000000
01000000000222000
01000000000000000
01000000000000000
01200000000000000
00200000000000000
00200000000001000
00000000000001000
00000000000001000
STEP 4 P1 MOVE 4 13 4 14
OWN
00000000000000000
00000000000000000
01000000000222000
01000000000000000
01000000000001100
01200000000000000
00200000000000000
00200000000001000
00000000000001000
00000000000001000
STEP 5 P2 MOVE 3 0 3 2
OWN
00000000000000000
00000000000000000
01000000000222000
22200000000000000
01000000000001100
01200000000000000
00200000000000000
00200000000001000
00000000000001000
00000000000001000
STEP 6 P1 MOVE 0 4 0 5
OWN
00001100000000000
00000000000000000
01000000000222000
22200000000000000
01000000000001100
01200000000000000
00200000000000000
00200000000001000
00000000000001000
00000000000001000
STEP 7 P2 MOVE 2 4 4 4
OWN
00001100000000000
00000000000000000
01002000000222000
22202000000000000
01002000000001100
01200000000000000
00200000000000000
00200000000001000
00000000000001000
00000000000001000
STEP 8 P1 MOVE 1 3 2 4
OWN
00001100000000000
00011000000000000
01011000000222000
22202000000000000
01002000000001100
01200000000000000
00200000000000000
00200000000001000
00000000000001000
00000000000001000
STEP 9 P2 MOVE 3 5 5 5
OWN
00001100000000000
00011000000000000
01011000000222000
22202200000000000
01002200000001100
01200200000000000
00200000000000000
00200000000001000
00000000000001000
00000000000001000
STEP 10 P1 MOVE 6 0 6 1
OWN
00001100000000000
00011000000000000
01011000000222000
22202200000000000
01002200000001100
01200200000000000
11200000000000000
00200000000001000
00000000000001000
00000000000001000
STEP 11 P2 MOVE 7 15 7 16
OWN
00001100000000000
00011000000000000
01011000000222000
22202200000000000
01002200000001100
01200200000000000
11200000000000000
00200000000001022
00000000000001000
00000000000001000
STEP 12 P1 MOVE 8 7 8 8
OWN
00001100000000000
00011000000000000
01011000000222000
22202200000000000
01002200000001100
01200200000000000
11200000000000000
00200000000001022
00000001100001000
00000000000001000
STEP 13 P2 MOVE 2 14 3 14
OWN
00001100000000000
00011000000000000
01011000000222200
22202200000000200
01002200000001100
01200200000000000
11200000000000000
00200000000001022
00000001100001000
00000000000001000
STEP 14 P1 MOVE 0 13 1 13
OWN
00001100000001000
00011000000001000
01011000000222200
22202200000000200
01002200000001100
01200200000000000
11200000000000000
00200000000001022
00000001100001000
00000000000001000
STEP 15 P2 MOVE 0 14 1 14
OWN
00001100000001200
00011000000001200
01011000000222200
22202200000000200
01002200000001100
01200200000000000
11200000000000000
00200000000001022
00000001100001000
00000000000001000
STEP 16 P1 MOVE 7 9 7 11
OWN
00001100000001200
00011000000001200
01011000000222200
22202200000000200
01002200000001100
01200200000000000
11200000000000000
00200000011101022
00000001100001000
00000000000001000
STEP 17 P2 MOVE 4 6 5 6
OWN
00001100000001200
00011000000001200
01011000000222200
22202200000000200
01002220000001100
01200220000000000
11200000000000000
00200000011101022
00000001100001000
00000000000001000
STEP 18 P1 MOVE 6 12 6 13
OWN
00001100000001200
00011000000001200
01011000000222200
22202200000000200
01002220000001100
01200220000000000
11200000000011000
00200000011101022
00000001100001000
00000000000001000
STEP 19 P2 MOVE 9 2 9 3
OWN
00001100000001200
00011000000001200
01011000000222200
22202200000000200
01002220000001100
01200220000000000
11200000000011000
00200000011101022
00000001100001000
00220000000001000
STEP 20 P1 MOVE 4 3 5 3
OWN
00001100000001200
00011000000001200
01011000000222200
22202200000000200
01012220000001100
01210220000000000
11200000000011000
00200000011101022
00000001100001000
00220000000001000
STEP 21 P2 MOVE 1 8 2 8
OWN
00001100000001200
00011000200001200
01011000200222200
22202200000000200
01012220000001100
01210220000000000
11200000000011000
00200000011101022
00000001100001000
00220000000001000
STEP 22 P1 MOVE 4 2 4 7
OWN
00001100000001200
00011000200001200
01011000200222200
22202200000000200
01111111000001100
01210220000000000
11200000000011000
00200000011101022
00000001100001000
00220000000001000
STEP 23 P2 MOVE 3 3 5 4
OWN
00001100000001200
00011000200001200
01011000200222200
22222200000000200
01122111000001100
01222220000000000
11200000000011000
00200000011101022
00000001100001000
00220000000001000
STEP 24 P1 MOVE 0 8 3 8
OWN
00001100100001200
00011000100001200
01011000100222200
22222200100000200
01122111000001100
01222220000000000
11200000000011000
00200000011101022
00000001100001000
00220000000001000
STEP 25 P2 MOVE 0 6 0 10
OWN
00001122222001200
00011000100001200
01011000100222200
22222200100000200
01122111000001100
01222220000000000
11200000000011000
00200000011101022
00000001100001000
00220000000001000
STEP 26 P1 MOVE 4 8 4 9
OWN
00001122222001200
00011000100001200
01011000100222200
22222200100000200
01122111110001100
01222220000000000
11200000000011000
00200000011101022
00000001100001000
00220000000001000
STEP 27 P2 MOVE 7 7 7 12
OWN
00001122222001200
00011000100001200
01011000100222200
22222200100000200
01122111110001100
01222220000000000
11200000000011000
00200002222221022
00000001100001000
00220000000001000
STEP 28 P1 MOVE 7 6 7 14
OWN
00001122222001200
00011000100001200
01011000100222200
22222200100000200
01122111110001100
01222220000000000
11200000000011000
00200011111111122
00000001100001000
00220000000001000
STEP 29 P2 MOVE 5 12 8 12
OWN
00001122222001200
00011000100001200
01011000100222200
22222200100000200
01122111110001100
01222220000020000
11200000000021000
00200011111121122
00000001100021000
00220000000001000
STEP 30 P1 MOVE 4 12 5 13
OWN
00001122222001200
00011000100001200
01011000100222200
22222200100000200
01122111110011100
01222220000011000
11200000000021000
00200011111121122
00000001100021000
00220000000001000
STEP 31 P2 MOVE 8 11 8 14
OWN
00001122222001200
00011000100001200
01011000100222200
22222200100000200
01122111110011100
01222220000011000
11200000000021000
00200011111121122
00000001100222200
00220000000001000
STEP 32 P1 MOVE -1 -1 -1 -1
OWN
00001122222001200
00011000100001200
01011000100222200
22222200100000200
01122111110011100
01222220000011000
11200000000021000
00200011111121122
00000001100222200
00220000000001000
STEP 33 P2 MOVE 2 2 2 5
OWN
00001122222001200
00011000100001200
01222200100222200
22222200100000200
01122111110011100
01222220000011000
11200000000021000
00200011111121122
00000001100222200
00220000000001000
STEP 34 P1 MOVE 1 5 6 5
OWN
00001122222001200
00011100100001200
01222100100222200
22222100100000200
01122111110011100
01222120000011000
11200100000021000
00200011111121122
00000001100222200
00220000000001000
STEP 35 P2 MOVE 0 2 0 3
OWN
00221122222001200
00011100100001200
01222100100222200
22222100100000200
01122111110011100
01222120000011000
11200100000021000
00200011111121122
00000001100222200
00220000000001000
STEP 36 P1 MOVE 0 0 0 11
OWN
11111111111101200
00011100100001200
01222100100222200
22222100100000200
01122111110011100
01222120000011000
11200100000021000
00200011111121122
00000001100222200
00220000000001000
STEP 37 P2 MOVE 1 2 6 3
OWN
11111111111101200
00221100100001200
01222100100222200
22222100100000200
01222111110011100
01222120000011000
11220100000021000
00200011111121122
00000001100222200
00220000000001000
STEP 38 P1 MOVE -1 -1 -1 -1
OWN
11111111111101200
00221100100001200
01222100100222200
22222100100000200
01222111110011100
01222120000011000
11220100000021000
00200011111121122
00000001100222200
00220000000001000
STEP 39 P2 MOVE 3 7 5 7
OWN
11111111111101200
00221100100001200
01222100100222200
22222102100000200
01222112110011100
01222122000011000
11220100000021000
00200011111121122
00000001100222200
00220000000001000
STEP 40 P1 MOVE 5 0 5 8
OWN
11111111111101200
00221100100001200
01222100100222200
22222102100000200
01222112110011100
11111111100011000
11220100000021000
00200011111121122
00000001100222200
00220000000001000
STEP 41 P2 MOVE -1 -1 -1 -1
OWN
11111111111101200
00221100100001200
01222100100222200
22222102100000200
01222112110011100
11111111100011000
11220100000021000
00200011111121122
00000001100222200
00220000000001000
STEP 42 P1 MOVE -1 -1 -1 -1
OWN
11111111111101200
00221100100001200
01222100100222200
22222102100000200
01222112110011100
11111111100011000
11220100000021000
00200011111121122
00000001100222200
00220000000001000
RESULT first=56 second=35 winner=1
ANALYSIS winner=P1 score=56-35 reason=Ĺ»ĂëżěŔ§(+12Ä­ »©ľŃŔ˝,2ąčČż°ú) steal(w/l)=28/16 neu(w/l)=44/47
