BOARD
27188778988632991
38533293935484733
44746589659897168
67354865864923554
33888715269718913
44156673383879829
28913521759252627
32476398666951663
34518197523144511
77864259215313848
STEP 0 P1 MOVE 3 15 6 15
OWN
00000000000000000
00000000000000000
00000000000000000
00000000000000010
00000000000000010
00000000000000010
00000000000000010
00000000000000000
00000000000000000
00000000000000000
STEP 1 P2 MOVE 8 9 8 12
OWN
00000000000000000
00000000000000000
00000000000000000
00000000000000010
00000000000000010
00000000000000010
00000000000000010
00000000000000000
00000000022220000
00000000000000000
STEP 2 P1 MOVE 3 12 5 12
OWN
00000000000000000
00000000000000000
00000000000000000
00000000000010010
00000000000010010
00000000000010010
00000000000000010
00000000000000000
00000000022220000
00000000000000000
STEP 3 P2 MOVE 0 0 0 2
OWN
22200000000000000
00000000000000000
00000000000000000
00000000000010010
00000000000010010
00000000000010010
00000000000000010
00000000000000000
00000000022220000
00000000000000000
STEP 4 P1 MOVE 8 1 8 3
OWN
22200000000000000
00000000000000000
00000000000000000
00000000000010010
00000000000010010
00000000000010010
00000000000000010
00000000000000000
01110000022220000
00000000000000000
STEP 5 P2 MOVE 4 6 6 6
OWN
22200000000000000
00000000000000000
00000000000000000
00000000000010010
00000020000010010
00000020000010010
00000020000000010
00000000000000000
01110000022220000
00000000000000000
STEP 6 P1 MOVE 6 3 6 7
OWN
22200000000000000
00000000000000000
00000000000000000
00000000000010010
00000020000010010
00000020000010010
00011111000000010
00000000000000000
01110000022220000
00000000000000000
STEP 7 P2 MOVE 5 5 8 5
OWN
22200000000000000
00000000000000000
00000000000000000
00000000000010010
00000020000010010
00000220000010010
00011211000000010
00000200000000000
01110200022220000
00000000000000000
STEP 8 P1 MOVE 3 7 4 7
OWN
22200000000000000
00000000000000000
00000000000000000
00000001000010010
00000021000010010
00000220000010010
00011211000000010
00000200000000000
01110200022220000
00000000000000000
STEP 9 P2 MOVE 3 1 3 2
OWN
22200000000000000
00000000000000000
00000000000000000
02200001000010010
00000021000010010
00000220000010010
00011211000000010
00000200000000000
01110200022220000
00000000000000000
STEP 10 P1 MOVE 3 8 4 8
OWN
22200000000000000
00000000000000000
00000000000000000
02200001100010010
00000021100010010
00000220000010010
00011211000000010
00000200000000000
01110200022220000
00000000000000000
STEP 11 P2 MOVE 5 2 6 2
OWN
22200000000000000
00000000000000000
00000000000000000
02200001100010010
00000021100010010
00200220000010010
00211211000000010
00000200000000000
01110200022220000
00000000000000000
STEP 12 P1 MOVE 4 5 5 7
OWN
22200000000000000
00000000000000000
00000000000000000
02200001100010010
00000111100010010
00200111000010010
00211211000000010
00000200000000000
01110200022220000
00000000000000000
STEP 13 P2 MOVE 3 5 9 5
OWN
22200000000000000
00000000000000000
00000000000000000
02200201100010010
00000211100010010
00200211000010010
00211211000000010
00000200000000000
01110200022220000
00000200000000000
STEP 14 P1 MOVE 3 4 3 6
OWN
22200000000000000
00000000000000000
00000000000000000
02201111100010010
00000211100010010
00200211000010010
00211211000000010
00000200000000000
01110200022220000
00000200000000000
STEP 15 P2 MOVE 0 15 0 16
OWN
22200000000000022
00000000000000000
00000000000000000
02201111100010010
00000211100010010
00200211000010010
00211211000000010
00000200000000000
01110200022220000
00000200000000000
STEP 16 P1 MOVE 0 11 1 11
OWN
22200000000100022
00000000000100000
00000000000000000
02201111100010010
00000211100010010
00200211000010010
00211211000000010
00000200000000000
01110200022220000
00000200000000000
STEP 17 P2 MOVE 6 16 7 16
OWN
22200000000100022
00000000000100000
00000000000000000
02201111100010010
00000211100010010
00200211000010010
00211211000000012
00000200000000002
01110200022220000
00000200000000000
STEP 18 P1 MOVE 9 3 9 4
OWN
22200000000100022
00000000000100000
00000000000000000
02201111100010010
00000211100010010
00200211000010010
00211211000000012
00000200000000002
01110200022220000
00011200000000000
STEP 19 P2 MOVE 3 9 3 10
OWN
22200000000100022
00000000000100000
00000000000000000
02201111122010010
00000211100010010
00200211000010010
00211211000000012
00000200000000002
01110200022220000
00011200000000000
STEP 20 P1 MOVE 5 8 6 8
OWN
22200000000100022
00000000000100000
00000000000000000
02201111122010010
00000211100010010
00200211100010010
00211211100000012
00000200000000002
01110200022220000
00011200000000000
STEP 21 P2 MOVE 6 0 6 1
OWN
22200000000100022
00000000000100000
00000000000000000
02201111122010010
00000211100010010
00200211100010010
22211211100000012
00000200000000002
01110200022220000
00011200000000000
STEP 22 P1 MOVE 4 0 7 0
OWN
22200000000100022
00000000000100000
00000000000000000
02201111122010010
10000211100010010
10200211100010010
12211211100000012
10000200000000002
01110200022220000
00011200000000000
STEP 23 P2 MOVE 5 11 6 11
OWN
22200000000100022
00000000000100000
00000000000000000
02201111122010010
10000211100010010
10200211100210010
12211211100200012
10000200000000002
01110200022220000
00011200000000000
STEP 24 P1 MOVE 8 0 9 0
OWN
22200000000100022
00000000000100000
00000000000000000
02201111122010010
10000211100010010
10200211100210010
12211211100200012
10000200000000002
11110200022220000
10011200000000000
STEP 25 P2 MOVE 5 16 8 16
OWN
22200000000100022
00000000000100000
00000000000000000
02201111122010010
10000211100010010
10200211100210012
12211211100200012
10000200000000002
11110200022220002
10011200000000000
STEP 26 P1 MOVE 2 0 3 0
OWN
22200000000100022
00000000000100000
10000000000000000
12201111122010010
10000211100010010
10200211100210012
12211211100200012
10000200000000002
11110200022220002
10011200000000000
STEP 27 P2 MOVE 1 14 1 15
OWN
22200000000100022
00000000000100220
10000000000000000
12201111122010010
10000211100010010
10200211100210012
12211211100200012
10000200000000002
11110200022220002
10011200000000000
STEP 28 P1 MOVE 0 14 2 14
OWN
22200000000100122
00000000000100120
10000000000000100
12201111122010010
10000211100010010
10200211100210012
12211211100200012
10000200000000002
11110200022220002
10011200000000000
STEP 29 P2 MOVE 2 13 3 13
OWN
22200000000100122
00000000000100120
10000000000002100
12201111122012010
10000211100010010
10200211100210012
12211211100200012
10000200000000002
11110200022220002
10011200000000000
STEP 30 P1 MOVE 9 9 9 12
OWN
22200000000100122
00000000000100120
10000000000002100
12201111122012010
10000211100010010
10200211100210012
12211211100200012
10000200000000002
11110200022220002
10011200011110000
STEP 31 P2 MOVE 6 13 9 13
OWN
22200000000100122
00000000000100120
10000000000002100
12201111122012010
10000211100010010
10200211100210012
12211211100202012
10000200000002002
11110200022222002
10011200011112000
STEP 32 P1 MOVE 8 8 8 14
OWN
22200000000100122
00000000000100120
10000000000002100
12201111122012010
10000211100010010
10200211100210012
12211211100202012
10000200000002002
11110200111111102
10011200011112000
STEP 33 P2 MOVE 9 8 9 14
OWN
22200000000100122
00000000000100120
10000000000002100
12201111122012010
10000211100010010
10200211100210012
12211211100202012
10000200000002002
11110200111111102
10011200222222200
STEP 34 P1 MOVE 6 12 7 12
OWN
22200000000100122
00000000000100120
10000000000002100
12201111122012010
10000211100010010
10200211100210012
12211211100212012
10000200000012002
11110200111111102
10011200222222200
STEP 35 P2 MOVE 1 13 2 15
OWN
22200000000100122
00000000000102220
10000000000002220
12201111122012010
10000211100010010
10200211100210012
12211211100212012
10000200000012002
11110200111111102
10011200222222200
STEP 36 P1 MOVE 4 15 8 16
OWN
22200000000100122
00000000000102220
10000000000002220
12201111122012010
10000211100010011
10200211100210011
12211211100212011
10000200000012011
11110200111111111
10011200222222200
STEP 37 P2 MOVE 7 14 9 15
OWN
22200000000100122
00000000000102220
10000000000002220
12201111122012010
10000211100010011
10200211100210011
12211211100212011
10000200000012221
11110200111111221
10011200222222220
STEP 38 P1 MOVE 0 13 4 13
OWN
22200000000101122
00000000000101220
10000000000001220
12201111122011010
10000211100011011
10200211100210011
12211211100212011
10000200000012221
11110200111111221
10011200222222220
STEP 39 P2 MOVE -1 -1 -1 -1
OWN
22200000000101122
00000000000101220
10000000000001220
12201111122011010
10000211100011011
10200211100210011
12211211100212011
10000200000012221
11110200111111221
10011200222222220
STEP 40 P1 MOVE -1 -1 -1 -1
OWN
22200000000101122
00000000000101220
10000000000001220
12201111122011010
10000211100011011
10200211100210011
12211211100212011
10000200000012221
11110200111111221
10011200222222220
RESULT first=57 second=38 winner=1
ANALYSIS winner=P1 score=57-38 reason=Ĺ»ĂëżěŔ§(+7Ä­ »©ľŃŔ˝,2ąčČż°ú) / şóÄ­Ľ±Áˇ(+5) steal(w/l)=19/12 neu(w/l)=50/45
