BOARD
94324778337417114
15863265461973649
46859174424712465
57773539458371591
28261759469821596
57523785122142227
38629796863591858
29169628687896419
94783681437393727
95979831179169535
STEP 0 P1 MOVE 1 13 6 13
OWN
00000000000000000
00000000000001000
00000000000001000
00000000000001000
00000000000001000
00000000000001000
00000000000001000
00000000000000000
00000000000000000
00000000000000000
STEP 1 P2 MOVE 5 8 5 12
OWN
00000000000000000
00000000000001000
00000000000001000
00000000000001000
00000000000001000
00000000222221000
00000000000001000
00000000000000000
00000000000000000
00000000000000000
STEP 2 P1 MOVE 5 15 8 15
OWN
00000000000000000
00000000000001000
00000000000001000
00000000000001000
00000000000001000
00000000222221010
00000000000001010
00000000000000010
00000000000000010
00000000000000000
STEP 3 P2 MOVE 0 12 0 15
OWN
00000000000022220
00000000000001000
00000000000001000
00000000000001000
00000000000001000
00000000222221010
00000000000001010
00000000000000010
00000000000000010
00000000000000000
STEP 4 P1 MOVE 4 0 6 0
OWN
00000000000022220
00000000000001000
00000000000001000
00000000000001000
10000000000001000
10000000222221010
10000000000001010
00000000000000010
00000000000000010
00000000000000000
STEP 5 P2 MOVE 1 0 3 0
OWN
00000000000022220
20000000000001000
20000000000001000
20000000000001000
10000000000001000
10000000222221010
10000000000001010
00000000000000010
00000000000000010
00000000000000000
STEP 6 P1 MOVE 2 7 2 9
OWN
00000000000022220
20000000000001000
20000001110001000
20000000000001000
10000000000001000
10000000222221010
10000000000001010
00000000000000010
00000000000000010
00000000000000000
STEP 7 P2 MOVE 2 12 4 12
OWN
00000000000022220
20000000000001000
20000001110021000
20000000000021000
10000000000021000
10000000222221010
10000000000001010
00000000000000010
00000000000000010
00000000000000000
STEP 8 P1 MOVE 2 14 2 15
OWN
00000000000022220
20000000000001000
20000001110021110
20000000000021000
10000000000021000
10000000222221010
10000000000001010
00000000000000010
00000000000000010
00000000000000000
STEP 9 P2 MOVE 7 7 9 7
OWN
00000000000022220
20000000000001000
20000001110021110
20000000000021000
10000000000021000
10000000222221010
10000000000001010
00000002000000010
00000002000000010
00000002000000000
STEP 10 P1 MOVE 0 5 2 5
OWN
00000100000022220
20000100000001000
20000101110021110
20000000000021000
10000000000021000
10000000222221010
10000000000001010
00000002000000010
00000002000000010
00000002000000000
STEP 11 P2 MOVE 6 10 7 10
OWN
00000100000022220
20000100000001000
20000101110021110
20000000000021000
10000000000021000
10000000222221010
10000000002001010
00000002002000010
00000002000000010
00000002000000000
STEP 12 P1 MOVE 8 9 8 10
OWN
00000100000022220
20000100000001000
20000101110021110
20000000000021000
10000000000021000
10000000222221010
10000000002001010
00000002002000010
00000002011000010
00000002000000000
STEP 13 P2 MOVE 1 10 1 11
OWN
00000100000022220
20000100002201000
20000101110021110
20000000000021000
10000000000021000
10000000222221010
10000000002001010
00000002002000010
00000002011000010
00000002000000000
STEP 14 P1 MOVE 3 3 3 4
OWN
00000100000022220
20000100002201000
20000101110021110
20011000000021000
10000000000021000
10000000222221010
10000000002001010
00000002002000010
00000002011000010
00000002000000000
STEP 15 P2 MOVE 1 8 1 9
OWN
00000100000022220
20000100222201000
20000101110021110
20011000000021000
10000000000021000
10000000222221010
10000000002001010
00000002002000010
00000002011000010
00000002000000000
STEP 16 P1 MOVE 7 6 8 6
OWN
00000100000022220
20000100222201000
20000101110021110
20011000000021000
10000000000021000
10000000222221010
10000000002001010
00000012002000010
00000012011000010
00000002000000000
STEP 17 P2 MOVE 7 8 8 8
OWN
00000100000022220
20000100222201000
20000101110021110
20011000000021000
10000000000021000
10000000222221010
10000000002001010
00000012202000010
00000012211000010
00000002000000000
STEP 18 P1 MOVE 8 13 8 14
OWN
00000100000022220
20000100222201000
20000101110021110
20011000000021000
10000000000021000
10000000222221010
10000000002001010
00000012202000010
00000012211001110
00000002000000000
STEP 19 P2 MOVE 7 13 7 14
OWN
00000100000022220
20000100222201000
20000101110021110
20011000000021000
10000000000021000
10000000222221010
10000000002001010
00000012202002210
00000012211001110
00000002000000000
STEP 20 P1 MOVE 4 8 4 9
OWN
00000100000022220
20000100222201000
20000101110021110
20011000000021000
10000000110021000
10000000222221010
10000000002001010
00000012202002210
00000012211001110
00000002000000000
STEP 21 P2 MOVE 9 10 9 11
OWN
00000100000022220
20000100222201000
20000101110021110
20011000000021000
10000000110021000
10000000222221010
10000000002001010
00000012202002210
00000012211001110
00000002002200000
STEP 22 P1 MOVE 0 9 0 10
OWN
00000100011022220
20000100222201000
20000101110021110
20011000000021000
10000000110021000
10000000222221010
10000000002001010
00000012202002210
00000012211001110
00000002002200000
STEP 23 P2 MOVE 2 4 4 4
OWN
00000100011022220
20000100222201000
20002101110021110
20012000000021000
10002000110021000
10000000222221010
10000000002001010
00000012202002210
00000012211001110
00000002002200000
STEP 24 P1 MOVE 5 2 5 4
OWN
00000100011022220
20000100222201000
20002101110021110
20012000000021000
10002000110021000
10111000222221010
10000000002001010
00000012202002210
00000012211001110
00000002002200000
STEP 25 P2 MOVE 1 14 1 15
OWN
00000100011022220
20000100222201220
20002101110021110
20012000000021000
10002000110021000
10111000222221010
10000000002001010
00000012202002210
00000012211001110
00000002002200000
STEP 26 P1 MOVE 2 6 3 6
OWN
00000100011022220
20000100222201220
20002111110021110
20012010000021000
10002000110021000
10111000222221010
10000000002001010
00000012202002210
00000012211001110
00000002002200000
STEP 27 P2 MOVE 2 11 3 11
OWN
00000100011022220
20000100222201220
20002111110221110
20012010000221000
10002000110021000
10111000222221010
10000000002001010
00000012202002210
00000012211001110
00000002002200000
STEP 28 P1 MOVE 4 1 4 2
OWN
00000100011022220
20000100222201220
20002111110221110
20012010000221000
11102000110021000
10111000222221010
10000000002001010
00000012202002210
00000012211001110
00000002002200000
STEP 29 P2 MOVE 3 14 4 14
OWN
00000100011022220
20000100222201220
20002111110221110
20012010000221200
11102000110021200
10111000222221010
10000000002001010
00000012202002210
00000012211001110
00000002002200000
STEP 30 P1 MOVE 4 11 5 14
OWN
00000100011022220
20000100222201220
20002111110221110
20012010000221200
11102000110111100
10111000222111110
10000000002001010
00000012202002210
00000012211001110
00000002002200000
STEP 31 P2 MOVE 8 9 9 11
OWN
00000100011022220
20000100222201220
20002111110221110
20012010000221200
11102000110111100
10111000222111110
10000000002001010
00000012202002210
00000012222201110
00000002022200000
STEP 32 P1 MOVE 9 6 9 12
OWN
00000100011022220
20000100222201220
20002111110221110
20012010000221200
11102000110111100
10111000222111110
10000000002001010
00000012202002210
00000012222201110
00000011111110000
STEP 33 P2 MOVE 2 3 3 5
OWN
00000100011022220
20000100222201220
20022211110221110
20022210000221200
11102000110111100
10111000222111110
10000000002001010
00000012202002210
00000012222201110
00000011111110000
STEP 34 P1 MOVE 1 4 4 5
OWN
00000100011022220
20001100222201220
20021111110221110
20021110000221200
11101100110111100
10111000222111110
10000000002001010
00000012202002210
00000012222201110
00000011111110000
STEP 35 P2 MOVE 3 15 3 16
OWN
00000100011022220
20001100222201220
20021111110221110
20021110000221222
11101100110111100
10111000222111110
10000000002001010
00000012202002210
00000012222201110
00000011111110000
STEP 36 P1 MOVE -1 -1 -1 -1
OWN
00000100011022220
20001100222201220
20021111110221110
20021110000221222
11101100110111100
10111000222111110
10000000002001010
00000012202002210
00000012222201110
00000011111110000
STEP 37 P2 MOVE -1 -1 -1 -1
OWN
00000100011022220
20001100222201220
20021111110221110
20021110000221222
11101100110111100
10111000222111110
10000000002001010
00000012202002210
00000012222201110
00000011111110000
RESULT first=55 second=36 winner=1
ANALYSIS winner=P1 score=55-36 reason=Ĺ»ĂëżěŔ§(+8Ä­ »©ľŃŔ˝,2ąčČż°ú) / şóÄ­Ľ±Áˇ(+3) steal(w/l)=13/5 neu(w/l)=47/44
