BOARD
58762191113118867
54164475825831485
51613315293911771
76545756766876995
46139187335834744
21576338612436996
73562969295977525
39654286789599449
44353951232836397
79475256732994374
STEP 0 P1 MOVE 8 9 9 10
OWN
00000000000000000
00000000000000000
00000000000000000
00000000000000000
00000000000000000
00000000000000000
00000000000000000
00000000000000000
00000000011000000
00000000011000000
STEP 1 P2 MOVE 0 13 2 13
OWN
00000000000002000
00000000000002000
00000000000002000
00000000000000000
00000000000000000
00000000000000000
00000000000000000
00000000000000000
00000000011000000
00000000011000000
STEP 2 P1 MOVE 4 1 4 3
OWN
00000000000002000
00000000000002000
00000000000002000
00000000000000000
01110000000000000
00000000000000000
00000000000000000
00000000000000000
00000000011000000
00000000011000000
STEP 3 P2 MOVE 8 13 9 13
OWN
00000000000002000
00000000000002000
00000000000002000
00000000000000000
01110000000000000
00000000000000000
00000000000000000
00000000000000000
00000000011002000
00000000011002000
STEP 4 P1 MOVE 8 8 8 11
OWN
00000000000002000
00000000000002000
00000000000002000
00000000000000000
01110000000000000
00000000000000000
00000000000000000
00000000000000000
00000000111102000
00000000011002000
STEP 5 P2 MOVE 2 16 4 16
OWN
00000000000002000
00000000000002000
00000000000002002
00000000000000002
01110000000000002
00000000000000000
00000000000000000
00000000000000000
00000000111102000
00000000011002000
STEP 6 P1 MOVE 1 0 2 0
OWN
00000000000002000
10000000000002000
10000000000002002
00000000000000002
01110000000000002
00000000000000000
00000000000000000
00000000000000000
00000000111102000
00000000011002000
STEP 7 P2 MOVE 3 9 5 9
OWN
00000000000002000
10000000000002000
10000000000002002
00000000020000002
01110000020000002
00000000020000000
00000000000000000
00000000000000000
00000000111102000
00000000011002000
STEP 8 P1 MOVE 7 14 9 14
OWN
00000000000002000
10000000000002000
10000000000002002
00000000020000002
01110000020000002
00000000020000000
00000000000000000
00000000000000100
00000000111102100
00000000011002100
STEP 9 P2 MOVE 4 7 4 8
OWN
00000000000002000
10000000000002000
10000000000002002
00000000020000002
01110002220000002
00000000020000000
00000000000000000
00000000000000100
00000000111102100
00000000011002100
STEP 10 P1 MOVE 5 2 6 2
OWN
00000000000002000
10000000000002000
10000000000002002
00000000020000002
01110002220000002
00100000020000000
00100000000000000
00000000000000100
00000000111102100
00000000011002100
STEP 11 P2 MOVE 8 6 9 6
OWN
00000000000002000
10000000000002000
10000000000002002
00000000020000002
01110002220000002
00100000020000000
00100000000000000
00000000000000100
00000020111102100
00000020011002100
STEP 12 P1 MOVE 4 13 5 13
OWN
00000000000002000
10000000000002000
10000000000002002
00000000020000002
01110002220001002
00100000020001000
00100000000000000
00000000000000100
00000020111102100
00000020011002100
STEP 13 P2 MOVE 4 12 4 14
OWN
00000000000002000
10000000000002000
10000000000002002
00000000020000002
01110002220022202
00100000020001000
00100000000000000
00000000000000100
00000020111102100
00000020011002100
STEP 14 P1 MOVE 5 12 6 12
OWN
00000000000002000
10000000000002000
10000000000002002
00000000020000002
01110002220022202
00100000020011000
00100000000010000
00000000000000100
00000020111102100
00000020011002100
STEP 15 P2 MOVE 5 0 5 3
OWN
00000000000002000
10000000000002000
10000000000002002
00000000020000002
01110002220022202
22220000020011000
00100000000010000
00000000000000100
00000020111102100
00000020011002100
STEP 16 P1 MOVE 2 1 6 1
OWN
00000000000002000
10000000000002000
11000000000002002
01000000020000002
01110002220022202
21220000020011000
01100000000010000
00000000000000100
00000020111102100
00000020011002100
STEP 17 P2 MOVE 3 3 6 3
OWN
00000000000002000
10000000000002000
11000000000002002
01020000020000002
01120002220022202
21220000020011000
01120000000010000
00000000000000100
00000020111102100
00000020011002100
STEP 18 P1 MOVE 6 0 7 0
OWN
00000000000002000
10000000000002000
11000000000002002
01020000020000002
01120002220022202
21220000020011000
11120000000010000
10000000000000100
00000020111102100
00000020011002100
STEP 19 P2 MOVE 3 2 3 4
OWN
00000000000002000
10000000000002000
11000000000002002
01222000020000002
01120002220022202
21220000020011000
11120000000010000
10000000000000100
00000020111102100
00000020011002100
STEP 20 P1 MOVE 7 3 8 3
OWN
00000000000002000
10000000000002000
11000000000002002
01222000020000002
01120002220022202
21220000020011000
11120000000010000
10010000000000100
00010020111102100
00000020011002100
STEP 21 P2 MOVE 8 5 8 7
OWN
00000000000002000
10000000000002000
11000000000002002
01222000020000002
01120002220022202
21220000020011000
11120000000010000
10010000000000100
00010222111102100
00000020011002100
STEP 22 P1 MOVE 8 1 8 4
OWN
00000000000002000
10000000000002000
11000000000002002
01222000020000002
01120002220022202
21220000020011000
11120000000010000
10010000000000100
01111222111102100
00000020011002100
STEP 23 P2 MOVE 1 3 1 4
OWN
00000000000002000
10022000000002000
11000000000002002
01222000020000002
01120002220022202
21220000020011000
11120000000010000
10010000000000100
01111222111102100
00000020011002100
STEP 24 P1 MOVE 7 2 7 4
OWN
00000000000002000
10022000000002000
11000000000002002
01222000020000002
01120002220022202
21220000020011000
11120000000010000
10111000000000100
01111222111102100
00000020011002100
STEP 25 P2 MOVE 7 5 7 6
OWN
00000000000002000
10022000000002000
11000000000002002
01222000020000002
01120002220022202
21220000020011000
11120000000010000
10111220000000100
01111222111102100
00000020011002100
STEP 26 P1 MOVE 1 4 2 5
OWN
00000000000002000
10021100000002000
11001100000002002
01222000020000002
01120002220022202
21220000020011000
11120000000010000
10111220000000100
01111222111102100
00000020011002100
STEP 27 P2 MOVE 0 3 2 5
OWN
00022200000002000
10022200000002000
11022200000002002
01222000020000002
01120002220022202
21220000020011000
11120000000010000
10111220000000100
01111222111102100
00000020011002100
STEP 28 P1 MOVE 2 2 9 2
OWN
00022200000002000
10022200000002000
11122200000002002
01122000020000002
01120002220022202
21120000020011000
11120000000010000
10111220000000100
01111222111102100
00100020011002100
STEP 29 P2 MOVE 0 6 0 7
OWN
00022222000002000
10022200000002000
11122200000002002
01122000020000002
01120002220022202
21120000020011000
11120000000010000
10111220000000100
01111222111102100
00100020011002100
STEP 30 P1 MOVE 1 7 2 7
OWN
00022222000002000
10022201000002000
11122201000002002
01122000020000002
01120002220022202
21120000020011000
11120000000010000
10111220000000100
01111222111102100
00100020011002100
STEP 31 P2 MOVE -1 -1 -1 -1
OWN
00022222000002000
10022201000002000
11122201000002002
01122000020000002
01120002220022202
21120000020011000
11120000000010000
10111220000000100
01111222111102100
00100020011002100
STEP 32 P1 MOVE 1 8 1 9
OWN
00022222000002000
10022201110002000
11122201000002002
01122000020000002
01120002220022202
21120000020011000
11120000000010000
10111220000000100
01111222111102100
00100020011002100
STEP 33 P2 MOVE 0 8 1 10
OWN
00022222222002000
10022201222002000
11122201000002002
01122000020000002
01120002220022202
21120000020011000
11120000000010000
10111220000000100
01111222111102100
00100020011002100
STEP 34 P1 MOVE 1 6 2 8
OWN
00022222222002000
10022211122002000
11122211100002002
01122000020000002
01120002220022202
21120000020011000
11120000000010000
10111220000000100
01111222111102100
00100020011002100
STEP 35 P2 MOVE 0 11 0 14
OWN
00022222222222200
10022211122002000
11122211100002002
01122000020000002
01120002220022202
21120000020011000
11120000000010000
10111220000000100
01111222111102100
00100020011002100
STEP 36 P1 MOVE 4 4 4 5
OWN
00022222222222200
10022211122002000
11122211100002002
01122000020000002
01121102220022202
21120000020011000
11120000000010000
10111220000000100
01111222111102100
00100020011002100
STEP 37 P2 MOVE 2 11 2 12
OWN
00022222222222200
10022211122002000
11122211100222002
01122000020000002
01121102220022202
21120000020011000
11120000000010000
10111220000000100
01111222111102100
00100020011002100
STEP 38 P1 MOVE 2 10 2 14
OWN
00022222222222200
10022211122002000
11122211101111102
01122000020000002
01121102220022202
21120000020011000
11120000000010000
10111220000000100
01111222111102100
00100020011002100
STEP 39 P2 MOVE 1 12 3 12
OWN
00022222222222200
10022211122022000
11122211101121102
01122000020020002
01121102220022202
21120000020011000
11120000000010000
10111220000000100
01111222111102100
00100020011002100
STEP 40 P1 MOVE -1 -1 -1 -1
OWN
00022222222222200
10022211122022000
11122211101121102
01122000020020002
01121102220022202
21120000020011000
11120000000010000
10111220000000100
01111222111102100
00100020011002100
STEP 41 P2 MOVE -1 -1 -1 -1
OWN
00022222222222200
10022211122022000
11122211101121102
01122000020020002
01121102220022202
21120000020011000
11120000000010000
10111220000000100
01111222111102100
00100020011002100
RESULT first=46 second=49 winner=2
ANALYSIS winner=P2 score=46-49 reason=±ŮĽŇşąÇŐżěŔ§ steal(w/l)=10/8 neu(w/l)=47/48
