BOARD
65825116143167248
52944885995948743
52542174762688655
58899852269389962
94178442212396934
85144154891425953
88924662755364112
55536276929796182
98345878835836655
19287143529948567
STEP 0 P1 MOVE 3 2 5 2
OWN
00000000000000000
00000000000000000
00000000000000000
00100000000000000
00100000000000000
00100000000000000
00000000000000000
00000000000000000
00000000000000000
00000000000000000
STEP 1 P2 MOVE 0 10 0 12
OWN
00000000002220000
00000000000000000
00000000000000000
00100000000000000
00100000000000000
00100000000000000
00000000000000000
00000000000000000
00000000000000000
00000000000000000
STEP 2 P1 MOVE 4 10 5 11
OWN
00000000002220000
00000000000000000
00000000000000000
00100000000000000
00100000001100000
00100000001100000
00000000000000000
00000000000000000
00000000000000000
00000000000000000
STEP 3 P2 MOVE 0 5 2 5
OWN
00000200002220000
00000200000000000
00000200000000000
00100000000000000
00100000001100000
00100000001100000
00000000000000000
00000000000000000
00000000000000000
00000000000000000
STEP 4 P1 MOVE 7 2 9 2
OWN
00000200002220000
00000200000000000
00000200000000000
00100000000000000
00100000001100000
00100000001100000
00000000000000000
00100000000000000
00100000000000000
00100000000000000
STEP 5 P2 MOVE 0 3 2 3
OWN
00020200002220000
00020200000000000
00020200000000000
00100000000000000
00100000001100000
00100000001100000
00000000000000000
00100000000000000
00100000000000000
00100000000000000
STEP 6 P1 MOVE 1 16 3 16
OWN
00020200002220000
00020200000000001
00020200000000001
00100000000000001
00100000001100000
00100000001100000
00000000000000000
00100000000000000
00100000000000000
00100000000000000
STEP 7 P2 MOVE 6 9 8 9
OWN
00020200002220000
00020200000000001
00020200000000001
00100000000000001
00100000001100000
00100000001100000
00000000020000000
00100000020000000
00100000020000000
00100000000000000
STEP 8 P1 MOVE 9 7 9 9
OWN
00020200002220000
00020200000000001
00020200000000001
00100000000000001
00100000001100000
00100000001100000
00000000020000000
00100000020000000
00100000020000000
00100001110000000
STEP 9 P2 MOVE 2 0 3 0
OWN
00020200002220000
00020200000000001
20020200000000001
20100000000000001
00100000001100000
00100000001100000
00000000020000000
00100000020000000
00100000020000000
00100001110000000
STEP 10 P1 MOVE 5 4 5 6
OWN
00020200002220000
00020200000000001
20020200000000001
20100000000000001
00100000001100000
00101110001100000
00000000020000000
00100000020000000
00100000020000000
00100001110000000
STEP 11 P2 MOVE 3 7 3 9
OWN
00020200002220000
00020200000000001
20020200000000001
20100002220000001
00100000001100000
00101110001100000
00000000020000000
00100000020000000
00100000020000000
00100001110000000
STEP 12 P1 MOVE 3 9 4 10
OWN
00020200002220000
00020200000000001
20020200000000001
20100002211000001
00100000011100000
00101110001100000
00000000020000000
00100000020000000
00100000020000000
00100001110000000
STEP 13 P2 MOVE 4 6 6 6
OWN
00020200002220000
00020200000000001
20020200000000001
20100002211000001
00100020011100000
00101120001100000
00000020020000000
00100000020000000
00100000020000000
00100001110000000
STEP 14 P1 MOVE 9 0 9 1
OWN
00020200002220000
00020200000000001
20020200000000001
20100002211000001
00100020011100000
00101120001100000
00000020020000000
00100000020000000
00100000020000000
11100001110000000
STEP 15 P2 MOVE 0 8 1 8
OWN
00020200202220000
00020200200000001
20020200000000001
20100002211000001
00100020011100000
00101120001100000
00000020020000000
00100000020000000
00100000020000000
11100001110000000
STEP 16 P1 MOVE 7 5 8 5
OWN
00020200202220000
00020200200000001
20020200000000001
20100002211000001
00100020011100000
00101120001100000
00000020020000000
00100100020000000
00100100020000000
11100001110000000
STEP 17 P2 MOVE 5 3 6 4
OWN
00020200202220000
00020200200000001
20020200000000001
20100002211000001
00100020011100000
00122120001100000
00022020020000000
00100100020000000
00100100020000000
11100001110000000
STEP 18 P1 MOVE 6 11 7 11
OWN
00020200202220000
00020200200000001
20020200000000001
20100002211000001
00100020011100000
00122120001100000
00022020020100000
00100100020100000
00100100020000000
11100001110000000
STEP 19 P2 MOVE 4 3 7 3
OWN
00020200202220000
00020200200000001
20020200000000001
20100002211000001
00120020011100000
00122120001100000
00022020020100000
00120100020100000
00100100020000000
11100001110000000
STEP 20 P1 MOVE 4 5 6 5
OWN
00020200202220000
00020200200000001
20020200000000001
20100002211000001
00120120011100000
00122120001100000
00022120020100000
00120100020100000
00100100020000000
11100001110000000
STEP 21 P2 MOVE 2 1 3 1
OWN
00020200202220000
00020200200000001
22020200000000001
22100002211000001
00120120011100000
00122120001100000
00022120020100000
00120100020100000
00100100020000000
11100001110000000
STEP 22 P1 MOVE 2 7 5 7
OWN
00020200202220000
00020200200000001
22020201000000001
22100001211000001
00120121011100000
00122121001100000
00022120020100000
00120100020100000
00100100020000000
11100001110000000
STEP 23 P2 MOVE 4 4 4 8
OWN
00020200202220000
00020200200000001
22020201000000001
22100001211000001
00122222211100000
00122121001100000
00022120020100000
00120100020100000
00100100020000000
11100001110000000
STEP 24 P1 MOVE 6 13 7 13
OWN
00020200202220000
00020200200000001
22020201000000001
22100001211000001
00122222211100000
00122121001100000
00022120020101000
00120100020101000
00100100020000000
11100001110000000
STEP 25 P2 MOVE 6 12 6 16
OWN
00020200202220000
00020200200000001
22020201000000001
22100001211000001
00122222211100000
00122121001100000
00022120020122222
00120100020101000
00100100020000000
11100001110000000
STEP 26 P1 MOVE 7 15 7 16
OWN
00020200202220000
00020200200000001
22020201000000001
22100001211000001
00122222211100000
00122121001100000
00022120020122222
00120100020101011
00100100020000000
11100001110000000
STEP 27 P2 MOVE 7 12 7 14
OWN
00020200202220000
00020200200000001
22020201000000001
22100001211000001
00122222211100000
00122121001100000
00022120020122222
00120100020122211
00100100020000000
11100001110000000
STEP 28 P1 MOVE 0 7 0 9
OWN
00020201112220000
00020200200000001
22020201000000001
22100001211000001
00122222211100000
00122121001100000
00022120020122222
00120100020122211
00100100020000000
11100001110000000
STEP 29 P2 MOVE 0 6 0 14
OWN
00020222222222200
00020200200000001
22020201000000001
22100001211000001
00122222211100000
00122121001100000
00022120020122222
00120100020122211
00100100020000000
11100001110000000
STEP 30 P1 MOVE 7 0 7 1
OWN
00020222222222200
00020200200000001
22020201000000001
22100001211000001
00122222211100000
00122121001100000
00022120020122222
11120100020122211
00100100020000000
11100001110000000
STEP 31 P2 MOVE -1 -1 -1 -1
OWN
00020222222222200
00020200200000001
22020201000000001
22100001211000001
00122222211100000
00122121001100000
00022120020122222
11120100020122211
00100100020000000
11100001110000000
STEP 32 P1 MOVE -1 -1 -1 -1
OWN
00020222222222200
00020200200000001
22020201000000001
22100001211000001
00122222211100000
00122121001100000
00022120020122222
11120100020122211
00100100020000000
11100001110000000
RESULT first=34 second=45 winner=2
ANALYSIS winner=P2 score=34-45 reason=Ĺ»ĂëżěŔ§(+6Ä­ »©ľŃŔ˝,2ąčČż°ú) / żŞŔü˝Â steal(w/l)=9/3 neu(w/l)=39/40
