BOARD
89878798338262688
49293461216824663
59392478917789111
46728155817944488
44713786559785815
65981267926921794
81239293292213456
12727836966135737
62119665647113717
86746629538573897
STEP 0 P1 MOVE 1 9 5 9
OWN
00000000000000000
00000000010000000
00000000010000000
00000000010000000
00000000010000000
00000000010000000
00000000000000000
00000000000000000
00000000000000000
00000000000000000
STEP 1 P2 MOVE 8 0 8 3
OWN
00000000000000000
00000000010000000
00000000010000000
00000000010000000
00000000010000000
00000000010000000
00000000000000000
00000000000000000
22220000000000000
00000000000000000
STEP 2 P1 MOVE 0 11 0 13
OWN
00000000000111000
00000000010000000
00000000010000000
00000000010000000
00000000010000000
00000000010000000
00000000000000000
00000000000000000
22220000000000000
00000000000000000
STEP 3 P2 MOVE 3 1 4 1
OWN
00000000000111000
00000000010000000
00000000010000000
02000000010000000
02000000010000000
00000000010000000
00000000000000000
00000000000000000
22220000000000000
00000000000000000
STEP 4 P1 MOVE 3 13 5 13
OWN
00000000000111000
00000000010000000
00000000010000000
02000000010001000
02000000010001000
00000000010001000
00000000000000000
00000000000000000
22220000000000000
00000000000000000
STEP 5 P2 MOVE 7 0 7 2
OWN
00000000000111000
00000000010000000
00000000010000000
02000000010001000
02000000010001000
00000000010001000
00000000000000000
22200000000000000
22220000000000000
00000000000000000
STEP 6 P1 MOVE 4 15 5 15
OWN
00000000000111000
00000000010000000
00000000010000000
02000000010001000
02000000010001010
00000000010001010
00000000000000000
22200000000000000
22220000000000000
00000000000000000
STEP 7 P2 MOVE 8 8 8 9
OWN
00000000000111000
00000000010000000
00000000010000000
02000000010001000
02000000010001010
00000000010001010
00000000000000000
22200000000000000
22220000220000000
00000000000000000
STEP 8 P1 MOVE 8 15 9 15
OWN
00000000000111000
00000000010000000
00000000010000000
02000000010001000
02000000010001010
00000000010001010
00000000000000000
22200000000000000
22220000220000010
00000000000000010
STEP 9 P2 MOVE 1 12 2 12
OWN
00000000000111000
00000000010020000
00000000010020000
02000000010001000
02000000010001010
00000000010001010
00000000000000000
22200000000000000
22220000220000010
00000000000000010
STEP 10 P1 MOVE 9 3 9 4
OWN
00000000000111000
00000000010020000
00000000010020000
02000000010001000
02000000010001010
00000000010001010
00000000000000000
22200000000000000
22220000220000010
00011000000000010
STEP 11 P2 MOVE 3 6 3 7
OWN
00000000000111000
00000000010020000
00000000010020000
02000022010001000
02000000010001010
00000000010001010
00000000000000000
22200000000000000
22220000220000010
00011000000000010
STEP 12 P1 MOVE 0 2 1 2
OWN
00100000000111000
00100000010020000
00000000010020000
02000022010001000
02000000010001010
00000000010001010
00000000000000000
22200000000000000
22220000220000010
00011000000000010
STEP 13 P2 MOVE 1 13 1 14
OWN
00100000000111000
00100000010022200
00000000010020000
02000022010001000
02000000010001010
00000000010001010
00000000000000000
22200000000000000
22220000220000010
00011000000000010
STEP 14 P1 MOVE 5 7 6 7
OWN
00100000000111000
00100000010022200
00000000010020000
02000022010001000
02000000010001010
00000001010001010
00000001000000000
22200000000000000
22220000220000010
00011000000000010
STEP 15 P2 MOVE 4 12 5 12
OWN
00100000000111000
00100000010022200
00000000010020000
02000022010001000
02000000010021010
00000001010021010
00000001000000000
22200000000000000
22220000220000010
00011000000000010
STEP 16 P1 MOVE 6 11 6 14
OWN
00100000000111000
00100000010022200
00000000010020000
02000022010001000
02000000010021010
00000001010021010
00000001000111100
22200000000000000
22220000220000010
00011000000000010
STEP 17 P2 MOVE 7 14 7 15
OWN
00100000000111000
00100000010022200
00000000010020000
02000022010001000
02000000010021010
00000001010021010
00000001000111100
22200000000000220
22220000220000010
00011000000000010
STEP 18 P1 MOVE 1 5 1 6
OWN
00100000000111000
00100110010022200
00000000010020000
02000022010001000
02000000010021010
00000001010021010
00000001000111100
22200000000000220
22220000220000010
00011000000000010
STEP 19 P2 MOVE 4 0 5 0
OWN
00100000000111000
00100110010022200
00000000010020000
02000022010001000
22000000010021010
20000001010021010
00000001000111100
22200000000000220
22220000220000010
00011000000000010
STEP 20 P1 MOVE 8 13 8 14
OWN
00100000000111000
00100110010022200
00000000010020000
02000022010001000
22000000010021010
20000001010021010
00000001000111100
22200000000000220
22220000220001110
00011000000000010
STEP 21 P2 MOVE 2 4 3 4
OWN
00100000000111000
00100110010022200
00002000010020000
02002022010001000
22000000010021010
20000001010021010
00000001000111100
22200000000000220
22220000220001110
00011000000000010
STEP 22 P1 MOVE 9 12 9 13
OWN
00100000000111000
00100110010022200
00002000010020000
02002022010001000
22000000010021010
20000001010021010
00000001000111100
22200000000000220
22220000220001110
00011000000011010
STEP 23 P2 MOVE 4 4 4 5
OWN
00100000000111000
00100110010022200
00002000010020000
02002022010001000
22002200010021010
20000001010021010
00000001000111100
22200000000000220
22220000220001110
00011000000011010
STEP 24 P1 MOVE 4 3 5 4
OWN
00100000000111000
00100110010022200
00002000010020000
02002022010001000
22011200010021010
20011001010021010
00000001000111100
22200000000000220
22220000220001110
00011000000011010
STEP 25 P2 MOVE 1 4 5 5
OWN
00100000000111000
00102210010022200
00002200010020000
02002222010001000
22012200010021010
20012201010021010
00000001000111100
22200000000000220
22220000220001110
00011000000011010
STEP 26 P1 MOVE 3 3 4 6
OWN
00100000000111000
00102210010022200
00002200010020000
02011112010001000
22011110010021010
20012201010021010
00000001000111100
22200000000000220
22220000220001110
00011000000011010
STEP 27 P2 MOVE 1 3 1 7
OWN
00100000000111000
00122222010022200
00002200010020000
02011112010001000
22011110010021010
20012201010021010
00000001000111100
22200000000000220
22220000220001110
00011000000011010
STEP 28 P1 MOVE 2 2 3 2
OWN
00100000000111000
00122222010022200
00102200010020000
02111112010001000
22011110010021010
20012201010021010
00000001000111100
22200000000000220
22220000220001110
00011000000011010
STEP 29 P2 MOVE 7 10 7 12
OWN
00100000000111000
00122222010022200
00102200010020000
02111112010001000
22011110010021010
20012201010021010
00000001000111100
22200000002220220
22220000220001110
00011000000011010
STEP 30 P1 MOVE 6 13 7 15
OWN
00100000000111000
00122222010022200
00102200010020000
02111112010001000
22011110010021010
20012201010021010
00000001000111110
22200000002221110
22220000220001110
00011000000011010
STEP 31 P2 MOVE 5 16 6 16
OWN
00100000000111000
00122222010022200
00102200010020000
02111112010001000
22011110010021010
20012201010021012
00000001000111112
22200000002221110
22220000220001110
00011000000011010
STEP 32 P1 MOVE -1 -1 -1 -1
OWN
00100000000111000
00122222010022200
00102200010020000
02111112010001000
22011110010021010
20012201010021012
00000001000111112
22200000002221110
22220000220001110
00011000000011010
STEP 33 P2 MOVE 6 10 8 11
OWN
00100000000111000
00122222010022200
00102200010020000
02111112010001000
22011110010021010
20012201010021012
00000001002211112
22200000002221110
22220000222201110
00011000000011010
STEP 34 P1 MOVE 5 11 8 12
OWN
00100000000111000
00122222010022200
00102200010020000
02111112010001000
22011110010021010
20012201010111012
00000001002111112
22200000002111110
22220000222111110
00011000000011010
STEP 35 P2 MOVE -1 -1 -1 -1
OWN
00100000000111000
00122222010022200
00102200010020000
02111112010001000
22011110010021010
20012201010111012
00000001002111112
22200000002111110
22220000222111110
00011000000011010
STEP 36 P1 MOVE -1 -1 -1 -1
OWN
00100000000111000
00122222010022200
00102200010020000
02111112010001000
22011110010021010
20012201010111012
00000001002111112
22200000002111110
22220000222111110
00011000000011010
RESULT first=50 second=33 winner=1
ANALYSIS winner=P1 score=50-33 reason=Ĺ»ĂëżěŔ§(+8Ä­ »©ľŃŔ˝,2ąčČż°ú) steal(w/l)=13/5 neu(w/l)=42/41
