BOARD
81644414451185575
39223455195897343
97392859531348779
45591166258674767
54278917424751426
39278885468815277
58735214779485188
96548472327872899
35465832122768611
33429229533634796
STEP 0 P1 MOVE 4 8 4 10
OWN
00000000000000000
00000000000000000
00000000000000000
00000000000000000
00000000111000000
00000000000000000
00000000000000000
00000000000000000
00000000000000000
00000000000000000
STEP 1 P2 MOVE 1 14 1 16
OWN
00000000000000000
00000000000000222
00000000000000000
00000000000000000
00000000111000000
00000000000000000
00000000000000000
00000000000000000
00000000000000000
00000000000000000
STEP 2 P1 MOVE 0 4 3 4
OWN
00001000000000000
00001000000000222
00001000000000000
00001000000000000
00000000111000000
00000000000000000
00000000000000000
00000000000000000
00000000000000000
00000000000000000
STEP 3 P2 MOVE 9 0 9 2
OWN
00001000000000000
00001000000000222
00001000000000000
00001000000000000
00000000111000000
00000000000000000
00000000000000000
00000000000000000
00000000000000000
22200000000000000
STEP 4 P1 MOVE 3 5 4 5
OWN
00001000000000000
00001000000000222
00001000000000000
00001100000000000
00000100111000000
00000000000000000
00000000000000000
00000000000000000
00000000000000000
22200000000000000
STEP 5 P2 MOVE 4 6 6 6
OWN
00001000000000000
00001000000000222
00001000000000000
00001100000000000
00000120111000000
00000020000000000
00000020000000000
00000000000000000
00000000000000000
22200000000000000
STEP 6 P1 MOVE 8 6 8 10
OWN
00001000000000000
00001000000000222
00001000000000000
00001100000000000
00000120111000000
00000020000000000
00000020000000000
00000000000000000
00000011111000000
22200000000000000
STEP 7 P2 MOVE 6 3 6 5
OWN
00001000000000000
00001000000000222
00001000000000000
00001100000000000
00000120111000000
00000020000000000
00022220000000000
00000000000000000
00000011111000000
22200000000000000
STEP 8 P1 MOVE 7 10 9 10
OWN
00001000000000000
00001000000000222
00001000000000000
00001100000000000
00000120111000000
00000020000000000
00022220000000000
00000000001000000
00000011111000000
22200000001000000
STEP 9 P2 MOVE 6 8 7 8
OWN
00001000000000000
00001000000000222
00001000000000000
00001100000000000
00000120111000000
00000020000000000
00022220200000000
00000000201000000
00000011111000000
22200000001000000
STEP 10 P1 MOVE 0 8 2 8
OWN
00001000100000000
00001000100000222
00001000100000000
00001100000000000
00000120111000000
00000020000000000
00022220200000000
00000000201000000
00000011111000000
22200000001000000
STEP 11 P2 MOVE 3 1 3 2
OWN
00001000100000000
00001000100000222
00001000100000000
02201100000000000
00000120111000000
00000020000000000
00022220200000000
00000000201000000
00000011111000000
22200000001000000
STEP 12 P1 MOVE 8 15 9 15
OWN
00001000100000000
00001000100000222
00001000100000000
02201100000000000
00000120111000000
00000020000000000
00022220200000000
00000000201000000
00000011111000010
22200000001000010
STEP 13 P2 MOVE 1 6 1 7
OWN
00001000100000000
00001022100000222
00001000100000000
02201100000000000
00000120111000000
00000020000000000
00022220200000000
00000000201000000
00000011111000010
22200000001000010
STEP 14 P1 MOVE 7 13 8 13
OWN
00001000100000000
00001022100000222
00001000100000000
02201100000000000
00000120111000000
00000020000000000
00022220200000000
00000000201001000
00000011111001010
22200000001000010
STEP 15 P2 MOVE 3 13 5 13
OWN
00001000100000000
00001022100000222
00001000100000000
02201100000002000
00000120111002000
00000020000002000
00022220200000000
00000000201001000
00000011111001010
22200000001000010
STEP 16 P1 MOVE 7 3 8 3
OWN
00001000100000000
00001022100000222
00001000100000000
02201100000002000
00000120111002000
00000020000002000
00022220200000000
00010000201001000
00010011111001010
22200000001000010
STEP 17 P2 MOVE 2 8 3 9
OWN
00001000100000000
00001022100000222
00001000220000000
02201100220002000
00000120111002000
00000020000002000
00022220200000000
00010000201001000
00010011111001010
22200000001000010
STEP 18 P1 MOVE 0 10 0 12
OWN
00001000101110000
00001022100000222
00001000220000000
02201100220002000
00000120111002000
00000020000002000
00022220200000000
00010000201001000
00010011111001010
22200000001000010
STEP 19 P2 MOVE 0 6 0 9
OWN
00001022221110000
00001022100000222
00001000220000000
02201100220002000
00000120111002000
00000020000002000
00022220200000000
00010000201001000
00010011111001010
22200000001000010
STEP 20 P1 MOVE 2 7 2 10
OWN
00001022221110000
00001022100000222
00001001111000000
02201100220002000
00000120111002000
00000020000002000
00022220200000000
00010000201001000
00010011111001010
22200000001000010
STEP 21 P2 MOVE 0 1 1 1
OWN
02001022221110000
02001022100000222
00001001111000000
02201100220002000
00000120111002000
00000020000002000
00022220200000000
00010000201001000
00010011111001010
22200000001000010
STEP 22 P1 MOVE 0 13 0 14
OWN
02001022221111100
02001022100000222
00001001111000000
02201100220002000
00000120111002000
00000020000002000
00022220200000000
00010000201001000
00010011111001010
22200000001000010
STEP 23 P2 MOVE 5 8 5 9
OWN
02001022221111100
02001022100000222
00001001111000000
02201100220002000
00000120111002000
00000020220002000
00022220200000000
00010000201001000
00010011111001010
22200000001000010
STEP 24 P1 MOVE -1 -1 -1 -1
OWN
02001022221111100
02001022100000222
00001001111000000
02201100220002000
00000120111002000
00000020220002000
00022220200000000
00010000201001000
00010011111001010
22200000001000010
STEP 25 P2 MOVE 7 8 9 9
OWN
02001022221111100
02001022100000222
00001001111000000
02201100220002000
00000120111002000
00000020220002000
00022220200000000
00010000221001000
00010011221001010
22200000221000010
STEP 26 P1 MOVE 7 7 7 11
OWN
02001022221111100
02001022100000222
00001001111000000
02201100220002000
00000120111002000
00000020220002000
00022220200000000
00010001111101000
00010011221001010
22200000221000010
STEP 27 P2 MOVE 7 16 8 16
OWN
02001022221111100
02001022100000222
00001001111000000
02201100220002000
00000120111002000
00000020220002000
00022220200000000
00010001111101002
00010011221001012
22200000221000010
STEP 28 P1 MOVE 8 5 9 5
OWN
02001022221111100
02001022100000222
00001001111000000
02201100220002000
00000120111002000
00000020220002000
00022220200000000
00010001111101002
00010111221001012
22200100221000010
STEP 29 P2 MOVE 5 12 5 15
OWN
02001022221111100
02001022100000222
00001001111000000
02201100220002000
00000120111002000
00000020220022220
00022220200000000
00010001111101002
00010111221001012
22200100221000010
STEP 30 P1 MOVE 4 13 6 14
OWN
02001022221111100
02001022100000222
00001001111000000
02201100220002000
00000120111001100
00000020220021120
00022220200001100
00010001111101002
00010111221001012
22200100221000010
STEP 31 P2 MOVE 4 15 6 15
OWN
02001022221111100
02001022100000222
00001001111000000
02201100220002000
00000120111001120
00000020220021120
00022220200001120
00010001111101002
00010111221001012
22200100221000010
STEP 32 P1 MOVE -1 -1 -1 -1
OWN
02001022221111100
02001022100000222
00001001111000000
02201100220002000
00000120111001120
00000020220021120
00022220200001120
00010001111101002
00010111221001012
22200100221000010
STEP 33 P2 MOVE -1 -1 -1 -1
OWN
02001022221111100
02001022100000222
00001001111000000
02201100220002000
00000120111001120
00000020220021120
00022220200001120
00010001111101002
00010111221001012
22200100221000010
RESULT first=42 second=38 winner=1
ANALYSIS winner=P1 score=42-38 reason=Ĺ»ĂëżěŔ§(+3Ä­ »©ľŃŔ˝,2ąčČż°ú) / Ľ±°řŔĚÁˇ / żŞŔü˝Â steal(w/l)=7/4 neu(w/l)=39/41
