BOARD
68418477291352174
69861224179328393
73186779819858755
63267551133531646
86211673762457539
77362465876882121
18421235694521747
32553559139136285
36834914349657819
67372131163769351
STEP 0 P1 MOVE 1 4 1 8
OWN
00000000000000000
00001111100000000
00000000000000000
00000000000000000
00000000000000000
00000000000000000
00000000000000000
00000000000000000
00000000000000000
00000000000000000
STEP 1 P2 MOVE 3 6 3 9
OWN
00000000000000000
00001111100000000
00000000000000000
00000022220000000
00000000000000000
00000000000000000
00000000000000000
00000000000000000
00000000000000000
00000000000000000
STEP 2 P1 MOVE 9 3 9 5
OWN
00000000000000000
00001111100000000
00000000000000000
00000022220000000
00000000000000000
00000000000000000
00000000000000000
00000000000000000
00000000000000000
00011100000000000
STEP 3 P2 MOVE 6 12 6 14
OWN
00000000000000000
00001111100000000
00000000000000000
00000022220000000
00000000000000000
00000000000000000
00000000000022200
00000000000000000
00000000000000000
00011100000000000
STEP 4 P1 MOVE 0 11 0 13
OWN
00000000000111000
00001111100000000
00000000000000000
00000022220000000
00000000000000000
00000000000000000
00000000000022200
00000000000000000
00000000000000000
00011100000000000
STEP 5 P2 MOVE 1 12 3 12
OWN
00000000000111000
00001111100020000
00000000000020000
00000022220020000
00000000000000000
00000000000000000
00000000000022200
00000000000000000
00000000000000000
00011100000000000
STEP 6 P1 MOVE 9 8 9 10
OWN
00000000000111000
00001111100020000
00000000000020000
00000022220020000
00000000000000000
00000000000000000
00000000000022200
00000000000000000
00000000000000000
00011100111000000
STEP 7 P2 MOVE 6 8 8 8
OWN
00000000000111000
00001111100020000
00000000000020000
00000022220020000
00000000000000000
00000000000000000
00000000200022200
00000000200000000
00000000200000000
00011100111000000
STEP 8 P1 MOVE 7 11 7 13
OWN
00000000000111000
00001111100020000
00000000000020000
00000022220020000
00000000000000000
00000000000000000
00000000200022200
00000000200111000
00000000200000000
00011100111000000
STEP 9 P2 MOVE 0 8 2 8
OWN
00000000200111000
00001111200020000
00000000200020000
00000022220020000
00000000000000000
00000000000000000
00000000200022200
00000000200111000
00000000200000000
00011100111000000
STEP 10 P1 MOVE 4 6 4 7
OWN
00000000200111000
00001111200020000
00000000200020000
00000022220020000
00000011000000000
00000000000000000
00000000200022200
00000000200111000
00000000200000000
00011100111000000
STEP 11 P2 MOVE 2 9 2 10
OWN
00000000200111000
00001111200020000
00000000222020000
00000022220020000
00000011000000000
00000000000000000
00000000200022200
00000000200111000
00000000200000000
00011100111000000
STEP 12 P1 MOVE 3 13 5 13
OWN
00000000200111000
00001111200020000
00000000222020000
00000022220021000
00000011000001000
00000000000001000
00000000200022200
00000000200111000
00000000200000000
00011100111000000
STEP 13 P2 MOVE 0 9 0 10
OWN
00000000222111000
00001111200020000
00000000222020000
00000022220021000
00000011000001000
00000000000001000
00000000200022200
00000000200111000
00000000200000000
00011100111000000
STEP 14 P1 MOVE 7 14 8 14
OWN
00000000222111000
00001111200020000
00000000222020000
00000022220021000
00000011000001000
00000000000001000
00000000200022200
00000000200111100
00000000200000100
00011100111000000
STEP 15 P2 MOVE 7 0 7 2
OWN
00000000222111000
00001111200020000
00000000222020000
00000022220021000
00000011000001000
00000000000001000
00000000200022200
22200000200111100
00000000200000100
00011100111000000
STEP 16 P1 MOVE 6 0 9 0
OWN
00000000222111000
00001111200020000
00000000222020000
00000022220021000
00000011000001000
00000000000001000
10000000200022200
12200000200111100
10000000200000100
10011100111000000
STEP 17 P2 MOVE 1 14 2 14
OWN
00000000222111000
00001111200020200
00000000222020200
00000022220021000
00000011000001000
00000000000001000
10000000200022200
12200000200111100
10000000200000100
10011100111000000
STEP 18 P1 MOVE 3 15 3 16
OWN
00000000222111000
00001111200020200
00000000222020200
00000022220021011
00000011000001000
00000000000001000
10000000200022200
12200000200111100
10000000200000100
10011100111000000
STEP 19 P2 MOVE 5 7 6 7
OWN
00000000222111000
00001111200020200
00000000222020200
00000022220021011
00000011000001000
00000002000001000
10000002200022200
12200000200111100
10000000200000100
10011100111000000
STEP 20 P1 MOVE 4 16 5 16
OWN
00000000222111000
00001111200020200
00000000222020200
00000022220021011
00000011000001001
00000002000001001
10000002200022200
12200000200111100
10000000200000100
10011100111000000
STEP 21 P2 MOVE 2 15 5 15
OWN
00000000222111000
00001111200020200
00000000222020220
00000022220021021
00000011000001021
00000002000001021
10000002200022200
12200000200111100
10000000200000100
10011100111000000
STEP 22 P1 MOVE 4 5 5 5
OWN
00000000222111000
00001111200020200
00000000222020220
00000022220021021
00000111000001021
00000102000001021
10000002200022200
12200000200111100
10000000200000100
10011100111000000
STEP 23 P2 MOVE 5 10 6 10
OWN
00000000222111000
00001111200020200
00000000222020220
00000022220021021
00000111000001021
00000102002001021
10000002202022200
12200000200111100
10000000200000100
10011100111000000
STEP 24 P1 MOVE 4 3 5 4
OWN
00000000222111000
00001111200020200
00000000222020220
00000022220021021
00011111000001021
00011102002001021
10000002202022200
12200000200111100
10000000200000100
10011100111000000
STEP 25 P2 MOVE 8 15 8 16
OWN
00000000222111000
00001111200020200
00000000222020220
00000022220021021
00011111000001021
00011102002001021
10000002202022200
12200000200111100
10000000200000122
10011100111000000
STEP 26 P1 MOVE 5 1 5 2
OWN
00000000222111000
00001111200020200
00000000222020220
00000022220021021
00011111000001021
01111102002001021
10000002202022200
12200000200111100
10000000200000122
10011100111000000
STEP 27 P2 MOVE 3 2 4 3
OWN
00000000222111000
00001111200020200
00000000222020220
00220022220021021
00221111000001021
01111102002001021
10000002202022200
12200000200111100
10000000200000122
10011100111000000
STEP 28 P1 MOVE 2 3 6 3
OWN
00000000222111000
00001111200020200
00010000222020220
00210022220021021
00211111000001021
01111102002001021
10010002202022200
12200000200111100
10000000200000122
10011100111000000
STEP 29 P2 MOVE 8 5 8 6
OWN
00000000222111000
00001111200020200
00010000222020220
00210022220021021
00211111000001021
01111102002001021
10010002202022200
12200000200111100
10000220200000122
10011100111000000
STEP 30 P1 MOVE 9 1 9 2
OWN
00000000222111000
00001111200020200
00010000222020220
00210022220021021
00211111000001021
01111102002001021
10010002202022200
12200000200111100
10000220200000122
11111100111000000
STEP 31 P2 MOVE 8 3 9 6
OWN
00000000222111000
00001111200020200
00010000222020220
00210022220021021
00211111000001021
01111102002001021
10010002202022200
12200000200111100
10022220200000122
11122220111000000
STEP 32 P1 MOVE 4 14 6 15
OWN
00000000222111000
00001111200020200
00010000222020220
00210022220021021
00211111000001111
01111102002001111
10010002202022110
12200000200111100
10022220200000122
11122220111000000
STEP 33 P2 MOVE 0 14 9 14
OWN
00000000222111200
00001111200020200
00010000222020220
00210022220021221
00211111000001211
01111102002001211
10010002202022210
12200000200111200
10022220200000222
11122220111000200
STEP 34 P1 MOVE 2 2 7 3
OWN
00000000222111200
00001111200020200
00110000222020220
00110022220021221
00111111000001211
01111102002001211
10110002202022210
12110000200111200
10022220200000222
11122220111000200
STEP 35 P2 MOVE 3 1 3 4
OWN
00000000222111200
00001111200020200
00110000222020220
02222022220021221
00111111000001211
01111102002001211
10110002202022210
12110000200111200
10022220200000222
11122220111000200
STEP 36 P1 MOVE 7 5 7 6
OWN
00000000222111200
00001111200020200
00110000222020220
02222022220021221
00111111000001211
01111102002001211
10110002202022210
12110110200111200
10022220200000222
11122220111000200
STEP 37 P2 MOVE 2 0 2 1
OWN
00000000222111200
00001111200020200
22110000222020220
02222022220021221
00111111000001211
01111102002001211
10110002202022210
12110110200111200
10022220200000222
11122220111000200
STEP 38 P1 MOVE -1 -1 -1 -1
OWN
00000000222111200
00001111200020200
22110000222020220
02222022220021221
00111111000001211
01111102002001211
10110002202022210
12110110200111200
10022220200000222
11122220111000200
STEP 39 P2 MOVE 2 4 7 4
OWN
00000000222111200
00001111200020200
22112000222020220
02222022220021221
00112111000001211
01112102002001211
10112002202022210
12112110200111200
10022220200000222
11122220111000200
STEP 40 P1 MOVE 6 2 8 5
OWN
00000000222111200
00001111200020200
22112000222020220
02222022220021221
00112111000001211
01112102002001211
10111102202022210
12111110200111200
10111120200000222
11122220111000200
STEP 41 P2 MOVE 8 1 8 7
OWN
00000000222111200
00001111200020200
22112000222020220
02222022220021221
00112111000001211
01112102002001211
10111102202022210
12111110200111200
12222222200000222
11122220111000200
STEP 42 P1 MOVE 7 7 9 7
OWN
00000000222111200
00001111200020200
22112000222020220
02222022220021221
00112111000001211
01112102002001211
10111102202022210
12111111200111200
12222221200000222
11122221111000200
STEP 43 P2 MOVE -1 -1 -1 -1
OWN
00000000222111200
00001111200020200
22112000222020220
02222022220021221
00112111000001211
01112102002001211
10111102202022210
12111111200111200
12222221200000222
11122221111000200
STEP 44 P1 MOVE -1 -1 -1 -1
OWN
00000000222111200
00001111200020200
22112000222020220
02222022220021221
00112111000001211
01112102002001211
10111102202022210
12111111200111200
12222221200000222
11122221111000200
RESULT first=51 second=57 winner=2
ANALYSIS winner=P2 score=51-57 reason=Ĺ»ĂëżěŔ§(+4Ä­ »©ľŃŔ˝,2ąčČż°ú) / żŞŔü˝Â steal(w/l)=19/15 neu(w/l)=53/55
