BOARD
49854745256933651
38214414926351481
92883262646141689
65483982847877683
49549835879295522
67431825123198272
12271922127723558
72258763458234821
62554284755444564
15279414838935148
STEP 0 P1 MOVE 1 12 1 14
OWN
00000000000000000
00000000000011100
00000000000000000
00000000000000000
00000000000000000
00000000000000000
00000000000000000
00000000000000000
00000000000000000
00000000000000000
STEP 1 P2 MOVE 1 9 3 9
OWN
00000000000000000
00000000020011100
00000000020000000
00000000020000000
00000000000000000
00000000000000000
00000000000000000
00000000000000000
00000000000000000
00000000000000000
STEP 2 P1 MOVE 9 13 9 15
OWN
00000000000000000
00000000020011100
00000000020000000
00000000020000000
00000000000000000
00000000000000000
00000000000000000
00000000000000000
00000000000000000
00000000000001110
STEP 3 P2 MOVE 5 11 7 11
OWN
00000000000000000
00000000020011100
00000000020000000
00000000020000000
00000000000000000
00000000000200000
00000000000200000
00000000000200000
00000000000000000
00000000000001110
STEP 4 P1 MOVE 5 6 5 9
OWN
00000000000000000
00000000020011100
00000000020000000
00000000020000000
00000000000000000
00000011110200000
00000000000200000
00000000000200000
00000000000000000
00000000000001110
STEP 5 P2 MOVE 6 7 7 8
OWN
00000000000000000
00000000020011100
00000000020000000
00000000020000000
00000000000000000
00000011110200000
00000002200200000
00000002200200000
00000000000000000
00000000000001110
STEP 6 P1 MOVE 6 12 6 14
OWN
00000000000000000
00000000020011100
00000000020000000
00000000020000000
00000000000000000
00000011110200000
00000002200211100
00000002200200000
00000000000000000
00000000000001110
STEP 7 P2 MOVE 1 3 1 6
OWN
00000000000000000
00022220020011100
00000000020000000
00000000020000000
00000000000000000
00000011110200000
00000002200211100
00000002200200000
00000000000000000
00000000000001110
STEP 8 P1 MOVE 0 4 3 4
OWN
00001000000000000
00021220020011100
00001000020000000
00001000020000000
00000000000000000
00000011110200000
00000002200211100
00000002200200000
00000000000000000
00000000000001110
STEP 9 P2 MOVE 2 5 2 7
OWN
00001000000000000
00021220020011100
00001222020000000
00001000020000000
00000000000000000
00000011110200000
00000002200211100
00000002200200000
00000000000000000
00000000000001110
STEP 10 P1 MOVE 3 6 3 7
OWN
00001000000000000
00021220020011100
00001222020000000
00001011020000000
00000000000000000
00000011110200000
00000002200211100
00000002200200000
00000000000000000
00000000000001110
STEP 11 P2 MOVE 5 4 7 4
OWN
00001000000000000
00021220020011100
00001222020000000
00001011020000000
00000000000000000
00002011110200000
00002002200211100
00002002200200000
00000000000000000
00000000000001110
STEP 12 P1 MOVE 7 12 9 12
OWN
00001000000000000
00021220020011100
00001222020000000
00001011020000000
00000000000000000
00002011110200000
00002002200211100
00002002200210000
00000000000010000
00000000000011110
STEP 13 P2 MOVE 1 1 1 2
OWN
00001000000000000
02221220020011100
00001222020000000
00001011020000000
00000000000000000
00002011110200000
00002002200211100
00002002200210000
00000000000010000
00000000000011110
STEP 14 P1 MOVE 8 5 8 6
OWN
00001000000000000
02221220020011100
00001222020000000
00001011020000000
00000000000000000
00002011110200000
00002002200211100
00002002200210000
00000110000010000
00000000000011110
STEP 15 P2 MOVE 4 13 4 14
OWN
00001000000000000
02221220020011100
00001222020000000
00001011020000000
00000000000002200
00002011110200000
00002002200211100
00002002200210000
00000110000010000
00000000000011110
STEP 16 P1 MOVE 5 14 7 14
OWN
00001000000000000
02221220020011100
00001222020000000
00001011020000000
00000000000002200
00002011110200100
00002002200211100
00002002200210100
00000110000010000
00000000000011110
STEP 17 P2 MOVE 3 0 4 0
OWN
00001000000000000
02221220020011100
00001222020000000
20001011020000000
20000000000002200
00002011110200100
00002002200211100
00002002200210100
00000110000010000
00000000000011110
STEP 18 P1 MOVE 1 16 2 16
OWN
00001000000000000
02221220020011101
00001222020000001
20001011020000000
20000000000002200
00002011110200100
00002002200211100
00002002200210100
00000110000010000
00000000000011110
STEP 19 P2 MOVE 5 10 6 10
OWN
00001000000000000
02221220020011101
00001222020000001
20001011020000000
20000000000002200
00002011112200100
00002002202211100
00002002200210100
00000110000010000
00000000000011110
STEP 20 P1 MOVE 2 1 2 2
OWN
00001000000000000
02221220020011101
01101222020000001
20001011020000000
20000000000002200
00002011112200100
00002002202211100
00002002200210100
00000110000010000
00000000000011110
STEP 21 P2 MOVE 7 3 8 3
OWN
00001000000000000
02221220020011101
01101222020000001
20001011020000000
20000000000002200
00002011112200100
00002002202211100
00022002200210100
00020110000010000
00000000000011110
STEP 22 P1 MOVE 3 11 4 11
OWN
00001000000000000
02221220020011101
01101222020000001
20001011020100000
20000000000102200
00002011112200100
00002002202211100
00022002200210100
00020110000010000
00000000000011110
STEP 23 P2 MOVE 3 15 4 15
OWN
00001000000000000
02221220020011101
01101222020000001
20001011020100020
20000000000102220
00002011112200100
00002002202211100
00022002200210100
00020110000010000
00000000000011110
STEP 24 P1 MOVE 5 3 6 3
OWN
00001000000000000
02221220020011101
01101222020000001
20001011020100020
20000000000102220
00012011112200100
00012002202211100
00022002200210100
00020110000010000
00000000000011110
STEP 25 P2 MOVE 7 9 8 9
OWN
00001000000000000
02221220020011101
01101222020000001
20001011020100020
20000000000102220
00012011112200100
00012002202211100
00022002220210100
00020110020010000
00000000000011110
STEP 26 P1 MOVE 6 6 7 9
OWN
00001000000000000
02221220020011101
01101222020000001
20001011020100020
20000000000102220
00012011112200100
00012011112211100
00022011110210100
00020110020010000
00000000000011110
STEP 27 P2 MOVE 4 9 9 9
OWN
00001000000000000
02221220020011101
01101222020000001
20001011020100020
20000000020102220
00012011122200100
00012011122211100
00022011120210100
00020110020010000
00000000020011110
STEP 28 P1 MOVE 8 15 8 16
OWN
00001000000000000
02221220020011101
01101222020000001
20001011020100020
20000000020102220
00012011122200100
00012011122211100
00022011120210100
00020110020010011
00000000020011110
STEP 29 P2 MOVE 5 16 6 16
OWN
00001000000000000
02221220020011101
01101222020000001
20001011020100020
20000000020102220
00012011122200102
00012011122211102
00022011120210100
00020110020010011
00000000020011110
STEP 30 P1 MOVE -1 -1 -1 -1
OWN
00001000000000000
02221220020011101
01101222020000001
20001011020100020
20000000020102220
00012011122200102
00012011122211102
00022011120210100
00020110020010011
00000000020011110
STEP 31 P2 MOVE -1 -1 -1 -1
OWN
00001000000000000
02221220020011101
01101222020000001
20001011020100020
20000000020102220
00012011122200102
00012011122211102
00022011120210100
00020110020010011
00000000020011110
RESULT first=41 second=35 winner=1
ANALYSIS winner=P1 score=41-35 reason=Ĺ»ĂëżěŔ§(+3Ä­ »©ľŃŔ˝,2ąčČż°ú) steal(w/l)=6/3 neu(w/l)=38/38
