BOARD
78641127536972962
86159231692686383
69441571142877947
12879326391673277
36416468426784245
32633517236599954
97246771257337174
28129843177349554
19424867167367216
31216237514913619
STEP 0 P1 MOVE 4 8 8 8
OWN
00000000000000000
00000000000000000
00000000000000000
00000000000000000
00000000100000000
00000000100000000
00000000100000000
00000000100000000
00000000100000000
00000000000000000
STEP 1 P2 MOVE 5 7 5 9
OWN
00000000000000000
00000000000000000
00000000000000000
00000000000000000
00000000100000000
00000002220000000
00000000100000000
00000000100000000
00000000100000000
00000000000000000
STEP 2 P1 MOVE 8 14 9 15
OWN
00000000000000000
00000000000000000
00000000000000000
00000000000000000
00000000100000000
00000002220000000
00000000100000000
00000000100000000
00000000100000110
00000000000000110
STEP 3 P2 MOVE 9 1 9 4
OWN
00000000000000000
00000000000000000
00000000000000000
00000000000000000
00000000100000000
00000002220000000
00000000100000000
00000000100000000
00000000100000110
02222000000000110
STEP 4 P1 MOVE 0 10 2 10
OWN
00000000001000000
00000000001000000
00000000001000000
00000000000000000
00000000100000000
00000002220000000
00000000100000000
00000000100000000
00000000100000110
02222000000000110
STEP 5 P2 MOVE 7 7 7 9
OWN
00000000001000000
00000000001000000
00000000001000000
00000000000000000
00000000100000000
00000002220000000
00000000100000000
00000002220000000
00000000100000110
02222000000000110
STEP 6 P1 MOVE 1 6 1 8
OWN
00000000001000000
00000011101000000
00000000001000000
00000000000000000
00000000100000000
00000002220000000
00000000100000000
00000002220000000
00000000100000110
02222000000000110
STEP 7 P2 MOVE 2 0 4 0
OWN
00000000001000000
00000011101000000
20000000001000000
20000000000000000
20000000100000000
00000002220000000
00000000100000000
00000002220000000
00000000100000110
02222000000000110
STEP 8 P1 MOVE 9 8 9 10
OWN
00000000001000000
00000011101000000
20000000001000000
20000000000000000
20000000100000000
00000002220000000
00000000100000000
00000002220000000
00000000100000110
02222000111000110
STEP 9 P2 MOVE 3 1 5 1
OWN
00000000001000000
00000011101000000
20000000001000000
22000000000000000
22000000100000000
02000002220000000
00000000100000000
00000002220000000
00000000100000110
02222000111000110
STEP 10 P1 MOVE 8 2 8 4
OWN
00000000001000000
00000011101000000
20000000001000000
22000000000000000
22000000100000000
02000002220000000
00000000100000000
00000002220000000
00111000100000110
02222000111000110
STEP 11 P2 MOVE 4 13 4 15
OWN
00000000001000000
00000011101000000
20000000001000000
22000000000000000
22000000100002220
02000002220000000
00000000100000000
00000002220000000
00111000100000110
02222000111000110
STEP 12 P1 MOVE 7 16 8 16
OWN
00000000001000000
00000011101000000
20000000001000000
22000000000000000
22000000100002220
02000002220000000
00000000100000000
00000002220000001
00111000100000111
02222000111000110
STEP 13 P2 MOVE 6 3 6 4
OWN
00000000001000000
00000011101000000
20000000001000000
22000000000000000
22000000100002220
02000002220000000
00022000100000000
00000002220000001
00111000100000111
02222000111000110
STEP 14 P1 MOVE 2 4 3 4
OWN
00000000001000000
00000011101000000
20001000001000000
22001000000000000
22000000100002220
02000002220000000
00022000100000000
00000002220000001
00111000100000111
02222000111000110
STEP 15 P2 MOVE 4 4 4 5
OWN
00000000001000000
00000011101000000
20001000001000000
22001000000000000
22002200100002220
02000002220000000
00022000100000000
00000002220000001
00111000100000111
02222000111000110
STEP 16 P1 MOVE 2 13 3 13
OWN
00000000001000000
00000011101000000
20001000001001000
22001000000001000
22002200100002220
02000002220000000
00022000100000000
00000002220000001
00111000100000111
02222000111000110
STEP 17 P2 MOVE 1 5 3 5
OWN
00000000001000000
00000211101000000
20001200001001000
22001200000001000
22002200100002220
02000002220000000
00022000100000000
00000002220000001
00111000100000111
02222000111000110
STEP 18 P1 MOVE 9 6 9 7
OWN
00000000001000000
00000211101000000
20001200001001000
22001200000001000
22002200100002220
02000002220000000
00022000100000000
00000002220000001
00111000100000111
02222011111000110
STEP 19 P2 MOVE 1 16 2 16
OWN
00000000001000000
00000211101000002
20001200001001002
22001200000001000
22002200100002220
02000002220000000
00022000100000000
00000002220000001
00111000100000111
02222011111000110
STEP 20 P1 MOVE 8 0 8 1
OWN
00000000001000000
00000211101000002
20001200001001002
22001200000001000
22002200100002220
02000002220000000
00022000100000000
00000002220000001
11111000100000111
02222011111000110
STEP 21 P2 MOVE 5 14 6 14
OWN
00000000001000000
00000211101000002
20001200001001002
22001200000001000
22002200100002220
02000002220000200
00022000100000200
00000002220000001
11111000100000111
02222011111000110
STEP 22 P1 MOVE 7 12 8 12
OWN
00000000001000000
00000211101000002
20001200001001002
22001200000001000
22002200100002220
02000002220000200
00022000100000200
00000002220010001
11111000100010111
02222011111000110
STEP 23 P2 MOVE 8 11 8 13
OWN
00000000001000000
00000211101000002
20001200001001002
22001200000001000
22002200100002220
02000002220000200
00022000100000200
00000002220010001
11111000100222111
02222011111000110
STEP 24 P1 MOVE 7 10 7 11
OWN
00000000001000000
00000211101000002
20001200001001002
22001200000001000
22002200100002220
02000002220000200
00022000100000200
00000002221110001
11111000100222111
02222011111000110
STEP 25 P2 MOVE 8 5 9 5
OWN
00000000001000000
00000211101000002
20001200001001002
22001200000001000
22002200100002220
02000002220000200
00022000100000200
00000002221110001
11111200100222111
02222211111000110
STEP 26 P1 MOVE 7 14 7 15
OWN
00000000001000000
00000211101000002
20001200001001002
22001200000001000
22002200100002220
02000002220000200
00022000100000200
00000002221110111
11111200100222111
02222211111000110
STEP 27 P2 MOVE 6 10 6 11
OWN
00000000001000000
00000211101000002
20001200001001002
22001200000001000
22002200100002220
02000002220000200
00022000102200200
00000002221110111
11111200100222111
02222211111000110
STEP 28 P1 MOVE 6 10 8 12
OWN
00000000001000000
00000211101000002
20001200001001002
22001200000001000
22002200100002220
02000002220000200
00022000101110200
00000002221110111
11111200101112111
02222211111000110
STEP 29 P2 MOVE 5 12 9 12
OWN
00000000001000000
00000211101000002
20001200001001002
22001200000001000
22002200100002220
02000002220020200
00022000101120200
00000002221120111
11111200101122111
02222211111020110
STEP 30 P1 MOVE 0 5 2 6
OWN
00000110001000000
00000111101000002
20001110001001002
22001200000001000
22002200100002220
02000002220020200
00022000101120200
00000002221120111
11111200101122111
02222211111020110
STEP 31 P2 MOVE 2 2 2 8
OWN
00000110001000000
00000111101000002
20222222201001002
22001200000001000
22002200100002220
02000002220020200
00022000101120200
00000002221120111
11111200101122111
02222211111020110
STEP 32 P1 MOVE 0 2 0 3
OWN
00110110001000000
00000111101000002
20222222201001002
22001200000001000
22002200100002220
02000002220020200
00022000101120200
00000002221120111
11111200101122111
02222211111020110
STEP 33 P2 MOVE 0 4 1 4
OWN
00112110001000000
00002111101000002
20222222201001002
22001200000001000
22002200100002220
02000002220020200
00022000101120200
00000002221120111
11111200101122111
02222211111020110
STEP 34 P1 MOVE 4 2 5 2
OWN
00112110001000000
00002111101000002
20222222201001002
22001200000001000
22102200100002220
02100002220020200
00022000101120200
00000002221120111
11111200101122111
02222211111020110
STEP 35 P2 MOVE 4 0 5 4
OWN
00112110001000000
00002111101000002
20222222201001002
22001200000001000
22222200100002220
22222002220020200
00022000101120200
00000002221120111
11111200101122111
02222211111020110
STEP 36 P1 MOVE 3 2 6 2
OWN
00112110001000000
00002111101000002
20222222201001002
22101200000001000
22122200100002220
22122002220020200
00122000101120200
00000002221120111
11111200101122111
02222211111020110
STEP 37 P2 MOVE 3 2 7 3
OWN
00112110001000000
00002111101000002
20222222201001002
22221200000001000
22222200100002220
22222002220020200
00222000101120200
00220002221120111
11111200101122111
02222211111020110
STEP 38 P1 MOVE 7 0 7 1
OWN
00112110001000000
00002111101000002
20222222201001002
22221200000001000
22222200100002220
22222002220020200
00222000101120200
11220002221120111
11111200101122111
02222211111020110
STEP 39 P2 MOVE 3 9 3 10
OWN
00112110001000000
00002111101000002
20222222201001002
22221200022001000
22222200100002220
22222002220020200
00222000101120200
11220002221120111
11111200101122111
02222211111020110
STEP 40 P1 MOVE 7 6 8 6
OWN
00112110001000000
00002111101000002
20222222201001002
22221200022001000
22222200100002220
22222002220020200
00222000101120200
11220012221120111
11111210101122111
02222211111020110
STEP 41 P2 MOVE 8 0 9 7
OWN
00112110001000000
00002111101000002
20222222201001002
22221200022001000
22222200100002220
22222002220020200
00222000101120200
11220012221120111
22222222101122111
22222222111020110
STEP 42 P1 MOVE 1 3 5 5
OWN
00112110001000000
00011111101000002
20211122201001002
22211100022001000
22211100100002220
22211102220020200
00222000101120200
11220012221120111
22222222101122111
22222222111020110
STEP 43 P2 MOVE 1 2 5 6
OWN
00112110001000000
00222221101000002
20222222201001002
22222220022001000
22222220100002220
22222222220020200
00222000101120200
11220012221120111
22222222101122111
22222222111020110
STEP 44 P1 MOVE 3 8 6 9
OWN
00112110001000000
00222221101000002
20222222201001002
22222220112001000
22222220110002220
22222222110020200
00222000111120200
11220012221120111
22222222101122111
22222222111020110
STEP 45 P2 MOVE 2 9 4 10
OWN
00112110001000000
00222221101000002
20222222222001002
22222220122001000
22222220122002220
22222222110020200
00222000111120200
11220012221120111
22222222101122111
22222222111020110
STEP 46 P1 MOVE -1 -1 -1 -1
OWN
00112110001000000
00222221101000002
20222222222001002
22222220122001000
22222220122002220
22222222110020200
00222000111120200
11220012221120111
22222222101122111
22222222111020110
STEP 47 P2 MOVE -1 -1 -1 -1
OWN
00112110001000000
00222221101000002
20222222222001002
22222220122001000
22222220122002220
22222222110020200
00222000111120200
11220012221120111
22222222101122111
22222222111020110
RESULT first=37 second=79 winner=2
ANALYSIS winner=P2 score=37-79 reason=Ĺ»ĂëżěŔ§(+20Ä­ »©ľŃŔ˝,2ąčČż°ú) steal(w/l)=42/22 neu(w/l)=59/57
