BOARD
26591944133158384
16882644824687519
47385713816656471
54761558626421817
53897794555726312
92968523792153969
27956756358973124
73249976377956899
69235333577613546
83111816278551988
STEP 0 P1 MOVE 1 15 4 15
OWN
00000000000000000
00000000000000010
00000000000000010
00000000000000010
00000000000000010
00000000000000000
00000000000000000
00000000000000000
00000000000000000
00000000000000000
STEP 1 P2 MOVE 6 13 6 16
OWN
00000000000000000
00000000000000010
00000000000000010
00000000000000010
00000000000000010
00000000000000000
00000000000002222
00000000000000000
00000000000000000
00000000000000000
STEP 2 P1 MOVE 8 12 9 13
OWN
00000000000000000
00000000000000010
00000000000000010
00000000000000010
00000000000000010
00000000000000000
00000000000002222
00000000000000000
00000000000011000
00000000000011000
STEP 3 P2 MOVE 1 9 4 9
OWN
00000000000000000
00000000020000010
00000000020000010
00000000020000010
00000000020000010
00000000000000000
00000000000002222
00000000000000000
00000000000011000
00000000000011000
STEP 4 P1 MOVE 1 0 3 0
OWN
00000000000000000
10000000020000010
10000000020000010
10000000020000010
00000000020000010
00000000000000000
00000000000002222
00000000000000000
00000000000011000
00000000000011000
STEP 5 P2 MOVE 2 16 4 16
OWN
00000000000000000
10000000020000010
10000000020000012
10000000020000012
00000000020000012
00000000000000000
00000000000002222
00000000000000000
00000000000011000
00000000000011000
STEP 6 P1 MOVE 7 8 9 8
OWN
00000000000000000
10000000020000010
10000000020000012
10000000020000012
00000000020000012
00000000000000000
00000000000002222
00000000100000000
00000000100011000
00000000100011000
STEP 7 P2 MOVE 9 4 9 6
OWN
00000000000000000
10000000020000010
10000000020000012
10000000020000012
00000000020000012
00000000000000000
00000000000002222
00000000100000000
00000000100011000
00002220100011000
STEP 8 P1 MOVE 3 10 3 11
OWN
00000000000000000
10000000020000010
10000000020000012
10000000021100012
00000000020000012
00000000000000000
00000000000002222
00000000100000000
00000000100011000
00002220100011000
STEP 9 P2 MOVE 8 2 8 4
OWN
00000000000000000
10000000020000010
10000000020000012
10000000021100012
00000000020000012
00000000000000000
00000000000002222
00000000100000000
00222000100011000
00002220100011000
STEP 10 P1 MOVE 1 10 1 11
OWN
00000000000000000
10000000021100010
10000000020000012
10000000021100012
00000000020000012
00000000000000000
00000000000002222
00000000100000000
00222000100011000
00002220100011000
STEP 11 P2 MOVE 0 3 0 4
OWN
00022000000000000
10000000021100010
10000000020000012
10000000021100012
00000000020000012
00000000000000000
00000000000002222
00000000100000000
00222000100011000
00002220100011000
STEP 12 P1 MOVE 7 0 7 1
OWN
00022000000000000
10000000021100010
10000000020000012
10000000021100012
00000000020000012
00000000000000000
00000000000002222
11000000100000000
00222000100011000
00002220100011000
STEP 13 P2 MOVE 3 5 3 6
OWN
00022000000000000
10000000021100010
10000000020000012
10000220021100012
00000000020000012
00000000000000000
00000000000002222
11000000100000000
00222000100011000
00002220100011000
STEP 14 P1 MOVE 1 3 1 4
OWN
00022000000000000
10011000021100010
10000000020000012
10000220021100012
00000000020000012
00000000000000000
00000000000002222
11000000100000000
00222000100011000
00002220100011000
STEP 15 P2 MOVE 1 5 1 6
OWN
00022000000000000
10011220021100010
10000000020000012
10000220021100012
00000000020000012
00000000000000000
00000000000002222
11000000100000000
00222000100011000
00002220100011000
STEP 16 P1 MOVE 7 6 8 6
OWN
00022000000000000
10011220021100010
10000000020000012
10000220021100012
00000000020000012
00000000000000000
00000000000002222
11000010100000000
00222010100011000
00002220100011000
STEP 17 P2 MOVE 8 15 8 16
OWN
00022000000000000
10011220021100010
10000000020000012
10000220021100012
00000000020000012
00000000000000000
00000000000002222
11000010100000000
00222010100011022
00002220100011000
STEP 18 P1 MOVE 5 7 5 8
OWN
00022000000000000
10011220021100010
10000000020000012
10000220021100012
00000000020000012
00000001100000000
00000000000002222
11000010100000000
00222010100011022
00002220100011000
STEP 19 P2 MOVE 2 2 3 2
OWN
00022000000000000
10011220021100010
10200000020000012
10200220021100012
00000000020000012
00000001100000000
00000000000002222
11000010100000000
00222010100011022
00002220100011000
STEP 20 P1 MOVE 2 13 2 14
OWN
00022000000000000
10011220021100010
10200000020001112
10200220021100012
00000000020000012
00000001100000000
00000000000002222
11000010100000000
00222010100011022
00002220100011000
STEP 21 P2 MOVE 3 13 5 13
OWN
00022000000000000
10011220021100010
10200000020001112
10200220021102012
00000000020002012
00000001100002000
00000000000002222
11000010100000000
00222010100011022
00002220100011000
STEP 22 P1 MOVE 2 6 4 6
OWN
00022000000000000
10011220021100010
10200010020001112
10200210021102012
00000010020002012
00000001100002000
00000000000002222
11000010100000000
00222010100011022
00002220100011000
STEP 23 P2 MOVE 2 5 2 7
OWN
00022000000000000
10011220021100010
10200222020001112
10200210021102012
00000010020002012
00000001100002000
00000000000002222
11000010100000000
00222010100011022
00002220100011000
STEP 24 P1 MOVE 3 1 3 3
OWN
00022000000000000
10011220021100010
10200222020001112
11110210021102012
00000010020002012
00000001100002000
00000000000002222
11000010100000000
00222010100011022
00002220100011000
STEP 25 P2 MOVE 2 1 4 1
OWN
00022000000000000
10011220021100010
12200222020001112
12110210021102012
02000010020002012
00000001100002000
00000000000002222
11000010100000000
00222010100011022
00002220100011000
STEP 26 P1 MOVE 5 11 6 11
OWN
00022000000000000
10011220021100010
12200222020001112
12110210021102012
02000010020002012
00000001100102000
00000000000102222
11000010100000000
00222010100011022
00002220100011000
STEP 27 P2 MOVE 4 7 6 7
OWN
00022000000000000
10011220021100010
12200222020001112
12110210021102012
02000012020002012
00000002100102000
00000002000102222
11000010100000000
00222010100011022
00002220100011000
STEP 28 P1 MOVE 5 6 6 8
OWN
00022000000000000
10011220021100010
12200222020001112
12110210021102012
02000012020002012
00000011100102000
00000011100102222
11000010100000000
00222010100011022
00002220100011000
STEP 29 P2 MOVE 6 3 9 3
OWN
00022000000000000
10011220021100010
12200222020001112
12110210021102012
02000012020002012
00000011100102000
00020011100102222
11020010100000000
00222010100011022
00022220100011000
STEP 30 P1 MOVE 9 1 9 7
OWN
00022000000000000
10011220021100010
12200222020001112
12110210021102012
02000012020002012
00000011100102000
00020011100102222
11020010100000000
00222010100011022
01111111100011000
STEP 31 P2 MOVE 8 7 8 9
OWN
00022000000000000
10011220021100010
12200222020001112
12110210021102012
02000012020002012
00000011100102000
00020011100102222
11020010100000000
00222012220011022
01111111100011000
STEP 32 P1 MOVE 8 5 8 10
OWN
00022000000000000
10011220021100010
12200222020001112
12110210021102012
02000012020002012
00000011100102000
00020011100102222
11020010100000000
00222111111011022
01111111100011000
STEP 33 P2 MOVE 4 8 4 10
OWN
00022000000000000
10011220021100010
12200222020001112
12110210021102012
02000012222002012
00000011100102000
00020011100102222
11020010100000000
00222111111011022
01111111100011000
STEP 34 P1 MOVE 5 10 6 10
OWN
00022000000000000
10011220021100010
12200222020001112
12110210021102012
02000012222002012
00000011101102000
00020011101102222
11020010100000000
00222111111011022
01111111100011000
STEP 35 P2 MOVE -1 -1 -1 -1
OWN
00022000000000000
10011220021100010
12200222020001112
12110210021102012
02000012222002012
00000011101102000
00020011101102222
11020010100000000
00222111111011022
01111111100011000
STEP 36 P1 MOVE -1 -1 -1 -1
OWN
00022000000000000
10011220021100010
12200222020001112
12110210021102012
02000012222002012
00000011101102000
00020011101102222
11020010100000000
00222111111011022
01111111100011000
RESULT first=51 second=36 winner=1
ANALYSIS winner=P1 score=51-36 reason=Ĺ»ĂëżěŔ§(+7Ä­ »©ľŃŔ˝,2ąčČż°ú) steal(w/l)=11/4 neu(w/l)=44/43
