BOARD
23733999153684679
65685362542333632
41385698976342569
65925228126996142
55851728512937189
54724711665487267
71243869356526475
53626113777561488
72986392794271634
97896959758814461
STEP 0 P1 MOVE 4 6 7 6
OWN
00000000000000000
00000000000000000
00000000000000000
00000000000000000
00000010000000000
00000010000000000
00000010000000000
00000010000000000
00000000000000000
00000000000000000
STEP 1 P2 MOVE 5 1 8 1
OWN
00000000000000000
00000000000000000
00000000000000000
00000000000000000
00000010000000000
02000010000000000
02000010000000000
02000010000000000
02000000000000000
00000000000000000
STEP 2 P1 MOVE 7 4 7 7
OWN
00000000000000000
00000000000000000
00000000000000000
00000000000000000
00000010000000000
02000010000000000
02000010000000000
02001111000000000
02000000000000000
00000000000000000
STEP 3 P2 MOVE 5 14 7 14
OWN
00000000000000000
00000000000000000
00000000000000000
00000000000000000
00000010000000000
02000010000000200
02000010000000200
02001111000000200
02000000000000000
00000000000000000
STEP 4 P1 MOVE 8 13 8 15
OWN
00000000000000000
00000000000000000
00000000000000000
00000000000000000
00000010000000000
02000010000000200
02000010000000200
02001111000000200
02000000000001110
00000000000000000
STEP 5 P2 MOVE 4 0 4 1
OWN
00000000000000000
00000000000000000
00000000000000000
00000000000000000
22000010000000000
02000010000000200
02000010000000200
02001111000000200
02000000000001110
00000000000000000
STEP 6 P1 MOVE 0 2 0 3
OWN
00110000000000000
00000000000000000
00000000000000000
00000000000000000
22000010000000000
02000010000000200
02000010000000200
02001111000000200
02000000000001110
00000000000000000
STEP 7 P2 MOVE 9 14 9 15
OWN
00110000000000000
00000000000000000
00000000000000000
00000000000000000
22000010000000000
02000010000000200
02000010000000200
02001111000000200
02000000000001110
00000000000000220
STEP 8 P1 MOVE 1 4 2 4
OWN
00110000000000000
00001000000000000
00001000000000000
00000000000000000
22000010000000000
02000010000000200
02000010000000200
02001111000000200
02000000000001110
00000000000000220
STEP 9 P2 MOVE 2 3 3 3
OWN
00110000000000000
00001000000000000
00021000000000000
00020000000000000
22000010000000000
02000010000000200
02000010000000200
02001111000000200
02000000000001110
00000000000000220
STEP 10 P1 MOVE 3 4 5 4
OWN
00110000000000000
00001000000000000
00021000000000000
00021000000000000
22001010000000000
02001010000000200
02000010000000200
02001111000000200
02000000000001110
00000000000000220
STEP 11 P2 MOVE 5 3 5 7
OWN
00110000000000000
00001000000000000
00021000000000000
00021000000000000
22001010000000000
02022222000000200
02000010000000200
02001111000000200
02000000000001110
00000000000000220
STEP 12 P1 MOVE 2 1 2 5
OWN
00110000000000000
00001000000000000
01111100000000000
00021000000000000
22001010000000000
02022222000000200
02000010000000200
02001111000000200
02000000000001110
00000000000000220
STEP 13 P2 MOVE 8 11 9 11
OWN
00110000000000000
00001000000000000
01111100000000000
00021000000000000
22001010000000000
02022222000000200
02000010000000200
02001111000000200
02000000000201110
00000000000200220
STEP 14 P1 MOVE 0 7 0 8
OWN
00110001100000000
00001000000000000
01111100000000000
00021000000000000
22001010000000000
02022222000000200
02000010000000200
02001111000000200
02000000000201110
00000000000200220
STEP 15 P2 MOVE 0 13 0 14
OWN
00110001100002200
00001000000000000
01111100000000000
00021000000000000
22001010000000000
02022222000000200
02000010000000200
02001111000000200
02000000000201110
00000000000200220
STEP 16 P1 MOVE 5 12 6 12
OWN
00110001100002200
00001000000000000
01111100000000000
00021000000000000
22001010000000000
02022222000010200
02000010000010200
02001111000000200
02000000000201110
00000000000200220
STEP 17 P2 MOVE 6 8 7 8
OWN
00110001100002200
00001000000000000
01111100000000000
00021000000000000
22001010000000000
02022222000010200
02000010200010200
02001111200000200
02000000000201110
00000000000200220
STEP 18 P1 MOVE 7 3 8 3
OWN
00110001100002200
00001000000000000
01111100000000000
00021000000000000
22001010000000000
02022222000010200
02000010200010200
02011111200000200
02010000000201110
00000000000200220
STEP 19 P2 MOVE 2 9 4 9
OWN
00110001100002200
00001000000000000
01111100020000000
00021000020000000
22001010020000000
02022222000010200
02000010200010200
02011111200000200
02010000000201110
00000000000200220
STEP 20 P1 MOVE 0 15 1 15
OWN
00110001100002210
00001000000000010
01111100020000000
00021000020000000
22001010020000000
02022222000010200
02000010200010200
02011111200000200
02010000000201110
00000000000200220
STEP 21 P2 MOVE 3 6 3 7
OWN
00110001100002210
00001000000000010
01111100020000000
00021022020000000
22001010020000000
02022222000010200
02000010200010200
02011111200000200
02010000000201110
00000000000200220
STEP 22 P1 MOVE 1 7 2 7
OWN
00110001100002210
00001001000000010
01111101020000000
00021022020000000
22001010020000000
02022222000010200
02000010200010200
02011111200000200
02010000000201110
00000000000200220
STEP 23 P2 MOVE 4 12 4 13
OWN
00110001100002210
00001001000000010
01111101020000000
00021022020000000
22001010020022000
02022222000010200
02000010200010200
02011111200000200
02010000000201110
00000000000200220
STEP 24 P1 MOVE 2 8 3 8
OWN
00110001100002210
00001001000000010
01111101120000000
00021022120000000
22001010020022000
02022222000010200
02000010200010200
02011111200000200
02010000000201110
00000000000200220
STEP 25 P2 MOVE 2 15 3 15
OWN
00110001100002210
00001001000000010
01111101120000020
00021022120000020
22001010020022000
02022222000010200
02000010200010200
02011111200000200
02010000000201110
00000000000200220
STEP 26 P1 MOVE 3 14 4 15
OWN
00110001100002210
00001001000000010
01111101120000020
00021022120000110
22001010020022110
02022222000010200
02000010200010200
02011111200000200
02010000000201110
00000000000200220
STEP 27 P2 MOVE 1 8 4 8
OWN
00110001100002210
00001001200000010
01111101220000020
00021022220000110
22001010220022110
02022222000010200
02000010200010200
02011111200000200
02010000000201110
00000000000200220
STEP 28 P1 MOVE 4 7 4 10
OWN
00110001100002210
00001001200000010
01111101220000020
00021022220000110
22001011111022110
02022222000010200
02000010200010200
02011111200000200
02010000000201110
00000000000200220
STEP 29 P2 MOVE 1 6 1 9
OWN
00110001100002210
00001022220000010
01111101220000020
00021022220000110
22001011111022110
02022222000010200
02000010200010200
02011111200000200
02010000000201110
00000000000200220
STEP 30 P1 MOVE 0 9 1 10
OWN
00110001111002210
00001022211000010
01111101220000020
00021022220000110
22001011111022110
02022222000010200
02000010200010200
02011111200000200
02010000000201110
00000000000200220
STEP 31 P2 MOVE 1 1 3 1
OWN
00110001111002210
02001022211000010
02111101220000020
02021022220000110
22001011111022110
02022222000010200
02000010200010200
02011111200000200
02010000000201110
00000000000200220
STEP 32 P1 MOVE 0 1 9 1
OWN
01110001111002210
01001022211000010
01111101220000020
01021022220000110
21001011111022110
01022222000010200
01000010200010200
01011111200000200
01010000000201110
01000000000200220
STEP 33 P2 MOVE 1 0 2 0
OWN
01110001111002210
21001022211000010
21111101220000020
01021022220000110
21001011111022110
01022222000010200
01000010200010200
01011111200000200
01010000000201110
01000000000200220
STEP 34 P1 MOVE -1 -1 -1 -1
OWN
01110001111002210
21001022211000010
21111101220000020
01021022220000110
21001011111022110
01022222000010200
01000010200010200
01011111200000200
01010000000201110
01000000000200220
STEP 35 P2 MOVE -1 -1 -1 -1
OWN
01110001111002210
21001022211000010
21111101220000020
01021022220000110
21001011111022110
01022222000010200
01000010200010200
01011111200000200
01010000000201110
01000000000200220
RESULT first=49 second=32 winner=1
ANALYSIS winner=P1 score=49-32 reason=Ĺ»ĂëżěŔ§(+7Ä­ »©ľŃŔ˝,2ąčČż°ú) / şóÄ­Ľ±Áˇ(+3) steal(w/l)=13/6 neu(w/l)=42/39
