BOARD
14897659554716786
83923311157298822
16554118611947424
25421189793899944
21728853582526464
43866182974399932
56458417525146713
15323727448397575
35291292398852654
64812887819563982
STEP 0 P1 MOVE 4 0 5 1
OWN
00000000000000000
00000000000000000
00000000000000000
00000000000000000
11000000000000000
11000000000000000
00000000000000000
00000000000000000
00000000000000000
00000000000000000
STEP 1 P2 MOVE 8 0 8 2
OWN
00000000000000000
00000000000000000
00000000000000000
00000000000000000
11000000000000000
11000000000000000
00000000000000000
00000000000000000
22200000000000000
00000000000000000
STEP 2 P1 MOVE 2 10 5 10
OWN
00000000000000000
00000000000000000
00000000001000000
00000000001000000
11000000001000000
11000000001000000
00000000000000000
00000000000000000
22200000000000000
00000000000000000
STEP 3 P2 MOVE 0 0 2 0
OWN
20000000000000000
20000000000000000
20000000001000000
00000000001000000
11000000001000000
11000000001000000
00000000000000000
00000000000000000
22200000000000000
00000000000000000
STEP 4 P1 MOVE 2 9 3 9
OWN
20000000000000000
20000000000000000
20000000011000000
00000000011000000
11000000001000000
11000000001000000
00000000000000000
00000000000000000
22200000000000000
00000000000000000
STEP 5 P2 MOVE 8 9 9 9
OWN
20000000000000000
20000000000000000
20000000011000000
00000000011000000
11000000001000000
11000000001000000
00000000000000000
00000000000000000
22200000020000000
00000000020000000
STEP 6 P1 MOVE 3 16 5 16
OWN
20000000000000000
20000000000000000
20000000011000000
00000000011000001
11000000001000001
11000000001000001
00000000000000000
00000000000000000
22200000020000000
00000000020000000
STEP 7 P2 MOVE 2 14 2 16
OWN
20000000000000000
20000000000000000
20000000011000222
00000000011000001
11000000001000001
11000000001000001
00000000000000000
00000000000000000
22200000020000000
00000000020000000
STEP 8 P1 MOVE 9 4 9 5
OWN
20000000000000000
20000000000000000
20000000011000222
00000000011000001
11000000001000001
11000000001000001
00000000000000000
00000000000000000
22200000020000000
00001100020000000
STEP 9 P2 MOVE 6 10 6 12
OWN
20000000000000000
20000000000000000
20000000011000222
00000000011000001
11000000001000001
11000000001000001
00000000002220000
00000000000000000
22200000020000000
00001100020000000
STEP 10 P1 MOVE 8 3 9 3
OWN
20000000000000000
20000000000000000
20000000011000222
00000000011000001
11000000001000001
11000000001000001
00000000002220000
00000000000000000
22210000020000000
00011100020000000
STEP 11 P2 MOVE 9 0 9 1
OWN
20000000000000000
20000000000000000
20000000011000222
00000000011000001
11000000001000001
11000000001000001
00000000002220000
00000000000000000
22210000020000000
22011100020000000
STEP 12 P1 MOVE 7 1 7 3
OWN
20000000000000000
20000000000000000
20000000011000222
00000000011000001
11000000001000001
11000000001000001
00000000002220000
01110000000000000
22210000020000000
22011100020000000
STEP 13 P2 MOVE 3 15 4 15
OWN
20000000000000000
20000000000000000
20000000011000222
00000000011000021
11000000001000021
11000000001000001
00000000002220000
01110000000000000
22210000020000000
22011100020000000
STEP 14 P1 MOVE 3 4 3 6
OWN
20000000000000000
20000000000000000
20000000011000222
00001110011000021
11000000001000021
11000000001000001
00000000002220000
01110000000000000
22210000020000000
22011100020000000
STEP 15 P2 MOVE 0 4 1 4
OWN
20002000000000000
20002000000000000
20000000011000222
00001110011000021
11000000001000021
11000000001000001
00000000002220000
01110000000000000
22210000020000000
22011100020000000
STEP 16 P1 MOVE 2 5 2 7
OWN
20002000000000000
20002000000000000
20000111011000222
00001110011000021
11000000001000021
11000000001000001
00000000002220000
01110000000000000
22210000020000000
22011100020000000
STEP 17 P2 MOVE 9 15 9 16
OWN
20002000000000000
20002000000000000
20000111011000222
00001110011000021
11000000001000021
11000000001000001
00000000002220000
01110000000000000
22210000020000000
22011100020000022
STEP 18 P1 MOVE 4 13 4 14
OWN
20002000000000000
20002000000000000
20000111011000222
00001110011000021
11000000001001121
11000000001000001
00000000002220000
01110000000000000
22210000020000000
22011100020000022
STEP 19 P2 MOVE 0 8 0 9
OWN
20002000220000000
20002000000000000
20000111011000222
00001110011000021
11000000001001121
11000000001000001
00000000002220000
01110000000000000
22210000020000000
22011100020000022
STEP 20 P1 MOVE 0 7 1 7
OWN
20002001220000000
20002001000000000
20000111011000222
00001110011000021
11000000001001121
11000000001000001
00000000002220000
01110000000000000
22210000020000000
22011100020000022
STEP 21 P2 MOVE 2 4 2 8
OWN
20002001220000000
20002001000000000
20002222211000222
00001110011000021
11000000001001121
11000000001000001
00000000002220000
01110000000000000
22210000020000000
22011100020000022
STEP 22 P1 MOVE 1 3 2 5
OWN
20002001220000000
20011101000000000
20011122211000222
00001110011000021
11000000001001121
11000000001000001
00000000002220000
01110000000000000
22210000020000000
22011100020000022
STEP 23 P2 MOVE 3 3 5 3
OWN
20002001220000000
20011101000000000
20011122211000222
00021110011000021
11020000001001121
11020000001000001
00000000002220000
01110000000000000
22210000020000000
22011100020000022
STEP 24 P1 MOVE 5 6 5 7
OWN
20002001220000000
20011101000000000
20011122211000222
00021110011000021
11020000001001121
11020011001000001
00000000002220000
01110000000000000
22210000020000000
22011100020000022
STEP 25 P2 MOVE 5 5 5 8
OWN
20002001220000000
20011101000000000
20011122211000222
00021110011000021
11020000001001121
11020222201000001
00000000002220000
01110000000000000
22210000020000000
22011100020000022
STEP 26 P1 MOVE 4 8 6 8
OWN
20002001220000000
20011101000000000
20011122211000222
00021110011000021
11020000101001121
11020222101000001
00000000102220000
01110000000000000
22210000020000000
22011100020000022
STEP 27 P2 MOVE 1 2 1 6
OWN
20002001220000000
20222221000000000
20011122211000222
00021110011000021
11020000101001121
11020222101000001
00000000102220000
01110000000000000
22210000020000000
22011100020000022
STEP 28 P1 MOVE 4 7 6 7
OWN
20002001220000000
20222221000000000
20011122211000222
00021110011000021
11020001101001121
11020221101000001
00000001102220000
01110000000000000
22210000020000000
22011100020000022
STEP 29 P2 MOVE 6 6 7 7
OWN
20002001220000000
20222221000000000
20011122211000222
00021110011000021
11020001101001121
11020221101000001
00000022102220000
01110022000000000
22210000020000000
22011100020000022
STEP 30 P1 MOVE 0 6 4 6
OWN
20002011220000000
20222211000000000
20011112211000222
00021110011000021
11020011101001121
11020221101000001
00000022102220000
01110022000000000
22210000020000000
22011100020000022
STEP 31 P2 MOVE 5 9 5 11
OWN
20002011220000000
20222211000000000
20011112211000222
00021110011000021
11020011101001121
11020221122200001
00000022102220000
01110022000000000
22210000020000000
22011100020000022
STEP 32 P1 MOVE 0 12 1 12
OWN
20002011220010000
20222211000010000
20011112211000222
00021110011000021
11020011101001121
11020221122200001
00000022102220000
01110022000000000
22210000020000000
22011100020000022
STEP 33 P2 MOVE -1 -1 -1 -1
OWN
20002011220010000
20222211000010000
20011112211000222
00021110011000021
11020011101001121
11020221122200001
00000022102220000
01110022000000000
22210000020000000
22011100020000022
STEP 34 P1 MOVE 1 11 1 13
OWN
20002011220010000
20222211000111000
20011112211000222
00021110011000021
11020011101001121
11020221122200001
00000022102220000
01110022000000000
22210000020000000
22011100020000022
STEP 35 P2 MOVE 1 14 1 15
OWN
20002011220010000
20222211000111220
20011112211000222
00021110011000021
11020011101001121
11020221122200001
00000022102220000
01110022000000000
22210000020000000
22011100020000022
STEP 36 P1 MOVE 6 8 7 9
OWN
20002011220010000
20222211000111220
20011112211000222
00021110011000021
11020011101001121
11020221122200001
00000022112220000
01110022110000000
22210000020000000
22011100020000022
STEP 37 P2 MOVE 6 5 6 13
OWN
20002011220010000
20222211000111220
20011112211000222
00021110011000021
11020011101001121
11020221122200001
00000222222222000
01110022110000000
22210000020000000
22011100020000022
STEP 38 P1 MOVE 0 5 0 10
OWN
20002111111010000
20222211000111220
20011112211000222
00021110011000021
11020011101001121
11020221122200001
00000222222222000
01110022110000000
22210000020000000
22011100020000022
STEP 39 P2 MOVE 0 3 1 8
OWN
20022222211010000
20222222200111220
20011112211000222
00021110011000021
11020011101001121
11020221122200001
00000222222222000
01110022110000000
22210000020000000
22011100020000022
STEP 40 P1 MOVE 1 2 2 9
OWN
20022222211010000
20111111110111220
20111111111000222
00021110011000021
11020011101001121
11020221122200001
00000222222222000
01110022110000000
22210000020000000
22011100020000022
STEP 41 P2 MOVE 1 1 1 10
OWN
20022222211010000
22222222222111220
20111111111000222
00021110011000021
11020011101001121
11020221122200001
00000222222222000
01110022110000000
22210000020000000
22011100020000022
STEP 42 P1 MOVE 0 1 2 1
OWN
21022222211010000
21222222222111220
21111111111000222
00021110011000021
11020011101001121
11020221122200001
00000222222222000
01110022110000000
22210000020000000
22011100020000022
STEP 43 P2 MOVE 6 1 6 2
OWN
21022222211010000
21222222222111220
21111111111000222
00021110011000021
11020011101001121
11020221122200001
02200222222222000
01110022110000000
22210000020000000
22011100020000022
STEP 44 P1 MOVE 6 0 6 3
OWN
21022222211010000
21222222222111220
21111111111000222
00021110011000021
11020011101001121
11020221122200001
11110222222222000
01110022110000000
22210000020000000
22011100020000022
STEP 45 P2 MOVE -1 -1 -1 -1
OWN
21022222211010000
21222222222111220
21111111111000222
00021110011000021
11020011101001121
11020221122200001
11110222222222000
01110022110000000
22210000020000000
22011100020000022
STEP 46 P1 MOVE 1 16 7 16
OWN
21022222211010000
21222222222111221
21111111111000221
00021110011000021
11020011101001121
11020221122200001
11110222222222001
01110022110000001
22210000020000000
22011100020000022
STEP 47 P2 MOVE 0 16 8 16
OWN
21022222211010002
21222222222111222
21111111111000222
00021110011000022
11020011101001122
11020221122200002
11110222222222002
01110022110000002
22210000020000002
22011100020000022
STEP 48 P1 MOVE 3 8 8 8
OWN
21022222211010002
21222222222111222
21111111111000222
00021110111000022
11020011101001122
11020221122200002
11110222122222002
01110022110000002
22210000120000002
22011100020000022
STEP 49 P2 MOVE 4 7 8 9
OWN
21022222211010002
21222222222111222
21111111111000222
00021110111000022
11020012221001122
11020222222200002
11110222222222002
01110022220000002
22210002220000002
22011100020000022
STEP 50 P1 MOVE -1 -1 -1 -1
OWN
21022222211010002
21222222222111222
21111111111000222
00021110111000022
11020012221001122
11020222222200002
11110222222222002
01110022220000002
22210002220000002
22011100020000022
STEP 51 P2 MOVE -1 -1 -1 -1
OWN
21022222211010002
21222222222111222
21111111111000222
00021110111000022
11020012221001122
11020222222200002
11110222222222002
01110022220000002
22210002220000002
22011100020000022
RESULT first=43 second=70 winner=2
ANALYSIS winner=P2 score=43-70 reason=Ĺ»ĂëżěŔ§(+18Ä­ »©ľŃŔ˝,2ąčČż°ú) / żŞŔü˝Â steal(w/l)=41/23 neu(w/l)=52/61
