BOARD
78516877929786239
23914956995615137
36993272852177941
22517546261912694
47387596462441684
59324818653145315
21163163836971817
32276824462184799
94652873892834659
38497962587928727
STEP 0 P1 MOVE 1 12 1 15
OWN
00000000000000000
00000000000011110
00000000000000000
00000000000000000
00000000000000000
00000000000000000
00000000000000000
00000000000000000
00000000000000000
00000000000000000
STEP 1 P2 MOVE 3 0 3 3
OWN
00000000000000000
00000000000011110
00000000000000000
22220000000000000
00000000000000000
00000000000000000
00000000000000000
00000000000000000
00000000000000000
00000000000000000
STEP 2 P1 MOVE 6 0 6 3
OWN
00000000000000000
00000000000011110
00000000000000000
22220000000000000
00000000000000000
00000000000000000
11110000000000000
00000000000000000
00000000000000000
00000000000000000
STEP 3 P2 MOVE 1 10 4 10
OWN
00000000000000000
00000000002011110
00000000002000000
22220000002000000
00000000002000000
00000000000000000
11110000000000000
00000000000000000
00000000000000000
00000000000000000
STEP 4 P1 MOVE 7 6 7 8
OWN
00000000000000000
00000000002011110
00000000002000000
22220000002000000
00000000002000000
00000000000000000
11110000000000000
00000011100000000
00000000000000000
00000000000000000
STEP 5 P2 MOVE 6 5 6 7
OWN
00000000000000000
00000000002011110
00000000002000000
22220000002000000
00000000002000000
00000000000000000
11110222000000000
00000011100000000
00000000000000000
00000000000000000
STEP 6 P1 MOVE 6 15 7 15
OWN
00000000000000000
00000000002011110
00000000002000000
22220000002000000
00000000002000000
00000000000000000
11110222000000010
00000011100000010
00000000000000000
00000000000000000
STEP 7 P2 MOVE 2 8 3 8
OWN
00000000000000000
00000000002011110
00000000202000000
22220000202000000
00000000002000000
00000000000000000
11110222000000010
00000011100000010
00000000000000000
00000000000000000
STEP 8 P1 MOVE 4 6 5 6
OWN
00000000000000000
00000000002011110
00000000202000000
22220000202000000
00000010002000000
00000010000000000
11110222000000010
00000011100000010
00000000000000000
00000000000000000
STEP 9 P2 MOVE 4 8 5 8
OWN
00000000000000000
00000000002011110
00000000202000000
22220000202000000
00000010202000000
00000010200000000
11110222000000010
00000011100000010
00000000000000000
00000000000000000
STEP 10 P1 MOVE 2 13 4 13
OWN
00000000000000000
00000000002011110
00000000202001000
22220000202001000
00000010202001000
00000010200000000
11110222000000010
00000011100000010
00000000000000000
00000000000000000
STEP 11 P2 MOVE 5 11 5 13
OWN
00000000000000000
00000000002011110
00000000202001000
22220000202001000
00000010202001000
00000010200222000
11110222000000010
00000011100000010
00000000000000000
00000000000000000
STEP 12 P1 MOVE 3 11 3 12
OWN
00000000000000000
00000000002011110
00000000202001000
22220000202111000
00000010202001000
00000010200222000
11110222000000010
00000011100000010
00000000000000000
00000000000000000
STEP 13 P2 MOVE 8 2 9 2
OWN
00000000000000000
00000000002011110
00000000202001000
22220000202111000
00000010202001000
00000010200222000
11110222000000010
00000011100000010
00200000000000000
00200000000000000
STEP 14 P1 MOVE 6 11 7 11
OWN
00000000000000000
00000000002011110
00000000202001000
22220000202111000
00000010202001000
00000010200222000
11110222000100010
00000011100100010
00200000000000000
00200000000000000
STEP 15 P2 MOVE 8 10 8 11
OWN
00000000000000000
00000000002011110
00000000202001000
22220000202111000
00000010202001000
00000010200222000
11110222000100010
00000011100100010
00200000002200000
00200000000000000
STEP 16 P1 MOVE 1 3 2 3
OWN
00000000000000000
00010000002011110
00010000202001000
22220000202111000
00000010202001000
00000010200222000
11110222000100010
00000011100100010
00200000002200000
00200000000000000
STEP 17 P2 MOVE 0 4 1 4
OWN
00002000000000000
00012000002011110
00010000202001000
22220000202111000
00000010202001000
00000010200222000
11110222000100010
00000011100100010
00200000002200000
00200000000000000
STEP 18 P1 MOVE 9 12 9 13
OWN
00002000000000000
00012000002011110
00010000202001000
22220000202111000
00000010202001000
00000010200222000
11110222000100010
00000011100100010
00200000002200000
00200000000011000
STEP 19 P2 MOVE 8 6 8 7
OWN
00002000000000000
00012000002011110
00010000202001000
22220000202111000
00000010202001000
00000010200222000
11110222000100010
00000011100100010
00200022002200000
00200000000011000
STEP 20 P1 MOVE 3 6 9 6
OWN
00002000000000000
00012000002011110
00010000202001000
22220010202111000
00000010202001000
00000010200222000
11110212000100010
00000011100100010
00200012002200000
00200010000011000
STEP 21 P2 MOVE 5 7 9 7
OWN
00002000000000000
00012000002011110
00010000202001000
22220010202111000
00000010202001000
00000012200222000
11110212000100010
00000012100100010
00200012002200000
00200012000011000
STEP 22 P1 MOVE 2 4 3 4
OWN
00002000000000000
00012000002011110
00011000202001000
22221010202111000
00000010202001000
00000012200222000
11110212000100010
00000012100100010
00200012002200000
00200012000011000
STEP 23 P2 MOVE 4 12 4 14
OWN
00002000000000000
00012000002011110
00011000202001000
22221010202111000
00000010202022200
00000012200222000
11110212000100010
00000012100100010
00200012002200000
00200012000011000
STEP 24 P1 MOVE 4 10 5 14
OWN
00002000000000000
00012000002011110
00011000202001000
22221010202111000
00000010201111100
00000012201111100
11110212000100010
00000012100100010
00200012002200000
00200012000011000
STEP 25 P2 MOVE 5 13 6 15
OWN
00002000000000000
00012000002011110
00011000202001000
22221010202111000
00000010201111100
00000012201112220
11110212000102220
00000012100100010
00200012002200000
00200012000011000
STEP 26 P1 MOVE 4 1 4 2
OWN
00002000000000000
00012000002011110
00011000202001000
22221010202111000
01100010201111100
00000012201112220
11110212000102220
00000012100100010
00200012002200000
00200012000011000
STEP 27 P2 MOVE 0 13 7 13
OWN
00002000000002000
00012000002012110
00011000202002000
22221010202112000
01100010201112100
00000012201112220
11110212000102220
00000012100102010
00200012002200000
00200012000011000
STEP 28 P1 MOVE 5 9 5 16
OWN
00002000000002000
00012000002012110
00011000202002000
22221010202112000
01100010201112100
00000012211111111
11110212000102220
00000012100102010
00200012002200000
00200012000011000
STEP 29 P2 MOVE 2 11 9 11
OWN
00002000000002000
00012000002012110
00011000202202000
22221010202212000
01100010201212100
00000012211211111
11110212000202220
00000012100202010
00200012002200000
00200012000211000
STEP 30 P1 MOVE 8 10 9 12
OWN
00002000000002000
00012000002012110
00011000202202000
22221010202212000
01100010201212100
00000012211211111
11110212000202220
00000012100202010
00200012001110000
00200012001111000
STEP 31 P2 MOVE 7 10 7 12
OWN
00002000000002000
00012000002012110
00011000202202000
22221010202212000
01100010201212100
00000012211211111
11110212000202220
00000012102222010
00200012001110000
00200012001111000
STEP 32 P1 MOVE 8 4 8 5
OWN
00002000000002000
00012000002012110
00011000202202000
22221010202212000
01100010201212100
00000012211211111
11110212000202220
00000012102222010
00201112001110000
00200012001111000
STEP 33 P2 MOVE 8 13 8 14
OWN
00002000000002000
00012000002012110
00011000202202000
22221010202212000
01100010201212100
00000012211211111
11110212000202220
00000012102222010
00201112001112200
00200012001111000
STEP 34 P1 MOVE -1 -1 -1 -1
OWN
00002000000002000
00012000002012110
00011000202202000
22221010202212000
01100010201212100
00000012211211111
11110212000202220
00000012102222010
00201112001112200
00200012001111000
STEP 35 P2 MOVE 4 3 5 3
OWN
00002000000002000
00012000002012110
00011000202202000
22221010202212000
01120010201212100
00020012211211111
11110212000202220
00000012102222010
00201112001112200
00200012001111000
STEP 36 P1 MOVE 5 2 6 4
OWN
00002000000002000
00012000002012110
00011000202202000
22221010202212000
01120010201212100
00111012211211111
11111212000202220
00000012102222010
00201112001112200
00200012001111000
STEP 37 P2 MOVE -1 -1 -1 -1
OWN
00002000000002000
00012000002012110
00011000202202000
22221010202212000
01120010201212100
00111012211211111
11111212000202220
00000012102222010
00201112001112200
00200012001111000
STEP 38 P1 MOVE -1 -1 -1 -1
OWN
00002000000002000
00012000002012110
00011000202202000
22221010202212000
01120010201212100
00111012211211111
11111212000202220
00000012102222010
00201112001112200
00200012001111000
RESULT first=46 second=41 winner=1
ANALYSIS winner=P1 score=46-41 reason=斬模犒м辦嬪 steal(w/l)=16/14 neu(w/l)=44/43
