BOARD
69571672318537176
85613717848691772
23873137838765956
75554275912595583
72213192521855965
52913398429912776
44644361947493773
83891229414781545
93653546415776642
73742978328461791
STEP 0 P1 MOVE 5 9 9 9
OWN
00000000000000000
00000000000000000
00000000000000000
00000000000000000
00000000000000000
00000000010000000
00000000010000000
00000000010000000
00000000010000000
00000000010000000
STEP 1 P2 MOVE 4 7 4 10
OWN
00000000000000000
00000000000000000
00000000000000000
00000000000000000
00000002222000000
00000000010000000
00000000010000000
00000000010000000
00000000010000000
00000000010000000
STEP 2 P1 MOVE 6 4 9 4
OWN
00000000000000000
00000000000000000
00000000000000000
00000000000000000
00000002222000000
00000000010000000
00001000010000000
00001000010000000
00001000010000000
00001000010000000
STEP 3 P2 MOVE 6 5 6 7
OWN
00000000000000000
00000000000000000
00000000000000000
00000000000000000
00000002222000000
00000000010000000
00001222010000000
00001000010000000
00001000010000000
00001000010000000
STEP 4 P1 MOVE 1 4 3 4
OWN
00000000000000000
00001000000000000
00001000000000000
00001000000000000
00000002222000000
00000000010000000
00001222010000000
00001000010000000
00001000010000000
00001000010000000
STEP 5 P2 MOVE 4 13 6 13
OWN
00000000000000000
00001000000000000
00001000000000000
00001000000000000
00000002222002000
00000000010002000
00001222010002000
00001000010000000
00001000010000000
00001000010000000
STEP 6 P1 MOVE 6 16 8 16
OWN
00000000000000000
00001000000000000
00001000000000000
00001000000000000
00000002222002000
00000000010002000
00001222010002001
00001000010000001
00001000010000001
00001000010000000
STEP 7 P2 MOVE 7 13 7 15
OWN
00000000000000000
00001000000000000
00001000000000000
00001000000000000
00000002222002000
00000000010002000
00001222010002001
00001000010002221
00001000010000001
00001000010000000
STEP 8 P1 MOVE 5 12 6 12
OWN
00000000000000000
00001000000000000
00001000000000000
00001000000000000
00000002222002000
00000000010012000
00001222010012001
00001000010002221
00001000010000001
00001000010000000
STEP 9 P2 MOVE 3 13 3 14
OWN
00000000000000000
00001000000000000
00001000000000000
00001000000002200
00000002222002000
00000000010012000
00001222010012001
00001000010002221
00001000010000001
00001000010000000
STEP 10 P1 MOVE 8 7 8 8
OWN
00000000000000000
00001000000000000
00001000000000000
00001000000002200
00000002222002000
00000000010012000
00001222010012001
00001000010002221
00001001110000001
00001000010000000
STEP 11 P2 MOVE 1 0 2 0
OWN
00000000000000000
20001000000000000
20001000000000000
00001000000002200
00000002222002000
00000000010012000
00001222010012001
00001000010002221
00001001110000001
00001000010000000
STEP 12 P1 MOVE 9 1 9 2
OWN
00000000000000000
20001000000000000
20001000000000000
00001000000002200
00000002222002000
00000000010012000
00001222010012001
00001000010002221
00001001110000001
01101000010000000
STEP 13 P2 MOVE 2 6 2 7
OWN
00000000000000000
20001000000000000
20001022000000000
00001000000002200
00000002222002000
00000000010012000
00001222010012001
00001000010002221
00001001110000001
01101000010000000
STEP 14 P1 MOVE 2 10 3 10
OWN
00000000000000000
20001000000000000
20001022001000000
00001000001002200
00000002222002000
00000000010012000
00001222010012001
00001000010002221
00001001110000001
01101000010000000
STEP 15 P2 MOVE 2 1 4 1
OWN
00000000000000000
20001000000000000
22001022001000000
02001000001002200
02000002222002000
00000000010012000
00001222010012001
00001000010002221
00001001110000001
01101000010000000
STEP 16 P1 MOVE 4 0 4 3
OWN
00000000000000000
20001000000000000
22001022001000000
02001000001002200
11110002222002000
00000000010012000
00001222010012001
00001000010002221
00001001110000001
01101000010000000
STEP 17 P2 MOVE 3 3 6 3
OWN
00000000000000000
20001000000000000
22001022001000000
02021000001002200
11120002222002000
00020000010012000
00021222010012001
00001000010002221
00001001110000001
01101000010000000
STEP 18 P1 MOVE 0 12 0 13
OWN
00000000000011000
20001000000000000
22001022001000000
02021000001002200
11120002222002000
00020000010012000
00021222010012001
00001000010002221
00001001110000001
01101000010000000
STEP 19 P2 MOVE 1 12 1 13
OWN
00000000000011000
20001000000022000
22001022001000000
02021000001002200
11120002222002000
00020000010012000
00021222010012001
00001000010002221
00001001110000001
01101000010000000
STEP 20 P1 MOVE 8 14 8 15
OWN
00000000000011000
20001000000022000
22001022001000000
02021000001002200
11120002222002000
00020000010012000
00021222010012001
00001000010002221
00001001110000111
01101000010000000
STEP 21 P2 MOVE 9 11 9 12
OWN
00000000000011000
20001000000022000
22001022001000000
02021000001002200
11120002222002000
00020000010012000
00021222010012001
00001000010002221
00001001110000111
01101000010220000
STEP 22 P1 MOVE 9 15 9 16
OWN
00000000000011000
20001000000022000
22001022001000000
02021000001002200
11120002222002000
00020000010012000
00021222010012001
00001000010002221
00001001110000111
01101000010220011
STEP 23 P2 MOVE 2 3 3 5
OWN
00000000000011000
20001000000022000
22022222001000000
02022200001002200
11120002222002000
00020000010012000
00021222010012001
00001000010002221
00001001110000111
01101000010220011
STEP 24 P1 MOVE 1 3 7 3
OWN
00000000000011000
20011000000022000
22012222001000000
02012200001002200
11110002222002000
00010000010012000
00011222010012001
00011000010002221
00001001110000111
01101000010220011
STEP 25 P2 MOVE 4 4 5 5
OWN
00000000000011000
20011000000022000
22012222001000000
02012200001002200
11112202222002000
00012200010012000
00011222010012001
00011000010002221
00001001110000111
01101000010220011
STEP 26 P1 MOVE 6 1 8 1
OWN
00000000000011000
20011000000022000
22012222001000000
02012200001002200
11112202222002000
00012200010012000
01011222010012001
01011000010002221
01001001110000111
01101000010220011
STEP 27 P2 MOVE 6 0 6 2
OWN
00000000000011000
20011000000022000
22012222001000000
02012200001002200
11112202222002000
00012200010012000
22211222010012001
01011000010002221
01001001110000111
01101000010220011
STEP 28 P1 MOVE -1 -1 -1 -1
OWN
00000000000011000
20011000000022000
22012222001000000
02012200001002200
11112202222002000
00012200010012000
22211222010012001
01011000010002221
01001001110000111
01101000010220011
STEP 29 P2 MOVE 8 3 8 5
OWN
00000000000011000
20011000000022000
22012222001000000
02012200001002200
11112202222002000
00012200010012000
22211222010012001
01011000010002221
01022201110000111
01101000010220011
STEP 30 P1 MOVE 8 2 8 6
OWN
00000000000011000
20011000000022000
22012222001000000
02012200001002200
11112202222002000
00012200010012000
22211222010012001
01011000010002221
01111111110000111
01101000010220011
STEP 31 P2 MOVE 7 2 7 5
OWN
00000000000011000
20011000000022000
22012222001000000
02012200001002200
11112202222002000
00012200010012000
22211222010012001
01222200010002221
01111111110000111
01101000010220011
STEP 32 P1 MOVE 7 0 7 6
OWN
00000000000011000
20011000000022000
22012222001000000
02012200001002200
11112202222002000
00012200010012000
22211222010012001
11111110010002221
01111111110000111
01101000010220011
STEP 33 P2 MOVE 3 8 3 9
OWN
00000000000011000
20011000000022000
22012222001000000
02012200221002200
11112202222002000
00012200010012000
22211222010012001
11111110010002221
01111111110000111
01101000010220011
STEP 34 P1 MOVE 3 7 3 11
OWN
00000000000011000
20011000000022000
22012222001000000
02012201111102200
11112202222002000
00012200010012000
22211222010012001
11111110010002221
01111111110000111
01101000010220011
STEP 35 P2 MOVE 2 9 2 11
OWN
00000000000011000
20011000000022000
22012222022200000
02012201111102200
11112202222002000
00012200010012000
22211222010012001
11111110010002221
01111111110000111
01101000010220011
STEP 36 P1 MOVE -1 -1 -1 -1
OWN
00000000000011000
20011000000022000
22012222022200000
02012201111102200
11112202222002000
00012200010012000
22211222010012001
11111110010002221
01111111110000111
01101000010220011
STEP 37 P2 MOVE -1 -1 -1 -1
OWN
00000000000011000
20011000000022000
22012222022200000
02012201111102200
11112202222002000
00012200010012000
22211222010012001
11111110010002221
01111111110000111
01101000010220011
RESULT first=50 second=39 winner=1
ANALYSIS winner=P1 score=50-39 reason=Ĺ»ĂëżěŔ§(+7Ä­ »©ľŃŔ˝,2ąčČż°ú) steal(w/l)=15/8 neu(w/l)=43/46
