BOARD
71564275459749347
82629466867278239
62249649368451477
37229358949445236
99576112147973851
67163996486936223
68287583198388167
46221211452134272
24576451237967889
68184226338571872
STEP 0 P1 MOVE 4 4 4 7
OWN
00000000000000000
00000000000000000
00000000000000000
00000000000000000
00001111000000000
00000000000000000
00000000000000000
00000000000000000
00000000000000000
00000000000000000
STEP 1 P2 MOVE 6 2 9 2
OWN
00000000000000000
00000000000000000
00000000000000000
00000000000000000
00001111000000000
00000000000000000
00200000000000000
00200000000000000
00200000000000000
00200000000000000
STEP 2 P1 MOVE 2 2 5 2
OWN
00000000000000000
00000000000000000
00100000000000000
00100000000000000
00101111000000000
00100000000000000
00200000000000000
00200000000000000
00200000000000000
00200000000000000
STEP 3 P2 MOVE 7 10 7 13
OWN
00000000000000000
00000000000000000
00100000000000000
00100000000000000
00101111000000000
00100000000000000
00200000000000000
00200000002222000
00200000000000000
00200000000000000
STEP 4 P1 MOVE 3 15 5 15
OWN
00000000000000000
00000000000000000
00100000000000000
00100000000000010
00101111000000010
00100000000000010
00200000000000000
00200000002222000
00200000000000000
00200000000000000
STEP 5 P2 MOVE 3 16 5 16
OWN
00000000000000000
00000000000000000
00100000000000000
00100000000000012
00101111000000012
00100000000000012
00200000000000000
00200000002222000
00200000000000000
00200000000000000
STEP 6 P1 MOVE 1 11 3 11
OWN
00000000000000000
00000000000100000
00100000000100000
00100000000100012
00101111000000012
00100000000000012
00200000000000000
00200000002222000
00200000000000000
00200000000000000
STEP 7 P2 MOVE 2 12 2 14
OWN
00000000000000000
00000000000100000
00100000000122200
00100000000100012
00101111000000012
00100000000000012
00200000000000000
00200000002222000
00200000000000000
00200000000000000
STEP 8 P1 MOVE 3 0 3 1
OWN
00000000000000000
00000000000100000
00100000000122200
11100000000100012
00101111000000012
00100000000000012
00200000000000000
00200000002222000
00200000000000000
00200000000000000
STEP 9 P2 MOVE 7 0 7 1
OWN
00000000000000000
00000000000100000
00100000000122200
11100000000100012
00101111000000012
00100000000000012
00200000000000000
22200000002222000
00200000000000000
00200000000000000
STEP 10 P1 MOVE 1 1 1 3
OWN
00000000000000000
01110000000100000
00100000000122200
11100000000100012
00101111000000012
00100000000000012
00200000000000000
22200000002222000
00200000000000000
00200000000000000
STEP 11 P2 MOVE 1 5 1 6
OWN
00000000000000000
01110220000100000
00100000000122200
11100000000100012
00101111000000012
00100000000000012
00200000000000000
22200000002222000
00200000000000000
00200000000000000
STEP 12 P1 MOVE 4 12 5 12
OWN
00000000000000000
01110220000100000
00100000000122200
11100000000100012
00101111000010012
00100000000010012
00200000000000000
22200000002222000
00200000000000000
00200000000000000
STEP 13 P2 MOVE 2 5 2 6
OWN
00000000000000000
01110220000100000
00100220000122200
11100000000100012
00101111000010012
00100000000010012
00200000000000000
22200000002222000
00200000000000000
00200000000000000
STEP 14 P1 MOVE 6 8 9 8
OWN
00000000000000000
01110220000100000
00100220000122200
11100000000100012
00101111000010012
00100000000010012
00200000100000000
22200000102222000
00200000100000000
00200000100000000
STEP 15 P2 MOVE 7 4 7 9
OWN
00000000000000000
01110220000100000
00100220000122200
11100000000100012
00101111000010012
00100000000010012
00200000100000000
22202222222222000
00200000100000000
00200000100000000
STEP 16 P1 MOVE 6 7 9 7
OWN
00000000000000000
01110220000100000
00100220000122200
11100000000100012
00101111000010012
00100000000010012
00200001100000000
22202221222222000
00200001100000000
00200001100000000
STEP 17 P2 MOVE 8 9 8 10
OWN
00000000000000000
01110220000100000
00100220000122200
11100000000100012
00101111000010012
00100000000010012
00200001100000000
22202221222222000
00200001122000000
00200001100000000
STEP 18 P1 MOVE 8 4 9 4
OWN
00000000000000000
01110220000100000
00100220000122200
11100000000100012
00101111000010012
00100000000010012
00200001100000000
22202221222222000
00201001122000000
00201001100000000
STEP 19 P2 MOVE 0 3 0 4
OWN
00022000000000000
01110220000100000
00100220000122200
11100000000100012
00101111000010012
00100000000010012
00200001100000000
22202221222222000
00201001122000000
00201001100000000
STEP 20 P1 MOVE 7 14 8 14
OWN
00022000000000000
01110220000100000
00100220000122200
11100000000100012
00101111000010012
00100000000010012
00200001100000000
22202221222222100
00201001122000100
00201001100000000
STEP 21 P2 MOVE 4 14 5 14
OWN
00022000000000000
01110220000100000
00100220000122200
11100000000100012
00101111000010212
00100000000010212
00200001100000000
22202221222222100
00201001122000100
00201001100000000
STEP 22 P1 MOVE 3 8 4 8
OWN
00022000000000000
01110220000100000
00100220000122200
11100000100100012
00101111100010212
00100000000010212
00200001100000000
22202221222222100
00201001122000100
00201001100000000
STEP 23 P2 MOVE 5 4 6 4
OWN
00022000000000000
01110220000100000
00100220000122200
11100000100100012
00101111100010212
00102000000010212
00202001100000000
22202221222222100
00201001122000100
00201001100000000
STEP 24 P1 MOVE 5 7 5 8
OWN
00022000000000000
01110220000100000
00100220000122200
11100000100100012
00101111100010212
00102001100010212
00202001100000000
22202221222222100
00201001122000100
00201001100000000
STEP 25 P2 MOVE 6 3 7 3
OWN
00022000000000000
01110220000100000
00100220000122200
11100000100100012
00101111100010212
00102001100010212
00222001100000000
22222221222222100
00201001122000100
00201001100000000
STEP 26 P1 MOVE -1 -1 -1 -1
OWN
00022000000000000
01110220000100000
00100220000122200
11100000100100012
00101111100010212
00102001100010212
00222001100000000
22222221222222100
00201001122000100
00201001100000000
STEP 27 P2 MOVE 3 13 4 14
OWN
00022000000000000
01110220000100000
00100220000122200
11100000100102212
00101111100012212
00102001100010212
00222001100000000
22222221222222100
00201001122000100
00201001100000000
STEP 28 P1 MOVE 3 12 5 13
OWN
00022000000000000
01110220000100000
00100220000122200
11100000100111212
00101111100011212
00102001100011212
00222001100000000
22222221222222100
00201001122000100
00201001100000000
STEP 29 P2 MOVE 8 6 9 9
OWN
00022000000000000
01110220000100000
00100220000122200
11100000100111212
00101111100011212
00102001100011212
00222001100000000
22222221222222100
00201022222000100
00201022220000000
STEP 30 P1 MOVE 9 5 9 10
OWN
00022000000000000
01110220000100000
00100220000122200
11100000100111212
00101111100011212
00102001100011212
00222001100000000
22222221222222100
00201022222000100
00201111111000000
STEP 31 P2 MOVE 1 15 2 15
OWN
00022000000000000
01110220000100020
00100220000122220
11100000100111212
00101111100011212
00102001100011212
00222001100000000
22222221222222100
00201022222000100
00201111111000000
STEP 32 P1 MOVE -1 -1 -1 -1
OWN
00022000000000000
01110220000100020
00100220000122220
11100000100111212
00101111100011212
00102001100011212
00222001100000000
22222221222222100
00201022222000100
00201111111000000
STEP 33 P2 MOVE 1 13 1 14
OWN
00022000000000000
01110220000102220
00100220000122220
11100000100111212
00101111100011212
00102001100011212
00222001100000000
22222221222222100
00201022222000100
00201111111000000
STEP 34 P1 MOVE 0 15 6 15
OWN
00022000000000010
01110220000102210
00100220000122210
11100000100111212
00101111100011212
00102001100011212
00222001100000010
22222221222222100
00201022222000100
00201111111000000
STEP 35 P2 MOVE 0 14 0 16
OWN
00022000000000222
01110220000102210
00100220000122210
11100000100111212
00101111100011212
00102001100011212
00222001100000010
22222221222222100
00201022222000100
00201111111000000
STEP 36 P1 MOVE -1 -1 -1 -1
OWN
00022000000000222
01110220000102210
00100220000122210
11100000100111212
00101111100011212
00102001100011212
00222001100000010
22222221222222100
00201022222000100
00201111111000000
STEP 37 P2 MOVE -1 -1 -1 -1
OWN
00022000000000222
01110220000102210
00100220000122210
11100000100111212
00101111100011212
00102001100011212
00222001100000010
22222221222222100
00201022222000100
00201111111000000
RESULT first=45 second=44 winner=1
ANALYSIS winner=P1 score=45-44 reason=Ĺ»ĂëżěŔ§(+3Ä­ »©ľŃŔ˝,2ąčČż°ú) / Ľ±°řŔĚÁˇ steal(w/l)=9/6 neu(w/l)=42/47
