BOARD
98326241121288912
55158929587822464
72519911291691988
98777797394679517
36652531959375946
56267192934125497
22792247219622771
85831629346486299
52762694481842148
19514711961578961
STEP 0 P1 MOVE 0 5 0 9
OWN
00000111110000000
00000000000000000
00000000000000000
00000000000000000
00000000000000000
00000000000000000
00000000000000000
00000000000000000
00000000000000000
00000000000000000
STEP 1 P2 MOVE 6 8 7 9
OWN
00000111110000000
00000000000000000
00000000000000000
00000000000000000
00000000000000000
00000000000000000
00000000220000000
00000000220000000
00000000000000000
00000000000000000
STEP 2 P1 MOVE 5 9 5 12
OWN
00000111110000000
00000000000000000
00000000000000000
00000000000000000
00000000000000000
00000000011110000
00000000220000000
00000000220000000
00000000000000000
00000000000000000
STEP 3 P2 MOVE 3 7 5 7
OWN
00000111110000000
00000000000000000
00000000000000000
00000002000000000
00000002000000000
00000002011110000
00000000220000000
00000000220000000
00000000000000000
00000000000000000
STEP 4 P1 MOVE 4 0 6 0
OWN
00000111110000000
00000000000000000
00000000000000000
00000002000000000
10000002000000000
10000002011110000
10000000220000000
00000000220000000
00000000000000000
00000000000000000
STEP 5 P2 MOVE 7 3 9 3
OWN
00000111110000000
00000000000000000
00000000000000000
00000002000000000
10000002000000000
10000002011110000
10000000220000000
00020000220000000
00020000000000000
00020000000000000
STEP 6 P1 MOVE 6 11 6 13
OWN
00000111110000000
00000000000000000
00000000000000000
00000002000000000
10000002000000000
10000002011110000
10000000220111000
00020000220000000
00020000000000000
00020000000000000
STEP 7 P2 MOVE 0 11 0 12
OWN
00000111110220000
00000000000000000
00000000000000000
00000002000000000
10000002000000000
10000002011110000
10000000220111000
00020000220000000
00020000000000000
00020000000000000
STEP 8 P1 MOVE 2 12 2 13
OWN
00000111110220000
00000000000000000
00000000000011000
00000002000000000
10000002000000000
10000002011110000
10000000220111000
00020000220000000
00020000000000000
00020000000000000
STEP 9 P2 MOVE 9 7 9 8
OWN
00000111110220000
00000000000000000
00000000000011000
00000002000000000
10000002000000000
10000002011110000
10000000220111000
00020000220000000
00020000000000000
00020002200000000
STEP 10 P1 MOVE 9 0 9 1
OWN
00000111110220000
00000000000000000
00000000000011000
00000002000000000
10000002000000000
10000002011110000
10000000220111000
00020000220000000
00020000000000000
11020002200000000
STEP 11 P2 MOVE 6 16 7 16
OWN
00000111110220000
00000000000000000
00000000000011000
00000002000000000
10000002000000000
10000002011110000
10000000220111002
00020000220000002
00020000000000000
11020002200000000
STEP 12 P1 MOVE 4 13 5 13
OWN
00000111110220000
00000000000000000
00000000000011000
00000002000000000
10000002000001000
10000002011111000
10000000220111002
00020000220000002
00020000000000000
11020002200000000
STEP 13 P2 MOVE 5 5 5 6
OWN
00000111110220000
00000000000000000
00000000000011000
00000002000000000
10000002000001000
10000222011111000
10000000220111002
00020000220000002
00020000000000000
11020002200000000
STEP 14 P1 MOVE 4 4 4 6
OWN
00000111110220000
00000000000000000
00000000000011000
00000002000000000
10001112000001000
10000222011111000
10000000220111002
00020000220000002
00020000000000000
11020002200000000
STEP 15 P2 MOVE 5 4 7 4
OWN
00000111110220000
00000000000000000
00000000000011000
00000002000000000
10001112000001000
10002222011111000
10002000220111002
00022000220000002
00020000000000000
11020002200000000
STEP 16 P1 MOVE 8 13 9 13
OWN
00000111110220000
00000000000000000
00000000000011000
00000002000000000
10001112000001000
10002222011111000
10002000220111002
00022000220000002
00020000000001000
11020002200001000
STEP 17 P2 MOVE 2 3 2 4
OWN
00000111110220000
00000000000000000
00022000000011000
00000002000000000
10001112000001000
10002222011111000
10002000220111002
00022000220000002
00020000000001000
11020002200001000
STEP 18 P1 MOVE 8 6 9 6
OWN
00000111110220000
00000000000000000
00022000000011000
00000002000000000
10001112000001000
10002222011111000
10002000220111002
00022000220000002
00020010000001000
11020012200001000
STEP 19 P2 MOVE 2 1 3 1
OWN
00000111110220000
00000000000000000
02022000000011000
02000002000000000
10001112000001000
10002222011111000
10002000220111002
00022000220000002
00020010000001000
11020012200001000
STEP 20 P1 MOVE 7 10 7 11
OWN
00000111110220000
00000000000000000
02022000000011000
02000002000000000
10001112000001000
10002222011111000
10002000220111002
00022000221100002
00020010000001000
11020012200001000
STEP 21 P2 MOVE 8 14 9 14
OWN
00000111110220000
00000000000000000
02022000000011000
02000002000000000
10001112000001000
10002222011111000
10002000220111002
00022000221100002
00020010000001200
11020012200001200
STEP 22 P1 MOVE 8 15 9 15
OWN
00000111110220000
00000000000000000
02022000000011000
02000002000000000
10001112000001000
10002222011111000
10002000220111002
00022000221100002
00020010000001210
11020012200001210
STEP 23 P2 MOVE 1 0 1 1
OWN
00000111110220000
22000000000000000
02022000000011000
02000002000000000
10001112000001000
10002222011111000
10002000220111002
00022000221100002
00020010000001210
11020012200001210
STEP 24 P1 MOVE 4 11 4 12
OWN
00000111110220000
22000000000000000
02022000000011000
02000002000000000
10001112000111000
10002222011111000
10002000220111002
00022000221100002
00020010000001210
11020012200001210
STEP 25 P2 MOVE 2 5 2 6
OWN
00000111110220000
22000000000000000
02022220000011000
02000002000000000
10001112000111000
10002222011111000
10002000220111002
00022000221100002
00020010000001210
11020012200001210
STEP 26 P1 MOVE 2 6 3 7
OWN
00000111110220000
22000000000000000
02022211000011000
02000011000000000
10001112000111000
10002222011111000
10002000220111002
00022000221100002
00020010000001210
11020012200001210
STEP 27 P2 MOVE 3 5 3 8
OWN
00000111110220000
22000000000000000
02022211000011000
02000222200000000
10001112000111000
10002222011111000
10002000220111002
00022000221100002
00020010000001210
11020012200001210
STEP 28 P1 MOVE 1 11 1 12
OWN
00000111110220000
22000000000110000
02022211000011000
02000222200000000
10001112000111000
10002222011111000
10002000220111002
00022000221100002
00020010000001210
11020012200001210
STEP 29 P2 MOVE 0 14 0 15
OWN
00000111110220220
22000000000110000
02022211000011000
02000222200000000
10001112000111000
10002222011111000
10002000220111002
00022000221100002
00020010000001210
11020012200001210
STEP 30 P1 MOVE 1 15 1 16
OWN
00000111110220220
22000000000110011
02022211000011000
02000222200000000
10001112000111000
10002222011111000
10002000220111002
00022000221100002
00020010000001210
11020012200001210
STEP 31 P2 MOVE 0 16 2 16
OWN
00000111110220222
22000000000110012
02022211000011002
02000222200000000
10001112000111000
10002222011111000
10002000220111002
00022000221100002
00020010000001210
11020012200001210
STEP 32 P1 MOVE 0 13 1 13
OWN
00000111110221222
22000000000111012
02022211000011002
02000222200000000
10001112000111000
10002222011111000
10002000220111002
00022000221100002
00020010000001210
11020012200001210
STEP 33 P2 MOVE 6 10 8 10
OWN
00000111110221222
22000000000111012
02022211000011002
02000222200000000
10001112000111000
10002222011111000
10002000222111002
00022000222100002
00020010002001210
11020012200001210
STEP 34 P1 MOVE 4 10 9 10
OWN
00000111110221222
22000000000111012
02022211000011002
02000222200000000
10001112001111000
10002222011111000
10002000221111002
00022000221100002
00020010001001210
11020012201001210
STEP 35 P2 MOVE 8 5 8 7
OWN
00000111110221222
22000000000111012
02022211000011002
02000222200000000
10001112001111000
10002222011111000
10002000221111002
00022000221100002
00020222001001210
11020012201001210
STEP 36 P1 MOVE 7 4 8 6
OWN
00000111110221222
22000000000111012
02022211000011002
02000222200000000
10001112001111000
10002222011111000
10002000221111002
00021110221100002
00021112001001210
11020012201001210
STEP 37 P2 MOVE 2 9 2 10
OWN
00000111110221222
22000000000111012
02022211022011002
02000222200000000
10001112001111000
10002222011111000
10002000221111002
00021110221100002
00021112001001210
11020012201001210
STEP 38 P1 MOVE 3 10 3 11
OWN
00000111110221222
22000000000111012
02022211022011002
02000222201100000
10001112001111000
10002222011111000
10002000221111002
00021110221100002
00021112001001210
11020012201001210
STEP 39 P2 MOVE -1 -1 -1 -1
OWN
00000111110221222
22000000000111012
02022211022011002
02000222201100000
10001112001111000
10002222011111000
10002000221111002
00021110221100002
00021112001001210
11020012201001210
STEP 40 P1 MOVE -1 -1 -1 -1
OWN
00000111110221222
22000000000111012
02022211022011002
02000222201100000
10001112001111000
10002222011111000
10002000221111002
00021110221100002
00021112001001210
11020012201001210
RESULT first=52 second=40 winner=1
ANALYSIS winner=P1 score=52-40 reason=Ĺ»ĂëżěŔ§(+3Ä­ »©ľŃŔ˝,2ąčČż°ú) / şóÄ­Ľ±Áˇ(+6) steal(w/l)=8/5 neu(w/l)=49/43
