BOARD
93451587469743322
45156847497539223
88756472281153638
85659269818796742
87434117196992814
66192554667483794
65931382563664668
64233158749942398
71496138854646712
26846616796652644
STEP 0 P1 MOVE 1 15 4 15
OWN
00000000000000000
00000000000000010
00000000000000010
00000000000000010
00000000000000010
00000000000000000
00000000000000000
00000000000000000
00000000000000000
00000000000000000
STEP 1 P2 MOVE 4 5 4 8
OWN
00000000000000000
00000000000000010
00000000000000010
00000000000000010
00000222200000010
00000000000000000
00000000000000000
00000000000000000
00000000000000000
00000000000000000
STEP 2 P1 MOVE 0 13 0 16
OWN
00000000000001111
00000000000000010
00000000000000010
00000000000000010
00000222200000010
00000000000000000
00000000000000000
00000000000000000
00000000000000000
00000000000000000
STEP 3 P2 MOVE 7 5 8 6
OWN
00000000000001111
00000000000000010
00000000000000010
00000000000000010
00000222200000010
00000000000000000
00000000000000000
00000220000000000
00000220000000000
00000000000000000
STEP 4 P1 MOVE 2 10 2 13
OWN
00000000000001111
00000000000000010
00000000001111010
00000000000000010
00000222200000010
00000000000000000
00000000000000000
00000220000000000
00000220000000000
00000000000000000
STEP 5 P2 MOVE 4 4 7 4
OWN
00000000000001111
00000000000000010
00000000001111010
00000000000000010
00002222200000010
00002000000000000
00002000000000000
00002220000000000
00000220000000000
00000000000000000
STEP 6 P1 MOVE 0 2 0 4
OWN
00111000000001111
00000000000000010
00000000001111010
00000000000000010
00002222200000010
00002000000000000
00002000000000000
00002220000000000
00000220000000000
00000000000000000
STEP 7 P2 MOVE 1 0 1 2
OWN
00111000000001111
22200000000000010
00000000001111010
00000000000000010
00002222200000010
00002000000000000
00002000000000000
00002220000000000
00000220000000000
00000000000000000
STEP 8 P1 MOVE 3 16 5 16
OWN
00111000000001111
22200000000000010
00000000001111010
00000000000000011
00002222200000011
00002000000000001
00002000000000000
00002220000000000
00000220000000000
00000000000000000
STEP 9 P2 MOVE 6 1 8 1
OWN
00111000000001111
22200000000000010
00000000001111010
00000000000000011
00002222200000011
00002000000000001
02002000000000000
02002220000000000
02000220000000000
00000000000000000
STEP 10 P1 MOVE 7 13 9 13
OWN
00111000000001111
22200000000000010
00000000001111010
00000000000000011
00002222200000011
00002000000000001
02002000000000000
02002220000001000
02000220000001000
00000000000001000
STEP 11 P2 MOVE 8 14 8 16
OWN
00111000000001111
22200000000000010
00000000001111010
00000000000000011
00002222200000011
00002000000000001
02002000000000000
02002220000001000
02000220000001222
00000000000001000
STEP 12 P1 MOVE 0 8 0 9
OWN
00111000110001111
22200000000000010
00000000001111010
00000000000000011
00002222200000011
00002000000000001
02002000000000000
02002220000001000
02000220000001222
00000000000001000
STEP 13 P2 MOVE 8 10 8 11
OWN
00111000110001111
22200000000000010
00000000001111010
00000000000000011
00002222200000011
00002000000000001
02002000000000000
02002220000001000
02000220002201222
00000000000001000
STEP 14 P1 MOVE 5 2 5 3
OWN
00111000110001111
22200000000000010
00000000001111010
00000000000000011
00002222200000011
00112000000000001
02002000000000000
02002220000001000
02000220002201222
00000000000001000
STEP 15 P2 MOVE 9 14 9 15
OWN
00111000110001111
22200000000000010
00000000001111010
00000000000000011
00002222200000011
00112000000000001
02002000000000000
02002220000001000
02000220002201222
00000000000001220
STEP 16 P1 MOVE 9 3 9 4
OWN
00111000110001111
22200000000000010
00000000001111010
00000000000000011
00002222200000011
00112000000000001
02002000000000000
02002220000001000
02000220002201222
00011000000001220
STEP 17 P2 MOVE 6 12 6 13
OWN
00111000110001111
22200000000000010
00000000001111010
00000000000000011
00002222200000011
00112000000000001
02002000000022000
02002220000001000
02000220002201222
00011000000001220
STEP 18 P1 MOVE 5 13 5 14
OWN
00111000110001111
22200000000000010
00000000001111010
00000000000000011
00002222200000011
00112000000001101
02002000000022000
02002220000001000
02000220002201222
00011000000001220
STEP 19 P2 MOVE 5 11 6 11
OWN
00111000110001111
22200000000000010
00000000001111010
00000000000000011
00002222200000011
00112000000201101
02002000000222000
02002220000001000
02000220002201222
00011000000001220
STEP 20 P1 MOVE 5 10 6 10
OWN
00111000110001111
22200000000000010
00000000001111010
00000000000000011
00002222200000011
00112000001201101
02002000001222000
02002220000001000
02000220002201222
00011000000001220
STEP 21 P2 MOVE 6 9 7 9
OWN
00111000110001111
22200000000000010
00000000001111010
00000000000000011
00002222200000011
00112000001201101
02002000021222000
02002220020001000
02000220002201222
00011000000001220
STEP 22 P1 MOVE 1 3 2 3
OWN
00111000110001111
22210000000000010
00010000001111010
00000000000000011
00002222200000011
00112000001201101
02002000021222000
02002220020001000
02000220002201222
00011000000001220
STEP 23 P2 MOVE 3 9 4 9
OWN
00111000110001111
22210000000000010
00010000001111010
00000000020000011
00002222220000011
00112000001201101
02002000021222000
02002220020001000
02000220002201222
00011000000001220
STEP 24 P1 MOVE 2 8 2 9
OWN
00111000110001111
22210000000000010
00010000111111010
00000000020000011
00002222220000011
00112000001201101
02002000021222000
02002220020001000
02000220002201222
00011000000001220
STEP 25 P2 MOVE 4 13 4 14
OWN
00111000110001111
22210000000000010
00010000111111010
00000000020000011
00002222220002211
00112000001201101
02002000021222000
02002220020001000
02000220002201222
00011000000001220
STEP 26 P1 MOVE 5 7 5 8
OWN
00111000110001111
22210000000000010
00010000111111010
00000000020000011
00002222220002211
00112001101201101
02002000021222000
02002220020001000
02000220002201222
00011000000001220
STEP 27 P2 MOVE 5 5 5 6
OWN
00111000110001111
22210000000000010
00010000111111010
00000000020000011
00002222220002211
00112221101201101
02002000021222000
02002220020001000
02000220002201222
00011000000001220
STEP 28 P1 MOVE 2 4 2 5
OWN
00111000110001111
22210000000000010
00011100111111010
00000000020000011
00002222220002211
00112221101201101
02002000021222000
02002220020001000
02000220002201222
00011000000001220
STEP 29 P2 MOVE 3 2 4 2
OWN
00111000110001111
22210000000000010
00011100111111010
00200000020000011
00202222220002211
00112221101201101
02002000021222000
02002220020001000
02000220002201222
00011000000001220
STEP 30 P1 MOVE 4 1 4 3
OWN
00111000110001111
22210000000000010
00011100111111010
00200000020000011
01112222220002211
00112221101201101
02002000021222000
02002220020001000
02000220002201222
00011000000001220
STEP 31 P2 MOVE 1 5 3 5
OWN
00111000110001111
22210200000000010
00011200111111010
00200200020000011
01112222220002211
00112221101201101
02002000021222000
02002220020001000
02000220002201222
00011000000001220
STEP 32 P1 MOVE 1 4 1 6
OWN
00111000110001111
22211110000000010
00011200111111010
00200200020000011
01112222220002211
00112221101201101
02002000021222000
02002220020001000
02000220002201222
00011000000001220
STEP 33 P2 MOVE 3 1 3 3
OWN
00111000110001111
22211110000000010
00011200111111010
02220200020000011
01112222220002211
00112221101201101
02002000021222000
02002220020001000
02000220002201222
00011000000001220
STEP 34 P1 MOVE -1 -1 -1 -1
OWN
00111000110001111
22211110000000010
00011200111111010
02220200020000011
01112222220002211
00112221101201101
02002000021222000
02002220020001000
02000220002201222
00011000000001220
STEP 35 P2 MOVE -1 -1 -1 -1
OWN
00111000110001111
22211110000000010
00011200111111010
02220200020000011
01112222220002211
00112221101201101
02002000021222000
02002220020001000
02000220002201222
00011000000001220
RESULT first=44 second=42 winner=1
ANALYSIS winner=P1 score=44-42 reason=Ľ±°řŔĚÁˇ steal(w/l)=2/1 neu(w/l)=43/43
