BOARD
95746519743321924
78628563925463515
14935289149712747
67984194528283453
84721169498772926
72424595827632112
36226155573969561
95334816283562262
58232833715191474
68747391176386785
STEP 0 P1 MOVE 2 5 6 5
OWN
00000000000000000
00000000000000000
00000100000000000
00000100000000000
00000100000000000
00000100000000000
00000100000000000
00000000000000000
00000000000000000
00000000000000000
STEP 1 P2 MOVE 6 2 7 3
OWN
00000000000000000
00000000000000000
00000100000000000
00000100000000000
00000100000000000
00000100000000000
00220100000000000
00220000000000000
00000000000000000
00000000000000000
STEP 2 P1 MOVE 5 15 6 16
OWN
00000000000000000
00000000000000000
00000100000000000
00000100000000000
00000100000000000
00000100000000011
00220100000000011
00220000000000000
00000000000000000
00000000000000000
STEP 3 P2 MOVE 2 8 4 8
OWN
00000000000000000
00000000000000000
00000100200000000
00000100200000000
00000100200000000
00000100000000011
00220100000000011
00220000000000000
00000000000000000
00000000000000000
STEP 4 P1 MOVE 2 4 4 4
OWN
00000000000000000
00000000000000000
00001100200000000
00001100200000000
00001100200000000
00000100000000011
00220100000000011
00220000000000000
00000000000000000
00000000000000000
STEP 5 P2 MOVE 5 2 5 4
OWN
00000000000000000
00000000000000000
00001100200000000
00001100200000000
00001100200000000
00222100000000011
00220100000000011
00220000000000000
00000000000000000
00000000000000000
STEP 6 P1 MOVE 3 11 3 12
OWN
00000000000000000
00000000000000000
00001100200000000
00001100200110000
00001100200000000
00222100000000011
00220100000000011
00220000000000000
00000000000000000
00000000000000000
STEP 7 P2 MOVE 0 6 0 7
OWN
00000022000000000
00000000000000000
00001100200000000
00001100200110000
00001100200000000
00222100000000011
00220100000000011
00220000000000000
00000000000000000
00000000000000000
STEP 8 P1 MOVE 0 9 2 9
OWN
00000022010000000
00000000010000000
00001100210000000
00001100200110000
00001100200000000
00222100000000011
00220100000000011
00220000000000000
00000000000000000
00000000000000000
STEP 9 P2 MOVE 0 5 1 5
OWN
00000222010000000
00000200010000000
00001100210000000
00001100200110000
00001100200000000
00222100000000011
00220100000000011
00220000000000000
00000000000000000
00000000000000000
STEP 10 P1 MOVE 0 8 0 10
OWN
00000222111000000
00000200010000000
00001100210000000
00001100200110000
00001100200000000
00222100000000011
00220100000000011
00220000000000000
00000000000000000
00000000000000000
STEP 11 P2 MOVE 2 11 2 13
OWN
00000222111000000
00000200010000000
00001100210222000
00001100200110000
00001100200000000
00222100000000011
00220100000000011
00220000000000000
00000000000000000
00000000000000000
STEP 12 P1 MOVE 0 13 0 14
OWN
00000222111001100
00000200010000000
00001100210222000
00001100200110000
00001100200000000
00222100000000011
00220100000000011
00220000000000000
00000000000000000
00000000000000000
STEP 13 P2 MOVE 1 13 5 13
OWN
00000222111001100
00000200010002000
00001100210222000
00001100200112000
00001100200002000
00222100000002011
00220100000000011
00220000000000000
00000000000000000
00000000000000000
STEP 14 P1 MOVE 5 11 5 14
OWN
00000222111001100
00000200010002000
00001100210222000
00001100200112000
00001100200002000
00222100000111111
00220100000000011
00220000000000000
00000000000000000
00000000000000000
STEP 15 P2 MOVE 7 14 7 16
OWN
00000222111001100
00000200010002000
00001100210222000
00001100200112000
00001100200002000
00222100000111111
00220100000000011
00220000000000222
00000000000000000
00000000000000000
STEP 16 P1 MOVE 4 16 8 16
OWN
00000222111001100
00000200010002000
00001100210222000
00001100200112000
00001100200002001
00222100000111111
00220100000000011
00220000000000221
00000000000000001
00000000000000000
STEP 17 P2 MOVE 3 15 4 16
OWN
00000222111001100
00000200010002000
00001100210222000
00001100200112022
00001100200002022
00222100000111111
00220100000000011
00220000000000221
00000000000000001
00000000000000000
STEP 18 P1 MOVE 5 10 6 10
OWN
00000222111001100
00000200010002000
00001100210222000
00001100200112022
00001100200002022
00222100001111111
00220100001000011
00220000000000221
00000000000000001
00000000000000000
STEP 19 P2 MOVE 1 3 1 4
OWN
00000222111001100
00022200010002000
00001100210222000
00001100200112022
00001100200002022
00222100001111111
00220100001000011
00220000000000221
00000000000000001
00000000000000000
STEP 20 P1 MOVE 3 9 3 10
OWN
00000222111001100
00022200010002000
00001100210222000
00001100211112022
00001100200002022
00222100001111111
00220100001000011
00220000000000221
00000000000000001
00000000000000000
STEP 21 P2 MOVE 7 8 9 8
OWN
00000222111001100
00022200010002000
00001100210222000
00001100211112022
00001100200002022
00222100001111111
00220100001000011
00220000200000221
00000000200000001
00000000200000000
STEP 22 P1 MOVE 6 7 6 8
OWN
00000222111001100
00022200010002000
00001100210222000
00001100211112022
00001100200002022
00222100001111111
00220101101000011
00220000200000221
00000000200000001
00000000200000000
STEP 23 P2 MOVE 9 4 9 5
OWN
00000222111001100
00022200010002000
00001100210222000
00001100211112022
00001100200002022
00222100001111111
00220101101000011
00220000200000221
00000000200000001
00002200200000000
STEP 24 P1 MOVE 9 6 9 7
OWN
00000222111001100
00022200010002000
00001100210222000
00001100211112022
00001100200002022
00222100001111111
00220101101000011
00220000200000221
00000000200000001
00002211200000000
STEP 25 P2 MOVE 5 0 6 0
OWN
00000222111001100
00022200010002000
00001100210222000
00001100211112022
00001100200002022
20222100001111111
20220101101000011
00220000200000221
00000000200000001
00002211200000000
STEP 26 P1 MOVE 5 8 5 9
OWN
00000222111001100
00022200010002000
00001100210222000
00001100211112022
00001100200002022
20222100111111111
20220101101000011
00220000200000221
00000000200000001
00002211200000000
STEP 27 P2 MOVE 8 1 8 2
OWN
00000222111001100
00022200010002000
00001100210222000
00001100211112022
00001100200002022
20222100111111111
20220101101000011
00220000200000221
02200000200000001
00002211200000000
STEP 28 P1 MOVE 8 0 8 4
OWN
00000222111001100
00022200010002000
00001100210222000
00001100211112022
00001100200002022
20222100111111111
20220101101000011
00220000200000221
11111000200000001
00002211200000000
STEP 29 P2 MOVE 8 7 8 11
OWN
00000222111001100
00022200010002000
00001100210222000
00001100211112022
00001100200002022
20222100111111111
20220101101000011
00220000200000221
11111002222200001
00002211200000000
STEP 30 P1 MOVE 8 6 9 9
OWN
00000222111001100
00022200010002000
00001100210222000
00001100211112022
00001100200002022
20222100111111111
20220101101000011
00220000200000221
11111011112200001
00002211110000000
STEP 31 P2 MOVE 3 3 4 3
OWN
00000222111001100
00022200010002000
00001100210222000
00021100211112022
00021100200002022
20222100111111111
20220101101000011
00220000200000221
11111011112200001
00002211110000000
STEP 32 P1 MOVE 6 4 7 4
OWN
00000222111001100
00022200010002000
00001100210222000
00021100211112022
00021100200002022
20222100111111111
20221101101000011
00221000200000221
11111011112200001
00002211110000000
STEP 33 P2 MOVE 8 12 8 13
OWN
00000222111001100
00022200010002000
00001100210222000
00021100211112022
00021100200002022
20222100111111111
20221101101000011
00221000200000221
11111011112222001
00002211110000000
STEP 34 P1 MOVE -1 -1 -1 -1
OWN
00000222111001100
00022200010002000
00001100210222000
00021100211112022
00021100200002022
20222100111111111
20221101101000011
00221000200000221
11111011112222001
00002211110000000
STEP 35 P2 MOVE 0 3 0 4
OWN
00022222111001100
00022200010002000
00001100210222000
00021100211112022
00021100200002022
20222100111111111
20221101101000011
00221000200000221
11111011112222001
00002211110000000
STEP 36 P1 MOVE 0 2 0 11
OWN
00111111111101100
00022200010002000
00001100210222000
00021100211112022
00021100200002022
20222100111111111
20221101101000011
00221000200000221
11111011112222001
00002211110000000
STEP 37 P2 MOVE 9 3 9 10
OWN
00111111111101100
00022200010002000
00001100210222000
00021100211112022
00021100200002022
20222100111111111
20221101101000011
00221000200000221
11111011112222001
00022222222000000
STEP 38 P1 MOVE 9 2 9 11
OWN
00111111111101100
00022200010002000
00001100210222000
00021100211112022
00021100200002022
20222100111111111
20221101101000011
00221000200000221
11111011112222001
00111111111100000
STEP 39 P2 MOVE 1 11 1 12
OWN
00111111111101100
00022200010222000
00001100210222000
00021100211112022
00021100200002022
20222100111111111
20221101101000011
00221000200000221
11111011112222001
00111111111100000
STEP 40 P1 MOVE -1 -1 -1 -1
OWN
00111111111101100
00022200010222000
00001100210222000
00021100211112022
00021100200002022
20222100111111111
20221101101000011
00221000200000221
11111011112222001
00111111111100000
STEP 41 P2 MOVE -1 -1 -1 -1
OWN
00111111111101100
00022200010222000
00001100210222000
00021100211112022
00021100200002022
20222100111111111
20221101101000011
00221000200000221
11111011112222001
00111111111100000
RESULT first=63 second=36 winner=1
ANALYSIS winner=P1 score=63-36 reason=Ĺ»ĂëżěŔ§(+16Ä­ »©ľŃŔ˝,2ąčČż°ú) steal(w/l)=21/5 neu(w/l)=47/52
