BOARD
36749839887677362
12957797745557968
55955694589695562
77692794346439422
62464672649212122
32584196396918112
42383676279726215
53261442231233613
46325128999134492
63337652686866425
STEP 0 P1 MOVE 4 11 4 16
OWN
00000000000000000
00000000000000000
00000000000000000
00000000000000000
00000000000111111
00000000000000000
00000000000000000
00000000000000000
00000000000000000
00000000000000000
STEP 1 P2 MOVE 2 14 5 14
OWN
00000000000000000
00000000000000000
00000000000000200
00000000000000200
00000000000111211
00000000000000200
00000000000000000
00000000000000000
00000000000000000
00000000000000000
STEP 2 P1 MOVE 6 14 7 15
OWN
00000000000000000
00000000000000000
00000000000000200
00000000000000200
00000000000111211
00000000000000200
00000000000000110
00000000000000110
00000000000000000
00000000000000000
STEP 3 P2 MOVE 5 12 5 15
OWN
00000000000000000
00000000000000000
00000000000000200
00000000000000200
00000000000111211
00000000000022220
00000000000000110
00000000000000110
00000000000000000
00000000000000000
STEP 4 P1 MOVE 8 3 8 6
OWN
00000000000000000
00000000000000000
00000000000000200
00000000000000200
00000000000111211
00000000000022220
00000000000000110
00000000000000110
00011110000000000
00000000000000000
STEP 5 P2 MOVE 7 5 9 5
OWN
00000000000000000
00000000000000000
00000000000000200
00000000000000200
00000000000111211
00000000000022220
00000000000000110
00000200000000110
00011210000000000
00000200000000000
STEP 6 P1 MOVE 5 0 5 2
OWN
00000000000000000
00000000000000000
00000000000000200
00000000000000200
00000000000111211
11100000000022220
00000000000000110
00000200000000110
00011210000000000
00000200000000000
STEP 7 P2 MOVE 2 7 4 7
OWN
00000000000000000
00000000000000000
00000002000000200
00000002000000200
00000002000111211
11100000000022220
00000000000000110
00000200000000110
00011210000000000
00000200000000000
STEP 8 P1 MOVE 6 4 7 5
OWN
00000000000000000
00000000000000000
00000002000000200
00000002000000200
00000002000111211
11100000000022220
00001100000000110
00001100000000110
00011210000000000
00000200000000000
STEP 9 P2 MOVE 3 4 5 4
OWN
00000000000000000
00000000000000000
00000002000000200
00002002000000200
00002002000111211
11102000000022220
00001100000000110
00001100000000110
00011210000000000
00000200000000000
STEP 10 P1 MOVE 5 16 7 16
OWN
00000000000000000
00000000000000000
00000002000000200
00002002000000200
00002002000111211
11102000000022221
00001100000000111
00001100000000111
00011210000000000
00000200000000000
STEP 11 P2 MOVE 6 11 8 11
OWN
00000000000000000
00000000000000000
00000002000000200
00002002000000200
00002002000111211
11102000000022221
00001100000200111
00001100000200111
00011210000200000
00000200000000000
STEP 12 P1 MOVE 7 9 7 13
OWN
00000000000000000
00000000000000000
00000002000000200
00002002000000200
00002002000111211
11102000000022221
00001100000200111
00001100011111111
00011210000200000
00000200000000000
STEP 13 P2 MOVE 7 3 7 6
OWN
00000000000000000
00000000000000000
00000002000000200
00002002000000200
00002002000111211
11102000000022221
00001100000200111
00022220011111111
00011210000200000
00000200000000000
STEP 14 P1 MOVE 6 13 8 13
OWN
00000000000000000
00000000000000000
00000002000000200
00002002000000200
00002002000111211
11102000000022221
00001100000201111
00022220011111111
00011210000201000
00000200000000000
STEP 15 P2 MOVE 8 7 9 7
OWN
00000000000000000
00000000000000000
00000002000000200
00002002000000200
00002002000111211
11102000000022221
00001100000201111
00022220011111111
00011212000201000
00000202000000000
STEP 16 P1 MOVE 0 16 1 16
OWN
00000000000000001
00000000000000001
00000002000000200
00002002000000200
00002002000111211
11102000000022221
00001100000201111
00022220011111111
00011212000201000
00000202000000000
STEP 17 P2 MOVE 9 3 9 4
OWN
00000000000000001
00000000000000001
00000002000000200
00002002000000200
00002002000111211
11102000000022221
00001100000201111
00022220011111111
00011212000201000
00022202000000000
STEP 18 P1 MOVE 1 3 2 3
OWN
00000000000000001
00010000000000001
00010002000000200
00002002000000200
00002002000111211
11102000000022221
00001100000201111
00022220011111111
00011212000201000
00022202000000000
STEP 19 P2 MOVE 7 0 7 2
OWN
00000000000000001
00010000000000001
00010002000000200
00002002000000200
00002002000111211
11102000000022221
00001100000201111
22222220011111111
00011212000201000
00022202000000000
STEP 20 P1 MOVE 4 0 6 0
OWN
00000000000000001
00010000000000001
00010002000000200
00002002000000200
10002002000111211
11102000000022221
10001100000201111
22222220011111111
00011212000201000
00022202000000000
STEP 21 P2 MOVE 8 0 9 0
OWN
00000000000000001
00010000000000001
00010002000000200
00002002000000200
10002002000111211
11102000000022221
10001100000201111
22222220011111111
20011212000201000
20022202000000000
STEP 22 P1 MOVE 3 2 4 2
OWN
00000000000000001
00010000000000001
00010002000000200
00102002000000200
10102002000111211
11102000000022221
10001100000201111
22222220011111111
20011212000201000
20022202000000000
STEP 23 P2 MOVE 4 1 8 1
OWN
00000000000000001
00010000000000001
00010002000000200
00102002000000200
12102002000111211
12102000000022221
12001100000201111
22222220011111111
22011212000201000
20022202000000000
STEP 24 P1 MOVE 2 0 2 1
OWN
00000000000000001
00010000000000001
11010002000000200
00102002000000200
12102002000111211
12102000000022221
12001100000201111
22222220011111111
22011212000201000
20022202000000000
STEP 25 P2 MOVE 0 13 0 14
OWN
00000000000002201
00010000000000001
11010002000000200
00102002000000200
12102002000111211
12102000000022221
12001100000201111
22222220011111111
22011212000201000
20022202000000000
STEP 26 P1 MOVE 1 10 1 11
OWN
00000000000002201
00010000001100001
11010002000000200
00102002000000200
12102002000111211
12102000000022221
12001100000201111
22222220011111111
22011212000201000
20022202000000000
STEP 27 P2 MOVE 2 11 3 11
OWN
00000000000002201
00010000001100001
11010002000200200
00102002000200200
12102002000111211
12102000000022221
12001100000201111
22222220011111111
22011212000201000
20022202000000000
STEP 28 P1 MOVE 3 9 3 10
OWN
00000000000002201
00010000001100001
11010002000200200
00102002011200200
12102002000111211
12102000000022221
12001100000201111
22222220011111111
22011212000201000
20022202000000000
STEP 29 P2 MOVE 5 5 5 6
OWN
00000000000002201
00010000001100001
11010002000200200
00102002011200200
12102002000111211
12102220000022221
12001100000201111
22222220011111111
22011212000201000
20022202000000000
STEP 30 P1 MOVE 9 13 9 14
OWN
00000000000002201
00010000001100001
11010002000200200
00102002011200200
12102002000111211
12102220000022221
12001100000201111
22222220011111111
22011212000201000
20022202000001100
STEP 31 P2 MOVE -1 -1 -1 -1
OWN
00000000000002201
00010000001100001
11010002000200200
00102002011200200
12102002000111211
12102220000022221
12001100000201111
22222220011111111
22011212000201000
20022202000001100
STEP 32 P1 MOVE -1 -1 -1 -1
OWN
00000000000002201
00010000001100001
11010002000200200
00102002011200200
12102002000111211
12102220000022221
12001100000201111
22222220011111111
22011212000201000
20022202000001100
RESULT first=42 second=40 winner=1
ANALYSIS winner=P1 score=42-40 reason=şóÄ­Ľ±Áˇ(+8) / Ľ±°řŔĚÁˇ steal(w/l)=2/5 neu(w/l)=45/37
