BOARD
73269466661687134
28228946956836628
46858698994918764
24193692996637221
14365983516248129
78444775897317262
71773767475713375
58231977451776734
47491289271147814
16523199685249829
STEP 0 P1 MOVE 4 11 5 12
OWN
00000000000000000
00000000000000000
00000000000000000
00000000000000000
00000000000110000
00000000000110000
00000000000000000
00000000000000000
00000000000000000
00000000000000000
STEP 1 P2 MOVE 6 8 8 8
OWN
00000000000000000
00000000000000000
00000000000000000
00000000000000000
00000000000110000
00000000000110000
00000000200000000
00000000200000000
00000000200000000
00000000000000000
STEP 2 P1 MOVE 7 11 9 11
OWN
00000000000000000
00000000000000000
00000000000000000
00000000000000000
00000000000110000
00000000000110000
00000000200000000
00000000200100000
00000000200100000
00000000000100000
STEP 3 P2 MOVE 3 0 5 0
OWN
00000000000000000
00000000000000000
00000000000000000
20000000000000000
20000000000110000
20000000000110000
00000000200000000
00000000200100000
00000000200100000
00000000000100000
STEP 4 P1 MOVE 3 7 5 7
OWN
00000000000000000
00000000000000000
00000000000000000
20000001000000000
20000001000110000
20000001000110000
00000000200000000
00000000200100000
00000000200100000
00000000000100000
STEP 5 P2 MOVE 5 14 5 16
OWN
00000000000000000
00000000000000000
00000000000000000
20000001000000000
20000001000110000
20000001000110222
00000000200000000
00000000200100000
00000000200100000
00000000000100000
STEP 6 P1 MOVE 2 10 3 10
OWN
00000000000000000
00000000000000000
00000000001000000
20000001001000000
20000001000110000
20000001000110222
00000000200000000
00000000200100000
00000000200100000
00000000000100000
STEP 7 P2 MOVE 2 1 3 1
OWN
00000000000000000
00000000000000000
02000000001000000
22000001001000000
20000001000110000
20000001000110222
00000000200000000
00000000200100000
00000000200100000
00000000000100000
STEP 8 P1 MOVE 1 6 1 7
OWN
00000000000000000
00000011000000000
02000000001000000
22000001001000000
20000001000110000
20000001000110222
00000000200000000
00000000200100000
00000000200100000
00000000000100000
STEP 9 P2 MOVE 7 0 9 0
OWN
00000000000000000
00000011000000000
02000000001000000
22000001001000000
20000001000110000
20000001000110222
00000000200000000
20000000200100000
20000000200100000
20000000000100000
STEP 10 P1 MOVE 9 2 9 4
OWN
00000000000000000
00000011000000000
02000000001000000
22000001001000000
20000001000110000
20000001000110222
00000000200000000
20000000200100000
20000000200100000
20111000000100000
STEP 11 P2 MOVE 4 9 5 9
OWN
00000000000000000
00000011000000000
02000000001000000
22000001001000000
20000001020110000
20000001020110222
00000000200000000
20000000200100000
20000000200100000
20111000000100000
STEP 12 P1 MOVE 9 14 9 15
OWN
00000000000000000
00000011000000000
02000000001000000
22000001001000000
20000001020110000
20000001020110222
00000000200000000
20000000200100000
20000000200100000
20111000000100110
STEP 13 P2 MOVE 1 0 1 1
OWN
00000000000000000
22000011000000000
02000000001000000
22000001001000000
20000001020110000
20000001020110222
00000000200000000
20000000200100000
20000000200100000
20111000000100110
STEP 14 P1 MOVE 4 3 5 3
OWN
00000000000000000
22000011000000000
02000000001000000
22000001001000000
20010001020110000
20010001020110222
00000000200000000
20000000200100000
20000000200100000
20111000000100110
STEP 15 P2 MOVE 5 13 6 13
OWN
00000000000000000
22000011000000000
02000000001000000
22000001001000000
20010001020110000
20010001020112222
00000000200002000
20000000200100000
20000000200100000
20111000000100110
STEP 16 P1 MOVE 3 2 3 3
OWN
00000000000000000
22000011000000000
02000000001000000
22110001001000000
20010001020110000
20010001020112222
00000000200002000
20000000200100000
20000000200100000
20111000000100110
STEP 17 P2 MOVE 6 3 6 4
OWN
00000000000000000
22000011000000000
02000000001000000
22110001001000000
20010001020110000
20010001020112222
00022000200002000
20000000200100000
20000000200100000
20111000000100110
STEP 18 P1 MOVE 3 12 3 13
OWN
00000000000000000
22000011000000000
02000000001000000
22110001001011000
20010001020110000
20010001020112222
00022000200002000
20000000200100000
20000000200100000
20111000000100110
STEP 19 P2 MOVE 2 15 2 16
OWN
00000000000000000
22000011000000000
02000000001000022
22110001001011000
20010001020110000
20010001020112222
00022000200002000
20000000200100000
20000000200100000
20111000000100110
STEP 20 P1 MOVE 9 5 9 6
OWN
00000000000000000
22000011000000000
02000000001000022
22110001001011000
20010001020110000
20010001020112222
00022000200002000
20000000200100000
20000000200100000
20111110000100110
STEP 21 P2 MOVE 0 0 0 1
OWN
22000000000000000
22000011000000000
02000000001000022
22110001001011000
20010001020110000
20010001020112222
00022000200002000
20000000200100000
20000000200100000
20111110000100110
STEP 22 P1 MOVE 1 3 7 3
OWN
22000000000000000
22010011000000000
02010000001000022
22110001001011000
20010001020110000
20010001020112222
00012000200002000
20010000200100000
20000000200100000
20111110000100110
STEP 23 P2 MOVE 6 2 7 4
OWN
22000000000000000
22010011000000000
02010000001000022
22110001001011000
20010001020110000
20010001020112222
00222000200002000
20222000200100000
20000000200100000
20111110000100110
STEP 24 P1 MOVE 1 2 2 2
OWN
22000000000000000
22110011000000000
02110000001000022
22110001001011000
20010001020110000
20010001020112222
00222000200002000
20222000200100000
20000000200100000
20111110000100110
STEP 25 P2 MOVE 8 3 8 4
OWN
22000000000000000
22110011000000000
02110000001000022
22110001001011000
20010001020110000
20010001020112222
00222000200002000
20222000200100000
20022000200100000
20111110000100110
STEP 26 P1 MOVE 8 5 8 6
OWN
22000000000000000
22110011000000000
02110000001000022
22110001001011000
20010001020110000
20010001020112222
00222000200002000
20222000200100000
20022110200100000
20111110000100110
STEP 27 P2 MOVE 7 14 7 15
OWN
22000000000000000
22110011000000000
02110000001000022
22110001001011000
20010001020110000
20010001020112222
00222000200002000
20222000200100220
20022110200100000
20111110000100110
STEP 28 P1 MOVE 2 14 4 14
OWN
22000000000000000
22110011000000000
02110000001000122
22110001001011100
20010001020110100
20010001020112222
00222000200002000
20222000200100220
20022110200100000
20111110000100110
STEP 29 P2 MOVE 0 5 0 6
OWN
22000220000000000
22110011000000000
02110000001000122
22110001001011100
20010001020110100
20010001020112222
00222000200002000
20222000200100220
20022110200100000
20111110000100110
STEP 30 P1 MOVE 7 13 7 16
OWN
22000220000000000
22110011000000000
02110000001000122
22110001001011100
20010001020110100
20010001020112222
00222000200002000
20222000200101111
20022110200100000
20111110000100110
STEP 31 P2 MOVE 4 15 8 15
OWN
22000220000000000
22110011000000000
02110000001000122
22110001001011100
20010001020110120
20010001020112222
00222000200002020
20222000200101121
20022110200100020
20111110000100110
STEP 32 P1 MOVE 0 14 6 14
OWN
22000220000000100
22110011000000100
02110000001000122
22110001001011100
20010001020110120
20010001020112122
00222000200002120
20222000200101121
20022110200100020
20111110000100110
STEP 33 P2 MOVE 3 14 8 15
OWN
22000220000000100
22110011000000100
02110000001000122
22110001001011220
20010001020110220
20010001020112222
00222000200002220
20222000200101221
20022110200100220
20111110000100110
STEP 34 P1 MOVE 2 12 3 16
OWN
22000220000000100
22110011000000100
02110000001011111
22110001001011111
20010001020110220
20010001020112222
00222000200002220
20222000200101221
20022110200100220
20111110000100110
STEP 35 P2 MOVE 0 13 0 15
OWN
22000220000002220
22110011000000100
02110000001011111
22110001001011111
20010001020110220
20010001020112222
00222000200002220
20222000200101221
20022110200100220
20111110000100110
STEP 36 P1 MOVE -1 -1 -1 -1
OWN
22000220000002220
22110011000000100
02110000001011111
22110001001011111
20010001020110220
20010001020112222
00222000200002220
20222000200101221
20022110200100220
20111110000100110
STEP 37 P2 MOVE -1 -1 -1 -1
OWN
22000220000002220
22110011000000100
02110000001011111
22110001001011111
20010001020110220
20010001020112222
00222000200002220
20222000200101221
20022110200100220
20111110000100110
RESULT first=44 second=43 winner=1
ANALYSIS winner=P1 score=44-43 reason=şóÄ­Ľ±Áˇ(+3) / Ľ±°řŔĚÁˇ steal(w/l)=8/9 neu(w/l)=45/42
