BOARD
66681984584898391
99437963336242725
82976448297338387
37675748516783831
62148593347369255
66291852756163533
34161435497934546
47961712715194327
17618385662594618
17189299194627872
STEP 0 P1 MOVE 3 2 6 2
OWN
00000000000000000
00000000000000000
00000000000000000
00100000000000000
00100000000000000
00100000000000000
00100000000000000
00000000000000000
00000000000000000
00000000000000000
STEP 1 P2 MOVE 6 1 6 3
OWN
00000000000000000
00000000000000000
00000000000000000
00100000000000000
00100000000000000
00100000000000000
02220000000000000
00000000000000000
00000000000000000
00000000000000000
STEP 2 P1 MOVE 5 15 8 15
OWN
00000000000000000
00000000000000000
00000000000000000
00100000000000000
00100000000000000
00100000000000010
02220000000000010
00000000000000010
00000000000000010
00000000000000000
STEP 3 P2 MOVE 1 8 3 8
OWN
00000000000000000
00000000200000000
00000000200000000
00100000200000000
00100000000000000
00100000000000010
02220000000000010
00000000000000010
00000000000000010
00000000000000000
STEP 4 P1 MOVE 5 11 5 13
OWN
00000000000000000
00000000200000000
00000000200000000
00100000200000000
00100000000000000
00100000000111010
02220000000000010
00000000000000010
00000000000000010
00000000000000000
STEP 5 P2 MOVE 7 14 7 16
OWN
00000000000000000
00000000200000000
00000000200000000
00100000200000000
00100000000000000
00100000000111010
02220000000000010
00000000000000222
00000000000000010
00000000000000000
STEP 6 P1 MOVE 7 5 7 7
OWN
00000000000000000
00000000200000000
00000000200000000
00100000200000000
00100000000000000
00100000000111010
02220000000000010
00000111000000222
00000000000000010
00000000000000000
STEP 7 P2 MOVE 4 7 6 7
OWN
00000000000000000
00000000200000000
00000000200000000
00100000200000000
00100002000000000
00100002000111010
02220002000000010
00000111000000222
00000000000000010
00000000000000000
STEP 8 P1 MOVE 3 9 5 9
OWN
00000000000000000
00000000200000000
00000000200000000
00100000210000000
00100002010000000
00100002010111010
02220002000000010
00000111000000222
00000000000000010
00000000000000000
STEP 9 P2 MOVE 4 8 4 10
OWN
00000000000000000
00000000200000000
00000000200000000
00100000210000000
00100002222000000
00100002010111010
02220002000000010
00000111000000222
00000000000000010
00000000000000000
STEP 10 P1 MOVE 9 8 9 9
OWN
00000000000000000
00000000200000000
00000000200000000
00100000210000000
00100002222000000
00100002010111010
02220002000000010
00000111000000222
00000000000000010
00000000110000000
STEP 11 P2 MOVE 3 11 4 11
OWN
00000000000000000
00000000200000000
00000000200000000
00100000210200000
00100002222200000
00100002010111010
02220002000000010
00000111000000222
00000000000000010
00000000110000000
STEP 12 P1 MOVE 1 3 1 4
OWN
00000000000000000
00011000200000000
00000000200000000
00100000210200000
00100002222200000
00100002010111010
02220002000000010
00000111000000222
00000000000000010
00000000110000000
STEP 13 P2 MOVE 1 13 2 13
OWN
00000000000000000
00011000200002000
00000000200002000
00100000210200000
00100002222200000
00100002010111010
02220002000000010
00000111000000222
00000000000000010
00000000110000000
STEP 14 P1 MOVE 1 14 2 14
OWN
00000000000000000
00011000200002100
00000000200002100
00100000210200000
00100002222200000
00100002010111010
02220002000000010
00000111000000222
00000000000000010
00000000110000000
STEP 15 P2 MOVE 8 16 9 16
OWN
00000000000000000
00011000200002100
00000000200002100
00100000210200000
00100002222200000
00100002010111010
02220002000000010
00000111000000222
00000000000000012
00000000110000002
STEP 16 P1 MOVE 6 9 7 9
OWN
00000000000000000
00011000200002100
00000000200002100
00100000210200000
00100002222200000
00100002010111010
02220002010000010
00000111010000222
00000000000000012
00000000110000002
STEP 17 P2 MOVE 7 11 7 12
OWN
00000000000000000
00011000200002100
00000000200002100
00100000210200000
00100002222200000
00100002010111010
02220002010000010
00000111010220222
00000000000000012
00000000110000002
STEP 18 P1 MOVE 8 13 8 14
OWN
00000000000000000
00011000200002100
00000000200002100
00100000210200000
00100002222200000
00100002010111010
02220002010000010
00000111010220222
00000000000001112
00000000110000002
STEP 19 P2 MOVE 3 14 4 14
OWN
00000000000000000
00011000200002100
00000000200002100
00100000210200200
00100002222200200
00100002010111010
02220002010000010
00000111010220222
00000000000001112
00000000110000002
STEP 20 P1 MOVE 2 0 2 1
OWN
00000000000000000
00011000200002100
11000000200002100
00100000210200200
00100002222200200
00100002010111010
02220002010000010
00000111010220222
00000000000001112
00000000110000002
STEP 21 P2 MOVE 9 10 9 11
OWN
00000000000000000
00011000200002100
11000000200002100
00100000210200200
00100002222200200
00100002010111010
02220002010000010
00000111010220222
00000000000001112
00000000112200002
STEP 22 P1 MOVE 5 14 6 14
OWN
00000000000000000
00011000200002100
11000000200002100
00100000210200200
00100002222200200
00100002010111110
02220002010000110
00000111010220222
00000000000001112
00000000112200002
STEP 23 P2 MOVE 2 4 2 5
OWN
00000000000000000
00011000200002100
11002200200002100
00100000210200200
00100002222200200
00100002010111110
02220002010000110
00000111010220222
00000000000001112
00000000112200002
STEP 24 P1 MOVE 0 10 1 10
OWN
00000000001000000
00011000201002100
11002200200002100
00100000210200200
00100002222200200
00100002010111110
02220002010000110
00000111010220222
00000000000001112
00000000112200002
STEP 25 P2 MOVE 0 2 1 2
OWN
00200000001000000
00211000201002100
11002200200002100
00100000210200200
00100002222200200
00100002010111110
02220002010000110
00000111010220222
00000000000001112
00000000112200002
STEP 26 P1 MOVE 0 4 0 5
OWN
00201100001000000
00211000201002100
11002200200002100
00100000210200200
00100002222200200
00100002010111110
02220002010000110
00000111010220222
00000000000001112
00000000112200002
STEP 27 P2 MOVE 2 10 2 11
OWN
00201100001000000
00211000201002100
11002200202202100
00100000210200200
00100002222200200
00100002010111110
02220002010000110
00000111010220222
00000000000001112
00000000112200002
STEP 28 P1 MOVE 4 4 6 4
OWN
00201100001000000
00211000201002100
11002200202202100
00100000210200200
00101002222200200
00101002010111110
02221002010000110
00000111010220222
00000000000001112
00000000112200002
STEP 29 P2 MOVE 6 0 6 6
OWN
00201100001000000
00211000201002100
11002200202202100
00100000210200200
00101002222200200
00101002010111110
22222222010000110
00000111010220222
00000000000001112
00000000112200002
STEP 30 P1 MOVE 5 0 7 0
OWN
00201100001000000
00211000201002100
11002200202202100
00100000210200200
00101002222200200
10101002010111110
12222222010000110
10000111010220222
00000000000001112
00000000112200002
STEP 31 P2 MOVE 3 0 3 1
OWN
00201100001000000
00211000201002100
11002200202202100
22100000210200200
00101002222200200
10101002010111110
12222222010000110
10000111010220222
00000000000001112
00000000112200002
STEP 32 P1 MOVE 1 6 2 6
OWN
00201100001000000
00211010201002100
11002210202202100
22100000210200200
00101002222200200
10101002010111110
12222222010000110
10000111010220222
00000000000001112
00000000112200002
STEP 33 P2 MOVE 1 15 2 15
OWN
00201100001000000
00211010201002120
11002210202202120
22100000210200200
00101002222200200
10101002010111110
12222222010000110
10000111010220222
00000000000001112
00000000112200002
STEP 34 P1 MOVE 2 12 2 16
OWN
00201100001000000
00211010201002120
11002210202211111
22100000210200200
00101002222200200
10101002010111110
12222222010000110
10000111010220222
00000000000001112
00000000112200002
STEP 35 P2 MOVE 0 15 0 16
OWN
00201100001000022
00211010201002120
11002210202211111
22100000210200200
00101002222200200
10101002010111110
12222222010000110
10000111010220222
00000000000001112
00000000112200002
STEP 36 P1 MOVE -1 -1 -1 -1
OWN
00201100001000022
00211010201002120
11002210202211111
22100000210200200
00101002222200200
10101002010111110
12222222010000110
10000111010220222
00000000000001112
00000000112200002
STEP 37 P2 MOVE 0 11 1 11
OWN
00201100001200022
00211010201202120
11002210202211111
22100000210200200
00101002222200200
10101002010111110
12222222010000110
10000111010220222
00000000000001112
00000000112200002
STEP 38 P1 MOVE 1 7 1 12
OWN
00201100001200022
00211011111112120
11002210202211111
22100000210200200
00101002222200200
10101002010111110
12222222010000110
10000111010220222
00000000000001112
00000000112200002
STEP 39 P2 MOVE -1 -1 -1 -1
OWN
00201100001200022
00211011111112120
11002210202211111
22100000210200200
00101002222200200
10101002010111110
12222222010000110
10000111010220222
00000000000001112
00000000112200002
STEP 40 P1 MOVE -1 -1 -1 -1
OWN
00201100001200022
00211011111112120
11002210202211111
22100000210200200
00101002222200200
10101002010111110
12222222010000110
10000111010220222
00000000000001112
00000000112200002
RESULT first=48 second=40 winner=1
ANALYSIS winner=P1 score=48-40 reason=şóÄ­Ľ±Áˇ(+6) steal(w/l)=5/4 neu(w/l)=47/41
