BOARD
72164151182356923
34519885625845769
86567187162331963
85454858542138929
72545263834415996
77244253848555835
27329827938874529
42238952143429349
41534469815379488
82326517889367856
STEP 0 P1 MOVE 4 2 6 2
OWN
00000000000000000
00000000000000000
00000000000000000
00000000000000000
00100000000000000
00100000000000000
00100000000000000
00000000000000000
00000000000000000
00000000000000000
STEP 1 P2 MOVE 0 5 2 5
OWN
00000200000000000
00000200000000000
00000200000000000
00000000000000000
00100000000000000
00100000000000000
00100000000000000
00000000000000000
00000000000000000
00000000000000000
STEP 2 P1 MOVE 0 0 0 2
OWN
11100200000000000
00000200000000000
00000200000000000
00000000000000000
00100000000000000
00100000000000000
00100000000000000
00000000000000000
00000000000000000
00000000000000000
STEP 3 P2 MOVE 0 4 0 7
OWN
11102222000000000
00000200000000000
00000200000000000
00000000000000000
00100000000000000
00100000000000000
00100000000000000
00000000000000000
00000000000000000
00000000000000000
STEP 4 P1 MOVE 1 1 1 3
OWN
11102222000000000
01110200000000000
00000200000000000
00000000000000000
00100000000000000
00100000000000000
00100000000000000
00000000000000000
00000000000000000
00000000000000000
STEP 5 P2 MOVE 3 9 3 12
OWN
11102222000000000
01110200000000000
00000200000000000
00000000022220000
00100000000000000
00100000000000000
00100000000000000
00000000000000000
00000000000000000
00000000000000000
STEP 6 P1 MOVE 7 7 7 10
OWN
11102222000000000
01110200000000000
00000200000000000
00000000022220000
00100000000000000
00100000000000000
00100000000000000
00000001111000000
00000000000000000
00000000000000000
STEP 7 P2 MOVE 4 3 6 3
OWN
11102222000000000
01110200000000000
00000200000000000
00000000022220000
00120000000000000
00120000000000000
00120000000000000
00000001111000000
00000000000000000
00000000000000000
STEP 8 P1 MOVE 0 10 0 12
OWN
11102222001110000
01110200000000000
00000200000000000
00000000022220000
00120000000000000
00120000000000000
00120000000000000
00000001111000000
00000000000000000
00000000000000000
STEP 9 P2 MOVE 4 9 6 9
OWN
11102222001110000
01110200000000000
00000200000000000
00000000022220000
00120000020000000
00120000020000000
00120000020000000
00000001111000000
00000000000000000
00000000000000000
STEP 10 P1 MOVE 4 11 4 13
OWN
11102222001110000
01110200000000000
00000200000000000
00000000022220000
00120000020111000
00120000020000000
00120000020000000
00000001111000000
00000000000000000
00000000000000000
STEP 11 P2 MOVE 6 0 8 0
OWN
11102222001110000
01110200000000000
00000200000000000
00000000022220000
00120000020111000
00120000020000000
20120000020000000
20000001111000000
20000000000000000
00000000000000000
STEP 12 P1 MOVE 9 0 9 1
OWN
11102222001110000
01110200000000000
00000200000000000
00000000022220000
00120000020111000
00120000020000000
20120000020000000
20000001111000000
20000000000000000
11000000000000000
STEP 13 P2 MOVE 7 11 9 11
OWN
11102222001110000
01110200000000000
00000200000000000
00000000022220000
00120000020111000
00120000020000000
20120000020000000
20000001111200000
20000000000200000
11000000000200000
STEP 14 P1 MOVE 7 2 9 2
OWN
11102222001110000
01110200000000000
00000200000000000
00000000022220000
00120000020111000
00120000020000000
20120000020000000
20100001111200000
20100000000200000
11100000000200000
STEP 15 P2 MOVE 6 1 8 1
OWN
11102222001110000
01110200000000000
00000200000000000
00000000022220000
00120000020111000
00120000020000000
22120000020000000
22100001111200000
22100000000200000
11100000000200000
STEP 16 P1 MOVE 5 5 6 5
OWN
11102222001110000
01110200000000000
00000200000000000
00000000022220000
00120000020111000
00120100020000000
22120100020000000
22100001111200000
22100000000200000
11100000000200000
STEP 17 P2 MOVE 0 9 1 9
OWN
11102222021110000
01110200020000000
00000200000000000
00000000022220000
00120000020111000
00120100020000000
22120100020000000
22100001111200000
22100000000200000
11100000000200000
STEP 18 P1 MOVE 2 13 2 14
OWN
11102222021110000
01110200020000000
00000200000001100
00000000022220000
00120000020111000
00120100020000000
22120100020000000
22100001111200000
22100000000200000
11100000000200000
STEP 19 P2 MOVE 3 5 4 5
OWN
11102222021110000
01110200020000000
00000200000001100
00000200022220000
00120200020111000
00120100020000000
22120100020000000
22100001111200000
22100000000200000
11100000000200000
STEP 20 P1 MOVE 5 7 6 7
OWN
11102222021110000
01110200020000000
00000200000001100
00000200022220000
00120200020111000
00120101020000000
22120101020000000
22100001111200000
22100000000200000
11100000000200000
STEP 21 P2 MOVE 5 11 5 12
OWN
11102222021110000
01110200020000000
00000200000001100
00000200022220000
00120200020111000
00120101020220000
22120101020000000
22100001111200000
22100000000200000
11100000000200000
STEP 22 P1 MOVE 2 12 6 12
OWN
11102222021110000
01110200020000000
00000200000011100
00000200022210000
00120200020111000
00120101020210000
22120101020010000
22100001111200000
22100000000200000
11100000000200000
STEP 23 P2 MOVE 6 11 7 12
OWN
11102222021110000
01110200020000000
00000200000011100
00000200022210000
00120200020111000
00120101020210000
22120101020220000
22100001111220000
22100000000200000
11100000000200000
STEP 24 P1 MOVE 2 11 8 12
OWN
11102222021110000
01110200020000000
00000200000111100
00000200022110000
00120200020111000
00120101020110000
22120101020110000
22100001111110000
22100000000110000
11100000000200000
STEP 25 P2 MOVE 1 12 9 12
OWN
11102222021110000
01110200020020000
00000200000121100
00000200022120000
00120200020121000
00120101020120000
22120101020120000
22100001111120000
22100000000120000
11100000000220000
STEP 26 P1 MOVE 2 10 3 13
OWN
11102222021110000
01110200020020000
00000200001111100
00000200021111000
00120200020121000
00120101020120000
22120101020120000
22100001111120000
22100000000120000
11100000000220000
STEP 27 P2 MOVE 1 13 5 13
OWN
11102222021110000
01110200020022000
00000200001112100
00000200021112000
00120200020122000
00120101020122000
22120101020120000
22100001111120000
22100000000120000
11100000000220000
STEP 28 P1 MOVE 8 5 8 6
OWN
11102222021110000
01110200020022000
00000200001112100
00000200021112000
00120200020122000
00120101020122000
22120101020120000
22100001111120000
22100110000120000
11100000000220000
STEP 29 P2 MOVE 2 9 4 10
OWN
11102222021110000
01110200020022000
00000200022112100
00000200022112000
00120200022122000
00120101020122000
22120101020120000
22100001111120000
22100110000120000
11100000000220000
STEP 30 P1 MOVE 2 8 2 16
OWN
11102222021110000
01110200020022000
00000200111111111
00000200022112000
00120200022122000
00120101020122000
22120101020120000
22100001111120000
22100110000120000
11100000000220000
STEP 31 P2 MOVE 0 15 3 15
OWN
11102222021110020
01110200020022020
00000200111111121
00000200022112020
00120200022122000
00120101020122000
22120101020120000
22100001111120000
22100110000120000
11100000000220000
STEP 32 P1 MOVE 8 4 9 4
OWN
11102222021110020
01110200020022020
00000200111111121
00000200022112020
00120200022122000
00120101020122000
22120101020120000
22100001111120000
22101110000120000
11101000000220000
STEP 33 P2 MOVE -1 -1 -1 -1
OWN
11102222021110020
01110200020022020
00000200111111121
00000200022112020
00120200022122000
00120101020122000
22120101020120000
22100001111120000
22101110000120000
11101000000220000
STEP 34 P1 MOVE -1 -1 -1 -1
OWN
11102222021110020
01110200020022020
00000200111111121
00000200022112020
00120200022122000
00120101020122000
22120101020120000
22100001111120000
22101110000120000
11101000000220000
RESULT first=44 second=41 winner=1
ANALYSIS winner=P1 score=44-41 reason=Ľ±°řŔĚÁˇ / żŞŔü˝Â steal(w/l)=15/14 neu(w/l)=43/42
