BOARD
32646911594978217
83238223754679481
77926898167941238
43939988771688486
14353876731425333
46757144621963998
81886774753419415
59382493794774652
86132734852436441
72275854917482699
STEP 0 P1 MOVE 4 9 4 12
OWN
00000000000000000
00000000000000000
00000000000000000
00000000000000000
00000000011110000
00000000000000000
00000000000000000
00000000000000000
00000000000000000
00000000000000000
STEP 1 P2 MOVE 6 14 6 16
OWN
00000000000000000
00000000000000000
00000000000000000
00000000000000000
00000000011110000
00000000000000000
00000000000000222
00000000000000000
00000000000000000
00000000000000000
STEP 2 P1 MOVE 8 13 8 14
OWN
00000000000000000
00000000000000000
00000000000000000
00000000000000000
00000000011110000
00000000000000000
00000000000000222
00000000000000000
00000000000001100
00000000000000000
STEP 3 P2 MOVE 6 4 8 4
OWN
00000000000000000
00000000000000000
00000000000000000
00000000000000000
00000000011110000
00000000000000000
00002000000000222
00002000000000000
00002000000001100
00000000000000000
STEP 4 P1 MOVE 1 14 3 14
OWN
00000000000000000
00000000000000100
00000000000000100
00000000000000100
00000000011110000
00000000000000000
00002000000000222
00002000000000000
00002000000001100
00000000000000000
STEP 5 P2 MOVE 8 1 8 3
OWN
00000000000000000
00000000000000100
00000000000000100
00000000000000100
00000000011110000
00000000000000000
00002000000000222
00002000000000000
02222000000001100
00000000000000000
STEP 6 P1 MOVE 0 14 0 16
OWN
00000000000000111
00000000000000100
00000000000000100
00000000000000100
00000000011110000
00000000000000000
00002000000000222
00002000000000000
02222000000001100
00000000000000000
STEP 7 P2 MOVE 6 12 6 13
OWN
00000000000000111
00000000000000100
00000000000000100
00000000000000100
00000000011110000
00000000000000000
00002000000022222
00002000000000000
02222000000001100
00000000000000000
STEP 8 P1 MOVE 4 7 5 7
OWN
00000000000000111
00000000000000100
00000000000000100
00000000000000100
00000001011110000
00000001000000000
00002000000022222
00002000000000000
02222000000001100
00000000000000000
STEP 9 P2 MOVE 5 10 8 10
OWN
00000000000000111
00000000000000100
00000000000000100
00000000000000100
00000001011110000
00000001002000000
00002000002022222
00002000002000000
02222000002001100
00000000000000000
STEP 10 P1 MOVE 3 9 5 10
OWN
00000000000000111
00000000000000100
00000000000000100
00000000011000100
00000001011110000
00000001011000000
00002000002022222
00002000002000000
02222000002001100
00000000000000000
STEP 11 P2 MOVE 4 1 5 1
OWN
00000000000000111
00000000000000100
00000000000000100
00000000011000100
02000001011110000
02000001011000000
00002000002022222
00002000002000000
02222000002001100
00000000000000000
STEP 12 P1 MOVE 2 3 4 3
OWN
00000000000000111
00000000000000100
00010000000000100
00010000011000100
02010001011110000
02000001011000000
00002000002022222
00002000002000000
02222000002001100
00000000000000000
STEP 13 P2 MOVE 2 1 3 1
OWN
00000000000000111
00000000000000100
02010000000000100
02010000011000100
02010001011110000
02000001011000000
00002000002022222
00002000002000000
02222000002001100
00000000000000000
STEP 14 P1 MOVE 8 16 9 16
OWN
00000000000000111
00000000000000100
02010000000000100
02010000011000100
02010001011110000
02000001011000000
00002000002022222
00002000002000000
02222000002001101
00000000000000001
STEP 15 P2 MOVE 5 16 7 16
OWN
00000000000000111
00000000000000100
02010000000000100
02010000011000100
02010001011110000
02000001011000002
00002000002022222
00002000002000002
02222000002001101
00000000000000001
STEP 16 P1 MOVE 0 3 0 4
OWN
00011000000000111
00000000000000100
02010000000000100
02010000011000100
02010001011110000
02000001011000002
00002000002022222
00002000002000002
02222000002001101
00000000000000001
STEP 17 P2 MOVE 6 1 7 1
OWN
00011000000000111
00000000000000100
02010000000000100
02010000011000100
02010001011110000
02000001011000002
02002000002022222
02002000002000002
02222000002001101
00000000000000001
STEP 18 P1 MOVE 0 5 0 6
OWN
00011110000000111
00000000000000100
02010000000000100
02010000011000100
02010001011110000
02000001011000002
02002000002022222
02002000002000002
02222000002001101
00000000000000001
STEP 19 P2 MOVE 7 7 7 8
OWN
00011110000000111
00000000000000100
02010000000000100
02010000011000100
02010001011110000
02000001011000002
02002000002022222
02002002202000002
02222000002001101
00000000000000001
STEP 20 P1 MOVE 1 10 1 11
OWN
00011110000000111
00000000001100100
02010000000000100
02010000011000100
02010001011110000
02000001011000002
02002000002022222
02002002202000002
02222000002001101
00000000000000001
STEP 21 P2 MOVE 1 13 2 13
OWN
00011110000000111
00000000001102100
02010000000002100
02010000011000100
02010001011110000
02000001011000002
02002000002022222
02002002202000002
02222000002001101
00000000000000001
STEP 22 P1 MOVE 7 12 8 12
OWN
00011110000000111
00000000001102100
02010000000002100
02010000011000100
02010001011110000
02000001011000002
02002000002022222
02002002202010002
02222000002011101
00000000000000001
STEP 23 P2 MOVE 8 5 8 6
OWN
00011110000000111
00000000001102100
02010000000002100
02010000011000100
02010001011110000
02000001011000002
02002000002022222
02002002202010002
02222220002011101
00000000000000001
STEP 24 P1 MOVE 9 8 9 9
OWN
00011110000000111
00000000001102100
02010000000002100
02010000011000100
02010001011110000
02000001011000002
02002000002022222
02002002202010002
02222220002011101
00000000110000001
STEP 25 P2 MOVE 1 5 2 5
OWN
00011110000000111
00000200001102100
02010200000002100
02010000011000100
02010001011110000
02000001011000002
02002000002022222
02002002202010002
02222220002011101
00000000110000001
STEP 26 P1 MOVE 1 4 1 6
OWN
00011110000000111
00001110001102100
02010200000002100
02010000011000100
02010001011110000
02000001011000002
02002000002022222
02002002202010002
02222220002011101
00000000110000001
STEP 27 P2 MOVE 1 7 1 8
OWN
00011110000000111
00001112201102100
02010200000002100
02010000011000100
02010001011110000
02000001011000002
02002000002022222
02002002202010002
02222220002011101
00000000110000001
STEP 28 P1 MOVE -1 -1 -1 -1
OWN
00011110000000111
00001112201102100
02010200000002100
02010000011000100
02010001011110000
02000001011000002
02002000002022222
02002002202010002
02222220002011101
00000000110000001
STEP 29 P2 MOVE 5 6 5 8
OWN
00011110000000111
00001112201102100
02010200000002100
02010000011000100
02010001011110000
02000022211000002
02002000002022222
02002002202010002
02222220002011101
00000000110000001
STEP 30 P1 MOVE 5 5 5 11
OWN
00011110000000111
00001112201102100
02010200000002100
02010000011000100
02010001011110000
02000111111100002
02002000002022222
02002002202010002
02222220002011101
00000000110000001
STEP 31 P2 MOVE 3 11 6 11
OWN
00011110000000111
00001112201102100
02010200000002100
02010000011200100
02010001011210000
02000111111200002
02002000002222222
02002002202010002
02222220002011101
00000000110000001
STEP 32 P1 MOVE 4 4 5 4
OWN
00011110000000111
00001112201102100
02010200000002100
02010000011200100
02011001011210000
02001111111200002
02002000002222222
02002002202010002
02222220002011101
00000000110000001
STEP 33 P2 MOVE 9 12 9 13
OWN
00011110000000111
00001112201102100
02010200000002100
02010000011200100
02011001011210000
02001111111200002
02002000002222222
02002002202010002
02222220002011101
00000000110022001
STEP 34 P1 MOVE 9 11 9 14
OWN
00011110000000111
00001112201102100
02010200000002100
02010000011200100
02011001011210000
02001111111200002
02002000002222222
02002002202010002
02222220002011101
00000000110111101
STEP 35 P2 MOVE 1 2 1 9
OWN
00011110000000111
00222222221102100
02010200000002100
02010000011200100
02011001011210000
02001111111200002
02002000002222222
02002002202010002
02222220002011101
00000000110111101
STEP 36 P1 MOVE 1 1 1 12
OWN
00011110000000111
01111111111112100
02010200000002100
02010000011200100
02011001011210000
02001111111200002
02002000002222222
02002002202010002
02222220002011101
00000000110111101
STEP 37 P2 MOVE 7 13 7 14
OWN
00011110000000111
01111111111112100
02010200000002100
02010000011200100
02011001011210000
02001111111200002
02002000002222222
02002002202012202
02222220002011101
00000000110111101
STEP 38 P1 MOVE -1 -1 -1 -1
OWN
00011110000000111
01111111111112100
02010200000002100
02010000011200100
02011001011210000
02001111111200002
02002000002222222
02002002202012202
02222220002011101
00000000110111101
STEP 39 P2 MOVE -1 -1 -1 -1
OWN
00011110000000111
01111111111112100
02010200000002100
02010000011200100
02011001011210000
02001111111200002
02002000002222222
02002002202012202
02222220002011101
00000000110111101
RESULT first=51 second=35 winner=1
ANALYSIS winner=P1 score=51-35 reason=Ĺ»ĂëżěŔ§(+9Ä­ »©ľŃŔ˝,2ąčČż°ú) steal(w/l)=15/6 neu(w/l)=42/44
