BOARD
87847764537945833
98786124397683884
28729531467162975
92942455996229134
92257637372694718
34676784979854272
93568291237724229
95339751266546455
12212315473634842
17171482744232395
STEP 0 P1 MOVE 9 11 9 14
OWN
00000000000000000
00000000000000000
00000000000000000
00000000000000000
00000000000000000
00000000000000000
00000000000000000
00000000000000000
00000000000000000
00000000000111100
STEP 1 P2 MOVE 8 4 9 5
OWN
00000000000000000
00000000000000000
00000000000000000
00000000000000000
00000000000000000
00000000000000000
00000000000000000
00000000000000000
00002200000000000
00002200000111100
STEP 2 P1 MOVE 1 7 3 7
OWN
00000000000000000
00000001000000000
00000001000000000
00000001000000000
00000000000000000
00000000000000000
00000000000000000
00000000000000000
00002200000000000
00002200000111100
STEP 3 P2 MOVE 6 12 6 15
OWN
00000000000000000
00000001000000000
00000001000000000
00000001000000000
00000000000000000
00000000000000000
00000000000022220
00000000000000000
00002200000000000
00002200000111100
STEP 4 P1 MOVE 3 3 3 5
OWN
00000000000000000
00000001000000000
00000001000000000
00011101000000000
00000000000000000
00000000000000000
00000000000022220
00000000000000000
00002200000000000
00002200000111100
STEP 5 P2 MOVE 0 13 2 13
OWN
00000000000002000
00000001000002000
00000001000002000
00011101000000000
00000000000000000
00000000000000000
00000000000022220
00000000000000000
00002200000000000
00002200000111100
STEP 6 P1 MOVE 5 13 7 13
OWN
00000000000002000
00000001000002000
00000001000002000
00011101000000000
00000000000000000
00000000000001000
00000000000021220
00000000000001000
00002200000000000
00002200000111100
STEP 7 P2 MOVE 3 10 3 12
OWN
00000000000002000
00000001000002000
00000001000002000
00011101002220000
00000000000000000
00000000000001000
00000000000021220
00000000000001000
00002200000000000
00002200000111100
STEP 8 P1 MOVE 3 14 5 14
OWN
00000000000002000
00000001000002000
00000001000002000
00011101002220100
00000000000000100
00000000000001100
00000000000021220
00000000000001000
00002200000000000
00002200000111100
STEP 9 P2 MOVE 7 15 7 16
OWN
00000000000002000
00000001000002000
00000001000002000
00011101002220100
00000000000000100
00000000000001100
00000000000021220
00000000000001022
00002200000000000
00002200000111100
STEP 10 P1 MOVE 4 8 4 9
OWN
00000000000002000
00000001000002000
00000001000002000
00011101002220100
00000000110000100
00000000000001100
00000000000021220
00000000000001022
00002200000000000
00002200000111100
STEP 11 P2 MOVE 4 16 5 16
OWN
00000000000002000
00000001000002000
00000001000002000
00011101002220100
00000000110000102
00000000000001102
00000000000021220
00000000000001022
00002200000000000
00002200000111100
STEP 12 P1 MOVE 0 9 0 10
OWN
00000000011002000
00000001000002000
00000001000002000
00011101002220100
00000000110000102
00000000000001102
00000000000021220
00000000000001022
00002200000000000
00002200000111100
STEP 13 P2 MOVE 1 3 2 3
OWN
00000000011002000
00020001000002000
00020001000002000
00011101002220100
00000000110000102
00000000000001102
00000000000021220
00000000000001022
00002200000000000
00002200000111100
STEP 14 P1 MOVE 6 4 6 5
OWN
00000000011002000
00020001000002000
00020001000002000
00011101002220100
00000000110000102
00000000000001102
00001100000021220
00000000000001022
00002200000000000
00002200000111100
STEP 15 P2 MOVE 9 6 9 7
OWN
00000000011002000
00020001000002000
00020001000002000
00011101002220100
00000000110000102
00000000000001102
00001100000021220
00000000000001022
00002200000000000
00002222000111100
STEP 16 P1 MOVE 6 3 8 3
OWN
00000000011002000
00020001000002000
00020001000002000
00011101002220100
00000000110000102
00000000000001102
00011100000021220
00010000000001022
00012200000000000
00002222000111100
STEP 17 P2 MOVE 6 1 8 1
OWN
00000000011002000
00020001000002000
00020001000002000
00011101002220100
00000000110000102
00000000000001102
02011100000021220
02010000000001022
02012200000000000
00002222000111100
STEP 18 P1 MOVE 5 9 6 9
OWN
00000000011002000
00020001000002000
00020001000002000
00011101002220100
00000000110000102
00000000010001102
02011100010021220
02010000000001022
02012200000000000
00002222000111100
STEP 19 P2 MOVE 2 8 2 9
OWN
00000000011002000
00020001000002000
00020001220002000
00011101002220100
00000000110000102
00000000010001102
02011100010021220
02010000000001022
02012200000000000
00002222000111100
STEP 20 P1 MOVE 6 8 7 9
OWN
00000000011002000
00020001000002000
00020001220002000
00011101002220100
00000000110000102
00000000010001102
02011100110021220
02010000110001022
02012200000000000
00002222000111100
STEP 21 P2 MOVE 7 7 8 8
OWN
00000000011002000
00020001000002000
00020001220002000
00011101002220100
00000000110000102
00000000010001102
02011100110021220
02010002210001022
02012202200000000
00002222000111100
STEP 22 P1 MOVE 4 6 4 7
OWN
00000000011002000
00020001000002000
00020001220002000
00011101002220100
00000011110000102
00000000010001102
02011100110021220
02010002210001022
02012202200000000
00002222000111100
STEP 23 P2 MOVE 6 6 6 7
OWN
00000000011002000
00020001000002000
00020001220002000
00011101002220100
00000011110000102
00000000010001102
02011122110021220
02010002210001022
02012202200000000
00002222000111100
STEP 24 P1 MOVE 5 1 5 2
OWN
00000000011002000
00020001000002000
00020001220002000
00011101002220100
00000011110000102
01100000010001102
02011122110021220
02010002210001022
02012202200000000
00002222000111100
STEP 25 P2 MOVE 1 6 3 6
OWN
00000000011002000
00020021000002000
00020021220002000
00011121002220100
00000011110000102
01100000010001102
02011122110021220
02010002210001022
02012202200000000
00002222000111100
STEP 26 P1 MOVE 1 4 1 8
OWN
00000000011002000
00021111100002000
00020021220002000
00011121002220100
00000011110000102
01100000010001102
02011122110021220
02010002210001022
02012202200000000
00002222000111100
STEP 27 P2 MOVE 0 6 0 7
OWN
00000022011002000
00021111100002000
00020021220002000
00011121002220100
00000011110000102
01100000010001102
02011122110021220
02010002210001022
02012202200000000
00002222000111100
STEP 28 P1 MOVE 5 0 5 3
OWN
00000022011002000
00021111100002000
00020021220002000
00011121002220100
00000011110000102
11110000010001102
02011122110021220
02010002210001022
02012202200000000
00002222000111100
STEP 29 P2 MOVE 4 2 7 2
OWN
00000022011002000
00021111100002000
00020021220002000
00011121002220100
00200011110000102
11210000010001102
02211122110021220
02210002210001022
02012202200000000
00002222000111100
STEP 30 P1 MOVE 8 2 8 9
OWN
00000022011002000
00021111100002000
00020021220002000
00011121002220100
00200011110000102
11210000010001102
02211122110021220
02210002210001022
02111111110000000
00002222000111100
STEP 31 P2 MOVE 4 1 9 2
OWN
00000022011002000
00021111100002000
00020021220002000
00011121002220100
02200011110000102
12210000010001102
02211122110021220
02210002210001022
02211111110000000
02202222000111100
STEP 32 P1 MOVE 8 0 8 11
OWN
00000022011002000
00021111100002000
00020021220002000
00011121002220100
02200011110000102
12210000010001102
02211122110021220
02210002210001022
11111111111100000
02202222000111100
STEP 33 P2 MOVE 2 0 2 1
OWN
00000022011002000
00021111100002000
22020021220002000
00011121002220100
02200011110000102
12210000010001102
02211122110021220
02210002210001022
11111111111100000
02202222000111100
STEP 34 P1 MOVE 1 1 3 1
OWN
00000022011002000
01021111100002000
21020021220002000
01011121002220100
02200011110000102
12210000010001102
02211122110021220
02210002210001022
11111111111100000
02202222000111100
STEP 35 P2 MOVE 7 0 9 0
OWN
00000022011002000
01021111100002000
21020021220002000
01011121002220100
02200011110000102
12210000010001102
02211122110021220
22210002210001022
21111111111100000
22202222000111100
STEP 36 P1 MOVE -1 -1 -1 -1
OWN
00000022011002000
01021111100002000
21020021220002000
01011121002220100
02200011110000102
12210000010001102
02211122110021220
22210002210001022
21111111111100000
22202222000111100
STEP 37 P2 MOVE -1 -1 -1 -1
OWN
00000022011002000
01021111100002000
21020021220002000
01011121002220100
02200011110000102
12210000010001102
02211122110021220
22210002210001022
21111111111100000
22202222000111100
RESULT first=50 second=43 winner=1
ANALYSIS winner=P1 score=50-43 reason=Ĺ»ĂëżěŔ§(+4Ä­ »©ľŃŔ˝,2ąčČż°ú) steal(w/l)=9/5 neu(w/l)=46/47
