BOARD
97248858373476911
28318358571156476
81914398494494766
61117337337293236
78396395875184342
67775279136245179
73811877684113778
98189689634251997
34838738746148645
76195543579484773
STEP 0 P1 MOVE 1 11 5 11
OWN
00000000000000000
00000000000100000
00000000000100000
00000000000100000
00000000000100000
00000000000100000
00000000000000000
00000000000000000
00000000000000000
00000000000000000
STEP 1 P2 MOVE 0 2 1 3
OWN
00220000000000000
00220000000100000
00000000000100000
00000000000100000
00000000000100000
00000000000100000
00000000000000000
00000000000000000
00000000000000000
00000000000000000
STEP 2 P1 MOVE 6 3 6 5
OWN
00220000000000000
00220000000100000
00000000000100000
00000000000100000
00000000000100000
00000000000100000
00011100000000000
00000000000000000
00000000000000000
00000000000000000
STEP 3 P2 MOVE 3 1 3 4
OWN
00220000000000000
00220000000100000
00000000000100000
02222000000100000
00000000000100000
00000000000100000
00011100000000000
00000000000000000
00000000000000000
00000000000000000
STEP 4 P1 MOVE 3 7 3 8
OWN
00220000000000000
00220000000100000
00000000000100000
02222001100100000
00000000000100000
00000000000100000
00011100000000000
00000000000000000
00000000000000000
00000000000000000
STEP 5 P2 MOVE 6 12 7 13
OWN
00220000000000000
00220000000100000
00000000000100000
02222001100100000
00000000000100000
00000000000100000
00011100000022000
00000000000022000
00000000000000000
00000000000000000
STEP 6 P1 MOVE 5 10 6 10
OWN
00220000000000000
00220000000100000
00000000000100000
02222001100100000
00000000000100000
00000000001100000
00011100001022000
00000000000022000
00000000000000000
00000000000000000
STEP 7 P2 MOVE 0 9 0 10
OWN
00220000022000000
00220000000100000
00000000000100000
02222001100100000
00000000000100000
00000000001100000
00011100001022000
00000000000022000
00000000000000000
00000000000000000
STEP 8 P1 MOVE 6 0 6 1
OWN
00220000022000000
00220000000100000
00000000000100000
02222001100100000
00000000000100000
00000000001100000
11011100001022000
00000000000022000
00000000000000000
00000000000000000
STEP 9 P2 MOVE 1 0 1 1
OWN
00220000022000000
22220000000100000
00000000000100000
02222001100100000
00000000000100000
00000000001100000
11011100001022000
00000000000022000
00000000000000000
00000000000000000
STEP 10 P1 MOVE 2 1 2 2
OWN
00220000022000000
22220000000100000
01100000000100000
02222001100100000
00000000000100000
00000000001100000
11011100001022000
00000000000022000
00000000000000000
00000000000000000
STEP 11 P2 MOVE 0 6 1 6
OWN
00220020022000000
22220020000100000
01100000000100000
02222001100100000
00000000000100000
00000000001100000
11011100001022000
00000000000022000
00000000000000000
00000000000000000
STEP 12 P1 MOVE 9 15 9 16
OWN
00220020022000000
22220020000100000
01100000000100000
02222001100100000
00000000000100000
00000000001100000
11011100001022000
00000000000022000
00000000000000000
00000000000000011
STEP 13 P2 MOVE 3 9 4 9
OWN
00220020022000000
22220020000100000
01100000000100000
02222001120100000
00000000020100000
00000000001100000
11011100001022000
00000000000022000
00000000000000000
00000000000000011
STEP 14 P1 MOVE 9 2 9 3
OWN
00220020022000000
22220020000100000
01100000000100000
02222001120100000
00000000020100000
00000000001100000
11011100001022000
00000000000022000
00000000000000000
00110000000000011
STEP 15 P2 MOVE 3 6 3 10
OWN
00220020022000000
22220020000100000
01100000000100000
02222022222100000
00000000020100000
00000000001100000
11011100001022000
00000000000022000
00000000000000000
00110000000000011
STEP 16 P1 MOVE 1 10 4 10
OWN
00220020022000000
22220020001100000
01100000001100000
02222022221100000
00000000021100000
00000000001100000
11011100001022000
00000000000022000
00000000000000000
00110000000000011
STEP 17 P2 MOVE 8 0 9 0
OWN
00220020022000000
22220020001100000
01100000001100000
02222022221100000
00000000021100000
00000000001100000
11011100001022000
00000000000022000
20000000000000000
20110000000000011
STEP 18 P1 MOVE 8 1 9 1
OWN
00220020022000000
22220020001100000
01100000001100000
02222022221100000
00000000021100000
00000000001100000
11011100001022000
00000000000022000
21000000000000000
21110000000000011
STEP 19 P2 MOVE 8 5 8 6
OWN
00220020022000000
22220020001100000
01100000001100000
02222022221100000
00000000021100000
00000000001100000
11011100001022000
00000000000022000
21000220000000000
21110000000000011
STEP 20 P1 MOVE 8 14 8 15
OWN
00220020022000000
22220020001100000
01100000001100000
02222022221100000
00000000021100000
00000000001100000
11011100001022000
00000000000022000
21000220000000110
21110000000000011
STEP 21 P2 MOVE 9 4 9 5
OWN
00220020022000000
22220020001100000
01100000001100000
02222022221100000
00000000021100000
00000000001100000
11011100001022000
00000000000022000
21000220000000110
21112200000000011
STEP 22 P1 MOVE 2 3 4 3
OWN
00220020022000000
22220020001100000
01110000001100000
02212022221100000
00010000021100000
00000000001100000
11011100001022000
00000000000022000
21000220000000110
21112200000000011
STEP 23 P2 MOVE 2 4 3 5
OWN
00220020022000000
22220020001100000
01112200001100000
02212222221100000
00010000021100000
00000000001100000
11011100001022000
00000000000022000
21000220000000110
21112200000000011
STEP 24 P1 MOVE 1 13 2 13
OWN
00220020022000000
22220020001101000
01112200001101000
02212222221100000
00010000021100000
00000000001100000
11011100001022000
00000000000022000
21000220000000110
21112200000000011
STEP 25 P2 MOVE 5 12 5 14
OWN
00220020022000000
22220020001101000
01112200001101000
02212222221100000
00010000021100000
00000000001122200
11011100001022000
00000000000022000
21000220000000110
21112200000000011
STEP 26 P1 MOVE 4 2 5 2
OWN
00220020022000000
22220020001101000
01112200001101000
02212222221100000
00110000021100000
00100000001122200
11011100001022000
00000000000022000
21000220000000110
21112200000000011
STEP 27 P2 MOVE 0 14 0 15
OWN
00220020022000220
22220020001101000
01112200001101000
02212222221100000
00110000021100000
00100000001122200
11011100001022000
00000000000022000
21000220000000110
21112200000000011
STEP 28 P1 MOVE 0 13 1 14
OWN
00220020022001120
22220020001101100
01112200001101000
02212222221100000
00110000021100000
00100000001122200
11011100001022000
00000000000022000
21000220000000110
21112200000000011
STEP 29 P2 MOVE 4 14 6 14
OWN
00220020022001120
22220020001101100
01112200001101000
02212222221100000
00110000021100200
00100000001122200
11011100001022200
00000000000022000
21000220000000110
21112200000000011
STEP 30 P1 MOVE 4 13 4 16
OWN
00220020022001120
22220020001101100
01112200001101000
02212222221100000
00110000021101111
00100000001122200
11011100001022200
00000000000022000
21000220000000110
21112200000000011
STEP 31 P2 MOVE 3 15 5 15
OWN
00220020022001120
22220020001101100
01112200001101000
02212222221100020
00110000021101121
00100000001122220
11011100001022200
00000000000022000
21000220000000110
21112200000000011
STEP 32 P1 MOVE 7 10 8 10
OWN
00220020022001120
22220020001101100
01112200001101000
02212222221100020
00110000021101121
00100000001122220
11011100001022200
00000000001022000
21000220001000110
21112200000000011
STEP 33 P2 MOVE -1 -1 -1 -1
OWN
00220020022001120
22220020001101100
01112200001101000
02212222221100020
00110000021101121
00100000001122220
11011100001022200
00000000001022000
21000220001000110
21112200000000011
STEP 34 P1 MOVE -1 -1 -1 -1
OWN
00220020022001120
22220020001101100
01112200001101000
02212222221100020
00110000021101121
00100000001122220
11011100001022200
00000000001022000
21000220001000110
21112200000000011
RESULT first=41 second=39 winner=1
ANALYSIS winner=P1 score=41-39 reason=Ľ±°řŔĚÁˇ / żŞŔü˝Â steal(w/l)=4/3 neu(w/l)=40/40
