BOARD
99924563258796939
59497754937987684
92244128969273717
16832961932248696
31218792652798824
79998788972875877
93581329497373848
25537238613576573
31772463532553667
91163457248937598
STEP 0 P1 MOVE 0 7 0 9
OWN
00000001110000000
00000000000000000
00000000000000000
00000000000000000
00000000000000000
00000000000000000
00000000000000000
00000000000000000
00000000000000000
00000000000000000
STEP 1 P2 MOVE 7 8 7 10
OWN
00000001110000000
00000000000000000
00000000000000000
00000000000000000
00000000000000000
00000000000000000
00000000000000000
00000000222000000
00000000000000000
00000000000000000
STEP 2 P1 MOVE 6 12 6 13
OWN
00000001110000000
00000000000000000
00000000000000000
00000000000000000
00000000000000000
00000000000000000
00000000000011000
00000000222000000
00000000000000000
00000000000000000
STEP 3 P2 MOVE 7 16 8 16
OWN
00000001110000000
00000000000000000
00000000000000000
00000000000000000
00000000000000000
00000000000000000
00000000000011000
00000000222000002
00000000000000002
00000000000000000
STEP 4 P1 MOVE 3 16 4 16
OWN
00000001110000000
00000000000000000
00000000000000000
00000000000000001
00000000000000001
00000000000000000
00000000000011000
00000000222000002
00000000000000002
00000000000000000
STEP 5 P2 MOVE 7 1 7 2
OWN
00000001110000000
00000000000000000
00000000000000000
00000000000000001
00000000000000001
00000000000000000
00000000000011000
02200000222000002
00000000000000002
00000000000000000
STEP 6 P1 MOVE 1 13 2 13
OWN
00000001110000000
00000000000001000
00000000000001000
00000000000000001
00000000000000001
00000000000000000
00000000000011000
02200000222000002
00000000000000002
00000000000000000
STEP 7 P2 MOVE 2 2 2 4
OWN
00000001110000000
00000000000001000
00222000000001000
00000000000000001
00000000000000001
00000000000000000
00000000000011000
02200000222000002
00000000000000002
00000000000000000
STEP 8 P1 MOVE 8 8 8 10
OWN
00000001110000000
00000000000001000
00222000000001000
00000000000000001
00000000000000001
00000000000000000
00000000000011000
02200000222000002
00000000111000002
00000000000000000
STEP 9 P2 MOVE 7 5 9 5
OWN
00000001110000000
00000000000001000
00222000000001000
00000000000000001
00000000000000001
00000000000000000
00000000000011000
02200200222000002
00000200111000002
00000200000000000
STEP 10 P1 MOVE 7 4 7 6
OWN
00000001110000000
00000000000001000
00222000000001000
00000000000000001
00000000000000001
00000000000000000
00000000000011000
02201110222000002
00000200111000002
00000200000000000
STEP 11 P2 MOVE 9 12 9 13
OWN
00000001110000000
00000000000001000
00222000000001000
00000000000000001
00000000000000001
00000000000000000
00000000000011000
02201110222000002
00000200111000002
00000200000022000
STEP 12 P1 MOVE 9 2 9 4
OWN
00000001110000000
00000000000001000
00222000000001000
00000000000000001
00000000000000001
00000000000000000
00000000000011000
02201110222000002
00000200111000002
00111200000022000
STEP 13 P2 MOVE 1 9 1 10
OWN
00000001110000000
00000000022001000
00222000000001000
00000000000000001
00000000000000001
00000000000000000
00000000000011000
02201110222000002
00000200111000002
00111200000022000
STEP 14 P1 MOVE 9 0 9 1
OWN
00000001110000000
00000000022001000
00222000000001000
00000000000000001
00000000000000001
00000000000000000
00000000000011000
02201110222000002
00000200111000002
11111200000022000
STEP 15 P2 MOVE 3 4 4 4
OWN
00000001110000000
00000000022001000
00222000000001000
00002000000000001
00002000000000001
00000000000000000
00000000000011000
02201110222000002
00000200111000002
11111200000022000
STEP 16 P1 MOVE 2 0 3 0
OWN
00000001110000000
00000000022001000
10222000000001000
10002000000000001
00002000000000001
00000000000000000
00000000000011000
02201110222000002
00000200111000002
11111200000022000
STEP 17 P2 MOVE 4 0 5 0
OWN
00000001110000000
00000000022001000
10222000000001000
10002000000000001
20002000000000001
20000000000000000
00000000000011000
02201110222000002
00000200111000002
11111200000022000
STEP 18 P1 MOVE 2 5 3 5
OWN
00000001110000000
00000000022001000
10222100000001000
10002100000000001
20002000000000001
20000000000000000
00000000000011000
02201110222000002
00000200111000002
11111200000022000
STEP 19 P2 MOVE 3 2 4 2
OWN
00000001110000000
00000000022001000
10222100000001000
10202100000000001
20202000000000001
20000000000000000
00000000000011000
02201110222000002
00000200111000002
11111200000022000
STEP 20 P1 MOVE 4 3 5 3
OWN
00000001110000000
00000000022001000
10222100000001000
10202100000000001
20212000000000001
20010000000000000
00000000000011000
02201110222000002
00000200111000002
11111200000022000
STEP 21 P2 MOVE 2 15 3 15
OWN
00000001110000000
00000000022001000
10222100000001020
10202100000000021
20212000000000001
20010000000000000
00000000000011000
02201110222000002
00000200111000002
11111200000022000
STEP 22 P1 MOVE 8 11 8 12
OWN
00000001110000000
00000000022001000
10222100000001020
10202100000000021
20212000000000001
20010000000000000
00000000000011000
02201110222000002
00000200111110002
11111200000022000
STEP 23 P2 MOVE 4 14 4 15
OWN
00000001110000000
00000000022001000
10222100000001020
10202100000000021
20212000000000221
20010000000000000
00000000000011000
02201110222000002
00000200111110002
11111200000022000
STEP 24 P1 MOVE 8 7 9 7
OWN
00000001110000000
00000000022001000
10222100000001020
10202100000000021
20212000000000221
20010000000000000
00000000000011000
02201110222000002
00000201111110002
11111201000022000
STEP 25 P2 MOVE 5 5 6 5
OWN
00000001110000000
00000000022001000
10222100000001020
10202100000000021
20212000000000221
20010200000000000
00000200000011000
02201110222000002
00000201111110002
11111201000022000
STEP 26 P1 MOVE 5 6 6 6
OWN
00000001110000000
00000000022001000
10222100000001020
10202100000000021
20212000000000221
20010210000000000
00000210000011000
02201110222000002
00000201111110002
11111201000022000
STEP 27 P2 MOVE 3 3 4 5
OWN
00000001110000000
00000000022001000
10222100000001020
10222200000000021
20222200000000221
20010210000000000
00000210000011000
02201110222000002
00000201111110002
11111201000022000
STEP 28 P1 MOVE 4 1 4 6
OWN
00000001110000000
00000000022001000
10222100000001020
10222200000000021
21111110000000221
20010210000000000
00000210000011000
02201110222000002
00000201111110002
11111201000022000
STEP 29 P2 MOVE 2 6 2 7
OWN
00000001110000000
00000000022001000
10222122000001020
10222200000000021
21111110000000221
20010210000000000
00000210000011000
02201110222000002
00000201111110002
11111201000022000
STEP 30 P1 MOVE 3 7 3 8
OWN
00000001110000000
00000000022001000
10222122000001020
10222201100000021
21111110000000221
20010210000000000
00000210000011000
02201110222000002
00000201111110002
11111201000022000
STEP 31 P2 MOVE 4 7 5 7
OWN
00000001110000000
00000000022001000
10222122000001020
10222201100000021
21111112000000221
20010212000000000
00000210000011000
02201110222000002
00000201111110002
11111201000022000
STEP 32 P1 MOVE -1 -1 -1 -1
OWN
00000001110000000
00000000022001000
10222122000001020
10222201100000021
21111112000000221
20010212000000000
00000210000011000
02201110222000002
00000201111110002
11111201000022000
STEP 33 P2 MOVE 6 4 6 7
OWN
00000001110000000
00000000022001000
10222122000001020
10222201100000021
21111112000000221
20010212000000000
00002222000011000
02201110222000002
00000201111110002
11111201000022000
STEP 34 P1 MOVE 5 4 8 4
OWN
00000001110000000
00000000022001000
10222122000001020
10222201100000021
21111112000000221
20011212000000000
00001222000011000
02201110222000002
00001201111110002
11111201000022000
STEP 35 P2 MOVE 7 3 8 3
OWN
00000001110000000
00000000022001000
10222122000001020
10222201100000021
21111112000000221
20011212000000000
00001222000011000
02221110222000002
00021201111110002
11111201000022000
STEP 36 P1 MOVE 7 0 7 7
OWN
00000001110000000
00000000022001000
10222122000001020
10222201100000021
21111112000000221
20011212000000000
00001222000011000
11111111222000002
00021201111110002
11111201000022000
STEP 37 P2 MOVE 6 6 8 8
OWN
00000001110000000
00000000022001000
10222122000001020
10222201100000021
21111112000000221
20011212000000000
00001222200011000
11111122222000002
00021222211110002
11111201000022000
STEP 38 P1 MOVE -1 -1 -1 -1
OWN
00000001110000000
00000000022001000
10222122000001020
10222201100000021
21111112000000221
20011212000000000
00001222200011000
11111122222000002
00021222211110002
11111201000022000
STEP 39 P2 MOVE 8 2 8 13
OWN
00000001110000000
00000000022001000
10222122000001020
10222201100000021
21111112000000221
20011212000000000
00001222200011000
11111122222000002
00222222222222002
11111201000022000
STEP 40 P1 MOVE 8 0 8 14
OWN
00000001110000000
00000000022001000
10222122000001020
10222201100000021
21111112000000221
20011212000000000
00001222200011000
11111122222000002
11111111111111102
11111201000022000
STEP 41 P2 MOVE 7 14 9 14
OWN
00000001110000000
00000000022001000
10222122000001020
10222201100000021
21111112000000221
20011212000000000
00001222200011000
11111122222000202
11111111111111202
11111201000022200
STEP 42 P1 MOVE -1 -1 -1 -1
OWN
00000001110000000
00000000022001000
10222122000001020
10222201100000021
21111112000000221
20011212000000000
00001222200011000
11111122222000202
11111111111111202
11111201000022200
STEP 43 P2 MOVE -1 -1 -1 -1
OWN
00000001110000000
00000000022001000
10222122000001020
10222201100000021
21111112000000221
20011212000000000
00001222200011000
11111122222000202
11111111111111202
11111201000022200
RESULT first=50 second=37 winner=1
ANALYSIS winner=P1 score=50-37 reason=탈취우위(+8칸 빼앗음,2배효과) steal(w/l)=21/13 neu(w/l)=42/45
