BOARD
16267387729763799
56134932168567885
42583719274178646
45219753982249826
55259226669886288
69322355222214378
32189933224359792
86848588783356849
97439932612949483
51311238538717527
STEP 0 P1 MOVE 9 2 9 6
OWN
00000000000000000
00000000000000000
00000000000000000
00000000000000000
00000000000000000
00000000000000000
00000000000000000
00000000000000000
00000000000000000
00111110000000000
STEP 1 P2 MOVE 5 11 5 14
OWN
00000000000000000
00000000000000000
00000000000000000
00000000000000000
00000000000000000
00000000000222200
00000000000000000
00000000000000000
00000000000000000
00111110000000000
STEP 2 P1 MOVE 5 2 5 5
OWN
00000000000000000
00000000000000000
00000000000000000
00000000000000000
00000000000000000
00111100000222200
00000000000000000
00000000000000000
00000000000000000
00111110000000000
STEP 3 P2 MOVE 3 2 4 3
OWN
00000000000000000
00000000000000000
00000000000000000
00220000000000000
00220000000000000
00111100000222200
00000000000000000
00000000000000000
00000000000000000
00111110000000000
STEP 4 P1 MOVE 4 6 6 6
OWN
00000000000000000
00000000000000000
00000000000000000
00220000000000000
00220010000000000
00111110000222200
00000010000000000
00000000000000000
00000000000000000
00111110000000000
STEP 5 P2 MOVE 4 14 4 15
OWN
00000000000000000
00000000000000000
00000000000000000
00220000000000000
00220010000000220
00111110000222200
00000010000000000
00000000000000000
00000000000000000
00111110000000000
STEP 6 P1 MOVE 0 13 1 13
OWN
00000000000001000
00000000000001000
00000000000000000
00220000000000000
00220010000000220
00111110000222200
00000010000000000
00000000000000000
00000000000000000
00111110000000000
STEP 7 P2 MOVE 0 0 2 0
OWN
20000000000001000
20000000000001000
20000000000000000
00220000000000000
00220010000000220
00111110000222200
00000010000000000
00000000000000000
00000000000000000
00111110000000000
STEP 8 P1 MOVE 0 8 2 8
OWN
20000000100001000
20000000100001000
20000000100000000
00220000000000000
00220010000000220
00111110000222200
00000010000000000
00000000000000000
00000000000000000
00111110000000000
STEP 9 P2 MOVE 1 1 1 3
OWN
20000000100001000
22220000100001000
20000000100000000
00220000000000000
00220010000000220
00111110000222200
00000010000000000
00000000000000000
00000000000000000
00111110000000000
STEP 10 P1 MOVE 7 12 9 12
OWN
20000000100001000
22220000100001000
20000000100000000
00220000000000000
00220010000000220
00111110000222200
00000010000000000
00000000000010000
00000000000010000
00111110000010000
STEP 11 P2 MOVE 5 9 6 10
OWN
20000000100001000
22220000100001000
20000000100000000
00220000000000000
00220010000000220
00111110022222200
00000010022000000
00000000000010000
00000000000010000
00111110000010000
STEP 12 P1 MOVE 6 8 6 12
OWN
20000000100001000
22220000100001000
20000000100000000
00220000000000000
00220010000000220
00111110022222200
00000010111110000
00000000000010000
00000000000010000
00111110000010000
STEP 13 P2 MOVE 5 7 6 8
OWN
20000000100001000
22220000100001000
20000000100000000
00220000000000000
00220010000000220
00111112222222200
00000012211110000
00000000000010000
00000000000010000
00111110000010000
STEP 14 P1 MOVE 3 1 4 1
OWN
20000000100001000
22220000100001000
20000000100000000
01220000000000000
01220010000000220
00111112222222200
00000012211110000
00000000000010000
00000000000010000
00111110000010000
STEP 15 P2 MOVE 2 4 2 5
OWN
20000000100001000
22220000100001000
20002200100000000
01220000000000000
01220010000000220
00111112222222200
00000012211110000
00000000000010000
00000000000010000
00111110000010000
STEP 16 P1 MOVE 2 6 2 7
OWN
20000000100001000
22220000100001000
20002211100000000
01220000000000000
01220010000000220
00111112222222200
00000012211110000
00000000000010000
00000000000010000
00111110000010000
STEP 17 P2 MOVE 3 9 3 10
OWN
20000000100001000
22220000100001000
20002211100000000
01220000022000000
01220010000000220
00111112222222200
00000012211110000
00000000000010000
00000000000010000
00111110000010000
STEP 18 P1 MOVE 3 11 4 11
OWN
20000000100001000
22220000100001000
20002211100000000
01220000022100000
01220010000100220
00111112222222200
00000012211110000
00000000000010000
00000000000010000
00111110000010000
STEP 19 P2 MOVE 3 14 3 15
OWN
20000000100001000
22220000100001000
20002211100000000
01220000022100220
01220010000100220
00111112222222200
00000012211110000
00000000000010000
00000000000010000
00111110000010000
STEP 20 P1 MOVE 2 14 2 15
OWN
20000000100001000
22220000100001000
20002211100000110
01220000022100220
01220010000100220
00111112222222200
00000012211110000
00000000000010000
00000000000010000
00111110000010000
STEP 21 P2 MOVE 5 16 6 16
OWN
20000000100001000
22220000100001000
20002211100000110
01220000022100220
01220010000100220
00111112222222202
00000012211110002
00000000000010000
00000000000010000
00111110000010000
STEP 22 P1 MOVE 0 4 0 5
OWN
20001100100001000
22220000100001000
20002211100000110
01220000022100220
01220010000100220
00111112222222202
00000012211110002
00000000000010000
00000000000010000
00111110000010000
STEP 23 P2 MOVE 8 15 9 15
OWN
20001100100001000
22220000100001000
20002211100000110
01220000022100220
01220010000100220
00111112222222202
00000012211110002
00000000000010000
00000000000010020
00111110000010020
STEP 24 P1 MOVE 8 16 9 16
OWN
20001100100001000
22220000100001000
20002211100000110
01220000022100220
01220010000100220
00111112222222202
00000012211110002
00000000000010000
00000000000010021
00111110000010021
STEP 25 P2 MOVE 0 3 1 4
OWN
20022100100001000
22222000100001000
20002211100000110
01220000022100220
01220010000100220
00111112222222202
00000012211110002
00000000000010000
00000000000010021
00111110000010021
STEP 26 P1 MOVE 0 2 0 6
OWN
20111110100001000
22222000100001000
20002211100000110
01220000022100220
01220010000100220
00111112222222202
00000012211110002
00000000000010000
00000000000010021
00111110000010021
STEP 27 P2 MOVE -1 -1 -1 -1
OWN
20111110100001000
22222000100001000
20002211100000110
01220000022100220
01220010000100220
00111112222222202
00000012211110002
00000000000010000
00000000000010021
00111110000010021
STEP 28 P1 MOVE -1 -1 -1 -1
OWN
20111110100001000
22222000100001000
20002211100000110
01220000022100220
01220010000100220
00111112222222202
00000012211110002
00000000000010000
00000000000010021
00111110000010021
RESULT first=39 second=33 winner=1
ANALYSIS winner=P1 score=39-33 reason=斬模犒м辦嬪 steal(w/l)=4/2 neu(w/l)=37/35
