BOARD
36461428449149732
37587956661261756
49339894594493214
99511956313389534
89113617675347869
67785953348895788
54923563923811635
94682179375493638
49544124478445598
15662738711681969
STEP 0 P1 MOVE 0 11 3 11
OWN
00000000000100000
00000000000100000
00000000000100000
00000000000100000
00000000000000000
00000000000000000
00000000000000000
00000000000000000
00000000000000000
00000000000000000
STEP 1 P2 MOVE 6 11 6 13
OWN
00000000000100000
00000000000100000
00000000000100000
00000000000100000
00000000000000000
00000000000000000
00000000000222000
00000000000000000
00000000000000000
00000000000000000
STEP 2 P1 MOVE 2 15 4 15
OWN
00000000000100000
00000000000100000
00000000000100010
00000000000100010
00000000000000010
00000000000000000
00000000000222000
00000000000000000
00000000000000000
00000000000000000
STEP 3 P2 MOVE 3 7 3 9
OWN
00000000000100000
00000000000100000
00000000000100010
00000002220100010
00000000000000010
00000000000000000
00000000000222000
00000000000000000
00000000000000000
00000000000000000
STEP 4 P1 MOVE 4 3 4 5
OWN
00000000000100000
00000000000100000
00000000000100010
00000002220100010
00011100000000010
00000000000000000
00000000000222000
00000000000000000
00000000000000000
00000000000000000
STEP 5 P2 MOVE 4 7 5 7
OWN
00000000000100000
00000000000100000
00000000000100010
00000002220100010
00011102000000010
00000002000000000
00000000000222000
00000000000000000
00000000000000000
00000000000000000
STEP 6 P1 MOVE 7 4 7 6
OWN
00000000000100000
00000000000100000
00000000000100010
00000002220100010
00011102000000010
00000002000000000
00000000000222000
00001110000000000
00000000000000000
00000000000000000
STEP 7 P2 MOVE 0 0 2 0
OWN
20000000000100000
20000000000100000
20000000000100010
00000002220100010
00011102000000010
00000002000000000
00000000000222000
00001110000000000
00000000000000000
00000000000000000
STEP 8 P1 MOVE 0 2 0 3
OWN
20110000000100000
20000000000100000
20000000000100010
00000002220100010
00011102000000010
00000002000000000
00000000000222000
00001110000000000
00000000000000000
00000000000000000
STEP 9 P2 MOVE 0 6 0 7
OWN
20110022000100000
20000000000100000
20000000000100010
00000002220100010
00011102000000010
00000002000000000
00000000000222000
00001110000000000
00000000000000000
00000000000000000
STEP 10 P1 MOVE 1 7 2 7
OWN
20110022000100000
20000001000100000
20000001000100010
00000002220100010
00011102000000010
00000002000000000
00000000000222000
00001110000000000
00000000000000000
00000000000000000
STEP 11 P2 MOVE 9 13 9 14
OWN
20110022000100000
20000001000100000
20000001000100010
00000002220100010
00011102000000010
00000002000000000
00000000000222000
00001110000000000
00000000000000000
00000000000002200
STEP 12 P1 MOVE 6 3 7 3
OWN
20110022000100000
20000001000100000
20000001000100010
00000002220100010
00011102000000010
00000002000000000
00010000000222000
00011110000000000
00000000000000000
00000000000002200
STEP 13 P2 MOVE 2 4 3 4
OWN
20110022000100000
20000001000100000
20002001000100010
00002002220100010
00011102000000010
00000002000000000
00010000000222000
00011110000000000
00000000000000000
00000000000002200
STEP 14 P1 MOVE 4 1 4 2
OWN
20110022000100000
20000001000100000
20002001000100010
00002002220100010
01111102000000010
00000002000000000
00010000000222000
00011110000000000
00000000000000000
00000000000002200
STEP 15 P2 MOVE 0 8 1 8
OWN
20110022200100000
20000001200100000
20002001000100010
00002002220100010
01111102000000010
00000002000000000
00010000000222000
00011110000000000
00000000000000000
00000000000002200
STEP 16 P1 MOVE 3 3 3 5
OWN
20110022200100000
20000001200100000
20002001000100010
00011102220100010
01111102000000010
00000002000000000
00010000000222000
00011110000000000
00000000000000000
00000000000002200
STEP 17 P2 MOVE 0 9 1 9
OWN
20110022220100000
20000001220100000
20002001000100010
00011102220100010
01111102000000010
00000002000000000
00010000000222000
00011110000000000
00000000000000000
00000000000002200
STEP 18 P1 MOVE 0 10 1 10
OWN
20110022221100000
20000001221100000
20002001000100010
00011102220100010
01111102000000010
00000002000000000
00010000000222000
00011110000000000
00000000000000000
00000000000002200
STEP 19 P2 MOVE 0 12 1 12
OWN
20110022221120000
20000001221120000
20002001000100010
00011102220100010
01111102000000010
00000002000000000
00010000000222000
00011110000000000
00000000000000000
00000000000002200
STEP 20 P1 MOVE 0 13 1 13
OWN
20110022221121000
20000001221121000
20002001000100010
00011102220100010
01111102000000010
00000002000000000
00010000000222000
00011110000000000
00000000000000000
00000000000002200
STEP 21 P2 MOVE 0 14 0 15
OWN
20110022221121220
20000001221121000
20002001000100010
00011102220100010
01111102000000010
00000002000000000
00010000000222000
00011110000000000
00000000000000000
00000000000002200
STEP 22 P1 MOVE 1 16 2 16
OWN
20110022221121220
20000001221121001
20002001000100011
00011102220100010
01111102000000010
00000002000000000
00010000000222000
00011110000000000
00000000000000000
00000000000002200
STEP 23 P2 MOVE 7 1 7 2
OWN
20110022221121220
20000001221121001
20002001000100011
00011102220100010
01111102000000010
00000002000000000
00010000000222000
02211110000000000
00000000000000000
00000000000002200
STEP 24 P1 MOVE 8 13 8 14
OWN
20110022221121220
20000001221121001
20002001000100011
00011102220100010
01111102000000010
00000002000000000
00010000000222000
02211110000000000
00000000000001100
00000000000002200
STEP 25 P2 MOVE 8 3 9 3
OWN
20110022221121220
20000001221121001
20002001000100011
00011102220100010
01111102000000010
00000002000000000
00010000000222000
02211110000000000
00020000000001100
00020000000002200
STEP 26 P1 MOVE 9 5 9 6
OWN
20110022221121220
20000001221121001
20002001000100011
00011102220100010
01111102000000010
00000002000000000
00010000000222000
02211110000000000
00020000000001100
00020110000002200
STEP 27 P2 MOVE 9 4 9 7
OWN
20110022221121220
20000001221121001
20002001000100011
00011102220100010
01111102000000010
00000002000000000
00010000000222000
02211110000000000
00020000000001100
00022222000002200
STEP 28 P1 MOVE 8 2 8 5
OWN
20110022221121220
20000001221121001
20002001000100011
00011102220100010
01111102000000010
00000002000000000
00010000000222000
02211110000000000
00111100000001100
00022222000002200
STEP 29 P2 MOVE 3 2 3 6
OWN
20110022221121220
20000001221121001
20002001000100011
00222222220100010
01111102000000010
00000002000000000
00010000000222000
02211110000000000
00111100000001100
00022222000002200
STEP 30 P1 MOVE 3 1 4 6
OWN
20110022221121220
20000001221121001
20002001000100011
01111112220100010
01111112000000010
00000002000000000
00010000000222000
02211110000000000
00111100000001100
00022222000002200
STEP 31 P2 MOVE 2 2 5 2
OWN
20110022221121220
20000001221121001
20202001000100011
01211112220100010
01211112000000010
00200002000000000
00010000000222000
02211110000000000
00111100000001100
00022222000002200
STEP 32 P1 MOVE 7 8 7 9
OWN
20110022221121220
20000001221121001
20202001000100011
01211112220100010
01211112000000010
00200002000000000
00010000000222000
02211110110000000
00111100000001100
00022222000002200
STEP 33 P2 MOVE 6 9 9 9
OWN
20110022221121220
20000001221121001
20202001000100011
01211112220100010
01211112000000010
00200002000000000
00010000020222000
02211110120000000
00111100020001100
00022222020002200
STEP 34 P1 MOVE 8 6 8 8
OWN
20110022221121220
20000001221121001
20202001000100011
01211112220100010
01211112000000010
00200002000000000
00010000020222000
02211110120000000
00111111120001100
00022222020002200
STEP 35 P2 MOVE 8 11 9 11
OWN
20110022221121220
20000001221121001
20202001000100011
01211112220100010
01211112000000010
00200002000000000
00010000020222000
02211110120000000
00111111120201100
00022222020202200
STEP 36 P1 MOVE -1 -1 -1 -1
OWN
20110022221121220
20000001221121001
20202001000100011
01211112220100010
01211112000000010
00200002000000000
00010000020222000
02211110120000000
00111111120201100
00022222020202200
STEP 37 P2 MOVE -1 -1 -1 -1
OWN
20110022221121220
20000001221121001
20202001000100011
01211112220100010
01211112000000010
00200002000000000
00010000020222000
02211110120000000
00111111120201100
00022222020202200
RESULT first=42 second=41 winner=1
ANALYSIS winner=P1 score=42-41 reason=şóÄ­Ľ±Áˇ(+3) / Ľ±°řŔĚÁˇ steal(w/l)=7/8 neu(w/l)=43/40
