BOARD
56843921392333382
79372383534315539
43619857134498338
87176797112514928
46536676667385147
74315239197495635
26835422692484455
26637771541912192
35768637724597214
16416191974451594
STEP 0 P1 MOVE 3 8 3 12
OWN
00000000000000000
00000000000000000
00000000000000000
00000000111110000
00000000000000000
00000000000000000
00000000000000000
00000000000000000
00000000000000000
00000000000000000
STEP 1 P2 MOVE 0 11 1 12
OWN
00000000000220000
00000000000220000
00000000000000000
00000000111110000
00000000000000000
00000000000000000
00000000000000000
00000000000000000
00000000000000000
00000000000000000
STEP 2 P1 MOVE 2 1 2 3
OWN
00000000000220000
00000000000220000
01110000000000000
00000000111110000
00000000000000000
00000000000000000
00000000000000000
00000000000000000
00000000000000000
00000000000000000
STEP 3 P2 MOVE 9 11 9 13
OWN
00000000000220000
00000000000220000
01110000000000000
00000000111110000
00000000000000000
00000000000000000
00000000000000000
00000000000000000
00000000000000000
00000000000222000
STEP 4 P1 MOVE 7 16 9 16
OWN
00000000000220000
00000000000220000
01110000000000000
00000000111110000
00000000000000000
00000000000000000
00000000000000000
00000000000000001
00000000000000001
00000000000222001
STEP 5 P2 MOVE 8 15 9 15
OWN
00000000000220000
00000000000220000
01110000000000000
00000000111110000
00000000000000000
00000000000000000
00000000000000000
00000000000000001
00000000000000021
00000000000222021
STEP 6 P1 MOVE 4 3 7 3
OWN
00000000000220000
00000000000220000
01110000000000000
00000000111110000
00010000000000000
00010000000000000
00010000000000000
00010000000000001
00000000000000021
00000000000222021
STEP 7 P2 MOVE 5 2 5 5
OWN
00000000000220000
00000000000220000
01110000000000000
00000000111110000
00010000000000000
00222200000000000
00010000000000000
00010000000000001
00000000000000021
00000000000222021
STEP 8 P1 MOVE 4 0 4 1
OWN
00000000000220000
00000000000220000
01110000000000000
00000000111110000
11010000000000000
00222200000000000
00010000000000000
00010000000000001
00000000000000021
00000000000222021
STEP 9 P2 MOVE 7 12 8 12
OWN
00000000000220000
00000000000220000
01110000000000000
00000000111110000
11010000000000000
00222200000000000
00010000000000000
00010000000020001
00000000000020021
00000000000222021
STEP 10 P1 MOVE 9 5 9 6
OWN
00000000000220000
00000000000220000
01110000000000000
00000000111110000
11010000000000000
00222200000000000
00010000000000000
00010000000020001
00000000000020021
00000110000222021
STEP 11 P2 MOVE 5 7 5 8
OWN
00000000000220000
00000000000220000
01110000000000000
00000000111110000
11010000000000000
00222202200000000
00010000000000000
00010000000020001
00000000000020021
00000110000222021
STEP 12 P1 MOVE 6 6 6 8
OWN
00000000000220000
00000000000220000
01110000000000000
00000000111110000
11010000000000000
00222202200000000
00010011100000000
00010000000020001
00000000000020021
00000110000222021
STEP 13 P2 MOVE 4 5 6 5
OWN
00000000000220000
00000000000220000
01110000000000000
00000000111110000
11010200000000000
00222202200000000
00010211100000000
00010000000020001
00000000000020021
00000110000222021
STEP 14 P1 MOVE 7 7 7 9
OWN
00000000000220000
00000000000220000
01110000000000000
00000000111110000
11010200000000000
00222202200000000
00010211100000000
00010001110020001
00000000000020021
00000110000222021
STEP 15 P2 MOVE 5 10 7 10
OWN
00000000000220000
00000000000220000
01110000000000000
00000000111110000
11010200000000000
00222202202000000
00010211102000000
00010001112020001
00000000000020021
00000110000222021
STEP 16 P1 MOVE 5 16 6 16
OWN
00000000000220000
00000000000220000
01110000000000000
00000000111110000
11010200000000000
00222202202000001
00010211102000001
00010001112020001
00000000000020021
00000110000222021
STEP 17 P2 MOVE 0 6 1 6
OWN
00000020000220000
00000020000220000
01110000000000000
00000000111110000
11010200000000000
00222202202000001
00010211102000001
00010001112020001
00000000000020021
00000110000222021
STEP 18 P1 MOVE 4 6 5 6
OWN
00000020000220000
00000020000220000
01110000000000000
00000000111110000
11010210000000000
00222212202000001
00010211102000001
00010001112020001
00000000000020021
00000110000222021
STEP 19 P2 MOVE 0 15 0 16
OWN
00000020000220022
00000020000220000
01110000000000000
00000000111110000
11010210000000000
00222212202000001
00010211102000001
00010001112020001
00000000000020021
00000110000222021
STEP 20 P1 MOVE 8 6 8 7
OWN
00000020000220022
00000020000220000
01110000000000000
00000000111110000
11010210000000000
00222212202000001
00010211102000001
00010001112020001
00000011000020021
00000110000222021
STEP 21 P2 MOVE 4 10 4 11
OWN
00000020000220022
00000020000220000
01110000000000000
00000000111110000
11010210002200000
00222212202000001
00010211102000001
00010001112020001
00000011000020021
00000110000222021
STEP 22 P1 MOVE 1 2 1 3
OWN
00000020000220022
00110020000220000
01110000000000000
00000000111110000
11010210002200000
00222212202000001
00010211102000001
00010001112020001
00000011000020021
00000110000222021
STEP 23 P2 MOVE 3 14 4 14
OWN
00000020000220022
00110020000220000
01110000000000000
00000000111110200
11010210002200200
00222212202000001
00010211102000001
00010001112020001
00000011000020021
00000110000222021
STEP 24 P1 MOVE 5 14 6 14
OWN
00000020000220022
00110020000220000
01110000000000000
00000000111110200
11010210002200200
00222212202000101
00010211102000101
00010001112020001
00000011000020021
00000110000222021
STEP 25 P2 MOVE 9 1 9 2
OWN
00000020000220022
00110020000220000
01110000000000000
00000000111110200
11010210002200200
00222212202000101
00010211102000101
00010001112020001
00000011000020021
02200110000222021
STEP 26 P1 MOVE 9 7 9 8
OWN
00000020000220022
00110020000220000
01110000000000000
00000000111110200
11010210002200200
00222212202000101
00010211102000101
00010001112020001
00000011000020021
02200111100222021
STEP 27 P2 MOVE 0 10 2 10
OWN
00000020002220022
00110020002220000
01110000002000000
00000000111110200
11010210002200200
00222212202000101
00010211102000101
00010001112020001
00000011000020021
02200111100222021
STEP 28 P1 MOVE 1 13 1 14
OWN
00000020002220022
00110020002221100
01110000002000000
00000000111110200
11010210002200200
00222212202000101
00010211102000101
00010001112020001
00000011000020021
02200111100222021
STEP 29 P2 MOVE 0 5 0 7
OWN
00000222002220022
00110020002221100
01110000002000000
00000000111110200
11010210002200200
00222212202000101
00010211102000101
00010001112020001
00000011000020021
02200111100222021
STEP 30 P1 MOVE 1 7 2 7
OWN
00000222002220022
00110021002221100
01110001002000000
00000000111110200
11010210002200200
00222212202000101
00010211102000101
00010001112020001
00000011000020021
02200111100222021
STEP 31 P2 MOVE 3 15 3 16
OWN
00000222002220022
00110021002221100
01110001002000000
00000000111110222
11010210002200200
00222212202000101
00010211102000101
00010001112020001
00000011000020021
02200111100222021
STEP 32 P1 MOVE 2 15 5 15
OWN
00000222002220022
00110021002221100
01110001002000010
00000000111110212
11010210002200210
00222212202000111
00010211102000101
00010001112020001
00000011000020021
02200111100222021
STEP 33 P2 MOVE 0 3 0 8
OWN
00022222202220022
00110021002221100
01110001002000010
00000000111110212
11010210002200210
00222212202000111
00010211102000101
00010001112020001
00000011000020021
02200111100222021
STEP 34 P1 MOVE 1 4 1 8
OWN
00022222202220022
00111111102221100
01110001002000010
00000000111110212
11010210002200210
00222212202000111
00010211102000101
00010001112020001
00000011000020021
02200111100222021
STEP 35 P2 MOVE 1 9 2 11
OWN
00022222202220022
00111111122221100
01110001022200010
00000000111110212
11010210002200210
00222212202000111
00010211102000101
00010001112020001
00000011000020021
02200111100222021
STEP 36 P1 MOVE 2 8 2 12
OWN
00022222202220022
00111111122221100
01110001111110010
00000000111110212
11010210002200210
00222212202000111
00010211102000101
00010001112020001
00000011000020021
02200111100222021
STEP 37 P2 MOVE 5 1 6 1
OWN
00022222202220022
00111111122221100
01110001111110010
00000000111110212
11010210002200210
02222212202000111
02010211102000101
00010001112020001
00000011000020021
02200111100222021
STEP 38 P1 MOVE 6 0 6 2
OWN
00022222202220022
00111111122221100
01110001111110010
00000000111110212
11010210002200210
02222212202000111
11110211102000101
00010001112020001
00000011000020021
02200111100222021
STEP 39 P2 MOVE -1 -1 -1 -1
OWN
00022222202220022
00111111122221100
01110001111110010
00000000111110212
11010210002200210
02222212202000111
11110211102000101
00010001112020001
00000011000020021
02200111100222021
STEP 40 P1 MOVE -1 -1 -1 -1
OWN
00022222202220022
00111111122221100
01110001111110010
00000000111110212
11010210002200210
02222212202000111
11110211102000101
00010001112020001
00000011000020021
02200111100222021
RESULT first=56 second=41 winner=1
ANALYSIS winner=P1 score=56-41 reason=Ĺ»ĂëżěŔ§(+5Ä­ »©ľŃŔ˝,2ąčČż°ú) / şóÄ­Ľ±Áˇ(+5) steal(w/l)=6/1 neu(w/l)=51/46
