BOARD
94417486996745591
94957835646813737
32711279514866874
92377285396259274
44232982227529937
27646627188691178
16297677274314362
51174627854241642
57573443931416818
27796939466342669
STEP 0 P1 MOVE 4 2 6 2
OWN
00000000000000000
00000000000000000
00000000000000000
00000000000000000
00100000000000000
00100000000000000
00100000000000000
00000000000000000
00000000000000000
00000000000000000
STEP 1 P2 MOVE 2 8 2 10
OWN
00000000000000000
00000000000000000
00000000222000000
00000000000000000
00100000000000000
00100000000000000
00100000000000000
00000000000000000
00000000000000000
00000000000000000
STEP 2 P1 MOVE 5 6 5 8
OWN
00000000000000000
00000000000000000
00000000222000000
00000000000000000
00100000000000000
00100011100000000
00100000000000000
00000000000000000
00000000000000000
00000000000000000
STEP 3 P2 MOVE 5 14 7 14
OWN
00000000000000000
00000000000000000
00000000222000000
00000000000000000
00100000000000000
00100011100000200
00100000000000200
00000000000000200
00000000000000000
00000000000000000
STEP 4 P1 MOVE 1 6 2 6
OWN
00000000000000000
00000010000000000
00000010222000000
00000000000000000
00100000000000000
00100011100000200
00100000000000200
00000000000000200
00000000000000000
00000000000000000
STEP 5 P2 MOVE 1 15 2 15
OWN
00000000000000000
00000010000000020
00000010222000020
00000000000000000
00100000000000000
00100011100000200
00100000000000200
00000000000000200
00000000000000000
00000000000000000
STEP 6 P1 MOVE 5 16 6 16
OWN
00000000000000000
00000010000000020
00000010222000020
00000000000000000
00100000000000000
00100011100000201
00100000000000201
00000000000000200
00000000000000000
00000000000000000
STEP 7 P2 MOVE 1 9 1 10
OWN
00000000000000000
00000010022000020
00000010222000020
00000000000000000
00100000000000000
00100011100000201
00100000000000201
00000000000000200
00000000000000000
00000000000000000
STEP 8 P1 MOVE 4 15 5 15
OWN
00000000000000000
00000010022000020
00000010222000020
00000000000000000
00100000000000010
00100011100000211
00100000000000201
00000000000000200
00000000000000000
00000000000000000
STEP 9 P2 MOVE 2 11 3 11
OWN
00000000000000000
00000010022000020
00000010222200020
00000000000200000
00100000000000010
00100011100000211
00100000000000201
00000000000000200
00000000000000000
00000000000000000
STEP 10 P1 MOVE 2 4 4 4
OWN
00000000000000000
00000010022000020
00001010222200020
00001000000200000
00101000000000010
00100011100000211
00100000000000201
00000000000000200
00000000000000000
00000000000000000
STEP 11 P2 MOVE 2 2 2 5
OWN
00000000000000000
00000010022000020
00222210222200020
00001000000200000
00101000000000010
00100011100000211
00100000000000201
00000000000000200
00000000000000000
00000000000000000
STEP 12 P1 MOVE 0 1 2 1
OWN
01000000000000000
01000010022000020
01222210222200020
00001000000200000
00101000000000010
00100011100000211
00100000000000201
00000000000000200
00000000000000000
00000000000000000
STEP 13 P2 MOVE 3 5 3 6
OWN
01000000000000000
01000010022000020
01222210222200020
00001220000200000
00101000000000010
00100011100000211
00100000000000201
00000000000000200
00000000000000000
00000000000000000
STEP 14 P1 MOVE 2 14 3 14
OWN
01000000000000000
01000010022000020
01222210222200120
00001220000200100
00101000000000010
00100011100000211
00100000000000201
00000000000000200
00000000000000000
00000000000000000
STEP 15 P2 MOVE 7 0 8 0
OWN
01000000000000000
01000010022000020
01222210222200120
00001220000200100
00101000000000010
00100011100000211
00100000000000201
20000000000000200
20000000000000000
00000000000000000
STEP 16 P1 MOVE 4 9 5 9
OWN
01000000000000000
01000010022000020
01222210222200120
00001220000200100
00101000010000010
00100011110000211
00100000000000201
20000000000000200
20000000000000000
00000000000000000
STEP 17 P2 MOVE 5 3 5 4
OWN
01000000000000000
01000010022000020
01222210222200120
00001220000200100
00101000010000010
00122011110000211
00100000000000201
20000000000000200
20000000000000000
00000000000000000
STEP 18 P1 MOVE 0 13 0 14
OWN
01000000000001100
01000010022000020
01222210222200120
00001220000200100
00101000010000010
00122011110000211
00100000000000201
20000000000000200
20000000000000000
00000000000000000
STEP 19 P2 MOVE 6 12 9 12
OWN
01000000000001100
01000010022000020
01222210222200120
00001220000200100
00101000010000010
00122011110000211
00100000000020201
20000000000020200
20000000000020000
00000000000020000
STEP 20 P1 MOVE 7 16 8 16
OWN
01000000000001100
01000010022000020
01222210222200120
00001220000200100
00101000010000010
00122011110000211
00100000000020201
20000000000020201
20000000000020001
00000000000020000
STEP 21 P2 MOVE 4 13 5 13
OWN
01000000000001100
01000010022000020
01222210222200120
00001220000200100
00101000010002010
00122011110002211
00100000000020201
20000000000020201
20000000000020001
00000000000020000
STEP 22 P1 MOVE 8 11 8 13
OWN
01000000000001100
01000010022000020
01222210222200120
00001220000200100
00101000010002010
00122011110002211
00100000000020201
20000000000020201
20000000000111001
00000000000020000
STEP 23 P2 MOVE 8 10 8 15
OWN
01000000000001100
01000010022000020
01222210222200120
00001220000200100
00101000010002010
00122011110002211
00100000000020201
20000000000020201
20000000002222221
00000000000020000
STEP 24 P1 MOVE 7 15 9 15
OWN
01000000000001100
01000010022000020
01222210222200120
00001220000200100
00101000010002010
00122011110002211
00100000000020201
20000000000020211
20000000002222211
00000000000020010
STEP 25 P2 MOVE 7 10 9 10
OWN
01000000000001100
01000010022000020
01222210222200120
00001220000200100
00101000010002010
00122011110002211
00100000000020201
20000000002020211
20000000002222211
00000000002020010
STEP 26 P1 MOVE 6 8 7 8
OWN
01000000000001100
01000010022000020
01222210222200120
00001220000200100
00101000010002010
00122011110002211
00100000100020201
20000000102020211
20000000002222211
00000000002020010
STEP 27 P2 MOVE 3 3 4 3
OWN
01000000000001100
01000010022000020
01222210222200120
00021220000200100
00121000010002010
00122011110002211
00100000100020201
20000000102020211
20000000002222211
00000000002020010
STEP 28 P1 MOVE 3 1 3 7
OWN
01000000000001100
01000010022000020
01222210222200120
01111111000200100
00121000010002010
00122011110002211
00100000100020201
20000000102020211
20000000002222211
00000000002020010
STEP 29 P2 MOVE 1 2 7 2
OWN
01000000000001100
01200010022000020
01222210222200120
01211111000200100
00221000010002010
00222011110002211
00200000100020201
20200000102020211
20000000002222211
00000000002020010
STEP 30 P1 MOVE 0 2 1 3
OWN
01110000000001100
01110010022000020
01222210222200120
01211111000200100
00221000010002010
00222011110002211
00200000100020201
20200000102020211
20000000002222211
00000000002020010
STEP 31 P2 MOVE 8 3 8 4
OWN
01110000000001100
01110010022000020
01222210222200120
01211111000200100
00221000010002010
00222011110002211
00200000100020201
20200000102020211
20022000002222211
00000000002020010
STEP 32 P1 MOVE 7 9 8 11
OWN
01110000000001100
01110010022000020
01222210222200120
01211111000200100
00221000010002010
00222011110002211
00200000100020201
20200000111120211
20022000011122211
00000000002020010
STEP 33 P2 MOVE 7 4 9 4
OWN
01110000000001100
01110010022000020
01222210222200120
01211111000200100
00221000010002010
00222011110002211
00200000100020201
20202000111120211
20022000011122211
00002000002020010
STEP 34 P1 MOVE 7 8 8 13
OWN
01110000000001100
01110010022000020
01222210222200120
01211111000200100
00221000010002010
00222011110002211
00200000100020201
20202000111111211
20022000111111211
00002000002020010
STEP 35 P2 MOVE 6 10 9 11
OWN
01110000000001100
01110010022000020
01222210222200120
01211111000200100
00221000010002010
00222011110002211
00200000102220201
20202000112211211
20022000112211211
00002000002220010
STEP 36 P1 MOVE 6 13 6 15
OWN
01110000000001100
01110010022000020
01222210222200120
01211111000200100
00221000010002010
00222011110002211
00200000102221111
20202000112211211
20022000112211211
00002000002220010
STEP 37 P2 MOVE 2 13 2 16
OWN
01110000000001100
01110010022000020
01222210222202222
01211111000200100
00221000010002010
00222011110002211
00200000102221111
20202000112211211
20022000112211211
00002000002220010
STEP 38 P1 MOVE 1 12 2 13
OWN
01110000000001100
01110010022011020
01222210222211222
01211111000200100
00221000010002010
00222011110002211
00200000102221111
20202000112211211
20022000112211211
00002000002220010
STEP 39 P2 MOVE 0 15 0 16
OWN
01110000000001122
01110010022011020
01222210222211222
01211111000200100
00221000010002010
00222011110002211
00200000102221111
20202000112211211
20022000112211211
00002000002220010
STEP 40 P1 MOVE 4 6 4 7
OWN
01110000000001122
01110010022011020
01222210222211222
01211111000200100
00221011010002010
00222011110002211
00200000102221111
20202000112211211
20022000112211211
00002000002220010
STEP 41 P2 MOVE 7 7 8 7
OWN
01110000000001122
01110010022011020
01222210222211222
01211111000200100
00221011010002010
00222011110002211
00200000102221111
20202002112211211
20022002112211211
00002000002220010
STEP 42 P1 MOVE 9 8 9 9
OWN
01110000000001122
01110010022011020
01222210222211222
01211111000200100
00221011010002010
00222011110002211
00200000102221111
20202002112211211
20022002112211211
00002000112220010
STEP 43 P2 MOVE -1 -1 -1 -1
OWN
01110000000001122
01110010022011020
01222210222211222
01211111000200100
00221011010002010
00222011110002211
00200000102221111
20202002112211211
20022002112211211
00002000112220010
STEP 44 P1 MOVE -1 -1 -1 -1
OWN
01110000000001122
01110010022011020
01222210222211222
01211111000200100
00221011010002010
00222011110002211
00200000102221111
20202002112211211
20022002112211211
00002000112220010
RESULT first=53 second=48 winner=1
ANALYSIS winner=P1 score=53-48 reason=şóÄ­Ľ±Áˇ(+3) steal(w/l)=14/13 neu(w/l)=52/49
