BOARD
71991477816683445
58219465523794975
38541446122547253
68263854395582165
91117649628833489
57431166124369639
95364598727658155
68974182458982728
83264682886242581
83119732494556872
STEP 0 P1 MOVE 3 2 4 3
OWN
00000000000000000
00000000000000000
00000000000000000
00110000000000000
00110000000000000
00000000000000000
00000000000000000
00000000000000000
00000000000000000
00000000000000000
STEP 1 P2 MOVE 3 13 4 14
OWN
00000000000000000
00000000000000000
00000000000000000
00110000000002200
00110000000002200
00000000000000000
00000000000000000
00000000000000000
00000000000000000
00000000000000000
STEP 2 P1 MOVE 5 8 5 11
OWN
00000000000000000
00000000000000000
00000000000000000
00110000000002200
00110000000002200
00000000111100000
00000000000000000
00000000000000000
00000000000000000
00000000000000000
STEP 3 P2 MOVE 8 2 9 3
OWN
00000000000000000
00000000000000000
00000000000000000
00110000000002200
00110000000002200
00000000111100000
00000000000000000
00000000000000000
00220000000000000
00220000000000000
STEP 4 P1 MOVE 1 8 1 10
OWN
00000000000000000
00000000111000000
00000000000000000
00110000000002200
00110000000002200
00000000111100000
00000000000000000
00000000000000000
00220000000000000
00220000000000000
STEP 5 P2 MOVE 1 3 1 4
OWN
00000000000000000
00022000111000000
00000000000000000
00110000000002200
00110000000002200
00000000111100000
00000000000000000
00000000000000000
00220000000000000
00220000000000000
STEP 6 P1 MOVE 2 11 3 11
OWN
00000000000000000
00022000111000000
00000000000100000
00110000000102200
00110000000002200
00000000111100000
00000000000000000
00000000000000000
00220000000000000
00220000000000000
STEP 7 P2 MOVE 5 15 7 15
OWN
00000000000000000
00022000111000000
00000000000100000
00110000000102200
00110000000002200
00000000111100020
00000000000000020
00000000000000020
00220000000000000
00220000000000000
STEP 8 P1 MOVE 7 13 9 13
OWN
00000000000000000
00022000111000000
00000000000100000
00110000000102200
00110000000002200
00000000111100020
00000000000000020
00000000000001020
00220000000001000
00220000000001000
STEP 9 P2 MOVE 4 6 5 6
OWN
00000000000000000
00022000111000000
00000000000100000
00110000000102200
00110020000002200
00000020111100020
00000000000000020
00000000000001020
00220000000001000
00220000000001000
STEP 10 P1 MOVE 1 6 2 6
OWN
00000000000000000
00022010111000000
00000010000100000
00110000000102200
00110020000002200
00000020111100020
00000000000000020
00000000000001020
00220000000001000
00220000000001000
STEP 11 P2 MOVE 4 0 4 1
OWN
00000000000000000
00022010111000000
00000010000100000
00110000000102200
22110020000002200
00000020111100020
00000000000000020
00000000000001020
00220000000001000
00220000000001000
STEP 12 P1 MOVE 0 3 0 4
OWN
00011000000000000
00022010111000000
00000010000100000
00110000000102200
22110020000002200
00000020111100020
00000000000000020
00000000000001020
00220000000001000
00220000000001000
STEP 13 P2 MOVE 4 9 4 10
OWN
00011000000000000
00022010111000000
00000010000100000
00110000000102200
22110020022002200
00000020111100020
00000000000000020
00000000000001020
00220000000001000
00220000000001000
STEP 14 P1 MOVE 9 11 9 12
OWN
00011000000000000
00022010111000000
00000010000100000
00110000000102200
22110020022002200
00000020111100020
00000000000000020
00000000000001020
00220000000001000
00220000000111000
STEP 15 P2 MOVE 2 8 4 8
OWN
00011000000000000
00022010111000000
00000010200100000
00110000200102200
22110020222002200
00000020111100020
00000000000000020
00000000000001020
00220000000001000
00220000000111000
STEP 16 P1 MOVE 8 6 8 7
OWN
00011000000000000
00022010111000000
00000010200100000
00110000200102200
22110020222002200
00000020111100020
00000000000000020
00000000000001020
00220011000001000
00220000000111000
STEP 17 P2 MOVE 6 7 7 7
OWN
00011000000000000
00022010111000000
00000010200100000
00110000200102200
22110020222002200
00000020111100020
00000002000000020
00000002000001020
00220011000001000
00220000000111000
STEP 18 P1 MOVE 8 4 8 5
OWN
00011000000000000
00022010111000000
00000010200100000
00110000200102200
22110020222002200
00000020111100020
00000002000000020
00000002000001020
00221111000001000
00220000000111000
STEP 19 P2 MOVE 2 7 3 7
OWN
00011000000000000
00022010111000000
00000012200100000
00110002200102200
22110020222002200
00000020111100020
00000002000000020
00000002000001020
00221111000001000
00220000000111000
STEP 20 P1 MOVE 2 14 2 16
OWN
00011000000000000
00022010111000000
00000012200100111
00110002200102200
22110020222002200
00000020111100020
00000002000000020
00000002000001020
00221111000001000
00220000000111000
STEP 21 P2 MOVE 9 5 9 6
OWN
00011000000000000
00022010111000000
00000012200100111
00110002200102200
22110020222002200
00000020111100020
00000002000000020
00000002000001020
00221111000001000
00220220000111000
STEP 22 P1 MOVE 7 6 9 7
OWN
00011000000000000
00022010111000000
00000012200100111
00110002200102200
22110020222002200
00000020111100020
00000002000000020
00000011000001020
00221111000001000
00220211000111000
STEP 23 P2 MOVE 1 6 3 7
OWN
00011000000000000
00022022111000000
00000022200100111
00110022200102200
22110020222002200
00000020111100020
00000002000000020
00000011000001020
00221111000001000
00220211000111000
STEP 24 P1 MOVE 0 16 1 16
OWN
00011000000000001
00022022111000001
00000022200100111
00110022200102200
22110020222002200
00000020111100020
00000002000000020
00000011000001020
00221111000001000
00220211000111000
STEP 25 P2 MOVE 7 5 7 9
OWN
00011000000000001
00022022111000001
00000022200100111
00110022200102200
22110020222002200
00000020111100020
00000002000000020
00000222220001020
00221111000001000
00220211000111000
STEP 26 P1 MOVE 6 9 8 9
OWN
00011000000000001
00022022111000001
00000022200100111
00110022200102200
22110020222002200
00000020111100020
00000002010000020
00000222210001020
00221111010001000
00220211000111000
STEP 27 P2 MOVE 3 4 4 4
OWN
00011000000000001
00022022111000001
00000022200100111
00112022200102200
22112020222002200
00000020111100020
00000002010000020
00000222210001020
00221111010001000
00220211000111000
STEP 28 P1 MOVE 6 3 6 4
OWN
00011000000000001
00022022111000001
00000022200100111
00112022200102200
22112020222002200
00000020111100020
00011002010000020
00000222210001020
00221111010001000
00220211000111000
STEP 29 P2 MOVE 5 2 6 3
OWN
00011000000000001
00022022111000001
00000022200100111
00112022200102200
22112020222002200
00220020111100020
00221002010000020
00000222210001020
00221111010001000
00220211000111000
STEP 30 P1 MOVE 6 1 6 5
OWN
00011000000000001
00022022111000001
00000022200100111
00112022200102200
22112020222002200
00220020111100020
01111102010000020
00000222210001020
00221111010001000
00220211000111000
STEP 31 P2 MOVE 5 5 6 6
OWN
00011000000000001
00022022111000001
00000022200100111
00112022200102200
22112020222002200
00220220111100020
01111222010000020
00000222210001020
00221111010001000
00220211000111000
STEP 32 P1 MOVE 2 2 2 4
OWN
00011000000000001
00022022111000001
00111022200100111
00112022200102200
22112020222002200
00220220111100020
01111222010000020
00000222210001020
00221111010001000
00220211000111000
STEP 33 P2 MOVE 1 5 2 9
OWN
00011000000000001
00022222221000001
00111222220100111
00112022200102200
22112020222002200
00220220111100020
01111222010000020
00000222210001020
00221111010001000
00220211000111000
STEP 34 P1 MOVE 2 1 2 10
OWN
00011000000000001
00022222221000001
01111111111100111
00112022200102200
22112020222002200
00220220111100020
01111222010000020
00000222210001020
00221111010001000
00220211000111000
STEP 35 P2 MOVE 0 9 3 9
OWN
00011000020000001
00022222221000001
01111111121100111
00112022220102200
22112020222002200
00220220111100020
01111222010000020
00000222210001020
00221111010001000
00220211000111000
STEP 36 P1 MOVE 1 1 1 2
OWN
00011000020000001
01122222221000001
01111111121100111
00112022220102200
22112020222002200
00220220111100020
01111222010000020
00000222210001020
00221111010001000
00220211000111000
STEP 37 P2 MOVE 0 2 5 4
OWN
00222000020000001
01222222221000001
01222111121100111
00222022220102200
22222020222002200
00222220111100020
01111222010000020
00000222210001020
00221111010001000
00220211000111000
STEP 38 P1 MOVE 5 4 7 7
OWN
00222000020000001
01222222221000001
01222111121100111
00222022220102200
22222020222002200
00221111111100020
01111111010000020
00001111210001020
00221111010001000
00220211000111000
STEP 39 P2 MOVE -1 -1 -1 -1
OWN
00222000020000001
01222222221000001
01222111121100111
00222022220102200
22222020222002200
00221111111100020
01111111010000020
00001111210001020
00221111010001000
00220211000111000
STEP 40 P1 MOVE -1 -1 -1 -1
OWN
00222000020000001
01222222221000001
01222111121100111
00222022220102200
22222020222002200
00221111111100020
01111111010000020
00001111210001020
00221111010001000
00220211000111000
RESULT first=48 second=47 winner=1
ANALYSIS winner=P1 score=48-47 reason=摹奢檜薄 steal(w/l)=19/19 neu(w/l)=48/47
