BOARD
81979776944271666
11678222773239819
79168378576984984
54471454482397551
91917433826148122
72145847735525938
92859547774187244
94718646347569366
88965521176373635
19768969233349989
STEP 0 P1 MOVE 3 15 4 16
OWN
00000000000000000
00000000000000000
00000000000000000
00000000000000011
00000000000000011
00000000000000000
00000000000000000
00000000000000000
00000000000000000
00000000000000000
STEP 1 P2 MOVE 6 14 6 16
OWN
00000000000000000
00000000000000000
00000000000000000
00000000000000011
00000000000000011
00000000000000000
00000000000000222
00000000000000000
00000000000000000
00000000000000000
STEP 2 P1 MOVE 4 3 6 3
OWN
00000000000000000
00000000000000000
00000000000000000
00000000000000011
00010000000000011
00010000000000000
00010000000000222
00000000000000000
00000000000000000
00000000000000000
STEP 3 P2 MOVE 3 11 6 11
OWN
00000000000000000
00000000000000000
00000000000000000
00000000000200011
00010000000200011
00010000000200000
00010000000200222
00000000000000000
00000000000000000
00000000000000000
STEP 4 P1 MOVE 5 9 5 12
OWN
00000000000000000
00000000000000000
00000000000000000
00000000000200011
00010000000200011
00010000011110000
00010000000200222
00000000000000000
00000000000000000
00000000000000000
STEP 5 P2 MOVE 4 5 4 7
OWN
00000000000000000
00000000000000000
00000000000000000
00000000000200011
00010222000200011
00010000011110000
00010000000200222
00000000000000000
00000000000000000
00000000000000000
STEP 6 P1 MOVE 4 10 6 10
OWN
00000000000000000
00000000000000000
00000000000000000
00000000000200011
00010222001200011
00010000011110000
00010000001200222
00000000000000000
00000000000000000
00000000000000000
STEP 7 P2 MOVE 3 4 3 6
OWN
00000000000000000
00000000000000000
00000000000000000
00002220000200011
00010222001200011
00010000011110000
00010000001200222
00000000000000000
00000000000000000
00000000000000000
STEP 8 P1 MOVE 5 0 5 2
OWN
00000000000000000
00000000000000000
00000000000000000
00002220000200011
00010222001200011
11110000011110000
00010000001200222
00000000000000000
00000000000000000
00000000000000000
STEP 9 P2 MOVE 0 9 0 11
OWN
00000000022200000
00000000000000000
00000000000000000
00002220000200011
00010222001200011
11110000011110000
00010000001200222
00000000000000000
00000000000000000
00000000000000000
STEP 10 P1 MOVE 9 10 9 12
OWN
00000000022200000
00000000000000000
00000000000000000
00002220000200011
00010222001200011
11110000011110000
00010000001200222
00000000000000000
00000000000000000
00000000001110000
STEP 11 P2 MOVE 6 1 6 2
OWN
00000000022200000
00000000000000000
00000000000000000
00002220000200011
00010222001200011
11110000011110000
02210000001200222
00000000000000000
00000000000000000
00000000001110000
STEP 12 P1 MOVE 4 0 4 1
OWN
00000000022200000
00000000000000000
00000000000000000
00002220000200011
11010222001200011
11110000011110000
02210000001200222
00000000000000000
00000000000000000
00000000001110000
STEP 13 P2 MOVE 9 0 9 1
OWN
00000000022200000
00000000000000000
00000000000000000
00002220000200011
11010222001200011
11110000011110000
02210000001200222
00000000000000000
00000000000000000
22000000001110000
STEP 14 P1 MOVE 3 9 3 10
OWN
00000000022200000
00000000000000000
00000000000000000
00002220011200011
11010222001200011
11110000011110000
02210000001200222
00000000000000000
00000000000000000
22000000001110000
STEP 15 P2 MOVE 8 12 8 13
OWN
00000000022200000
00000000000000000
00000000000000000
00002220011200011
11010222001200011
11110000011110000
02210000001200222
00000000000000000
00000000000022000
22000000001110000
STEP 16 P1 MOVE 1 9 1 10
OWN
00000000022200000
00000000011000000
00000000000000000
00002220011200011
11010222001200011
11110000011110000
02210000001200222
00000000000000000
00000000000022000
22000000001110000
STEP 17 P2 MOVE 8 7 9 7
OWN
00000000022200000
00000000011000000
00000000000000000
00002220011200011
11010222001200011
11110000011110000
02210000001200222
00000000000000000
00000002000022000
22000002001110000
STEP 18 P1 MOVE 8 6 8 9
OWN
00000000022200000
00000000011000000
00000000000000000
00002220011200011
11010222001200011
11110000011110000
02210000001200222
00000000000000000
00000011110022000
22000002001110000
STEP 19 P2 MOVE 4 8 4 9
OWN
00000000022200000
00000000011000000
00000000000000000
00002220011200011
11010222221200011
11110000011110000
02210000001200222
00000000000000000
00000011110022000
22000002001110000
STEP 20 P1 MOVE 7 6 9 6
OWN
00000000022200000
00000000011000000
00000000000000000
00002220011200011
11010222221200011
11110000011110000
02210000001200222
00000010000000000
00000011110022000
22000012001110000
STEP 21 P2 MOVE 6 8 7 8
OWN
00000000022200000
00000000011000000
00000000000000000
00002220011200011
11010222221200011
11110000011110000
02210000201200222
00000010200000000
00000011110022000
22000012001110000
STEP 22 P1 MOVE 2 5 2 6
OWN
00000000022200000
00000000011000000
00000110000000000
00002220011200011
11010222221200011
11110000011110000
02210000201200222
00000010200000000
00000011110022000
22000012001110000
STEP 23 P2 MOVE 1 6 6 6
OWN
00000000022200000
00000020011000000
00000120000000000
00002220011200011
11010222221200011
11110020011110000
02210020201200222
00000010200000000
00000011110022000
22000012001110000
STEP 24 P1 MOVE 1 5 5 5
OWN
00000000022200000
00000120011000000
00000120000000000
00002120011200011
11010122221200011
11110120011110000
02210020201200222
00000010200000000
00000011110022000
22000012001110000
STEP 25 P2 MOVE 1 4 1 7
OWN
00000000022200000
00002222011000000
00000120000000000
00002120011200011
11010122221200011
11110120011110000
02210020201200222
00000010200000000
00000011110022000
22000012001110000
STEP 26 P1 MOVE 4 14 5 14
OWN
00000000022200000
00002222011000000
00000120000000000
00002120011200011
11010122221200111
11110120011110100
02210020201200222
00000010200000000
00000011110022000
22000012001110000
STEP 27 P2 MOVE 1 15 1 16
OWN
00000000022200000
00002222011000022
00000120000000000
00002120011200011
11010122221200111
11110120011110100
02210020201200222
00000010200000000
00000011110022000
22000012001110000
STEP 28 P1 MOVE 0 16 2 16
OWN
00000000022200001
00002222011000021
00000120000000001
00002120011200011
11010122221200111
11110120011110100
02210020201200222
00000010200000000
00000011110022000
22000012001110000
STEP 29 P2 MOVE 8 4 8 5
OWN
00000000022200001
00002222011000021
00000120000000001
00002120011200011
11010122221200111
11110120011110100
02210020201200222
00000010200000000
00002211110022000
22000012001110000
STEP 30 P1 MOVE 0 13 1 13
OWN
00000000022201001
00002222011001021
00000120000000001
00002120011200011
11010122221200111
11110120011110100
02210020201200222
00000010200000000
00002211110022000
22000012001110000
STEP 31 P2 MOVE 2 1 2 2
OWN
00000000022201001
00002222011001021
02200120000000001
00002120011200011
11010122221200111
11110120011110100
02210020201200222
00000010200000000
00002211110022000
22000012001110000
STEP 32 P1 MOVE 0 1 7 1
OWN
01000000022201001
01002222011001021
01200120000000001
01002120011200011
11010122221200111
11110120011110100
01210020201200222
01000010200000000
00002211110022000
22000012001110000
STEP 33 P2 MOVE 0 12 1 12
OWN
01000000022221001
01002222011021021
01200120000000001
01002120011200011
11010122221200111
11110120011110100
01210020201200222
01000010200000000
00002211110022000
22000012001110000
STEP 34 P1 MOVE 7 7 7 9
OWN
01000000022221001
01002222011021021
01200120000000001
01002120011200011
11010122221200111
11110120011110100
01210020201200222
01000011110000000
00002211110022000
22000012001110000
STEP 35 P2 MOVE 6 9 9 9
OWN
01000000022221001
01002222011021021
01200120000000001
01002120011200011
11010122221200111
11110120011110100
01210020221200222
01000011120000000
00002211120022000
22000012021110000
STEP 36 P1 MOVE 1 11 1 14
OWN
01000000022221001
01002222011111121
01200120000000001
01002120011200011
11010122221200111
11110120011110100
01210020221200222
01000011120000000
00002211120022000
22000012021110000
STEP 37 P2 MOVE 1 2 3 2
OWN
01000000022221001
01202222011111121
01200120000000001
01202120011200011
11010122221200111
11110120011110100
01210020221200222
01000011120000000
00002211120022000
22000012021110000
STEP 38 P1 MOVE -1 -1 -1 -1
OWN
01000000022221001
01202222011111121
01200120000000001
01202120011200011
11010122221200111
11110120011110100
01210020221200222
01000011120000000
00002211120022000
22000012021110000
STEP 39 P2 MOVE -1 -1 -1 -1
OWN
01000000022221001
01202222011111121
01200120000000001
01202120011200011
11010122221200111
11110120011110100
01210020221200222
01000011120000000
00002211120022000
22000012021110000
RESULT first=52 second=40 winner=1
ANALYSIS winner=P1 score=52-40 reason=Ĺ»ĂëżěŔ§(+5Ä­ »©ľŃŔ˝,2ąčČż°ú) steal(w/l)=9/4 neu(w/l)=47/45
