BOARD
53719779765115675
18127576982895778
97823923756381781
25717633329457141
21833197168123479
96654859967545618
19614246684638874
32768355811926735
86968775772962926
48227677583461483
STEP 0 P1 MOVE 4 11 4 14
OWN
00000000000000000
00000000000000000
00000000000000000
00000000000000000
00000000000111100
00000000000000000
00000000000000000
00000000000000000
00000000000000000
00000000000000000
STEP 1 P2 MOVE 3 0 4 1
OWN
00000000000000000
00000000000000000
00000000000000000
22000000000000000
22000000000111100
00000000000000000
00000000000000000
00000000000000000
00000000000000000
00000000000000000
STEP 2 P1 MOVE 6 10 9 10
OWN
00000000000000000
00000000000000000
00000000000000000
22000000000000000
22000000000111100
00000000000000000
00000000001000000
00000000001000000
00000000001000000
00000000001000000
STEP 3 P2 MOVE 1 2 1 4
OWN
00000000000000000
00222000000000000
00000000000000000
22000000000000000
22000000000111100
00000000000000000
00000000001000000
00000000001000000
00000000001000000
00000000001000000
STEP 4 P1 MOVE 1 16 3 16
OWN
00000000000000000
00222000000000001
00000000000000001
22000000000000001
22000000000111100
00000000000000000
00000000001000000
00000000001000000
00000000001000000
00000000001000000
STEP 5 P2 MOVE 7 7 8 7
OWN
00000000000000000
00222000000000001
00000000000000001
22000000000000001
22000000000111100
00000000000000000
00000000001000000
00000002001000000
00000002001000000
00000000001000000
STEP 6 P1 MOVE 1 10 1 11
OWN
00000000000000000
00222000001100001
00000000000000001
22000000000000001
22000000000111100
00000000000000000
00000000001000000
00000002001000000
00000002001000000
00000000001000000
STEP 7 P2 MOVE 8 15 9 15
OWN
00000000000000000
00222000001100001
00000000000000001
22000000000000001
22000000000111100
00000000000000000
00000000001000000
00000002001000000
00000002001000020
00000000001000020
STEP 8 P1 MOVE 7 14 7 15
OWN
00000000000000000
00222000001100001
00000000000000001
22000000000000001
22000000000111100
00000000000000000
00000000001000000
00000002001000110
00000002001000020
00000000001000020
STEP 9 P2 MOVE 9 11 9 12
OWN
00000000000000000
00222000001100001
00000000000000001
22000000000000001
22000000000111100
00000000000000000
00000000001000000
00000002001000110
00000002001000020
00000000001220020
STEP 10 P1 MOVE 3 4 4 4
OWN
00000000000000000
00222000001100001
00000000000000001
22001000000000001
22001000000111100
00000000000000000
00000000001000000
00000002001000110
00000002001000020
00000000001220020
STEP 11 P2 MOVE 9 1 9 2
OWN
00000000000000000
00222000001100001
00000000000000001
22001000000000001
22001000000111100
00000000000000000
00000000001000000
00000002001000110
00000002001000020
02200000001220020
STEP 12 P1 MOVE 0 1 0 2
OWN
01100000000000000
00222000001100001
00000000000000001
22001000000000001
22001000000111100
00000000000000000
00000000001000000
00000002001000110
00000002001000020
02200000001220020
STEP 13 P2 MOVE 0 3 0 4
OWN
01122000000000000
00222000001100001
00000000000000001
22001000000000001
22001000000111100
00000000000000000
00000000001000000
00000002001000110
00000002001000020
02200000001220020
STEP 14 P1 MOVE 6 0 6 1
OWN
01122000000000000
00222000001100001
00000000000000001
22001000000000001
22001000000111100
00000000000000000
11000000001000000
00000002001000110
00000002001000020
02200000001220020
STEP 15 P2 MOVE 0 12 1 12
OWN
01122000000020000
00222000001120001
00000000000000001
22001000000000001
22001000000111100
00000000000000000
11000000001000000
00000002001000110
00000002001000020
02200000001220020
STEP 16 P1 MOVE 4 8 5 8
OWN
01122000000020000
00222000001120001
00000000000000001
22001000000000001
22001000100111100
00000000100000000
11000000001000000
00000002001000110
00000002001000020
02200000001220020
STEP 17 P2 MOVE 0 13 1 13
OWN
01122000000022000
00222000001122001
00000000000000001
22001000000000001
22001000100111100
00000000100000000
11000000001000000
00000002001000110
00000002001000020
02200000001220020
STEP 18 P1 MOVE 7 5 8 5
OWN
01122000000022000
00222000001122001
00000000000000001
22001000000000001
22001000100111100
00000000100000000
11000000001000000
00000102001000110
00000102001000020
02200000001220020
STEP 19 P2 MOVE 5 5 6 5
OWN
01122000000022000
00222000001122001
00000000000000001
22001000000000001
22001000100111100
00000200100000000
11000200001000000
00000102001000110
00000102001000020
02200000001220020
STEP 20 P1 MOVE 2 8 3 8
OWN
01122000000022000
00222000001122001
00000000100000001
22001000100000001
22001000100111100
00000200100000000
11000200001000000
00000102001000110
00000102001000020
02200000001220020
STEP 21 P2 MOVE 1 0 2 0
OWN
01122000000022000
20222000001122001
20000000100000001
22001000100000001
22001000100111100
00000200100000000
11000200001000000
00000102001000110
00000102001000020
02200000001220020
STEP 22 P1 MOVE 3 3 6 3
OWN
01122000000022000
20222000001122001
20000000100000001
22011000100000001
22011000100111100
00010200100000000
11010200001000000
00000102001000110
00000102001000020
02200000001220020
STEP 23 P2 MOVE 5 2 5 4
OWN
01122000000022000
20222000001122001
20000000100000001
22011000100000001
22011000100111100
00222200100000000
11010200001000000
00000102001000110
00000102001000020
02200000001220020
STEP 24 P1 MOVE 6 2 6 4
OWN
01122000000022000
20222000001122001
20000000100000001
22011000100000001
22011000100111100
00222200100000000
11111200001000000
00000102001000110
00000102001000020
02200000001220020
STEP 25 P2 MOVE 2 6 2 9
OWN
01122000000022000
20222000001122001
20000022220000001
22011000100000001
22011000100111100
00222200100000000
11111200001000000
00000102001000110
00000102001000020
02200000001220020
STEP 26 P1 MOVE 1 6 3 6
OWN
01122000000022000
20222010001122001
20000012220000001
22011010100000001
22011000100111100
00222200100000000
11111200001000000
00000102001000110
00000102001000020
02200000001220020
STEP 27 P2 MOVE 6 6 6 7
OWN
01122000000022000
20222010001122001
20000012220000001
22011010100000001
22011000100111100
00222200100000000
11111222001000000
00000102001000110
00000102001000020
02200000001220020
STEP 28 P1 MOVE 1 9 3 9
OWN
01122000000022000
20222010011122001
20000012210000001
22011010110000001
22011000100111100
00222200100000000
11111222001000000
00000102001000110
00000102001000020
02200000001220020
STEP 29 P2 MOVE 2 2 2 3
OWN
01122000000022000
20222010011122001
20220012210000001
22011010110000001
22011000100111100
00222200100000000
11111222001000000
00000102001000110
00000102001000020
02200000001220020
STEP 30 P1 MOVE 2 1 2 4
OWN
01122000000022000
20222010011122001
21111012210000001
22011010110000001
22011000100111100
00222200100000000
11111222001000000
00000102001000110
00000102001000020
02200000001220020
STEP 31 P2 MOVE 7 9 7 11
OWN
01122000000022000
20222010011122001
21111012210000001
22011010110000001
22011000100111100
00222200100000000
11111222001000000
00000102022200110
00000102001000020
02200000001220020
STEP 32 P1 MOVE 7 8 7 12
OWN
01122000000022000
20222010011122001
21111012210000001
22011010110000001
22011000100111100
00222200100000000
11111222001000000
00000102111110110
00000102001000020
02200000001220020
STEP 33 P2 MOVE 5 6 7 6
OWN
01122000000022000
20222010011122001
21111012210000001
22011010110000001
22011000100111100
00222220100000000
11111222001000000
00000122111110110
00000102001000020
02200000001220020
STEP 34 P1 MOVE 3 7 4 7
OWN
01122000000022000
20222010011122001
21111012210000001
22011011110000001
22011001100111100
00222220100000000
11111222001000000
00000122111110110
00000102001000020
02200000001220020
STEP 35 P2 MOVE 4 5 4 6
OWN
01122000000022000
20222010011122001
21111012210000001
22011011110000001
22011221100111100
00222220100000000
11111222001000000
00000122111110110
00000102001000020
02200000001220020
STEP 36 P1 MOVE -1 -1 -1 -1
OWN
01122000000022000
20222010011122001
21111012210000001
22011011110000001
22011221100111100
00222220100000000
11111222001000000
00000122111110110
00000102001000020
02200000001220020
STEP 37 P2 MOVE -1 -1 -1 -1
OWN
01122000000022000
20222010011122001
21111012210000001
22011011110000001
22011221100111100
00222220100000000
11111222001000000
00000122111110110
00000102001000020
02200000001220020
RESULT first=47 second=36 winner=1
ANALYSIS winner=P1 score=47-36 reason=Ĺ»ĂëżěŔ§(+4Ä­ »©ľŃŔ˝,2ąčČż°ú) / şóÄ­Ľ±Áˇ(+3) steal(w/l)=7/3 neu(w/l)=43/40
