BOARD
96939383731648181
28651469752879228
49983284148256126
62142983712231168
78418544791997218
51784774694215966
97295544953654589
58465444615525214
66564695625188184
22549489551228153
STEP 0 P1 MOVE 3 9 3 14
OWN
00000000000000000
00000000000000000
00000000000000000
00000000011111100
00000000000000000
00000000000000000
00000000000000000
00000000000000000
00000000000000000
00000000000000000
STEP 1 P2 MOVE 7 12 7 15
OWN
00000000000000000
00000000000000000
00000000000000000
00000000011111100
00000000000000000
00000000000000000
00000000000000000
00000000000022220
00000000000000000
00000000000000000
STEP 2 P1 MOVE 9 9 9 12
OWN
00000000000000000
00000000000000000
00000000000000000
00000000011111100
00000000000000000
00000000000000000
00000000000000000
00000000000022220
00000000000000000
00000000011110000
STEP 3 P2 MOVE 1 4 2 5
OWN
00000000000000000
00002200000000000
00002200000000000
00000000011111100
00000000000000000
00000000000000000
00000000000000000
00000000000022220
00000000000000000
00000000011110000
STEP 4 P1 MOVE 0 14 0 16
OWN
00000000000000111
00002200000000000
00002200000000000
00000000011111100
00000000000000000
00000000000000000
00000000000000000
00000000000022220
00000000000000000
00000000011110000
STEP 5 P2 MOVE 8 5 9 5
OWN
00000000000000111
00002200000000000
00002200000000000
00000000011111100
00000000000000000
00000000000000000
00000000000000000
00000000000022220
00000200000000000
00000200011110000
STEP 6 P1 MOVE 0 9 0 11
OWN
00000000011100111
00002200000000000
00002200000000000
00000000011111100
00000000000000000
00000000000000000
00000000000000000
00000000000022220
00000200000000000
00000200011110000
STEP 7 P2 MOVE 7 10 7 11
OWN
00000000011100111
00002200000000000
00002200000000000
00000000011111100
00000000000000000
00000000000000000
00000000000000000
00000000002222220
00000200000000000
00000200011110000
STEP 8 P1 MOVE 2 0 3 0
OWN
00000000011100111
00002200000000000
10002200000000000
10000000011111100
00000000000000000
00000000000000000
00000000000000000
00000000002222220
00000200000000000
00000200011110000
STEP 9 P2 MOVE 1 11 2 11
OWN
00000000011100111
00002200000200000
10002200000200000
10000000011111100
00000000000000000
00000000000000000
00000000000000000
00000000002222220
00000200000000000
00000200011110000
STEP 10 P1 MOVE 3 2 4 3
OWN
00000000011100111
00002200000200000
10002200000200000
10110000011111100
00110000000000000
00000000000000000
00000000000000000
00000000002222220
00000200000000000
00000200011110000
STEP 11 P2 MOVE 2 3 3 4
OWN
00000000011100111
00002200000200000
10022200000200000
10122000011111100
00110000000000000
00000000000000000
00000000000000000
00000000002222220
00000200000000000
00000200011110000
STEP 12 P1 MOVE 6 4 6 5
OWN
00000000011100111
00002200000200000
10022200000200000
10122000011111100
00110000000000000
00000000000000000
00001100000000000
00000000002222220
00000200000000000
00000200011110000
STEP 13 P2 MOVE 1 15 1 16
OWN
00000000011100111
00002200000200022
10022200000200000
10122000011111100
00110000000000000
00000000000000000
00001100000000000
00000000002222220
00000200000000000
00000200011110000
STEP 14 P1 MOVE 4 13 4 15
OWN
00000000011100111
00002200000200022
10022200000200000
10122000011111100
00110000000001110
00000000000000000
00001100000000000
00000000002222220
00000200000000000
00000200011110000
STEP 15 P2 MOVE 8 3 9 3
OWN
00000000011100111
00002200000200022
10022200000200000
10122000011111100
00110000000001110
00000000000000000
00001100000000000
00000000002222220
00020200000000000
00020200011110000
STEP 16 P1 MOVE 8 2 9 2
OWN
00000000011100111
00002200000200022
10022200000200000
10122000011111100
00110000000001110
00000000000000000
00001100000000000
00000000002222220
00120200000000000
00120200011110000
STEP 17 P2 MOVE 8 1 8 4
OWN
00000000011100111
00002200000200022
10022200000200000
10122000011111100
00110000000001110
00000000000000000
00001100000000000
00000000002222220
02222200000000000
00120200011110000
STEP 18 P1 MOVE 8 0 9 1
OWN
00000000011100111
00002200000200022
10022200000200000
10122000011111100
00110000000001110
00000000000000000
00001100000000000
00000000002222220
11222200000000000
11120200011110000
STEP 19 P2 MOVE 0 7 0 8
OWN
00000002211100111
00002200000200022
10022200000200000
10122000011111100
00110000000001110
00000000000000000
00001100000000000
00000000002222220
11222200000000000
11120200011110000
STEP 20 P1 MOVE 1 0 1 1
OWN
00000002211100111
11002200000200022
10022200000200000
10122000011111100
00110000000001110
00000000000000000
00001100000000000
00000000002222220
11222200000000000
11120200011110000
STEP 21 P2 MOVE 3 7 3 8
OWN
00000002211100111
11002200000200022
10022200000200000
10122002211111100
00110000000001110
00000000000000000
00001100000000000
00000000002222220
11222200000000000
11120200011110000
STEP 22 P1 MOVE 4 9 4 10
OWN
00000002211100111
11002200000200022
10022200000200000
10122002211111100
00110000011001110
00000000000000000
00001100000000000
00000000002222220
11222200000000000
11120200011110000
STEP 23 P2 MOVE 5 7 5 8
OWN
00000002211100111
11002200000200022
10022200000200000
10122002211111100
00110000011001110
00000002200000000
00001100000000000
00000000002222220
11222200000000000
11120200011110000
STEP 24 P1 MOVE 7 2 7 3
OWN
00000002211100111
11002200000200022
10022200000200000
10122002211111100
00110000011001110
00000002200000000
00001100000000000
00110000002222220
11222200000000000
11120200011110000
STEP 25 P2 MOVE 7 7 7 8
OWN
00000002211100111
11002200000200022
10022200000200000
10122002211111100
00110000011001110
00000002200000000
00001100000000000
00110002202222220
11222200000000000
11120200011110000
STEP 26 P1 MOVE 1 10 2 10
OWN
00000002211100111
11002200001200022
10022200001200000
10122002211111100
00110000011001110
00000002200000000
00001100000000000
00110002202222220
11222200000000000
11120200011110000
STEP 27 P2 MOVE 2 8 2 12
OWN
00000002211100111
11002200001200022
10022200222220000
10122002211111100
00110000011001110
00000002200000000
00001100000000000
00110002202222220
11222200000000000
11120200011110000
STEP 28 P1 MOVE 2 14 5 14
OWN
00000002211100111
11002200001200022
10022200222220100
10122002211111100
00110000011001110
00000002200000100
00001100000000000
00110002202222220
11222200000000000
11120200011110000
STEP 29 P2 MOVE 1 14 3 15
OWN
00000002211100111
11002200001200222
10022200222220220
10122002211111220
00110000011001110
00000002200000100
00001100000000000
00110002202222220
11222200000000000
11120200011110000
STEP 30 P1 MOVE 2 7 2 13
OWN
00000002211100111
11002200001200222
10022201111111220
10122002211111220
00110000011001110
00000002200000100
00001100000000000
00110002202222220
11222200000000000
11120200011110000
STEP 31 P2 MOVE 4 12 5 12
OWN
00000002211100111
11002200001200222
10022201111111220
10122002211111220
00110000011021110
00000002200020100
00001100000000000
00110002202222220
11222200000000000
11120200011110000
STEP 32 P1 MOVE -1 -1 -1 -1
OWN
00000002211100111
11002200001200222
10022201111111220
10122002211111220
00110000011021110
00000002200020100
00001100000000000
00110002202222220
11222200000000000
11120200011110000
STEP 33 P2 MOVE -1 -1 -1 -1
OWN
00000002211100111
11002200001200222
10022201111111220
10122002211111220
00110000011021110
00000002200020100
00001100000000000
00110002202222220
11222200000000000
11120200011110000
RESULT first=45 second=37 winner=1
ANALYSIS winner=P1 score=45-37 reason=綴蘊摹薄(+6) steal(w/l)=6/5 neu(w/l)=44/38
