BOARD
21176445671334724
13858872765475944
34324819618168622
75536613994568962
18344828159141836
42269458593958563
71226144966939769
15387579725187121
29759869229487797
35733698319246858
STEP 0 P1 MOVE 4 3 5 3
OWN
00000000000000000
00000000000000000
00000000000000000
00000000000000000
00010000000000000
00010000000000000
00000000000000000
00000000000000000
00000000000000000
00000000000000000
STEP 1 P2 MOVE 1 3 3 3
OWN
00000000000000000
00020000000000000
00020000000000000
00020000000000000
00010000000000000
00010000000000000
00000000000000000
00000000000000000
00000000000000000
00000000000000000
STEP 2 P1 MOVE 3 4 4 4
OWN
00000000000000000
00020000000000000
00020000000000000
00021000000000000
00011000000000000
00010000000000000
00000000000000000
00000000000000000
00000000000000000
00000000000000000
STEP 3 P2 MOVE 2 9 3 9
OWN
00000000000000000
00020000000000000
00020000020000000
00021000020000000
00011000000000000
00010000000000000
00000000000000000
00000000000000000
00000000000000000
00000000000000000
STEP 4 P1 MOVE 2 0 3 0
OWN
00000000000000000
00020000000000000
10020000020000000
10021000020000000
00011000000000000
00010000000000000
00000000000000000
00000000000000000
00000000000000000
00000000000000000
STEP 5 P2 MOVE 0 12 1 12
OWN
00000000000020000
00020000000020000
10020000020000000
10021000020000000
00011000000000000
00010000000000000
00000000000000000
00000000000000000
00000000000000000
00000000000000000
STEP 6 P1 MOVE 4 11 5 11
OWN
00000000000020000
00020000000020000
10020000020000000
10021000020000000
00011000000100000
00010000000100000
00000000000000000
00000000000000000
00000000000000000
00000000000000000
STEP 7 P2 MOVE 9 2 9 3
OWN
00000000000020000
00020000000020000
10020000020000000
10021000020000000
00011000000100000
00010000000100000
00000000000000000
00000000000000000
00000000000000000
00220000000000000
STEP 8 P1 MOVE 3 8 4 8
OWN
00000000000020000
00020000000020000
10020000020000000
10021000120000000
00011000100100000
00010000000100000
00000000000000000
00000000000000000
00000000000000000
00220000000000000
STEP 9 P2 MOVE 0 4 0 5
OWN
00002200000020000
00020000000020000
10020000020000000
10021000120000000
00011000100100000
00010000000100000
00000000000000000
00000000000000000
00000000000000000
00220000000000000
STEP 10 P1 MOVE 3 2 5 2
OWN
00002200000020000
00020000000020000
10020000020000000
10121000120000000
00111000100100000
00110000000100000
00000000000000000
00000000000000000
00000000000000000
00220000000000000
STEP 11 P2 MOVE 7 2 8 2
OWN
00002200000020000
00020000000020000
10020000020000000
10121000120000000
00111000100100000
00110000000100000
00000000000000000
00200000000000000
00200000000000000
00220000000000000
STEP 12 P1 MOVE 6 0 8 0
OWN
00002200000020000
00020000000020000
10020000020000000
10121000120000000
00111000100100000
00110000000100000
10000000000000000
10200000000000000
10200000000000000
00220000000000000
STEP 13 P2 MOVE 5 1 7 2
OWN
00002200000020000
00020000000020000
10020000020000000
10121000120000000
00111000100100000
02210000000100000
12200000000000000
12200000000000000
10200000000000000
00220000000000000
STEP 14 P1 MOVE 4 1 6 3
OWN
00002200000020000
00020000000020000
10020000020000000
10121000120000000
01111000100100000
01110000000100000
11110000000000000
12200000000000000
10200000000000000
00220000000000000
STEP 15 P2 MOVE 3 0 5 1
OWN
00002200000020000
00020000000020000
10020000020000000
22121000120000000
22111000100100000
22110000000100000
11110000000000000
12200000000000000
10200000000000000
00220000000000000
STEP 16 P1 MOVE 3 5 3 7
OWN
00002200000020000
00020000000020000
10020000020000000
22121111120000000
22111000100100000
22110000000100000
11110000000000000
12200000000000000
10200000000000000
00220000000000000
STEP 17 P2 MOVE 1 6 4 6
OWN
00002200000020000
00020020000020000
10020020020000000
22121121120000000
22111020100100000
22110000000100000
11110000000000000
12200000000000000
10200000000000000
00220000000000000
STEP 18 P1 MOVE 9 9 9 10
OWN
00002200000020000
00020020000020000
10020020020000000
22121121120000000
22111020100100000
22110000000100000
11110000000000000
12200000000000000
10200000000000000
00220000011000000
STEP 19 P2 MOVE 6 9 8 9
OWN
00002200000020000
00020020000020000
10020020020000000
22121121120000000
22111020100100000
22110000000100000
11110000020000000
12200000020000000
10200000020000000
00220000011000000
STEP 20 P1 MOVE 1 5 1 7
OWN
00002200000020000
00020111000020000
10020020020000000
22121121120000000
22111020100100000
22110000000100000
11110000020000000
12200000020000000
10200000020000000
00220000011000000
STEP 21 P2 MOVE -1 -1 -1 -1
OWN
00002200000020000
00020111000020000
10020020020000000
22121121120000000
22111020100100000
22110000000100000
11110000020000000
12200000020000000
10200000020000000
00220000011000000
STEP 22 P1 MOVE 5 5 7 5
OWN
00002200000020000
00020111000020000
10020020020000000
22121121120000000
22111020100100000
22110100000100000
11110100020000000
12200100020000000
10200000020000000
00220000011000000
STEP 23 P2 MOVE 6 4 6 6
OWN
00002200000020000
00020111000020000
10020020020000000
22121121120000000
22111020100100000
22110100000100000
11112220020000000
12200100020000000
10200000020000000
00220000011000000
STEP 24 P1 MOVE 6 16 7 16
OWN
00002200000020000
00020111000020000
10020020020000000
22121121120000000
22111020100100000
22110100000100000
11112220020000001
12200100020000001
10200000020000000
00220000011000000
STEP 25 P2 MOVE 5 16 8 16
OWN
00002200000020000
00020111000020000
10020020020000000
22121121120000000
22111020100100000
22110100000100002
11112220020000002
12200100020000002
10200000020000002
00220000011000000
STEP 26 P1 MOVE 7 13 7 15
OWN
00002200000020000
00020111000020000
10020020020000000
22121121120000000
22111020100100000
22110100000100002
11112220020000002
12200100020001112
10200000020000002
00220000011000000
STEP 27 P2 MOVE 2 14 2 16
OWN
00002200000020000
00020111000020000
10020020020000222
22121121120000000
22111020100100000
22110100000100002
11112220020000002
12200100020001112
10200000020000002
00220000011000000
STEP 28 P1 MOVE 0 16 3 16
OWN
00002200000020001
00020111000020001
10020020020000221
22121121120000001
22111020100100000
22110100000100002
11112220020000002
12200100020001112
10200000020000002
00220000011000000
STEP 29 P2 MOVE 1 15 3 15
OWN
00002200000020001
00020111000020021
10020020020000221
22121121120000021
22111020100100000
22110100000100002
11112220020000002
12200100020001112
10200000020000002
00220000011000000
STEP 30 P1 MOVE 1 11 3 11
OWN
00002200000020001
00020111000120021
10020020020100221
22121121120100021
22111020100100000
22110100000100002
11112220020000002
12200100020001112
10200000020000002
00220000011000000
STEP 31 P2 MOVE 1 10 1 13
OWN
00002200000020001
00020111002222021
10020020020100221
22121121120100021
22111020100100000
22110100000100002
11112220020000002
12200100020001112
10200000020000002
00220000011000000
STEP 32 P1 MOVE 3 12 4 12
OWN
00002200000020001
00020111002222021
10020020020100221
22121121120110021
22111020100110000
22110100000100002
11112220020000002
12200100020001112
10200000020000002
00220000011000000
STEP 33 P2 MOVE 4 10 4 13
OWN
00002200000020001
00020111002222021
10020020020100221
22121121120110021
22111020102222000
22110100000100002
11112220020000002
12200100020001112
10200000020000002
00220000011000000
STEP 34 P1 MOVE 6 11 7 11
OWN
00002200000020001
00020111002222021
10020020020100221
22121121120110021
22111020102222000
22110100000100002
11112220020100002
12200100020101112
10200000020000002
00220000011000000
STEP 35 P2 MOVE -1 -1 -1 -1
OWN
00002200000020001
00020111002222021
10020020020100221
22121121120110021
22111020102222000
22110100000100002
11112220020100002
12200100020101112
10200000020000002
00220000011000000
STEP 36 P1 MOVE -1 -1 -1 -1
OWN
00002200000020001
00020111002222021
10020020020100221
22121121120110021
22111020102222000
22110100000100002
11112220020100002
12200100020101112
10200000020000002
00220000011000000
RESULT first=38 second=44 winner=2
ANALYSIS winner=P2 score=38-44 reason=Ĺ»ĂëżěŔ§(+5Ä­ »©ľŃŔ˝,2ąčČż°ú) steal(w/l)=11/6 neu(w/l)=39/43
