BOARD
18185766751792967
99325495327435299
28195258343175298
89591438245158323
78591211365692471
92624328433317597
19742575749282712
71589876382653673
18112826129356566
58254372174371371
STEP 0 P1 MOVE 8 7 9 8
OWN
00000000000000000
00000000000000000
00000000000000000
00000000000000000
00000000000000000
00000000000000000
00000000000000000
00000000000000000
00000001100000000
00000001100000000
STEP 1 P2 MOVE 0 2 3 2
OWN
00200000000000000
00200000000000000
00200000000000000
00200000000000000
00000000000000000
00000000000000000
00000000000000000
00000000000000000
00000001100000000
00000001100000000
STEP 2 P1 MOVE 5 9 5 12
OWN
00200000000000000
00200000000000000
00200000000000000
00200000000000000
00000000000000000
00000000011110000
00000000000000000
00000000000000000
00000001100000000
00000001100000000
STEP 3 P2 MOVE 6 14 6 16
OWN
00200000000000000
00200000000000000
00200000000000000
00200000000000000
00000000000000000
00000000011110000
00000000000000222
00000000000000000
00000001100000000
00000001100000000
STEP 4 P1 MOVE 8 1 8 3
OWN
00200000000000000
00200000000000000
00200000000000000
00200000000000000
00000000000000000
00000000011110000
00000000000000222
00000000000000000
01110001100000000
00000001100000000
STEP 5 P2 MOVE 7 16 9 16
OWN
00200000000000000
00200000000000000
00200000000000000
00200000000000000
00000000000000000
00000000011110000
00000000000000222
00000000000000002
01110001100000002
00000001100000002
STEP 6 P1 MOVE 2 8 2 10
OWN
00200000000000000
00200000000000000
00200000111000000
00200000000000000
00000000000000000
00000000011110000
00000000000000222
00000000000000002
01110001100000002
00000001100000002
STEP 7 P2 MOVE 4 9 6 9
OWN
00200000000000000
00200000000000000
00200000111000000
00200000000000000
00000000020000000
00000000021110000
00000000020000222
00000000000000002
01110001100000002
00000001100000002
STEP 8 P1 MOVE 1 12 1 14
OWN
00200000000000000
00200000000011100
00200000111000000
00200000000000000
00000000020000000
00000000021110000
00000000020000222
00000000000000002
01110001100000002
00000001100000002
STEP 9 P2 MOVE 1 7 1 9
OWN
00200000000000000
00200002220011100
00200000111000000
00200000000000000
00000000020000000
00000000021110000
00000000020000222
00000000000000002
01110001100000002
00000001100000002
STEP 10 P1 MOVE 8 4 8 5
OWN
00200000000000000
00200002220011100
00200000111000000
00200000000000000
00000000020000000
00000000021110000
00000000020000222
00000000000000002
01111101100000002
00000001100000002
STEP 11 P2 MOVE 7 9 7 10
OWN
00200000000000000
00200002220011100
00200000111000000
00200000000000000
00000000020000000
00000000021110000
00000000020000222
00000000022000002
01111101100000002
00000001100000002
STEP 12 P1 MOVE 6 0 6 1
OWN
00200000000000000
00200002220011100
00200000111000000
00200000000000000
00000000020000000
00000000021110000
11000000020000222
00000000022000002
01111101100000002
00000001100000002
STEP 13 P2 MOVE 7 12 8 12
OWN
00200000000000000
00200002220011100
00200000111000000
00200000000000000
00000000020000000
00000000021110000
11000000020000222
00000000022020002
01111101100020002
00000001100000002
STEP 14 P1 MOVE 7 13 9 13
OWN
00200000000000000
00200002220011100
00200000111000000
00200000000000000
00000000020000000
00000000021110000
11000000020000222
00000000022021002
01111101100021002
00000001100001002
STEP 15 P2 MOVE 6 12 6 13
OWN
00200000000000000
00200002220011100
00200000111000000
00200000000000000
00000000020000000
00000000021110000
11000000020022222
00000000022021002
01111101100021002
00000001100001002
STEP 16 P1 MOVE 0 4 1 4
OWN
00201000000000000
00201002220011100
00200000111000000
00200000000000000
00000000020000000
00000000021110000
11000000020022222
00000000022021002
01111101100021002
00000001100001002
STEP 17 P2 MOVE 1 5 3 5
OWN
00201000000000000
00201202220011100
00200200111000000
00200200000000000
00000000020000000
00000000021110000
11000000020022222
00000000022021002
01111101100021002
00000001100001002
STEP 18 P1 MOVE 4 5 6 5
OWN
00201000000000000
00201202220011100
00200200111000000
00200200000000000
00000100020000000
00000100021110000
11000100020022222
00000000022021002
01111101100021002
00000001100001002
STEP 19 P2 MOVE 2 4 2 6
OWN
00201000000000000
00201202220011100
00202220111000000
00200200000000000
00000100020000000
00000100021110000
11000100020022222
00000000022021002
01111101100021002
00000001100001002
STEP 20 P1 MOVE 9 14 9 15
OWN
00201000000000000
00201202220011100
00202220111000000
00200200000000000
00000100020000000
00000100021110000
11000100020022222
00000000022021002
01111101100021002
00000001100001112
STEP 21 P2 MOVE 2 11 6 11
OWN
00201000000000000
00201202220011100
00202220111200000
00200200000200000
00000100020200000
00000100021210000
11000100020222222
00000000022021002
01111101100021002
00000001100001112
STEP 22 P1 MOVE 3 10 3 12
OWN
00201000000000000
00201202220011100
00202220111200000
00200200001110000
00000100020200000
00000100021210000
11000100020222222
00000000022021002
01111101100021002
00000001100001112
STEP 23 P2 MOVE 3 3 3 4
OWN
00201000000000000
00201202220011100
00202220111200000
00222200001110000
00000100020200000
00000100021210000
11000100020222222
00000000022021002
01111101100021002
00000001100001112
STEP 24 P1 MOVE 5 1 5 3
OWN
00201000000000000
00201202220011100
00202220111200000
00222200001110000
00000100020200000
01110100021210000
11000100020222222
00000000022021002
01111101100021002
00000001100001112
STEP 25 P2 MOVE 2 0 2 1
OWN
00201000000000000
00201202220011100
22202220111200000
00222200001110000
00000100020200000
01110100021210000
11000100020222222
00000000022021002
01111101100021002
00000001100001112
STEP 26 P1 MOVE 0 0 1 0
OWN
10201000000000000
10201202220011100
22202220111200000
00222200001110000
00000100020200000
01110100021210000
11000100020222222
00000000022021002
01111101100021002
00000001100001112
STEP 27 P2 MOVE 0 3 1 3
OWN
10221000000000000
10221202220011100
22202220111200000
00222200001110000
00000100020200000
01110100021210000
11000100020222222
00000000022021002
01111101100021002
00000001100001112
STEP 28 P1 MOVE 9 5 9 6
OWN
10221000000000000
10221202220011100
22202220111200000
00222200001110000
00000100020200000
01110100021210000
11000100020222222
00000000022021002
01111101100021002
00000111100001112
STEP 29 P2 MOVE 9 11 9 12
OWN
10221000000000000
10221202220011100
22202220111200000
00222200001110000
00000100020200000
01110100021210000
11000100020222222
00000000022021002
01111101100021002
00000111100221112
STEP 30 P1 MOVE 5 6 5 7
OWN
10221000000000000
10221202220011100
22202220111200000
00222200001110000
00000100020200000
01110111021210000
11000100020222222
00000000022021002
01111101100021002
00000111100221112
STEP 31 P2 MOVE 6 8 7 8
OWN
10221000000000000
10221202220011100
22202220111200000
00222200001110000
00000100020200000
01110111021210000
11000100220222222
00000000222021002
01111101100021002
00000111100221112
STEP 32 P1 MOVE 3 13 4 13
OWN
10221000000000000
10221202220011100
22202220111200000
00222200001111000
00000100020201000
01110111021210000
11000100220222222
00000000222021002
01111101100021002
00000111100221112
STEP 33 P2 MOVE 2 13 3 14
OWN
10221000000000000
10221202220011100
22202220111202200
00222200001112200
00000100020201000
01110111021210000
11000100220222222
00000000222021002
01111101100021002
00000111100221112
STEP 34 P1 MOVE 4 6 4 10
OWN
10221000000000000
10221202220011100
22202220111202200
00222200001112200
00000111111201000
01110111021210000
11000100220222222
00000000222021002
01111101100021002
00000111100221112
STEP 35 P2 MOVE 5 3 6 4
OWN
10221000000000000
10221202220011100
22202220111202200
00222200001112200
00000111111201000
01122111021210000
11022100220222222
00000000222021002
01111101100021002
00000111100221112
STEP 36 P1 MOVE 4 4 7 4
OWN
10221000000000000
10221202220011100
22202220111202200
00222200001112200
00001111111201000
01121111021210000
11021100220222222
00001000222021002
01111101100021002
00000111100221112
STEP 37 P2 MOVE 3 6 6 6
OWN
10221000000000000
10221202220011100
22202220111202200
00222220001112200
00001121111201000
01121121021210000
11021120220222222
00001000222021002
01111101100021002
00000111100221112
STEP 38 P1 MOVE 3 8 5 9
OWN
10221000000000000
10221202220011100
22202220111202200
00222220111112200
00001121111201000
01121121111210000
11021120220222222
00001000222021002
01111101100021002
00000111100221112
STEP 39 P2 MOVE 3 7 3 15
OWN
10221000000000000
10221202220011100
22202220111202200
00222222222222220
00001121111201000
01121121111210000
11021120220222222
00001000222021002
01111101100021002
00000111100221112
STEP 40 P1 MOVE -1 -1 -1 -1
OWN
10221000000000000
10221202220011100
22202220111202200
00222222222222220
00001121111201000
01121121111210000
11021120220222222
00001000222021002
01111101100021002
00000111100221112
STEP 41 P2 MOVE -1 -1 -1 -1
OWN
10221000000000000
10221202220011100
22202220111202200
00222222222222220
00001121111201000
01121121111210000
11021120220222222
00001000222021002
01111101100021002
00000111100221112
RESULT first=47 second=56 winner=2
ANALYSIS winner=P2 score=47-56 reason=Ĺ»ĂëżěŔ§(+6Ä­ »©ľŃŔ˝,2ąčČż°ú) steal(w/l)=11/5 neu(w/l)=50/53
