BOARD
19379748464654283
72631275119527738
87824414783425785
89382521547935258
99288534599676892
86223246969547293
24959944959573286
53184538713913182
18546281382851437
51161166632387871
STEP 0 P1 MOVE 9 1 9 5
OWN
00000000000000000
00000000000000000
00000000000000000
00000000000000000
00000000000000000
00000000000000000
00000000000000000
00000000000000000
00000000000000000
01111100000000000
STEP 1 P2 MOVE 3 4 3 7
OWN
00000000000000000
00000000000000000
00000000000000000
00002222000000000
00000000000000000
00000000000000000
00000000000000000
00000000000000000
00000000000000000
01111100000000000
STEP 2 P1 MOVE 3 12 3 14
OWN
00000000000000000
00000000000000000
00000000000000000
00002222000011100
00000000000000000
00000000000000000
00000000000000000
00000000000000000
00000000000000000
01111100000000000
STEP 3 P2 MOVE 5 1 5 3
OWN
00000000000000000
00000000000000000
00000000000000000
00002222000011100
00000000000000000
02220000000000000
00000000000000000
00000000000000000
00000000000000000
01111100000000000
STEP 4 P1 MOVE 7 16 9 16
OWN
00000000000000000
00000000000000000
00000000000000000
00002222000011100
00000000000000000
02220000000000000
00000000000000000
00000000000000001
00000000000000001
01111100000000001
STEP 5 P2 MOVE 1 2 1 4
OWN
00000000000000000
00222000000000000
00000000000000000
00002222000011100
00000000000000000
02220000000000000
00000000000000000
00000000000000001
00000000000000001
01111100000000001
STEP 6 P1 MOVE 8 10 8 11
OWN
00000000000000000
00222000000000000
00000000000000000
00002222000011100
00000000000000000
02220000000000000
00000000000000000
00000000000000001
00000000001100001
01111100000000001
STEP 7 P2 MOVE 5 7 6 7
OWN
00000000000000000
00222000000000000
00000000000000000
00002222000011100
00000000000000000
02220002000000000
00000002000000000
00000000000000001
00000000001100001
01111100000000001
STEP 8 P1 MOVE 7 11 7 12
OWN
00000000000000000
00222000000000000
00000000000000000
00002222000011100
00000000000000000
02220002000000000
00000002000000000
00000000000110001
00000000001100001
01111100000000001
STEP 9 P2 MOVE 8 3 8 4
OWN
00000000000000000
00222000000000000
00000000000000000
00002222000011100
00000000000000000
02220002000000000
00000002000000000
00000000000110001
00022000001100001
01111100000000001
STEP 10 P1 MOVE 2 10 3 10
OWN
00000000000000000
00222000000000000
00000000001000000
00002222001011100
00000000000000000
02220002000000000
00000002000000000
00000000000110001
00022000001100001
01111100000000001
STEP 11 P2 MOVE 8 15 9 15
OWN
00000000000000000
00222000000000000
00000000001000000
00002222001011100
00000000000000000
02220002000000000
00000002000000000
00000000000110001
00022000001100021
01111100000000021
STEP 12 P1 MOVE 8 5 8 6
OWN
00000000000000000
00222000000000000
00000000001000000
00002222001011100
00000000000000000
02220002000000000
00000002000000000
00000000000110001
00022110001100021
01111100000000021
STEP 13 P2 MOVE 3 8 4 8
OWN
00000000000000000
00222000000000000
00000000001000000
00002222201011100
00000000200000000
02220002000000000
00000002000000000
00000000000110001
00022110001100021
01111100000000021
STEP 14 P1 MOVE 0 10 0 11
OWN
00000000001100000
00222000000000000
00000000001000000
00002222201011100
00000000200000000
02220002000000000
00000002000000000
00000000000110001
00022110001100021
01111100000000021
STEP 15 P2 MOVE 4 2 4 3
OWN
00000000001100000
00222000000000000
00000000001000000
00002222201011100
00220000200000000
02220002000000000
00000002000000000
00000000000110001
00022110001100021
01111100000000021
STEP 16 P1 MOVE 7 8 8 8
OWN
00000000001100000
00222000000000000
00000000001000000
00002222201011100
00220000200000000
02220002000000000
00000002000000000
00000000100110001
00022110101100021
01111100000000021
STEP 17 P2 MOVE 0 0 0 1
OWN
22000000001100000
00222000000000000
00000000001000000
00002222201011100
00220000200000000
02220002000000000
00000002000000000
00000000100110001
00022110101100021
01111100000000021
STEP 18 P1 MOVE 6 14 6 15
OWN
22000000001100000
00222000000000000
00000000001000000
00002222201011100
00220000200000000
02220002000000000
00000002000000110
00000000100110001
00022110101100021
01111100000000021
STEP 19 P2 MOVE 0 2 0 3
OWN
22220000001100000
00222000000000000
00000000001000000
00002222201011100
00220000200000000
02220002000000000
00000002000000110
00000000100110001
00022110101100021
01111100000000021
STEP 20 P1 MOVE 0 8 0 9
OWN
22220000111100000
00222000000000000
00000000001000000
00002222201011100
00220000200000000
02220002000000000
00000002000000110
00000000100110001
00022110101100021
01111100000000021
STEP 21 P2 MOVE 4 14 5 14
OWN
22220000111100000
00222000000000000
00000000001000000
00002222201011100
00220000200000200
02220002000000200
00000002000000110
00000000100110001
00022110101100021
01111100000000021
STEP 22 P1 MOVE 3 16 4 16
OWN
22220000111100000
00222000000000000
00000000001000000
00002222201011101
00220000200000201
02220002000000200
00000002000000110
00000000100110001
00022110101100021
01111100000000021
STEP 23 P2 MOVE 5 0 6 0
OWN
22220000111100000
00222000000000000
00000000001000000
00002222201011101
00220000200000201
22220002000000200
20000002000000110
00000000100110001
00022110101100021
01111100000000021
STEP 24 P1 MOVE 6 2 7 2
OWN
22220000111100000
00222000000000000
00000000001000000
00002222201011101
00220000200000201
22220002000000200
20100002000000110
00100000100110001
00022110101100021
01111100000000021
STEP 25 P2 MOVE 6 12 6 13
OWN
22220000111100000
00222000000000000
00000000001000000
00002222201011101
00220000200000201
22220002000000200
20100002000022110
00100000100110001
00022110101100021
01111100000000021
STEP 26 P1 MOVE 5 13 7 13
OWN
22220000111100000
00222000000000000
00000000001000000
00002222201011101
00220000200000201
22220002000001200
20100002000021110
00100000100111001
00022110101100021
01111100000000021
STEP 27 P2 MOVE 8 12 8 14
OWN
22220000111100000
00222000000000000
00000000001000000
00002222201011101
00220000200000201
22220002000001200
20100002000021110
00100000100111001
00022110101122221
01111100000000021
STEP 28 P1 MOVE 0 14 0 15
OWN
22220000111100110
00222000000000000
00000000001000000
00002222201011101
00220000200000201
22220002000001200
20100002000021110
00100000100111001
00022110101122221
01111100000000021
STEP 29 P2 MOVE 2 2 2 3
OWN
22220000111100110
00222000000000000
00220000001000000
00002222201011101
00220000200000201
22220002000001200
20100002000021110
00100000100111001
00022110101122221
01111100000000021
STEP 30 P1 MOVE 1 4 2 5
OWN
22220000111100110
00221100000000000
00221100001000000
00002222201011101
00220000200000201
22220002000001200
20100002000021110
00100000100111001
00022110101122221
01111100000000021
STEP 31 P2 MOVE 1 9 1 10
OWN
22220000111100110
00221100022000000
00221100001000000
00002222201011101
00220000200000201
22220002000001200
20100002000021110
00100000100111001
00022110101122221
01111100000000021
STEP 32 P1 MOVE 1 14 1 15
OWN
22220000111100110
00221100022000110
00221100001000000
00002222201011101
00220000200000201
22220002000001200
20100002000021110
00100000100111001
00022110101122221
01111100000000021
STEP 33 P2 MOVE 5 11 6 11
OWN
22220000111100110
00221100022000110
00221100001000000
00002222201011101
00220000200000201
22220002000201200
20100002000221110
00100000100111001
00022110101122221
01111100000000021
STEP 34 P1 MOVE -1 -1 -1 -1
OWN
22220000111100110
00221100022000110
00221100001000000
00002222201011101
00220000200000201
22220002000201200
20100002000221110
00100000100111001
00022110101122221
01111100000000021
STEP 35 P2 MOVE -1 -1 -1 -1
OWN
22220000111100110
00221100022000110
00221100001000000
00002222201011101
00220000200000201
22220002000201200
20100002000221110
00100000100111001
00022110101122221
01111100000000021
RESULT first=42 second=37 winner=1
ANALYSIS winner=P1 score=42-37 reason=±ŮĽŇşąÇŐżěŔ§ steal(w/l)=2/0 neu(w/l)=40/39
