BOARD
65844579969735427
63394421543945539
56287421234458962
49678386238665842
16912592627786958
38669436846249663
32985755433445412
77175761267369894
24986574327254651
45323119387864745
STEP 0 P1 MOVE 9 2 9 6
OWN
00000000000000000
00000000000000000
00000000000000000
00000000000000000
00000000000000000
00000000000000000
00000000000000000
00000000000000000
00000000000000000
00111110000000000
STEP 1 P2 MOVE 5 16 8 16
OWN
00000000000000000
00000000000000000
00000000000000000
00000000000000000
00000000000000000
00000000000000002
00000000000000002
00000000000000002
00000000000000002
00111110000000000
STEP 2 P1 MOVE 7 7 8 8
OWN
00000000000000000
00000000000000000
00000000000000000
00000000000000000
00000000000000000
00000000000000002
00000000000000002
00000001100000002
00000001100000002
00111110000000000
STEP 3 P2 MOVE 1 7 4 7
OWN
00000000000000000
00000002000000000
00000002000000000
00000002000000000
00000002000000000
00000000000000002
00000000000000002
00000001100000002
00000001100000002
00111110000000000
STEP 4 P1 MOVE 2 8 4 8
OWN
00000000000000000
00000002000000000
00000002100000000
00000002100000000
00000002100000000
00000000000000002
00000000000000002
00000001100000002
00000001100000002
00111110000000000
STEP 5 P2 MOVE 2 0 4 0
OWN
00000000000000000
00000002000000000
20000002100000000
20000002100000000
20000002100000000
00000000000000002
00000000000000002
00000001100000002
00000001100000002
00111110000000000
STEP 6 P1 MOVE 6 13 6 15
OWN
00000000000000000
00000002000000000
20000002100000000
20000002100000000
20000002100000000
00000000000000002
00000000000001112
00000001100000002
00000001100000002
00111110000000000
STEP 7 P2 MOVE 1 4 1 6
OWN
00000000000000000
00002222000000000
20000002100000000
20000002100000000
20000002100000000
00000000000000002
00000000000001112
00000001100000002
00000001100000002
00111110000000000
STEP 8 P1 MOVE 6 8 6 10
OWN
00000000000000000
00002222000000000
20000002100000000
20000002100000000
20000002100000000
00000000000000002
00000000111001112
00000001100000002
00000001100000002
00111110000000000
STEP 9 P2 MOVE 0 13 1 13
OWN
00000000000002000
00002222000002000
20000002100000000
20000002100000000
20000002100000000
00000000000000002
00000000111001112
00000001100000002
00000001100000002
00111110000000000
STEP 10 P1 MOVE 5 1 6 1
OWN
00000000000002000
00002222000002000
20000002100000000
20000002100000000
20000002100000000
01000000000000002
01000000111001112
00000001100000002
00000001100000002
00111110000000000
STEP 11 P2 MOVE 6 6 6 7
OWN
00000000000002000
00002222000002000
20000002100000000
20000002100000000
20000002100000000
01000000000000002
01000022111001112
00000001100000002
00000001100000002
00111110000000000
STEP 12 P1 MOVE 2 6 3 6
OWN
00000000000002000
00002222000002000
20000012100000000
20000012100000000
20000002100000000
01000000000000002
01000022111001112
00000001100000002
00000001100000002
00111110000000000
STEP 13 P2 MOVE 1 9 3 9
OWN
00000000000002000
00002222020002000
20000012120000000
20000012120000000
20000002100000000
01000000000000002
01000022111001112
00000001100000002
00000001100000002
00111110000000000
STEP 14 P1 MOVE 7 2 8 2
OWN
00000000000002000
00002222020002000
20000012120000000
20000012120000000
20000002100000000
01000000000000002
01000022111001112
00100001100000002
00100001100000002
00111110000000000
STEP 15 P2 MOVE 0 11 0 12
OWN
00000000000222000
00002222020002000
20000012120000000
20000012120000000
20000002100000000
01000000000000002
01000022111001112
00100001100000002
00100001100000002
00111110000000000
STEP 16 P1 MOVE 2 2 2 3
OWN
00000000000222000
00002222020002000
20110012120000000
20000012120000000
20000002100000000
01000000000000002
01000022111001112
00100001100000002
00100001100000002
00111110000000000
STEP 17 P2 MOVE 9 12 9 13
OWN
00000000000222000
00002222020002000
20110012120000000
20000012120000000
20000002100000000
01000000000000002
01000022111001112
00100001100000002
00100001100000002
00111110000022000
STEP 18 P1 MOVE 8 11 9 11
OWN
00000000000222000
00002222020002000
20110012120000000
20000012120000000
20000002100000000
01000000000000002
01000022111001112
00100001100000002
00100001100100002
00111110000122000
STEP 19 P2 MOVE 2 11 3 11
OWN
00000000000222000
00002222020002000
20110012120200000
20000012120200000
20000002100000000
01000000000000002
01000022111001112
00100001100000002
00100001100100002
00111110000122000
STEP 20 P1 MOVE 3 16 4 16
OWN
00000000000222000
00002222020002000
20110012120200000
20000012120200001
20000002100000001
01000000000000002
01000022111001112
00100001100000002
00100001100100002
00111110000122000
STEP 21 P2 MOVE 4 2 4 3
OWN
00000000000222000
00002222020002000
20110012120200000
20000012120200001
20220002100000001
01000000000000002
01000022111001112
00100001100000002
00100001100100002
00111110000122000
STEP 22 P1 MOVE 6 4 7 4
OWN
00000000000222000
00002222020002000
20110012120200000
20000012120200001
20220002100000001
01000000000000002
01001022111001112
00101001100000002
00100001100100002
00111110000122000
STEP 23 P2 MOVE 6 12 7 12
OWN
00000000000222000
00002222020002000
20110012120200000
20000012120200001
20220002100000001
01000000000000002
01001022111021112
00101001100020002
00100001100100002
00111110000122000
STEP 24 P1 MOVE 6 0 7 0
OWN
00000000000222000
00002222020002000
20110012120200000
20000012120200001
20220002100000001
01000000000000002
11001022111021112
10101001100020002
00100001100100002
00111110000122000
STEP 25 P2 MOVE 8 9 9 9
OWN
00000000000222000
00002222020002000
20110012120200000
20000012120200001
20220002100000001
01000000000000002
11001022111021112
10101001100020002
00100001120100002
00111110020122000
STEP 26 P1 MOVE 9 8 9 10
OWN
00000000000222000
00002222020002000
20110012120200000
20000012120200001
20220002100000001
01000000000000002
11001022111021112
10101001100020002
00100001120100002
00111110111122000
STEP 27 P2 MOVE 5 9 7 9
OWN
00000000000222000
00002222020002000
20110012120200000
20000012120200001
20220002100000001
01000000020000002
11001022121021112
10101001120020002
00100001120100002
00111110111122000
STEP 28 P1 MOVE 4 8 5 9
OWN
00000000000222000
00002222020002000
20110012120200000
20000012120200001
20220002110000001
01000000110000002
11001022121021112
10101001120020002
00100001120100002
00111110111122000
STEP 29 P2 MOVE 5 0 7 1
OWN
00000000000222000
00002222020002000
20110012120200000
20000012120200001
20220002110000001
22000000110000002
22001022121021112
22101001120020002
00100001120100002
00111110111122000
STEP 30 P1 MOVE 4 1 8 1
OWN
00000000000222000
00002222020002000
20110012120200000
20000012120200001
21220002110000001
21000000110000002
21001022121021112
21101001120020002
01100001120100002
00111110111122000
STEP 31 P2 MOVE 5 11 6 12
OWN
00000000000222000
00002222020002000
20110012120200000
20000012120200001
21220002110000001
21000000110220002
21001022121221112
21101001120020002
01100001120100002
00111110111122000
STEP 32 P1 MOVE 4 11 7 11
OWN
00000000000222000
00002222020002000
20110012120200000
20000012120200001
21220002110100001
21000000110120002
21001022121121112
21101001120120002
01100001120100002
00111110111122000
STEP 33 P2 MOVE 3 4 4 4
OWN
00000000000222000
00002222020002000
20110012120200000
20002012120200001
21222002110100001
21000000110120002
21001022121121112
21101001120120002
01100001120100002
00111110111122000
STEP 34 P1 MOVE 3 3 3 5
OWN
00000000000222000
00002222020002000
20110012120200000
20011112120200001
21222002110100001
21000000110120002
21001022121121112
21101001120120002
01100001120100002
00111110111122000
STEP 35 P2 MOVE 8 0 8 3
OWN
00000000000222000
00002222020002000
20110012120200000
20011112120200001
21222002110100001
21000000110120002
21001022121121112
21101001120120002
22220001120100002
00111110111122000
STEP 36 P1 MOVE 1 0 9 0
OWN
00000000000222000
10002222020002000
10110012120200000
10011112120200001
11222002110100001
11000000110120002
11001022121121112
11101001120120002
12220001120100002
10111110111122000
STEP 37 P2 MOVE -1 -1 -1 -1
OWN
00000000000222000
10002222020002000
10110012120200000
10011112120200001
11222002110100001
11000000110120002
11001022121121112
11101001120120002
12220001120100002
10111110111122000
STEP 38 P1 MOVE -1 -1 -1 -1
OWN
00000000000222000
10002222020002000
10110012120200000
10011112120200001
11222002110100001
11000000110120002
11001022121121112
11101001120120002
12220001120100002
10111110111122000
RESULT first=54 second=36 winner=1
ANALYSIS winner=P1 score=54-36 reason=탈취우위(+8칸 빼앗음,2배효과) steal(w/l)=15/7 neu(w/l)=46/44
