BOARD
22625178736276875
62517167298865818
15786874339469254
32195738577585653
69854684127685249
37286742683528125
63773999556591164
24649434829754277
26229826124754631
63195969142288252
STEP 0 P1 MOVE 2 7 2 9
OWN
00000000000000000
00000000000000000
00000001110000000
00000000000000000
00000000000000000
00000000000000000
00000000000000000
00000000000000000
00000000000000000
00000000000000000
STEP 1 P2 MOVE 5 10 5 12
OWN
00000000000000000
00000000000000000
00000001110000000
00000000000000000
00000000000000000
00000000002220000
00000000000000000
00000000000000000
00000000000000000
00000000000000000
STEP 2 P1 MOVE 9 0 9 2
OWN
00000000000000000
00000000000000000
00000001110000000
00000000000000000
00000000000000000
00000000002220000
00000000000000000
00000000000000000
00000000000000000
11100000000000000
STEP 3 P2 MOVE 8 1 8 3
OWN
00000000000000000
00000000000000000
00000001110000000
00000000000000000
00000000000000000
00000000002220000
00000000000000000
00000000000000000
02220000000000000
11100000000000000
STEP 4 P1 MOVE 0 5 2 5
OWN
00000100000000000
00000100000000000
00000101110000000
00000000000000000
00000000000000000
00000000002220000
00000000000000000
00000000000000000
02220000000000000
11100000000000000
STEP 5 P2 MOVE 1 0 3 0
OWN
00000100000000000
20000100000000000
20000101110000000
20000000000000000
00000000000000000
00000000002220000
00000000000000000
00000000000000000
02220000000000000
11100000000000000
STEP 6 P1 MOVE 5 1 6 1
OWN
00000100000000000
20000100000000000
20000101110000000
20000000000000000
00000000000000000
01000000002220000
01000000000000000
00000000000000000
02220000000000000
11100000000000000
STEP 7 P2 MOVE 4 9 5 9
OWN
00000100000000000
20000100000000000
20000101110000000
20000000000000000
00000000020000000
01000000022220000
01000000000000000
00000000000000000
02220000000000000
11100000000000000
STEP 8 P1 MOVE 6 8 6 9
OWN
00000100000000000
20000100000000000
20000101110000000
20000000000000000
00000000020000000
01000000022220000
01000000110000000
00000000000000000
02220000000000000
11100000000000000
STEP 9 P2 MOVE 4 4 5 4
OWN
00000100000000000
20000100000000000
20000101110000000
20000000000000000
00002000020000000
01002000022220000
01000000110000000
00000000000000000
02220000000000000
11100000000000000
STEP 10 P1 MOVE 3 5 3 6
OWN
00000100000000000
20000100000000000
20000101110000000
20000110000000000
00002000020000000
01002000022220000
01000000110000000
00000000000000000
02220000000000000
11100000000000000
STEP 11 P2 MOVE 7 1 7 2
OWN
00000100000000000
20000100000000000
20000101110000000
20000110000000000
00002000020000000
01002000022220000
01000000110000000
02200000000000000
02220000000000000
11100000000000000
STEP 12 P1 MOVE 6 0 8 0
OWN
00000100000000000
20000100000000000
20000101110000000
20000110000000000
00002000020000000
01002000022220000
11000000110000000
12200000000000000
12220000000000000
11100000000000000
STEP 13 P2 MOVE 7 16 9 16
OWN
00000100000000000
20000100000000000
20000101110000000
20000110000000000
00002000020000000
01002000022220000
11000000110000000
12200000000000002
12220000000000002
11100000000000002
STEP 14 P1 MOVE 5 14 6 15
OWN
00000100000000000
20000100000000000
20000101110000000
20000110000000000
00002000020000000
01002000022220110
11000000110000110
12200000000000002
12220000000000002
11100000000000002
STEP 15 P2 MOVE 7 14 9 14
OWN
00000100000000000
20000100000000000
20000101110000000
20000110000000000
00002000020000000
01002000022220110
11000000110000110
12200000000000202
12220000000000202
11100000000000202
STEP 16 P1 MOVE 6 12 6 13
OWN
00000100000000000
20000100000000000
20000101110000000
20000110000000000
00002000020000000
01002000022220110
11000000110011110
12200000000000202
12220000000000202
11100000000000202
STEP 17 P2 MOVE 2 14 4 14
OWN
00000100000000000
20000100000000000
20000101110000200
20000110000000200
00002000020000200
01002000022220110
11000000110011110
12200000000000202
12220000000000202
11100000000000202
STEP 18 P1 MOVE 8 5 8 6
OWN
00000100000000000
20000100000000000
20000101110000200
20000110000000200
00002000020000200
01002000022220110
11000000110011110
12200000000000202
12220110000000202
11100000000000202
STEP 19 P2 MOVE 2 15 3 15
OWN
00000100000000000
20000100000000000
20000101110000220
20000110000000220
00002000020000200
01002000022220110
11000000110011110
12200000000000202
12220110000000202
11100000000000202
STEP 20 P1 MOVE 7 12 8 12
OWN
00000100000000000
20000100000000000
20000101110000220
20000110000000220
00002000020000200
01002000022220110
11000000110011110
12200000000010202
12220110000010202
11100000000000202
STEP 21 P2 MOVE 0 8 0 9
OWN
00000100220000000
20000100000000000
20000101110000220
20000110000000220
00002000020000200
01002000022220110
11000000110011110
12200000000010202
12220110000010202
11100000000000202
STEP 22 P1 MOVE 7 8 9 8
OWN
00000100220000000
20000100000000000
20000101110000220
20000110000000220
00002000020000200
01002000022220110
11000000110011110
12200000100010202
12220110100010202
11100000100000202
STEP 23 P2 MOVE 0 11 1 11
OWN
00000100220200000
20000100000200000
20000101110000220
20000110000000220
00002000020000200
01002000022220110
11000000110011110
12200000100010202
12220110100010202
11100000100000202
STEP 24 P1 MOVE 5 8 8 9
OWN
00000100220200000
20000100000200000
20000101110000220
20000110000000220
00002000020000200
01002000112220110
11000000110011110
12200000110010202
12220110110010202
11100000100000202
STEP 25 P2 MOVE 5 7 5 13
OWN
00000100220200000
20000100000200000
20000101110000220
20000110000000220
00002000020000200
01002002222222110
11000000110011110
12200000110010202
12220110110010202
11100000100000202
STEP 26 P1 MOVE 8 9 9 10
OWN
00000100220200000
20000100000200000
20000101110000220
20000110000000220
00002000020000200
01002002222222110
11000000110011110
12200000110010202
12220110111010202
11100000111000202
STEP 27 P2 MOVE 2 11 2 12
OWN
00000100220200000
20000100000200000
20000101110220220
20000110000000220
00002000020000200
01002002222222110
11000000110011110
12200000110010202
12220110111010202
11100000111000202
STEP 28 P1 MOVE 3 13 4 13
OWN
00000100220200000
20000100000200000
20000101110220220
20000110000001220
00002000020001200
01002002222222110
11000000110011110
12200000110010202
12220110111010202
11100000111000202
STEP 29 P2 MOVE 9 11 9 12
OWN
00000100220200000
20000100000200000
20000101110220220
20000110000001220
00002000020001200
01002002222222110
11000000110011110
12200000110010202
12220110111010202
11100000111220202
STEP 30 P1 MOVE 6 3 6 4
OWN
00000100220200000
20000100000200000
20000101110220220
20000110000001220
00002000020001200
01002002222222110
11011000110011110
12200000110010202
12220110111010202
11100000111220202
STEP 31 P2 MOVE 7 7 8 7
OWN
00000100220200000
20000100000200000
20000101110220220
20000110000001220
00002000020001200
01002002222222110
11011000110011110
12200002110010202
12220112111010202
11100000111220202
STEP 32 P1 MOVE -1 -1 -1 -1
OWN
00000100220200000
20000100000200000
20000101110220220
20000110000001220
00002000020001200
01002002222222110
11011000110011110
12200002110010202
12220112111010202
11100000111220202
STEP 33 P2 MOVE 3 2 3 3
OWN
00000100220200000
20000100000200000
20000101110220220
20220110000001220
00002000020001200
01002002222222110
11011000110011110
12200002110010202
12220112111010202
11100000111220202
STEP 34 P1 MOVE 3 3 4 4
OWN
00000100220200000
20000100000200000
20000101110220220
20211110000001220
00011000020001200
01002002222222110
11011000110011110
12200002110010202
12220112111010202
11100000111220202
STEP 35 P2 MOVE 3 1 3 7
OWN
00000100220200000
20000100000200000
20000101110220220
22222222000001220
00011000020001200
01002002222222110
11011000110011110
12200002110010202
12220112111010202
11100000111220202
STEP 36 P1 MOVE 3 7 4 8
OWN
00000100220200000
20000100000200000
20000101110220220
22222221100001220
00011001120001200
01002002222222110
11011000110011110
12200002110010202
12220112111010202
11100000111220202
STEP 37 P2 MOVE 0 0 0 2
OWN
22200100220200000
20000100000200000
20000101110220220
22222221100001220
00011001120001200
01002002222222110
11011000110011110
12200002110010202
12220112111010202
11100000111220202
STEP 38 P1 MOVE 0 1 1 3
OWN
21110100220200000
21110100000200000
20000101110220220
22222221100001220
00011001120001200
01002002222222110
11011000110011110
12200002110010202
12220112111010202
11100000111220202
STEP 39 P2 MOVE -1 -1 -1 -1
OWN
21110100220200000
21110100000200000
20000101110220220
22222221100001220
00011001120001200
01002002222222110
11011000110011110
12200002110010202
12220112111010202
11100000111220202
STEP 40 P1 MOVE -1 -1 -1 -1
OWN
21110100220200000
21110100000200000
20000101110220220
22222221100001220
00011001120001200
01002002222222110
11011000110011110
12200002110010202
12220112111010202
11100000111220202
RESULT first=50 second=45 winner=1
ANALYSIS winner=P1 score=50-45 reason=şóÄ­Ľ±Áˇ(+5) steal(w/l)=6/6 neu(w/l)=50/45
