BOARD
68522291367242879
71414519452769669
78435262772841234
91711248561496875
85631886391161941
44525956181145563
94314565983331616
62175251216524478
96178664666412189
81882796738774339
STEP 0 P1 MOVE 4 10 6 11
OWN
00000000000000000
00000000000000000
00000000000000000
00000000000000000
00000000001100000
00000000001100000
00000000001100000
00000000000000000
00000000000000000
00000000000000000
STEP 1 P2 MOVE 0 3 4 3
OWN
00020000000000000
00020000000000000
00020000000000000
00020000000000000
00020000001100000
00000000001100000
00000000001100000
00000000000000000
00000000000000000
00000000000000000
STEP 2 P1 MOVE 7 5 7 8
OWN
00020000000000000
00020000000000000
00020000000000000
00020000000000000
00020000001100000
00000000001100000
00000000001100000
00000111100000000
00000000000000000
00000000000000000
STEP 3 P2 MOVE 2 12 2 15
OWN
00020000000000000
00020000000000000
00020000000022220
00020000000000000
00020000001100000
00000000001100000
00000000001100000
00000111100000000
00000000000000000
00000000000000000
STEP 4 P1 MOVE 7 1 8 2
OWN
00020000000000000
00020000000000000
00020000000022220
00020000000000000
00020000001100000
00000000001100000
00000000001100000
01100111100000000
01100000000000000
00000000000000000
STEP 5 P2 MOVE 6 12 7 13
OWN
00020000000000000
00020000000000000
00020000000022220
00020000000000000
00020000001100000
00000000001100000
00000000001122000
01100111100022000
01100000000000000
00000000000000000
STEP 6 P1 MOVE 0 7 0 9
OWN
00020001110000000
00020000000000000
00020000000022220
00020000000000000
00020000001100000
00000000001100000
00000000001122000
01100111100022000
01100000000000000
00000000000000000
STEP 7 P2 MOVE 1 1 3 1
OWN
00020001110000000
02020000000000000
02020000000022220
02020000000000000
00020000001100000
00000000001100000
00000000001122000
01100111100022000
01100000000000000
00000000000000000
STEP 8 P1 MOVE 2 5 2 7
OWN
00020001110000000
02020000000000000
02020111000022220
02020000000000000
00020000001100000
00000000001100000
00000000001122000
01100111100022000
01100000000000000
00000000000000000
STEP 9 P2 MOVE 1 4 1 6
OWN
00020001110000000
02022220000000000
02020111000022220
02020000000000000
00020000001100000
00000000001100000
00000000001122000
01100111100022000
01100000000000000
00000000000000000
STEP 10 P1 MOVE 2 16 4 16
OWN
00020001110000000
02022220000000000
02020111000022221
02020000000000001
00020000001100001
00000000001100000
00000000001122000
01100111100022000
01100000000000000
00000000000000000
STEP 11 P2 MOVE 7 9 9 9
OWN
00020001110000000
02022220000000000
02020111000022221
02020000000000001
00020000001100001
00000000001100000
00000000001122000
01100111120022000
01100000020000000
00000000020000000
STEP 12 P1 MOVE 6 14 7 14
OWN
00020001110000000
02022220000000000
02020111000022221
02020000000000001
00020000001100001
00000000001100000
00000000001122100
01100111120022100
01100000020000000
00000000020000000
STEP 13 P2 MOVE 6 3 6 5
OWN
00020001110000000
02022220000000000
02020111000022221
02020000000000001
00020000001100001
00000000001100000
00022200001122100
01100111120022100
01100000020000000
00000000020000000
STEP 14 P1 MOVE 5 2 6 3
OWN
00020001110000000
02022220000000000
02020111000022221
02020000000000001
00020000001100001
00110000001100000
00112200001122100
01100111120022100
01100000020000000
00000000020000000
STEP 15 P2 MOVE 6 1 6 6
OWN
00020001110000000
02022220000000000
02020111000022221
02020000000000001
00020000001100001
00110000001100000
02222220001122100
01100111120022100
01100000020000000
00000000020000000
STEP 16 P1 MOVE 6 4 7 7
OWN
00020001110000000
02022220000000000
02020111000022221
02020000000000001
00020000001100001
00110000001100000
02221111001122100
01101111120022100
01100000020000000
00000000020000000
STEP 17 P2 MOVE 4 1 9 1
OWN
00020001110000000
02022220000000000
02020111000022221
02020000000000001
02020000001100001
02110000001100000
02221111001122100
02101111120022100
02100000020000000
02000000020000000
STEP 18 P1 MOVE 8 7 9 7
OWN
00020001110000000
02022220000000000
02020111000022221
02020000000000001
02020000001100001
02110000001100000
02221111001122100
02101111120022100
02100001020000000
02000001020000000
STEP 19 P2 MOVE 8 4 9 4
OWN
00020001110000000
02022220000000000
02020111000022221
02020000000000001
02020000001100001
02110000001100000
02221111001122100
02101111120022100
02102001020000000
02002001020000000
STEP 20 P1 MOVE 0 12 1 12
OWN
00020001110010000
02022220000010000
02020111000022221
02020000000000001
02020000001100001
02110000001100000
02221111001122100
02101111120022100
02102001020000000
02002001020000000
STEP 21 P2 MOVE 9 13 9 15
OWN
00020001110010000
02022220000010000
02020111000022221
02020000000000001
02020000001100001
02110000001100000
02221111001122100
02101111120022100
02102001020000000
02002001020002220
STEP 22 P1 MOVE 0 13 0 14
OWN
00020001110011100
02022220000010000
02020111000022221
02020000000000001
02020000001100001
02110000001100000
02221111001122100
02101111120022100
02102001020000000
02002001020002220
STEP 23 P2 MOVE 8 12 9 13
OWN
00020001110011100
02022220000010000
02020111000022221
02020000000000001
02020000001100001
02110000001100000
02221111001122100
02101111120022100
02102001020022000
02002001020022220
STEP 24 P1 MOVE 5 8 6 8
OWN
00020001110011100
02022220000010000
02020111000022221
02020000000000001
02020000001100001
02110000101100000
02221111101122100
02101111120022100
02102001020022000
02002001020022220
STEP 25 P2 MOVE 2 10 2 11
OWN
00020001110011100
02022220000010000
02020111002222221
02020000000000001
02020000001100001
02110000101100000
02221111101122100
02101111120022100
02102001020022000
02002001020022220
STEP 26 P1 MOVE 8 10 8 11
OWN
00020001110011100
02022220000010000
02020111002222221
02020000000000001
02020000001100001
02110000101100000
02221111101122100
02101111120022100
02102001021122000
02002001020022220
STEP 27 P2 MOVE 0 10 3 10
OWN
00020001112011100
02022220002010000
02020111002222221
02020000002000001
02020000001100001
02110000101100000
02221111101122100
02101111120022100
02102001021122000
02002001020022220
STEP 28 P1 MOVE 3 9 3 11
OWN
00020001112011100
02022220002010000
02020111002222221
02020000011100001
02020000001100001
02110000101100000
02221111101122100
02101111120022100
02102001021122000
02002001020022220
STEP 29 P2 MOVE 4 15 5 15
OWN
00020001112011100
02022220002010000
02020111002222221
02020000011100001
02020000001100021
02110000101100020
02221111101122100
02101111120022100
02102001021122000
02002001020022220
STEP 30 P1 MOVE 3 15 5 16
OWN
00020001112011100
02022220002010000
02020111002222221
02020000011100011
02020000001100011
02110000101100011
02221111101122100
02101111120022100
02102001021122000
02002001020022220
STEP 31 P2 MOVE 4 12 5 12
OWN
00020001112011100
02022220002010000
02020111002222221
02020000011100011
02020000001120011
02110000101120011
02221111101122100
02101111120022100
02102001021122000
02002001020022220
STEP 32 P1 MOVE 5 11 7 13
OWN
00020001112011100
02022220002010000
02020111002222221
02020000011100011
02020000001120011
02110000101111011
02221111101111100
02101111120111100
02102001021122000
02002001020022220
STEP 33 P2 MOVE 3 2 3 5
OWN
00020001112011100
02022220002010000
02020111002222221
02222200011100011
02020000001120011
02110000101111011
02221111101111100
02101111120111100
02102001021122000
02002001020022220
STEP 34 P1 MOVE 0 5 4 5
OWN
00020101112011100
02022120002010000
02020111002222221
02222100011100011
02020100001120011
02110000101111011
02221111101111100
02101111120111100
02102001021122000
02002001020022220
STEP 35 P2 MOVE 4 9 4 13
OWN
00020101112011100
02022120002010000
02020111002222221
02222100011100011
02020100022222011
02110000101111011
02221111101111100
02101111120111100
02102001021122000
02002001020022220
STEP 36 P1 MOVE -1 -1 -1 -1
OWN
00020101112011100
02022120002010000
02020111002222221
02222100011100011
02020100022222011
02110000101111011
02221111101111100
02101111120111100
02102001021122000
02002001020022220
STEP 37 P2 MOVE -1 -1 -1 -1
OWN
00020101112011100
02022120002010000
02020111002222221
02222100011100011
02020100022222011
02110000101111011
02221111101111100
02101111120111100
02102001021122000
02002001020022220
RESULT first=56 second=44 winner=1
ANALYSIS winner=P1 score=56-44 reason=Ĺ»ĂëżěŔ§(+8Ä­ »©ľŃŔ˝,2ąčČż°ú) steal(w/l)=14/6 neu(w/l)=48/52
