BOARD
44469965523636925
22672181511755357
66467865475197112
77868253668166877
22551268487465189
14186516542267495
87865618522541749
55688934198974549
15294533744971736
34933159358931548
STEP 0 P1 MOVE 1 14 2 15
OWN
00000000000000000
00000000000000110
00000000000000110
00000000000000000
00000000000000000
00000000000000000
00000000000000000
00000000000000000
00000000000000000
00000000000000000
STEP 1 P2 MOVE 5 9 6 10
OWN
00000000000000000
00000000000000110
00000000000000110
00000000000000000
00000000000000000
00000000022000000
00000000022000000
00000000000000000
00000000000000000
00000000000000000
STEP 2 P1 MOVE 6 8 6 11
OWN
00000000000000000
00000000000000110
00000000000000110
00000000000000000
00000000000000000
00000000022000000
00000000111100000
00000000000000000
00000000000000000
00000000000000000
STEP 3 P2 MOVE 4 8 7 8
OWN
00000000000000000
00000000000000110
00000000000000110
00000000000000000
00000000200000000
00000000222000000
00000000211100000
00000000200000000
00000000000000000
00000000000000000
STEP 4 P1 MOVE 2 2 2 3
OWN
00000000000000000
00000000000000110
00110000000000110
00000000000000000
00000000200000000
00000000222000000
00000000211100000
00000000200000000
00000000000000000
00000000000000000
STEP 5 P2 MOVE 0 8 0 10
OWN
00000000222000000
00000000000000110
00110000000000110
00000000000000000
00000000200000000
00000000222000000
00000000211100000
00000000200000000
00000000000000000
00000000000000000
STEP 6 P1 MOVE 3 0 5 0
OWN
00000000222000000
00000000000000110
00110000000000110
10000000000000000
10000000200000000
10000000222000000
00000000211100000
00000000200000000
00000000000000000
00000000000000000
STEP 7 P2 MOVE 9 13 9 15
OWN
00000000222000000
00000000000000110
00110000000000110
10000000000000000
10000000200000000
10000000222000000
00000000211100000
00000000200000000
00000000000000000
00000000000002220
STEP 8 P1 MOVE 1 3 1 5
OWN
00000000222000000
00011100000000110
00110000000000110
10000000000000000
10000000200000000
10000000222000000
00000000211100000
00000000200000000
00000000000000000
00000000000002220
STEP 9 P2 MOVE 4 2 4 3
OWN
00000000222000000
00011100000000110
00110000000000110
10000000000000000
10220000200000000
10000000222000000
00000000211100000
00000000200000000
00000000000000000
00000000000002220
STEP 10 P1 MOVE 2 5 3 5
OWN
00000000222000000
00011100000000110
00110100000000110
10000100000000000
10220000200000000
10000000222000000
00000000211100000
00000000200000000
00000000000000000
00000000000002220
STEP 11 P2 MOVE 0 2 1 2
OWN
00200000222000000
00211100000000110
00110100000000110
10000100000000000
10220000200000000
10000000222000000
00000000211100000
00000000200000000
00000000000000000
00000000000002220
STEP 12 P1 MOVE 0 1 0 3
OWN
01110000222000000
00211100000000110
00110100000000110
10000100000000000
10220000200000000
10000000222000000
00000000211100000
00000000200000000
00000000000000000
00000000000002220
STEP 13 P2 MOVE 7 0 7 1
OWN
01110000222000000
00211100000000110
00110100000000110
10000100000000000
10220000200000000
10000000222000000
00000000211100000
22000000200000000
00000000000000000
00000000000002220
STEP 14 P1 MOVE 1 12 1 13
OWN
01110000222000000
00211100000011110
00110100000000110
10000100000000000
10220000200000000
10000000222000000
00000000211100000
22000000200000000
00000000000000000
00000000000002220
STEP 15 P2 MOVE 2 8 3 8
OWN
01110000222000000
00211100000011110
00110100200000110
10000100200000000
10220000200000000
10000000222000000
00000000211100000
22000000200000000
00000000000000000
00000000000002220
STEP 16 P1 MOVE 2 11 2 12
OWN
01110000222000000
00211100000011110
00110100200110110
10000100200000000
10220000200000000
10000000222000000
00000000211100000
22000000200000000
00000000000000000
00000000000002220
STEP 17 P2 MOVE 8 8 9 8
OWN
01110000222000000
00211100000011110
00110100200110110
10000100200000000
10220000200000000
10000000222000000
00000000211100000
22000000200000000
00000000200000000
00000000200002220
STEP 18 P1 MOVE 8 6 8 9
OWN
01110000222000000
00211100000011110
00110100200110110
10000100200000000
10220000200000000
10000000222000000
00000000211100000
22000000200000000
00000011110000000
00000000200002220
STEP 19 P2 MOVE 5 6 9 6
OWN
01110000222000000
00211100000011110
00110100200110110
10000100200000000
10220000200000000
10000020222000000
00000020211100000
22000020200000000
00000021110000000
00000020200002220
STEP 20 P1 MOVE 5 12 6 12
OWN
01110000222000000
00211100000011110
00110100200110110
10000100200000000
10220000200000000
10000020222010000
00000020211110000
22000020200000000
00000021110000000
00000020200002220
STEP 21 P2 MOVE 5 11 6 13
OWN
01110000222000000
00211100000011110
00110100200110110
10000100200000000
10220000200000000
10000020222222000
00000020211222000
22000020200000000
00000021110000000
00000020200002220
STEP 22 P1 MOVE 5 7 5 14
OWN
01110000222000000
00211100000011110
00110100200110110
10000100200000000
10220000200000000
10000021111111100
00000020211222000
22000020200000000
00000021110000000
00000020200002220
STEP 23 P2 MOVE 4 13 8 13
OWN
01110000222000000
00211100000011110
00110100200110110
10000100200000000
10220000200002000
10000021111112100
00000020211222000
22000020200002000
00000021110002000
00000020200002220
STEP 24 P1 MOVE 8 12 9 12
OWN
01110000222000000
00211100000011110
00110100200110110
10000100200000000
10220000200002000
10000021111112100
00000020211222000
22000020200002000
00000021110012000
00000020200012220
STEP 25 P2 MOVE 1 1 1 6
OWN
01110000222000000
02222220000011110
00110100200110110
10000100200000000
10220000200002000
10000021111112100
00000020211222000
22000020200002000
00000021110012000
00000020200012220
STEP 26 P1 MOVE 1 0 1 10
OWN
01110000222000000
11111111111011110
00110100200110110
10000100200000000
10220000200002000
10000021111112100
00000020211222000
22000020200002000
00000021110012000
00000020200012220
STEP 27 P2 MOVE 0 0 2 0
OWN
21110000222000000
21111111111011110
20110100200110110
10000100200000000
10220000200002000
10000021111112100
00000020211222000
22000020200002000
00000021110012000
00000020200012220
STEP 28 P1 MOVE 0 7 2 7
OWN
21110001222000000
21111111111011110
20110101200110110
10000100200000000
10220000200002000
10000021111112100
00000020211222000
22000020200002000
00000021110012000
00000020200012220
STEP 29 P2 MOVE 8 14 8 15
OWN
21110001222000000
21111111111011110
20110101200110110
10000100200000000
10220000200002000
10000021111112100
00000020211222000
22000020200002000
00000021110012220
00000020200012220
STEP 30 P1 MOVE -1 -1 -1 -1
OWN
21110001222000000
21111111111011110
20110101200110110
10000100200000000
10220000200002000
10000021111112100
00000020211222000
22000020200002000
00000021110012220
00000020200012220
STEP 31 P2 MOVE -1 -1 -1 -1
OWN
21110001222000000
21111111111011110
20110101200110110
10000100200000000
10220000200002000
10000021111112100
00000020211222000
22000020200002000
00000021110012220
00000020200012220
RESULT first=44 second=33 winner=1
ANALYSIS winner=P1 score=44-33 reason=Ĺ»ĂëżěŔ§(+6Ä­ »©ľŃŔ˝,2ąčČż°ú) steal(w/l)=16/10 neu(w/l)=38/39
