BOARD
63323637327436297
76785883942465249
37853939196554456
85422378771538675
55293312118276418
92875938521898473
59887225913725643
56613697382124129
62545421123551499
93663964387365175
STEP 0 P1 MOVE 7 11 7 15
OWN
00000000000000000
00000000000000000
00000000000000000
00000000000000000
00000000000000000
00000000000000000
00000000000000000
00000000000111110
00000000000000000
00000000000000000
STEP 1 P2 MOVE 6 14 8 14
OWN
00000000000000000
00000000000000000
00000000000000000
00000000000000000
00000000000000000
00000000000000000
00000000000000200
00000000000111210
00000000000000200
00000000000000000
STEP 2 P1 MOVE 7 2 7 4
OWN
00000000000000000
00000000000000000
00000000000000000
00000000000000000
00000000000000000
00000000000000000
00000000000000200
00111000000111210
00000000000000200
00000000000000000
STEP 3 P2 MOVE 1 9 1 11
OWN
00000000000000000
00000000022200000
00000000000000000
00000000000000000
00000000000000000
00000000000000000
00000000000000200
00111000000111210
00000000000000200
00000000000000000
STEP 4 P1 MOVE 8 5 8 9
OWN
00000000000000000
00000000022200000
00000000000000000
00000000000000000
00000000000000000
00000000000000000
00000000000000200
00111000000111210
00000111110000200
00000000000000000
STEP 5 P2 MOVE 7 10 8 11
OWN
00000000000000000
00000000022200000
00000000000000000
00000000000000000
00000000000000000
00000000000000000
00000000000000200
00111000002211210
00000111112200200
00000000000000000
STEP 6 P1 MOVE 6 10 9 10
OWN
00000000000000000
00000000022200000
00000000000000000
00000000000000000
00000000000000000
00000000000000000
00000000001000200
00111000001211210
00000111111200200
00000000001000000
STEP 7 P2 MOVE 6 9 6 12
OWN
00000000000000000
00000000022200000
00000000000000000
00000000000000000
00000000000000000
00000000000000000
00000000022220200
00111000001211210
00000111111200200
00000000001000000
STEP 8 P1 MOVE 4 8 4 10
OWN
00000000000000000
00000000022200000
00000000000000000
00000000000000000
00000000111000000
00000000000000000
00000000022220200
00111000001211210
00000111111200200
00000000001000000
STEP 9 P2 MOVE 1 4 3 4
OWN
00000000000000000
00002000022200000
00002000000000000
00002000000000000
00000000111000000
00000000000000000
00000000022220200
00111000001211210
00000111111200200
00000000001000000
STEP 10 P1 MOVE 2 8 2 9
OWN
00000000000000000
00002000022200000
00002000110000000
00002000000000000
00000000111000000
00000000000000000
00000000022220200
00111000001211210
00000111111200200
00000000001000000
STEP 11 P2 MOVE 5 9 7 9
OWN
00000000000000000
00002000022200000
00002000110000000
00002000000000000
00000000111000000
00000000020000000
00000000022220200
00111000021211210
00000111111200200
00000000001000000
STEP 12 P1 MOVE 2 6 3 6
OWN
00000000000000000
00002000022200000
00002010110000000
00002010000000000
00000000111000000
00000000020000000
00000000022220200
00111000021211210
00000111111200200
00000000001000000
STEP 13 P2 MOVE 0 7 1 7
OWN
00000002000000000
00002002022200000
00002010110000000
00002010000000000
00000000111000000
00000000020000000
00000000022220200
00111000021211210
00000111111200200
00000000001000000
STEP 14 P1 MOVE 3 1 4 1
OWN
00000002000000000
00002002022200000
00002010110000000
01002010000000000
01000000111000000
00000000020000000
00000000022220200
00111000021211210
00000111111200200
00000000001000000
STEP 15 P2 MOVE 1 0 2 0
OWN
00000002000000000
20002002022200000
20002010110000000
01002010000000000
01000000111000000
00000000020000000
00000000022220200
00111000021211210
00000111111200200
00000000001000000
STEP 16 P1 MOVE 0 2 1 2
OWN
00100002000000000
20102002022200000
20002010110000000
01002010000000000
01000000111000000
00000000020000000
00000000022220200
00111000021211210
00000111111200200
00000000001000000
STEP 17 P2 MOVE 9 6 9 7
OWN
00100002000000000
20102002022200000
20002010110000000
01002010000000000
01000000111000000
00000000020000000
00000000022220200
00111000021211210
00000111111200200
00000022001000000
STEP 18 P1 MOVE 4 2 5 2
OWN
00100002000000000
20102002022200000
20002010110000000
01002010000000000
01100000111000000
00100000020000000
00000000022220200
00111000021211210
00000111111200200
00000022001000000
STEP 19 P2 MOVE 2 11 3 11
OWN
00100002000000000
20102002022200000
20002010110200000
01002010000200000
01100000111000000
00100000020000000
00000000022220200
00111000021211210
00000111111200200
00000022001000000
STEP 20 P1 MOVE 7 7 7 8
OWN
00100002000000000
20102002022200000
20002010110200000
01002010000200000
01100000111000000
00100000020000000
00000000022220200
00111001121211210
00000111111200200
00000022001000000
STEP 21 P2 MOVE 3 12 4 12
OWN
00100002000000000
20102002022200000
20002010110200000
01002010000220000
01100000111020000
00100000020000000
00000000022220200
00111001121211210
00000111111200200
00000022001000000
STEP 22 P1 MOVE 4 11 5 11
OWN
00100002000000000
20102002022200000
20002010110200000
01002010000220000
01100000111120000
00100000020100000
00000000022220200
00111001121211210
00000111111200200
00000022001000000
STEP 23 P2 MOVE 2 14 3 14
OWN
00100002000000000
20102002022200000
20002010110200200
01002010000220200
01100000111120000
00100000020100000
00000000022220200
00111001121211210
00000111111200200
00000022001000000
STEP 24 P1 MOVE 5 15 5 16
OWN
00100002000000000
20102002022200000
20002010110200200
01002010000220200
01100000111120000
00100000020100011
00000000022220200
00111001121211210
00000111111200200
00000022001000000
STEP 25 P2 MOVE 6 0 7 0
OWN
00100002000000000
20102002022200000
20002010110200200
01002010000220200
01100000111120000
00100000020100011
20000000022220200
20111001121211210
00000111111200200
00000022001000000
STEP 26 P1 MOVE 8 3 9 3
OWN
00100002000000000
20102002022200000
20002010110200200
01002010000220200
01100000111120000
00100000020100011
20000000022220200
20111001121211210
00010111111200200
00010022001000000
STEP 27 P2 MOVE 3 4 4 6
OWN
00100002000000000
20102002022200000
20002010110200200
01002220000220200
01102220111120000
00100000020100011
20000000022220200
20111001121211210
00010111111200200
00010022001000000
STEP 28 P1 MOVE 3 3 3 7
OWN
00100002000000000
20102002022200000
20002010110200200
01011111000220200
01102220111120000
00100000020100011
20000000022220200
20111001121211210
00010111111200200
00010022001000000
STEP 29 P2 MOVE 1 14 5 14
OWN
00100002000000000
20102002022200200
20002010110200200
01011111000220200
01102220111120200
00100000020100211
20000000022220200
20111001121211210
00010111111200200
00010022001000000
STEP 30 P1 MOVE 0 3 1 3
OWN
00110002000000000
20112002022200200
20002010110200200
01011111000220200
01102220111120200
00100000020100211
20000000022220200
20111001121211210
00010111111200200
00010022001000000
STEP 31 P2 MOVE 8 2 8 4
OWN
00110002000000000
20112002022200200
20002010110200200
01011111000220200
01102220111120200
00100000020100211
20000000022220200
20111001121211210
00222111111200200
00010022001000000
STEP 32 P1 MOVE 6 4 9 4
OWN
00110002000000000
20112002022200200
20002010110200200
01011111000220200
01102220111120200
00100000020100211
20001000022220200
20111001121211210
00221111111200200
00011022001000000
STEP 33 P2 MOVE 6 3 6 5
OWN
00110002000000000
20112002022200200
20002010110200200
01011111000220200
01102220111120200
00100000020100211
20022200022220200
20111001121211210
00221111111200200
00011022001000000
STEP 34 P1 MOVE 6 2 6 6
OWN
00110002000000000
20112002022200200
20002010110200200
01011111000220200
01102220111120200
00100000020100211
20111110022220200
20111001121211210
00221111111200200
00011022001000000
STEP 35 P2 MOVE 3 2 9 2
OWN
00110002000000000
20112002022200200
20002010110200200
01211111000220200
01202220111120200
00200000020100211
20211110022220200
20211001121211210
00221111111200200
00211022001000000
STEP 36 P1 MOVE 4 7 5 7
OWN
00110002000000000
20112002022200200
20002010110200200
01211111000220200
01202221111120200
00200001020100211
20211110022220200
20211001121211210
00221111111200200
00211022001000000
STEP 37 P2 MOVE 5 10 5 12
OWN
00110002000000000
20112002022200200
20002010110200200
01211111000220200
01202221111120200
00200001022220211
20211110022220200
20211001121211210
00221111111200200
00211022001000000
STEP 38 P1 MOVE 2 10 9 11
OWN
00110002000000000
20112002022200200
20002010111100200
01211111001120200
01202221111120200
00200001021120211
20211110021120200
20211001121111210
00221111111100200
00211022001100000
STEP 39 P2 MOVE 2 12 8 12
OWN
00110002000000000
20112002022200200
20002010111120200
01211111001120200
01202221111120200
00200001021120211
20211110021120200
20211001121121210
00221111111120200
00211022001100000
STEP 40 P1 MOVE 7 6 8 13
OWN
00110002000000000
20112002022200200
20002010111120200
01211111001120200
01202221111120200
00200001021120211
20211110021120200
20211011111111210
00221111111111200
00211022001100000
STEP 41 P2 MOVE 6 13 9 13
OWN
00110002000000000
20112002022200200
20002010111120200
01211111001120200
01202221111120200
00200001021120211
20211110021122200
20211011111112210
00221111111112200
00211022001102000
STEP 42 P1 MOVE -1 -1 -1 -1
OWN
00110002000000000
20112002022200200
20002010111120200
01211111001120200
01202221111120200
00200001021120211
20211110021122200
20211011111112210
00221111111112200
00211022001102000
STEP 43 P2 MOVE -1 -1 -1 -1
OWN
00110002000000000
20112002022200200
20002010111120200
01211111001120200
01202221111120200
00200001021120211
20211110021122200
20211011111112210
00221111111112200
00211022001102000
RESULT first=57 second=43 winner=1
ANALYSIS winner=P1 score=57-43 reason=탈취우위(+6칸 빼앗음,2배효과) steal(w/l)=20/14 neu(w/l)=51/49
