BOARD
41755873249285892
82318683871763152
83267876813745254
43874151626742696
85578653763421397
28149135265373169
75557385719966752
86249328417187719
88479763386846674
77261773129828597
STEP 0 P1 MOVE 1 1 2 2
OWN
00000000000000000
01100000000000000
01100000000000000
00000000000000000
00000000000000000
00000000000000000
00000000000000000
00000000000000000
00000000000000000
00000000000000000
STEP 1 P2 MOVE 8 7 9 8
OWN
00000000000000000
01100000000000000
01100000000000000
00000000000000000
00000000000000000
00000000000000000
00000000000000000
00000000000000000
00000002200000000
00000002200000000
STEP 2 P1 MOVE 2 7 4 7
OWN
00000000000000000
01100000000000000
01100001000000000
00000001000000000
00000001000000000
00000000000000000
00000000000000000
00000000000000000
00000002200000000
00000002200000000
STEP 3 P2 MOVE 6 9 8 9
OWN
00000000000000000
01100000000000000
01100001000000000
00000001000000000
00000001000000000
00000000000000000
00000000020000000
00000000020000000
00000002220000000
00000002200000000
STEP 4 P1 MOVE 4 5 6 5
OWN
00000000000000000
01100000000000000
01100001000000000
00000001000000000
00000101000000000
00000100000000000
00000100020000000
00000000020000000
00000002220000000
00000002200000000
STEP 5 P2 MOVE 5 6 5 8
OWN
00000000000000000
01100000000000000
01100001000000000
00000001000000000
00000101000000000
00000122200000000
00000100020000000
00000000020000000
00000002220000000
00000002200000000
STEP 6 P1 MOVE 2 12 4 12
OWN
00000000000000000
01100000000000000
01100001000010000
00000001000010000
00000101000010000
00000122200000000
00000100020000000
00000000020000000
00000002220000000
00000002200000000
STEP 7 P2 MOVE 1 10 3 10
OWN
00000000000000000
01100000002000000
01100001002010000
00000001002010000
00000101000010000
00000122200000000
00000100020000000
00000000020000000
00000002220000000
00000002200000000
STEP 8 P1 MOVE 3 4 3 6
OWN
00000000000000000
01100000002000000
01100001002010000
00001111002010000
00000101000010000
00000122200000000
00000100020000000
00000000020000000
00000002220000000
00000002200000000
STEP 9 P2 MOVE 4 0 5 0
OWN
00000000000000000
01100000002000000
01100001002010000
00001111002010000
20000101000010000
20000122200000000
00000100020000000
00000000020000000
00000002220000000
00000002200000000
STEP 10 P1 MOVE 5 11 5 12
OWN
00000000000000000
01100000002000000
01100001002010000
00001111002010000
20000101000010000
20000122200110000
00000100020000000
00000000020000000
00000002220000000
00000002200000000
STEP 11 P2 MOVE 1 12 1 14
OWN
00000000000000000
01100000002022200
01100001002010000
00001111002010000
20000101000010000
20000122200110000
00000100020000000
00000000020000000
00000002220000000
00000002200000000
STEP 12 P1 MOVE 1 15 2 15
OWN
00000000000000000
01100000002022210
01100001002010010
00001111002010000
20000101000010000
20000122200110000
00000100020000000
00000000020000000
00000002220000000
00000002200000000
STEP 13 P2 MOVE 0 14 2 14
OWN
00000000000000200
01100000002022210
01100001002010210
00001111002010000
20000101000010000
20000122200110000
00000100020000000
00000000020000000
00000002220000000
00000002200000000
STEP 14 P1 MOVE 0 11 0 12
OWN
00000000000110200
01100000002022210
01100001002010210
00001111002010000
20000101000010000
20000122200110000
00000100020000000
00000000020000000
00000002220000000
00000002200000000
STEP 15 P2 MOVE 0 13 2 13
OWN
00000000000112200
01100000002022210
01100001002012210
00001111002010000
20000101000010000
20000122200110000
00000100020000000
00000000020000000
00000002220000000
00000002200000000
STEP 16 P1 MOVE 9 12 9 13
OWN
00000000000112200
01100000002022210
01100001002012210
00001111002010000
20000101000010000
20000122200110000
00000100020000000
00000000020000000
00000002220000000
00000002200011000
STEP 17 P2 MOVE 6 2 6 3
OWN
00000000000112200
01100000002022210
01100001002012210
00001111002010000
20000101000010000
20000122200110000
00220100020000000
00000000020000000
00000002220000000
00000002200011000
STEP 18 P1 MOVE 7 5 8 5
OWN
00000000000112200
01100000002022210
01100001002012210
00001111002010000
20000101000010000
20000122200110000
00220100020000000
00000100020000000
00000102220000000
00000002200011000
STEP 19 P2 MOVE 5 13 5 15
OWN
00000000000112200
01100000002022210
01100001002012210
00001111002010000
20000101000010000
20000122200112220
00220100020000000
00000100020000000
00000102220000000
00000002200011000
STEP 20 P1 MOVE 7 15 7 16
OWN
00000000000112200
01100000002022210
01100001002012210
00001111002010000
20000101000010000
20000122200112220
00220100020000000
00000100020000011
00000102220000000
00000002200011000
STEP 21 P2 MOVE 0 3 0 4
OWN
00022000000112200
01100000002022210
01100001002012210
00001111002010000
20000101000010000
20000122200112220
00220100020000000
00000100020000011
00000102220000000
00000002200011000
STEP 22 P1 MOVE 8 4 9 4
OWN
00022000000112200
01100000002022210
01100001002012210
00001111002010000
20000101000010000
20000122200112220
00220100020000000
00000100020000011
00001102220000000
00001002200011000
STEP 23 P2 MOVE 8 12 8 13
OWN
00022000000112200
01100000002022210
01100001002012210
00001111002010000
20000101000010000
20000122200112220
00220100020000000
00000100020000011
00001102220022000
00001002200011000
STEP 24 P1 MOVE 2 16 3 16
OWN
00022000000112200
01100000002022210
01100001002012211
00001111002010001
20000101000010000
20000122200112220
00220100020000000
00000100020000011
00001102220022000
00001002200011000
STEP 25 P2 MOVE 4 1 4 2
OWN
00022000000112200
01100000002022210
01100001002012211
00001111002010001
22200101000010000
20000122200112220
00220100020000000
00000100020000011
00001102220022000
00001002200011000
STEP 26 P1 MOVE 4 14 6 14
OWN
00022000000112200
01100000002022210
01100001002012211
00001111002010001
22200101000010100
20000122200112120
00220100020000100
00000100020000011
00001102220022000
00001002200011000
STEP 27 P2 MOVE 4 13 4 15
OWN
00022000000112200
01100000002022210
01100001002012211
00001111002010001
22200101000012220
20000122200112120
00220100020000100
00000100020000011
00001102220022000
00001002200011000
STEP 28 P1 MOVE 1 9 3 9
OWN
00022000000112200
01100000012022210
01100001012012211
00001111012010001
22200101000012220
20000122200112120
00220100020000100
00000100020000011
00001102220022000
00001002200011000
STEP 29 P2 MOVE 0 9 4 9
OWN
00022000020112200
01100000022022210
01100001022012211
00001111022010001
22200101020012220
20000122200112120
00220100020000100
00000100020000011
00001102220022000
00001002200011000
STEP 30 P1 MOVE 4 8 4 10
OWN
00022000020112200
01100000022022210
01100001022012211
00001111022010001
22200101111012220
20000122200112120
00220100020000100
00000100020000011
00001102220022000
00001002200011000
STEP 31 P2 MOVE -1 -1 -1 -1
OWN
00022000020112200
01100000022022210
01100001022012211
00001111022010001
22200101111012220
20000122200112120
00220100020000100
00000100020000011
00001102220022000
00001002200011000
STEP 32 P1 MOVE 0 8 1 8
OWN
00022000120112200
01100000122022210
01100001022012211
00001111022010001
22200101111012220
20000122200112120
00220100020000100
00000100020000011
00001102220022000
00001002200011000
STEP 33 P2 MOVE 0 6 0 7
OWN
00022022120112200
01100000122022210
01100001022012211
00001111022010001
22200101111012220
20000122200112120
00220100020000100
00000100020000011
00001102220022000
00001002200011000
STEP 34 P1 MOVE 1 7 1 11
OWN
00022022120112200
01100001111122210
01100001022012211
00001111022010001
22200101111012220
20000122200112120
00220100020000100
00000100020000011
00001102220022000
00001002200011000
STEP 35 P2 MOVE 1 6 1 16
OWN
00022022120112200
01100022222222222
01100001022012211
00001111022010001
22200101111012220
20000122200112120
00220100020000100
00000100020000011
00001102220022000
00001002200011000
STEP 36 P1 MOVE -1 -1 -1 -1
OWN
00022022120112200
01100022222222222
01100001022012211
00001111022010001
22200101111012220
20000122200112120
00220100020000100
00000100020000011
00001102220022000
00001002200011000
STEP 37 P2 MOVE -1 -1 -1 -1
OWN
00022022120112200
01100022222222222
01100001022012211
00001111022010001
22200101111012220
20000122200112120
00220100020000100
00000100020000011
00001102220022000
00001002200011000
RESULT first=37 second=47 winner=2
ANALYSIS winner=P2 score=37-47 reason=Ĺ»ĂëżěŔ§(+6Ä­ »©ľŃŔ˝,2ąčČż°ú) steal(w/l)=10/4 neu(w/l)=41/43
