BOARD
62537257444435959
49676338774571573
16648874473933816
14157723669253538
75295416813239551
99775298797139967
99573993762289964
59791523724114342
74547377477134756
19356825832277643
STEP 0 P1 MOVE 0 1 0 3
OWN
01110000000000000
00000000000000000
00000000000000000
00000000000000000
00000000000000000
00000000000000000
00000000000000000
00000000000000000
00000000000000000
00000000000000000
STEP 1 P2 MOVE 3 1 3 3
OWN
01110000000000000
00000000000000000
00000000000000000
02220000000000000
00000000000000000
00000000000000000
00000000000000000
00000000000000000
00000000000000000
00000000000000000
STEP 2 P1 MOVE 4 4 4 6
OWN
01110000000000000
00000000000000000
00000000000000000
02220000000000000
00001110000000000
00000000000000000
00000000000000000
00000000000000000
00000000000000000
00000000000000000
STEP 3 P2 MOVE 3 11 3 13
OWN
01110000000000000
00000000000000000
00000000000000000
02220000000222000
00001110000000000
00000000000000000
00000000000000000
00000000000000000
00000000000000000
00000000000000000
STEP 4 P1 MOVE 7 10 7 13
OWN
01110000000000000
00000000000000000
00000000000000000
02220000000222000
00001110000000000
00000000000000000
00000000000000000
00000000001111000
00000000000000000
00000000000000000
STEP 5 P2 MOVE 7 14 8 14
OWN
01110000000000000
00000000000000000
00000000000000000
02220000000222000
00001110000000000
00000000000000000
00000000000000000
00000000001111200
00000000000000200
00000000000000000
STEP 6 P1 MOVE 6 15 7 15
OWN
01110000000000000
00000000000000000
00000000000000000
02220000000222000
00001110000000000
00000000000000000
00000000000000010
00000000001111210
00000000000000200
00000000000000000
STEP 7 P2 MOVE 6 9 7 10
OWN
01110000000000000
00000000000000000
00000000000000000
02220000000222000
00001110000000000
00000000000000000
00000000022000010
00000000022111210
00000000000000200
00000000000000000
STEP 8 P1 MOVE 6 10 8 11
OWN
01110000000000000
00000000000000000
00000000000000000
02220000000222000
00001110000000000
00000000000000000
00000000021100010
00000000021111210
00000000001100200
00000000000000000
STEP 9 P2 MOVE 8 9 8 12
OWN
01110000000000000
00000000000000000
00000000000000000
02220000000222000
00001110000000000
00000000000000000
00000000021100010
00000000021111210
00000000022220200
00000000000000000
STEP 10 P1 MOVE 3 14 4 14
OWN
01110000000000000
00000000000000000
00000000000000000
02220000000222100
00001110000000100
00000000000000000
00000000021100010
00000000021111210
00000000022220200
00000000000000000
STEP 11 P2 MOVE 7 7 8 7
OWN
01110000000000000
00000000000000000
00000000000000000
02220000000222100
00001110000000100
00000000000000000
00000000021100010
00000002021111210
00000002022220200
00000000000000000
STEP 12 P1 MOVE 8 5 8 6
OWN
01110000000000000
00000000000000000
00000000000000000
02220000000222100
00001110000000100
00000000000000000
00000000021100010
00000002021111210
00000112022220200
00000000000000000
STEP 13 P2 MOVE 0 0 1 0
OWN
21110000000000000
20000000000000000
00000000000000000
02220000000222100
00001110000000100
00000000000000000
00000000021100010
00000002021111210
00000112022220200
00000000000000000
STEP 14 P1 MOVE 1 15 1 16
OWN
21110000000000000
20000000000000011
00000000000000000
02220000000222100
00001110000000100
00000000000000000
00000000021100010
00000002021111210
00000112022220200
00000000000000000
STEP 15 P2 MOVE 4 10 5 10
OWN
21110000000000000
20000000000000011
00000000000000000
02220000000222100
00001110002000100
00000000002000000
00000000021100010
00000002021111210
00000112022220200
00000000000000000
STEP 16 P1 MOVE 6 3 6 4
OWN
21110000000000000
20000000000000011
00000000000000000
02220000000222100
00001110002000100
00000000002000000
00011000021100010
00000002021111210
00000112022220200
00000000000000000
STEP 17 P2 MOVE 2 2 2 3
OWN
21110000000000000
20000000000000011
00220000000000000
02220000000222100
00001110002000100
00000000002000000
00011000021100010
00000002021111210
00000112022220200
00000000000000000
STEP 18 P1 MOVE 2 8 3 8
OWN
21110000000000000
20000000000000011
00220000100000000
02220000100222100
00001110002000100
00000000002000000
00011000021100010
00000002021111210
00000112022220200
00000000000000000
STEP 19 P2 MOVE 2 9 2 10
OWN
21110000000000000
20000000000000011
00220000122000000
02220000100222100
00001110002000100
00000000002000000
00011000021100010
00000002021111210
00000112022220200
00000000000000000
STEP 20 P1 MOVE 6 7 6 8
OWN
21110000000000000
20000000000000011
00220000122000000
02220000100222100
00001110002000100
00000000002000000
00011001121100010
00000002021111210
00000112022220200
00000000000000000
STEP 21 P2 MOVE 7 3 7 4
OWN
21110000000000000
20000000000000011
00220000122000000
02220000100222100
00001110002000100
00000000002000000
00011001121100010
00022002021111210
00000112022220200
00000000000000000
STEP 22 P1 MOVE 9 0 9 1
OWN
21110000000000000
20000000000000011
00220000122000000
02220000100222100
00001110002000100
00000000002000000
00011001121100010
00022002021111210
00000112022220200
11000000000000000
STEP 23 P2 MOVE 9 5 9 6
OWN
21110000000000000
20000000000000011
00220000122000000
02220000100222100
00001110002000100
00000000002000000
00011001121100010
00022002021111210
00000112022220200
11000220000000000
STEP 24 P1 MOVE 0 12 1 12
OWN
21110000000010000
20000000000010011
00220000122000000
02220000100222100
00001110002000100
00000000002000000
00011001121100010
00022002021111210
00000112022220200
11000220000000000
STEP 25 P2 MOVE 1 10 1 13
OWN
21110000000010000
20000000002222011
00220000122000000
02220000100222100
00001110002000100
00000000002000000
00011001121100010
00022002021111210
00000112022220200
11000220000000000
STEP 26 P1 MOVE 5 9 5 11
OWN
21110000000010000
20000000002222011
00220000122000000
02220000100222100
00001110002000100
00000000011100000
00011001121100010
00022002021111210
00000112022220200
11000220000000000
STEP 27 P2 MOVE 4 9 9 11
OWN
21110000000010000
20000000002222011
00220000122000000
02220000100222100
00001110022200100
00000000022200000
00011001122200010
00022002022211210
00000112022220200
11000220022200000
STEP 28 P1 MOVE 5 8 5 12
OWN
21110000000010000
20000000002222011
00220000122000000
02220000100222100
00001110022200100
00000000111110000
00011001122200010
00022002022211210
00000112022220200
11000220022200000
STEP 29 P2 MOVE 1 6 2 6
OWN
21110000000010000
20000020002222011
00220020122000000
02220000100222100
00001110022200100
00000000111110000
00011001122200010
00022002022211210
00000112022220200
11000220022200000
STEP 30 P1 MOVE 0 5 1 6
OWN
21110110000010000
20000110002222011
00220020122000000
02220000100222100
00001110022200100
00000000111110000
00011001122200010
00022002022211210
00000112022220200
11000220022200000
STEP 31 P2 MOVE -1 -1 -1 -1
OWN
21110110000010000
20000110002222011
00220020122000000
02220000100222100
00001110022200100
00000000111110000
00011001122200010
00022002022211210
00000112022220200
11000220022200000
STEP 32 P1 MOVE -1 -1 -1 -1
OWN
21110110000010000
20000110002222011
00220020122000000
02220000100222100
00001110022200100
00000000111110000
00011001122200010
00022002022211210
00000112022220200
11000220022200000
RESULT first=34 second=41 winner=2
ANALYSIS winner=P2 score=34-41 reason=Ĺ»ĂëżěŔ§(+4Ä­ »©ľŃŔ˝,2ąčČż°ú) / żŞŔü˝Â steal(w/l)=11/7 neu(w/l)=37/38
