BOARD
97637784867899955
13316658635688394
64881628528697724
64478657697788338
27451978299396991
21995163517491387
55887782954715117
12141637865973571
36849994754696482
51975466673585822
STEP 0 P1 MOVE 5 13 6 14
OWN
00000000000000000
00000000000000000
00000000000000000
00000000000000000
00000000000000000
00000000000001100
00000000000001100
00000000000000000
00000000000000000
00000000000000000
STEP 1 P2 MOVE 4 0 7 0
OWN
00000000000000000
00000000000000000
00000000000000000
00000000000000000
20000000000000000
20000000000001100
20000000000001100
20000000000000000
00000000000000000
00000000000000000
STEP 2 P1 MOVE 2 4 4 4
OWN
00000000000000000
00000000000000000
00001000000000000
00001000000000000
20001000000000000
20000000000001100
20000000000001100
20000000000000000
00000000000000000
00000000000000000
STEP 3 P2 MOVE 7 4 7 6
OWN
00000000000000000
00000000000000000
00001000000000000
00001000000000000
20001000000000000
20000000000001100
20000000000001100
20002220000000000
00000000000000000
00000000000000000
STEP 4 P1 MOVE 2 14 3 14
OWN
00000000000000000
00000000000000000
00001000000000100
00001000000000100
20001000000000000
20000000000001100
20000000000001100
20002220000000000
00000000000000000
00000000000000000
STEP 5 P2 MOVE 4 9 5 9
OWN
00000000000000000
00000000000000000
00001000000000100
00001000000000100
20001000020000000
20000000020001100
20000000000001100
20002220000000000
00000000000000000
00000000000000000
STEP 6 P1 MOVE 9 14 9 15
OWN
00000000000000000
00000000000000000
00001000000000100
00001000000000100
20001000020000000
20000000020001100
20000000000001100
20002220000000000
00000000000000000
00000000000000110
STEP 7 P2 MOVE 8 10 8 11
OWN
00000000000000000
00000000000000000
00001000000000100
00001000000000100
20001000020000000
20000000020001100
20000000000001100
20002220000000000
00000000002200000
00000000000000110
STEP 8 P1 MOVE 5 1 5 2
OWN
00000000000000000
00000000000000000
00001000000000100
00001000000000100
20001000020000000
21100000020001100
20000000000001100
20002220000000000
00000000002200000
00000000000000110
STEP 9 P2 MOVE 2 9 2 10
OWN
00000000000000000
00000000000000000
00001000022000100
00001000000000100
20001000020000000
21100000020001100
20000000000001100
20002220000000000
00000000002200000
00000000000000110
STEP 10 P1 MOVE 0 15 0 16
OWN
00000000000000011
00000000000000000
00001000022000100
00001000000000100
20001000020000000
21100000020001100
20000000000001100
20002220000000000
00000000002200000
00000000000000110
STEP 11 P2 MOVE 8 7 9 7
OWN
00000000000000011
00000000000000000
00001000022000100
00001000000000100
20001000020000000
21100000020001100
20000000000001100
20002220000000000
00000002002200000
00000002000000110
STEP 12 P1 MOVE 4 7 4 8
OWN
00000000000000011
00000000000000000
00001000022000100
00001000000000100
20001001120000000
21100000020001100
20000000000001100
20002220000000000
00000002002200000
00000002000000110
STEP 13 P2 MOVE 0 0 1 0
OWN
20000000000000011
20000000000000000
00001000022000100
00001000000000100
20001001120000000
21100000020001100
20000000000001100
20002220000000000
00000002002200000
00000002000000110
STEP 14 P1 MOVE 1 2 1 4
OWN
20000000000000011
20111000000000000
00001000022000100
00001000000000100
20001001120000000
21100000020001100
20000000000001100
20002220000000000
00000002002200000
00000002000000110
STEP 15 P2 MOVE 4 5 5 5
OWN
20000000000000011
20111000000000000
00001000022000100
00001000000000100
20001201120000000
21100200020001100
20000000000001100
20002220000000000
00000002002200000
00000002000000110
STEP 16 P1 MOVE 0 1 1 1
OWN
21000000000000011
21111000000000000
00001000022000100
00001000000000100
20001201120000000
21100200020001100
20000000000001100
20002220000000000
00000002002200000
00000002000000110
STEP 17 P2 MOVE 0 3 0 4
OWN
21022000000000011
21111000000000000
00001000022000100
00001000000000100
20001201120000000
21100200020001100
20000000000001100
20002220000000000
00000002002200000
00000002000000110
STEP 18 P1 MOVE 2 0 2 1
OWN
21022000000000011
21111000000000000
11001000022000100
00001000000000100
20001201120000000
21100200020001100
20000000000001100
20002220000000000
00000002002200000
00000002000000110
STEP 19 P2 MOVE 3 0 3 1
OWN
21022000000000011
21111000000000000
11001000022000100
22001000000000100
20001201120000000
21100200020001100
20000000000001100
20002220000000000
00000002002200000
00000002000000110
STEP 20 P1 MOVE 4 15 4 16
OWN
21022000000000011
21111000000000000
11001000022000100
22001000000000100
20001201120000011
21100200020001100
20000000000001100
20002220000000000
00000002002200000
00000002000000110
STEP 21 P2 MOVE 5 12 6 12
OWN
21022000000000011
21111000000000000
11001000022000100
22001000000000100
20001201120000011
21100200020021100
20000000000021100
20002220000000000
00000002002200000
00000002000000110
STEP 22 P1 MOVE 7 12 7 13
OWN
21022000000000011
21111000000000000
11001000022000100
22001000000000100
20001201120000011
21100200020021100
20000000000021100
20002220000011000
00000002002200000
00000002000000110
STEP 23 P2 MOVE 9 1 9 2
OWN
21022000000000011
21111000000000000
11001000022000100
22001000000000100
20001201120000011
21100200020021100
20000000000021100
20002220000011000
00000002002200000
02200002000000110
STEP 24 P1 MOVE 9 5 9 6
OWN
21022000000000011
21111000000000000
11001000022000100
22001000000000100
20001201120000011
21100200020021100
20000000000021100
20002220000011000
00000002002200000
02200112000000110
STEP 25 P2 MOVE 2 6 2 7
OWN
21022000000000011
21111000000000000
11001022022000100
22001000000000100
20001201120000011
21100200020021100
20000000000021100
20002220000011000
00000002002200000
02200112000000110
STEP 26 P1 MOVE 1 6 3 6
OWN
21022000000000011
21111010000000000
11001012022000100
22001010000000100
20001201120000011
21100200020021100
20000000000021100
20002220000011000
00000002002200000
02200112000000110
STEP 27 P2 MOVE 6 6 6 7
OWN
21022000000000011
21111010000000000
11001012022000100
22001010000000100
20001201120000011
21100200020021100
20000022000021100
20002220000011000
00000002002200000
02200112000000110
STEP 28 P1 MOVE 5 7 7 7
OWN
21022000000000011
21111010000000000
11001012022000100
22001010000000100
20001201120000011
21100201020021100
20000021000021100
20002221000011000
00000002002200000
02200112000000110
STEP 29 P2 MOVE 3 11 4 11
OWN
21022000000000011
21111010000000000
11001012022000100
22001010000200100
20001201120200011
21100201020021100
20000021000021100
20002221000011000
00000002002200000
02200112000000110
STEP 30 P1 MOVE 2 11 5 11
OWN
21022000000000011
21111010000000000
11001012022100100
22001010000100100
20001201120100011
21100201020121100
20000021000021100
20002221000011000
00000002002200000
02200112000000110
STEP 31 P2 MOVE 8 13 8 14
OWN
21022000000000011
21111010000000000
11001012022100100
22001010000100100
20001201120100011
21100201020121100
20000021000021100
20002221000011000
00000002002202200
02200112000000110
STEP 32 P1 MOVE 6 16 8 16
OWN
21022000000000011
21111010000000000
11001012022100100
22001010000100100
20001201120100011
21100201020121100
20000021000021101
20002221000011001
00000002002202201
02200112000000110
STEP 33 P2 MOVE 8 15 9 16
OWN
21022000000000011
21111010000000000
11001012022100100
22001010000100100
20001201120100011
21100201020121100
20000021000021101
20002221000011001
00000002002202222
02200112000000122
STEP 34 P1 MOVE 7 13 9 14
OWN
21022000000000011
21111010000000000
11001012022100100
22001010000100100
20001201120100011
21100201020121100
20000021000021101
20002221000011101
00000002002201122
02200112000001122
STEP 35 P2 MOVE -1 -1 -1 -1
OWN
21022000000000011
21111010000000000
11001012022100100
22001010000100100
20001201120100011
21100201020121100
20000021000021101
20002221000011101
00000002002201122
02200112000001122
STEP 36 P1 MOVE -1 -1 -1 -1
OWN
21022000000000011
21111010000000000
11001012022100100
22001010000100100
20001201120100011
21100201020121100
20000021000021101
20002221000011101
00000002002201122
02200112000001122
RESULT first=45 second=33 winner=1
ANALYSIS winner=P1 score=45-33 reason=Ĺ»ĂëżěŔ§(+4Ä­ »©ľŃŔ˝,2ąčČż°ú) / şóÄ­Ľ±Áˇ(+4) steal(w/l)=6/2 neu(w/l)=41/37
