BOARD
58448943451749581
85928162579698734
58227198839658174
61393273668993646
92129548684357683
99563451757256339
32388387179246399
33422918394594141
73772173682436497
14758391638654751
STEP 0 P1 MOVE 6 16 7 16
OWN
00000000000000000
00000000000000000
00000000000000000
00000000000000000
00000000000000000
00000000000000000
00000000000000001
00000000000000001
00000000000000000
00000000000000000
STEP 1 P2 MOVE 2 3 2 5
OWN
00000000000000000
00000000000000000
00022200000000000
00000000000000000
00000000000000000
00000000000000000
00000000000000001
00000000000000001
00000000000000000
00000000000000000
STEP 2 P1 MOVE 7 1 9 1
OWN
00000000000000000
00000000000000000
00022200000000000
00000000000000000
00000000000000000
00000000000000000
00000000000000001
01000000000000001
01000000000000000
01000000000000000
STEP 3 P2 MOVE 9 7 9 9
OWN
00000000000000000
00000000000000000
00022200000000000
00000000000000000
00000000000000000
00000000000000000
00000000000000001
01000000000000001
01000000000000000
01000002220000000
STEP 4 P1 MOVE 6 8 8 8
OWN
00000000000000000
00000000000000000
00022200000000000
00000000000000000
00000000000000000
00000000000000000
00000000100000001
01000000100000001
01000000100000000
01000002220000000
STEP 5 P2 MOVE 8 13 9 13
OWN
00000000000000000
00000000000000000
00022200000000000
00000000000000000
00000000000000000
00000000000000000
00000000100000001
01000000100000001
01000000100002000
01000002220002000
STEP 6 P1 MOVE 8 11 9 11
OWN
00000000000000000
00000000000000000
00022200000000000
00000000000000000
00000000000000000
00000000000000000
00000000100000001
01000000100000001
01000000100102000
01000002220102000
STEP 7 P2 MOVE 3 15 3 16
OWN
00000000000000000
00000000000000000
00022200000000000
00000000000000022
00000000000000000
00000000000000000
00000000100000001
01000000100000001
01000000100102000
01000002220102000
STEP 8 P1 MOVE 1 15 2 15
OWN
00000000000000000
00000000000000010
00022200000000010
00000000000000022
00000000000000000
00000000000000000
00000000100000001
01000000100000001
01000000100102000
01000002220102000
STEP 9 P2 MOVE 8 10 9 10
OWN
00000000000000000
00000000000000010
00022200000000010
00000000000000022
00000000000000000
00000000000000000
00000000100000001
01000000100000001
01000000102102000
01000002222102000
STEP 10 P1 MOVE 0 6 1 6
OWN
00000010000000000
00000010000000010
00022200000000010
00000000000000022
00000000000000000
00000000000000000
00000000100000001
01000000100000001
01000000102102000
01000002222102000
STEP 11 P2 MOVE 1 9 2 9
OWN
00000010000000000
00000010020000010
00022200020000010
00000000000000022
00000000000000000
00000000000000000
00000000100000001
01000000100000001
01000000102102000
01000002222102000
STEP 12 P1 MOVE 4 12 5 12
OWN
00000010000000000
00000010020000010
00022200020000010
00000000000000022
00000000000010000
00000000000010000
00000000100000001
01000000100000001
01000000102102000
01000002222102000
STEP 13 P2 MOVE 3 13 4 13
OWN
00000010000000000
00000010020000010
00022200020000010
00000000000002022
00000000000012000
00000000000010000
00000000100000001
01000000100000001
01000000102102000
01000002222102000
STEP 14 P1 MOVE 3 0 3 2
OWN
00000010000000000
00000010020000010
00022200020000010
11100000000002022
00000000000012000
00000000000010000
00000000100000001
01000000100000001
01000000102102000
01000002222102000
STEP 15 P2 MOVE 0 10 1 10
OWN
00000010002000000
00000010022000010
00022200020000010
11100000000002022
00000000000012000
00000000000010000
00000000100000001
01000000100000001
01000000102102000
01000002222102000
STEP 16 P1 MOVE 2 1 4 1
OWN
00000010002000000
00000010022000010
01022200020000010
11100000000002022
01000000000012000
00000000000010000
00000000100000001
01000000100000001
01000000102102000
01000002222102000
STEP 17 P2 MOVE 4 0 4 2
OWN
00000010002000000
00000010022000010
01022200020000010
11100000000002022
22200000000012000
00000000000010000
00000000100000001
01000000100000001
01000000102102000
01000002222102000
STEP 18 P1 MOVE 2 2 6 2
OWN
00000010002000000
00000010022000010
01122200020000010
11100000000002022
22100000000012000
00100000000010000
00100000100000001
01000000100000001
01000000102102000
01000002222102000
STEP 19 P2 MOVE 1 5 2 6
OWN
00000010002000000
00000220022000010
01122220020000010
11100000000002022
22100000000012000
00100000000010000
00100000100000001
01000000100000001
01000000102102000
01000002222102000
STEP 20 P1 MOVE 3 6 3 7
OWN
00000010002000000
00000220022000010
01122220020000010
11100011000002022
22100000000012000
00100000000010000
00100000100000001
01000000100000001
01000000102102000
01000002222102000
STEP 21 P2 MOVE 2 5 3 7
OWN
00000010002000000
00000220022000010
01122222020000010
11100222000002022
22100000000012000
00100000000010000
00100000100000001
01000000100000001
01000000102102000
01000002222102000
STEP 22 P1 MOVE 1 4 1 7
OWN
00000010002000000
00001111022000010
01122222020000010
11100222000002022
22100000000012000
00100000000010000
00100000100000001
01000000100000001
01000000102102000
01000002222102000
STEP 23 P2 MOVE 8 4 9 4
OWN
00000010002000000
00001111022000010
01122222020000010
11100222000002022
22100000000012000
00100000000010000
00100000100000001
01000000100000001
01002000102102000
01002002222102000
STEP 24 P1 MOVE 7 5 7 6
OWN
00000010002000000
00001111022000010
01122222020000010
11100222000002022
22100000000012000
00100000000010000
00100000100000001
01000110100000001
01002000102102000
01002002222102000
STEP 25 P2 MOVE 7 0 8 0
OWN
00000010002000000
00001111022000010
01122222020000010
11100222000002022
22100000000012000
00100000000010000
00100000100000001
21000110100000001
21002000102102000
01002002222102000
STEP 26 P1 MOVE 8 6 8 7
OWN
00000010002000000
00001111022000010
01122222020000010
11100222000002022
22100000000012000
00100000000010000
00100000100000001
21000110100000001
21002011102102000
01002002222102000
STEP 27 P2 MOVE 7 4 7 7
OWN
00000010002000000
00001111022000010
01122222020000010
11100222000002022
22100000000012000
00100000000010000
00100000100000001
21002222100000001
21002011102102000
01002002222102000
STEP 28 P1 MOVE 7 3 8 5
OWN
00000010002000000
00001111022000010
01122222020000010
11100222000002022
22100000000012000
00100000000010000
00100000100000001
21011122100000001
21011111102102000
01002002222102000
STEP 29 P2 MOVE 5 5 9 5
OWN
00000010002000000
00001111022000010
01122222020000010
11100222000002022
22100000000012000
00100200000010000
00100200100000001
21011222100000001
21011211102102000
01002202222102000
STEP 30 P1 MOVE 6 12 6 13
OWN
00000010002000000
00001111022000010
01122222020000010
11100222000002022
22100000000012000
00100200000010000
00100200100011001
21011222100000001
21011211102102000
01002202222102000
STEP 31 P2 MOVE 5 13 7 13
OWN
00000010002000000
00001111022000010
01122222020000010
11100222000002022
22100000000012000
00100200000012000
00100200100012001
21011222100002001
21011211102102000
01002202222102000
STEP 32 P1 MOVE 5 11 6 14
OWN
00000010002000000
00001111022000010
01122222020000010
11100222000002022
22100000000012000
00100200000111100
00100200100111101
21011222100002001
21011211102102000
01002202222102000
STEP 33 P2 MOVE 5 10 5 15
OWN
00000010002000000
00001111022000010
01122222020000010
11100222000002022
22100000000012000
00100200002222220
00100200100111101
21011222100002001
21011211102102000
01002202222102000
STEP 34 P1 MOVE 7 12 7 14
OWN
00000010002000000
00001111022000010
01122222020000010
11100222000002022
22100000000012000
00100200002222220
00100200100111101
21011222100011101
21011211102102000
01002202222102000
STEP 35 P2 MOVE 4 14 8 14
OWN
00000010002000000
00001111022000010
01122222020000010
11100222000002022
22100000000012200
00100200002222220
00100200100111201
21011222100011201
21011211102102200
01002202222102000
STEP 36 P1 MOVE -1 -1 -1 -1
OWN
00000010002000000
00001111022000010
01122222020000010
11100222000002022
22100000000012200
00100200002222220
00100200100111201
21011222100011201
21011211102102200
01002202222102000
STEP 37 P2 MOVE 6 1 6 3
OWN
00000010002000000
00001111022000010
01122222020000010
11100222000002022
22100000000012200
00100200002222220
02220200100111201
21011222100011201
21011211102102200
01002202222102000
STEP 38 P1 MOVE 5 2 7 3
OWN
00000010002000000
00001111022000010
01122222020000010
11100222000002022
22100000000012200
00110200002222220
02110200100111201
21111222100011201
21011211102102200
01002202222102000
STEP 39 P2 MOVE 6 0 8 2
OWN
00000010002000000
00001111022000010
01122222020000010
11100222000002022
22100000000012200
00110200002222220
22210200100111201
22211222100011201
22211211102102200
01002202222102000
STEP 40 P1 MOVE 5 0 9 0
OWN
00000010002000000
00001111022000010
01122222020000010
11100222000002022
22100000000012200
10110200002222220
12210200100111201
12211222100011201
12211211102102200
11002202222102000
STEP 41 P2 MOVE -1 -1 -1 -1
OWN
00000010002000000
00001111022000010
01122222020000010
11100222000002022
22100000000012200
10110200002222220
12210200100111201
12211222100011201
12211211102102200
11002202222102000
STEP 42 P1 MOVE -1 -1 -1 -1
OWN
00000010002000000
00001111022000010
01122222020000010
11100222000002022
22100000000012200
10110200002222220
12210200100111201
12211222100011201
12211211102102200
11002202222102000
RESULT first=41 second=49 winner=2
ANALYSIS winner=P2 score=41-49 reason=Ĺ»ĂëżěŔ§(+6Ä­ »©ľŃŔ˝,2ąčČż°ú) steal(w/l)=20/14 neu(w/l)=43/47
