BOARD
32969444994892565
97382453555792151
23876542683519373
96583841691329883
96484832769662392
45422553795563975
14975683888372245
55141534752948621
64171417661326676
16713664752826543
STEP 0 P1 MOVE 3 6 4 7
OWN
00000000000000000
00000000000000000
00000000000000000
00000011000000000
00000011000000000
00000000000000000
00000000000000000
00000000000000000
00000000000000000
00000000000000000
STEP 1 P2 MOVE 0 13 1 14
OWN
00000000000002200
00000000000002200
00000000000000000
00000011000000000
00000011000000000
00000000000000000
00000000000000000
00000000000000000
00000000000000000
00000000000000000
STEP 2 P1 MOVE 6 4 9 4
OWN
00000000000002200
00000000000002200
00000000000000000
00000011000000000
00000011000000000
00000000000000000
00001000000000000
00001000000000000
00001000000000000
00001000000000000
STEP 3 P2 MOVE 5 0 7 0
OWN
00000000000002200
00000000000002200
00000000000000000
00000011000000000
00000011000000000
20000000000000000
20001000000000000
20001000000000000
00001000000000000
00001000000000000
STEP 4 P1 MOVE 7 16 9 16
OWN
00000000000002200
00000000000002200
00000000000000000
00000011000000000
00000011000000000
20000000000000000
20001000000000000
20001000000000001
00001000000000001
00001000000000001
STEP 5 P2 MOVE 3 16 5 16
OWN
00000000000002200
00000000000002200
00000000000000000
00000011000000002
00000011000000002
20000000000000002
20001000000000000
20001000000000001
00001000000000001
00001000000000001
STEP 6 P1 MOVE 5 7 7 7
OWN
00000000000002200
00000000000002200
00000000000000000
00000011000000002
00000011000000002
20000001000000002
20001001000000000
20001001000000001
00001000000000001
00001000000000001
STEP 7 P2 MOVE 7 6 9 6
OWN
00000000000002200
00000000000002200
00000000000000000
00000011000000002
00000011000000002
20000001000000002
20001001000000000
20001021000000001
00001020000000001
00001020000000001
STEP 8 P1 MOVE 9 5 9 7
OWN
00000000000002200
00000000000002200
00000000000000000
00000011000000002
00000011000000002
20000001000000002
20001001000000000
20001021000000001
00001020000000001
00001111000000001
STEP 9 P2 MOVE 8 9 8 11
OWN
00000000000002200
00000000000002200
00000000000000000
00000011000000002
00000011000000002
20000001000000002
20001001000000000
20001021000000001
00001020022200001
00001111000000001
STEP 10 P1 MOVE 6 2 7 2
OWN
00000000000002200
00000000000002200
00000000000000000
00000011000000002
00000011000000002
20000001000000002
20101001000000000
20101021000000001
00001020022200001
00001111000000001
STEP 11 P2 MOVE 1 1 1 2
OWN
00000000000002200
02200000000002200
00000000000000000
00000011000000002
00000011000000002
20000001000000002
20101001000000000
20101021000000001
00001020022200001
00001111000000001
STEP 12 P1 MOVE 3 9 3 10
OWN
00000000000002200
02200000000002200
00000000000000000
00000011011000002
00000011000000002
20000001000000002
20101001000000000
20101021000000001
00001020022200001
00001111000000001
STEP 13 P2 MOVE 1 3 1 4
OWN
00000000000002200
02222000000002200
00000000000000000
00000011011000002
00000011000000002
20000001000000002
20101001000000000
20101021000000001
00001020022200001
00001111000000001
STEP 14 P1 MOVE 9 11 9 12
OWN
00000000000002200
02222000000002200
00000000000000000
00000011011000002
00000011000000002
20000001000000002
20101001000000000
20101021000000001
00001020022200001
00001111000110001
STEP 15 P2 MOVE 1 8 1 9
OWN
00000000000002200
02222000220002200
00000000000000000
00000011011000002
00000011000000002
20000001000000002
20101001000000000
20101021000000001
00001020022200001
00001111000110001
STEP 16 P1 MOVE 6 11 6 12
OWN
00000000000002200
02222000220002200
00000000000000000
00000011011000002
00000011000000002
20000001000000002
20101001000110000
20101021000000001
00001020022200001
00001111000110001
STEP 17 P2 MOVE 6 10 7 10
OWN
00000000000002200
02222000220002200
00000000000000000
00000011011000002
00000011000000002
20000001000000002
20101001002110000
20101021002000001
00001020022200001
00001111000110001
STEP 18 P1 MOVE 5 5 5 6
OWN
00000000000002200
02222000220002200
00000000000000000
00000011011000002
00000011000000002
20000111000000002
20101001002110000
20101021002000001
00001020022200001
00001111000110001
STEP 19 P2 MOVE 5 10 5 11
OWN
00000000000002200
02222000220002200
00000000000000000
00000011011000002
00000011000000002
20000111002200002
20101001002110000
20101021002000001
00001020022200001
00001111000110001
STEP 20 P1 MOVE 2 14 2 15
OWN
00000000000002200
02222000220002200
00000000000000110
00000011011000002
00000011000000002
20000111002200002
20101001002110000
20101021002000001
00001020022200001
00001111000110001
STEP 21 P2 MOVE 4 3 5 3
OWN
00000000000002200
02222000220002200
00000000000000110
00000011011000002
00020011000000002
20020111002200002
20101001002110000
20101021002000001
00001020022200001
00001111000110001
STEP 22 P1 MOVE 8 0 8 1
OWN
00000000000002200
02222000220002200
00000000000000110
00000011011000002
00020011000000002
20020111002200002
20101001002110000
20101021002000001
11001020022200001
00001111000110001
STEP 23 P2 MOVE 6 1 8 2
OWN
00000000000002200
02222000220002200
00000000000000110
00000011011000002
00020011000000002
20020111002200002
22201001002110000
22201021002000001
12201020022200001
00001111000110001
STEP 24 P1 MOVE 4 0 9 0
OWN
00000000000002200
02222000220002200
00000000000000110
00000011011000002
10020011000000002
10020111002200002
12201001002110000
12201021002000001
12201020022200001
10001111000110001
STEP 25 P2 MOVE 1 12 2 12
OWN
00000000000002200
02222000220022200
00000000000020110
00000011011000002
10020011000000002
10020111002200002
12201001002110000
12201021002000001
12201020022200001
10001111000110001
STEP 26 P1 MOVE 2 11 3 12
OWN
00000000000002200
02222000220022200
00000000000110110
00000011011110002
10020011000000002
10020111002200002
12201001002110000
12201021002000001
12201020022200001
10001111000110001
STEP 27 P2 MOVE 6 13 7 13
OWN
00000000000002200
02222000220022200
00000000000110110
00000011011110002
10020011000000002
10020111002200002
12201001002112000
12201021002002001
12201020022200001
10001111000110001
STEP 28 P1 MOVE 6 9 6 14
OWN
00000000000002200
02222000220022200
00000000000110110
00000011011110002
10020011000000002
10020111002200002
12201001011111100
12201021002002001
12201020022200001
10001111000110001
STEP 29 P2 MOVE 5 12 7 12
OWN
00000000000002200
02222000220022200
00000000000110110
00000011011110002
10020011000000002
10020111002220002
12201001011121100
12201021002022001
12201020022200001
10001111000110001
STEP 30 P1 MOVE -1 -1 -1 -1
OWN
00000000000002200
02222000220022200
00000000000110110
00000011011110002
10020011000000002
10020111002220002
12201001011121100
12201021002022001
12201020022200001
10001111000110001
STEP 31 P2 MOVE -1 -1 -1 -1
OWN
00000000000002200
02222000220022200
00000000000110110
00000011011110002
10020011000000002
10020111002220002
12201001011121100
12201021002022001
12201020022200001
10001111000110001
RESULT first=40 second=34 winner=1
ANALYSIS winner=P1 score=40-34 reason=Ĺ»ĂëżěŔ§(+3Ä­ »©ľŃŔ˝,2ąčČż°ú) steal(w/l)=7/4 neu(w/l)=37/37
