BOARD
22562744188829779
63674995797179563
27182647261677335
99111522444965849
61859846962949959
31936429941245964
65925557442415453
23257912873177914
63274888634232148
45982185281387899
STEP 0 P1 MOVE 3 2 3 6
OWN
00000000000000000
00000000000000000
00000000000000000
00111110000000000
00000000000000000
00000000000000000
00000000000000000
00000000000000000
00000000000000000
00000000000000000
STEP 1 P2 MOVE 2 6 5 6
OWN
00000000000000000
00000000000000000
00000020000000000
00111120000000000
00000020000000000
00000020000000000
00000000000000000
00000000000000000
00000000000000000
00000000000000000
STEP 2 P1 MOVE 4 1 7 1
OWN
00000000000000000
00000000000000000
00000020000000000
00111120000000000
01000020000000000
01000020000000000
01000000000000000
01000000000000000
00000000000000000
00000000000000000
STEP 3 P2 MOVE 8 10 9 11
OWN
00000000000000000
00000000000000000
00000020000000000
00111120000000000
01000020000000000
01000020000000000
01000000000000000
01000000000000000
00000000002200000
00000000002200000
STEP 4 P1 MOVE 2 0 2 2
OWN
00000000000000000
00000000000000000
11100020000000000
00111120000000000
01000020000000000
01000020000000000
01000000000000000
01000000000000000
00000000002200000
00000000002200000
STEP 5 P2 MOVE 8 12 8 15
OWN
00000000000000000
00000000000000000
11100020000000000
00111120000000000
01000020000000000
01000020000000000
01000000000000000
01000000000000000
00000000002222220
00000000002200000
STEP 6 P1 MOVE 0 8 2 8
OWN
00000000100000000
00000000100000000
11100020100000000
00111120000000000
01000020000000000
01000020000000000
01000000000000000
01000000000000000
00000000002222220
00000000002200000
STEP 7 P2 MOVE 3 7 3 9
OWN
00000000100000000
00000000100000000
11100020100000000
00111122220000000
01000020000000000
01000020000000000
01000000000000000
01000000000000000
00000000002222220
00000000002200000
STEP 8 P1 MOVE 7 15 9 15
OWN
00000000100000000
00000000100000000
11100020100000000
00111122220000000
01000020000000000
01000020000000000
01000000000000000
01000000000000010
00000000002222210
00000000002200010
STEP 9 P2 MOVE 4 3 6 3
OWN
00000000100000000
00000000100000000
11100020100000000
00111122220000000
01020020000000000
01020020000000000
01020000000000000
01000000000000010
00000000002222210
00000000002200010
STEP 10 P1 MOVE 6 12 6 14
OWN
00000000100000000
00000000100000000
11100020100000000
00111122220000000
01020020000000000
01020020000000000
01020000000011100
01000000000000010
00000000002222210
00000000002200010
STEP 11 P2 MOVE 6 10 7 11
OWN
00000000100000000
00000000100000000
11100020100000000
00111122220000000
01020020000000000
01020020000000000
01020000002211100
01000000002200010
00000000002222210
00000000002200010
STEP 12 P1 MOVE 7 7 8 7
OWN
00000000100000000
00000000100000000
11100020100000000
00111122220000000
01020020000000000
01020020000000000
01020000002211100
01000001002200010
00000001002222210
00000000002200010
STEP 13 P2 MOVE 7 9 8 9
OWN
00000000100000000
00000000100000000
11100020100000000
00111122220000000
01020020000000000
01020020000000000
01020000002211100
01000001022200010
00000001022222210
00000000002200010
STEP 14 P1 MOVE 0 11 0 12
OWN
00000000100110000
00000000100000000
11100020100000000
00111122220000000
01020020000000000
01020020000000000
01020000002211100
01000001022200010
00000001022222210
00000000002200010
STEP 15 P2 MOVE 9 8 9 9
OWN
00000000100110000
00000000100000000
11100020100000000
00111122220000000
01020020000000000
01020020000000000
01020000002211100
01000001022200010
00000001022222210
00000000222200010
STEP 16 P1 MOVE 2 3 2 4
OWN
00000000100110000
00000000100000000
11111020100000000
00111122220000000
01020020000000000
01020020000000000
01020000002211100
01000001022200010
00000001022222210
00000000222200010
STEP 17 P2 MOVE 3 12 4 12
OWN
00000000100110000
00000000100000000
11111020100000000
00111122220020000
01020020000020000
01020020000000000
01020000002211100
01000001022200010
00000001022222210
00000000222200010
STEP 18 P1 MOVE 5 4 5 5
OWN
00000000100110000
00000000100000000
11111020100000000
00111122220020000
01020020000020000
01021120000000000
01020000002211100
01000001022200010
00000001022222210
00000000222200010
STEP 19 P2 MOVE 6 4 6 5
OWN
00000000100110000
00000000100000000
11111020100000000
00111122220020000
01020020000020000
01021120000000000
01022200002211100
01000001022200010
00000001022222210
00000000222200010
STEP 20 P1 MOVE 7 5 7 6
OWN
00000000100110000
00000000100000000
11111020100000000
00111122220020000
01020020000020000
01021120000000000
01022200002211100
01000111022200010
00000001022222210
00000000222200010
STEP 21 P2 MOVE 2 13 2 14
OWN
00000000100110000
00000000100000000
11111020100002200
00111122220020000
01020020000020000
01021120000000000
01022200002211100
01000111022200010
00000001022222210
00000000222200010
STEP 22 P1 MOVE 2 12 2 15
OWN
00000000100110000
00000000100000000
11111020100011110
00111122220020000
01020020000020000
01021120000000000
01022200002211100
01000111022200010
00000001022222210
00000000222200010
STEP 23 P2 MOVE 1 15 3 15
OWN
00000000100110000
00000000100000020
11111020100011120
00111122220020020
01020020000020000
01021120000000000
01022200002211100
01000111022200010
00000001022222210
00000000222200010
STEP 24 P1 MOVE -1 -1 -1 -1
OWN
00000000100110000
00000000100000020
11111020100011120
00111122220020020
01020020000020000
01021120000000000
01022200002211100
01000111022200010
00000001022222210
00000000222200010
STEP 25 P2 MOVE 9 3 9 4
OWN
00000000100110000
00000000100000020
11111020100011120
00111122220020020
01020020000020000
01021120000000000
01022200002211100
01000111022200010
00000001022222210
00022000222200010
STEP 26 P1 MOVE 9 2 9 5
OWN
00000000100110000
00000000100000020
11111020100011120
00111122220020020
01020020000020000
01021120000000000
01022200002211100
01000111022200010
00000001022222210
00111100222200010
STEP 27 P2 MOVE 8 1 9 2
OWN
00000000100110000
00000000100000020
11111020100011120
00111122220020020
01020020000020000
01021120000000000
01022200002211100
01000111022200010
02200001022222210
02211100222200010
STEP 28 P1 MOVE 8 0 9 0
OWN
00000000100110000
00000000100000020
11111020100011120
00111122220020020
01020020000020000
01021120000000000
01022200002211100
01000111022200010
12200001022222210
12211100222200010
STEP 29 P2 MOVE 5 15 5 16
OWN
00000000100110000
00000000100000020
11111020100011120
00111122220020020
01020020000020000
01021120000000022
01022200002211100
01000111022200010
12200001022222210
12211100222200010
STEP 30 P1 MOVE 4 15 6 15
OWN
00000000100110000
00000000100000020
11111020100011120
00111122220020020
01020020000020010
01021120000000012
01022200002211110
01000111022200010
12200001022222210
12211100222200010
STEP 31 P2 MOVE 4 9 5 9
OWN
00000000100110000
00000000100000020
11111020100011120
00111122220020020
01020020020020010
01021120020000012
01022200002211110
01000111022200010
12200001022222210
12211100222200010
STEP 32 P1 MOVE 2 9 6 9
OWN
00000000100110000
00000000100000020
11111020110011120
00111122210020020
01020020010020010
01021120010000012
01022200012211110
01000111022200010
12200001022222210
12211100222200010
STEP 33 P2 MOVE 5 8 5 10
OWN
00000000100110000
00000000100000020
11111020110011120
00111122210020020
01020020010020010
01021120222000012
01022200012211110
01000111022200010
12200001022222210
12211100222200010
STEP 34 P1 MOVE -1 -1 -1 -1
OWN
00000000100110000
00000000100000020
11111020110011120
00111122210020020
01020020010020010
01021120222000012
01022200012211110
01000111022200010
12200001022222210
12211100222200010
STEP 35 P2 MOVE -1 -1 -1 -1
OWN
00000000100110000
00000000100000020
11111020110011120
00111122210020020
01020020010020010
01021120222000012
01022200012211110
01000111022200010
12200001022222210
12211100222200010
RESULT first=45 second=39 winner=1
ANALYSIS winner=P1 score=45-39 reason=Ĺ»ĂëżěŔ§(+5Ä­ »©ľŃŔ˝,2ąčČż°ú) steal(w/l)=9/4 neu(w/l)=40/44
