BOARD
24473758986162456
45731378512962133
77279965477758751
33734588815736446
18828885698111539
12843872967833372
82977582319343887
13864442286249581
93474375744323339
26122972139538582
STEP 0 P1 MOVE 5 1 8 1
OWN
00000000000000000
00000000000000000
00000000000000000
00000000000000000
00000000000000000
01000000000000000
01000000000000000
01000000000000000
01000000000000000
00000000000000000
STEP 1 P2 MOVE 4 0 5 1
OWN
00000000000000000
00000000000000000
00000000000000000
00000000000000000
22000000000000000
22000000000000000
01000000000000000
01000000000000000
01000000000000000
00000000000000000
STEP 2 P1 MOVE 1 16 3 16
OWN
00000000000000000
00000000000000001
00000000000000001
00000000000000001
22000000000000000
22000000000000000
01000000000000000
01000000000000000
01000000000000000
00000000000000000
STEP 3 P2 MOVE 4 15 5 15
OWN
00000000000000000
00000000000000001
00000000000000001
00000000000000001
22000000000000020
22000000000000020
01000000000000000
01000000000000000
01000000000000000
00000000000000000
STEP 4 P1 MOVE 0 0 0 2
OWN
11100000000000000
00000000000000001
00000000000000001
00000000000000001
22000000000000020
22000000000000020
01000000000000000
01000000000000000
01000000000000000
00000000000000000
STEP 5 P2 MOVE 5 16 7 16
OWN
11100000000000000
00000000000000001
00000000000000001
00000000000000001
22000000000000020
22000000000000022
01000000000000002
01000000000000002
01000000000000000
00000000000000000
STEP 6 P1 MOVE 7 5 7 7
OWN
11100000000000000
00000000000000001
00000000000000001
00000000000000001
22000000000000020
22000000000000022
01000000000000002
01000111000000002
01000000000000000
00000000000000000
STEP 7 P2 MOVE 9 6 9 8
OWN
11100000000000000
00000000000000001
00000000000000001
00000000000000001
22000000000000020
22000000000000022
01000000000000002
01000111000000002
01000000000000000
00000022200000000
STEP 8 P1 MOVE 8 5 8 6
OWN
11100000000000000
00000000000000001
00000000000000001
00000000000000001
22000000000000020
22000000000000022
01000000000000002
01000111000000002
01000110000000000
00000022200000000
STEP 9 P2 MOVE 7 4 9 4
OWN
11100000000000000
00000000000000001
00000000000000001
00000000000000001
22000000000000020
22000000000000022
01000000000000002
01002111000000002
01002110000000000
00002022200000000
STEP 10 P1 MOVE 3 13 5 13
OWN
11100000000000000
00000000000000001
00000000000000001
00000000000001001
22000000000001020
22000000000001022
01000000000000002
01002111000000002
01002110000000000
00002022200000000
STEP 11 P2 MOVE 0 3 1 3
OWN
11120000000000000
00020000000000001
00000000000000001
00000000000001001
22000000000001020
22000000000001022
01000000000000002
01002111000000002
01002110000000000
00002022200000000
STEP 12 P1 MOVE 0 5 1 5
OWN
11120100000000000
00020100000000001
00000000000000001
00000000000001001
22000000000001020
22000000000001022
01000000000000002
01002111000000002
01002110000000000
00002022200000000
STEP 13 P2 MOVE 7 11 9 11
OWN
11120100000000000
00020100000000001
00000000000000001
00000000000001001
22000000000001020
22000000000001022
01000000000000002
01002111000200002
01002110000200000
00002022200200000
STEP 14 P1 MOVE 7 10 7 12
OWN
11120100000000000
00020100000000001
00000000000000001
00000000000001001
22000000000001020
22000000000001022
01000000000000002
01002111001110002
01002110000200000
00002022200200000
STEP 15 P2 MOVE 4 12 8 12
OWN
11120100000000000
00020100000000001
00000000000000001
00000000000001001
22000000000021020
22000000000021022
01000000000020002
01002111001120002
01002110000220000
00002022200200000
STEP 16 P1 MOVE 8 10 8 14
OWN
11120100000000000
00020100000000001
00000000000000001
00000000000001001
22000000000021020
22000000000021022
01000000000020002
01002111001120002
01002110001111100
00002022200200000
STEP 17 P2 MOVE 7 14 9 14
OWN
11120100000000000
00020100000000001
00000000000000001
00000000000001001
22000000000021020
22000000000021022
01000000000020002
01002111001120202
01002110001111200
00002022200200200
STEP 18 P1 MOVE 3 9 4 9
OWN
11120100000000000
00020100000000001
00000000000000001
00000000010001001
22000000010021020
22000000000021022
01000000000020002
01002111001120202
01002110001111200
00002022200200200
STEP 19 P2 MOVE 2 0 3 0
OWN
11120100000000000
00020100000000001
20000000000000001
20000000010001001
22000000010021020
22000000000021022
01000000000020002
01002111001120202
01002110001111200
00002022200200200
STEP 20 P1 MOVE 2 1 3 1
OWN
11120100000000000
00020100000000001
21000000000000001
21000000010001001
22000000010021020
22000000000021022
01000000000020002
01002111001120202
01002110001111200
00002022200200200
STEP 21 P2 MOVE 6 9 6 10
OWN
11120100000000000
00020100000000001
21000000000000001
21000000010001001
22000000010021020
22000000000021022
01000000022020002
01002111001120202
01002110001111200
00002022200200200
STEP 22 P1 MOVE 9 15 9 16
OWN
11120100000000000
00020100000000001
21000000000000001
21000000010001001
22000000010021020
22000000000021022
01000000022020002
01002111001120202
01002110001111200
00002022200200211
STEP 23 P2 MOVE 2 3 3 3
OWN
11120100000000000
00020100000000001
21020000000000001
21020000010001001
22000000010021020
22000000000021022
01000000022020002
01002111001120202
01002110001111200
00002022200200211
STEP 24 P1 MOVE 1 13 2 13
OWN
11120100000000000
00020100000001001
21020000000001001
21020000010001001
22000000010021020
22000000000021022
01000000022020002
01002111001120202
01002110001111200
00002022200200211
STEP 25 P2 MOVE 1 12 1 15
OWN
11120100000000000
00020100000022221
21020000000001001
21020000010001001
22000000010021020
22000000000021022
01000000022020002
01002111001120202
01002110001111200
00002022200200211
STEP 26 P1 MOVE 4 2 4 3
OWN
11120100000000000
00020100000022221
21020000000001001
21020000010001001
22110000010021020
22000000000021022
01000000022020002
01002111001120202
01002110001111200
00002022200200211
STEP 27 P2 MOVE 0 11 1 11
OWN
11120100000200000
00020100000222221
21020000000001001
21020000010001001
22110000010021020
22000000000021022
01000000022020002
01002111001120202
01002110001111200
00002022200200211
STEP 28 P1 MOVE 5 4 6 4
OWN
11120100000200000
00020100000222221
21020000000001001
21020000010001001
22110000010021020
22001000000021022
01001000022020002
01002111001120202
01002110001111200
00002022200200211
STEP 29 P2 MOVE -1 -1 -1 -1
OWN
11120100000200000
00020100000222221
21020000000001001
21020000010001001
22110000010021020
22001000000021022
01001000022020002
01002111001120202
01002110001111200
00002022200200211
STEP 30 P1 MOVE 7 8 7 9
OWN
11120100000200000
00020100000222221
21020000000001001
21020000010001001
22110000010021020
22001000000021022
01001000022020002
01002111111120202
01002110001111200
00002022200200211
STEP 31 P2 MOVE 6 8 8 8
OWN
11120100000200000
00020100000222221
21020000000001001
21020000010001001
22110000010021020
22001000000021022
01001000222020002
01002111211120202
01002110201111200
00002022200200211
STEP 32 P1 MOVE 6 6 6 7
OWN
11120100000200000
00020100000222221
21020000000001001
21020000010001001
22110000010021020
22001000000021022
01001011222020002
01002111211120202
01002110201111200
00002022200200211
STEP 33 P2 MOVE 6 5 8 7
OWN
11120100000200000
00020100000222221
21020000000001001
21020000010001001
22110000010021020
22001000000021022
01001222222020002
01002222211120202
01002222201111200
00002022200200211
STEP 34 P1 MOVE 6 3 6 11
OWN
11120100000200000
00020100000222221
21020000000001001
21020000010001001
22110000010021020
22001000000021022
01011111111120002
01002222211120202
01002222201111200
00002022200200211
STEP 35 P2 MOVE 5 3 7 3
OWN
11120100000200000
00020100000222221
21020000000001001
21020000010001001
22110000010021020
22021000000021022
01021111111120002
01022222211120202
01002222201111200
00002022200200211
STEP 36 P1 MOVE 5 9 8 9
OWN
11120100000200000
00020100000222221
21020000000001001
21020000010001001
22110000010021020
22021000010021022
01021111111120002
01022222211120202
01002222211111200
00002022200200211
STEP 37 P2 MOVE 8 3 8 15
OWN
11120100000200000
00020100000222221
21020000000001001
21020000010001001
22110000010021020
22021000010021022
01021111111120002
01022222211120202
01022222222222220
00002022200200211
STEP 38 P1 MOVE 4 3 9 4
OWN
11120100000200000
00020100000222221
21020000000001001
21020000010001001
22111000010021020
22011000010021022
01011111111120002
01011222211120202
01011222222222220
00011022200200211
STEP 39 P2 MOVE 2 9 9 9
OWN
11120100000200000
00020100000222221
21020000020001001
21020000020001001
22111000020021020
22011000020021022
01011111121120002
01011222221120202
01011222222222220
00011022220200211
STEP 40 P1 MOVE 1 9 2 10
OWN
11120100000200000
00020100011222221
21020000011001001
21020000020001001
22111000020021020
22011000020021022
01011111121120002
01011222221120202
01011222222222220
00011022220200211
STEP 41 P2 MOVE -1 -1 -1 -1
OWN
11120100000200000
00020100011222221
21020000011001001
21020000020001001
22111000020021020
22011000020021022
01011111121120002
01011222221120202
01011222222222220
00011022220200211
STEP 42 P1 MOVE 1 4 2 4
OWN
11120100000200000
00021100011222221
21021000011001001
21020000020001001
22111000020021020
22011000020021022
01011111121120002
01011222221120202
01011222222222220
00011022220200211
STEP 43 P2 MOVE 0 2 1 4
OWN
11222100000200000
00222100011222221
21021000011001001
21020000020001001
22111000020021020
22011000020021022
01011111121120002
01011222221120202
01011222222222220
00011022220200211
STEP 44 P1 MOVE 3 11 3 12
OWN
11222100000200000
00222100011222221
21021000011001001
21020000020111001
22111000020021020
22011000020021022
01011111121120002
01011222221120202
01011222222222220
00011022220200211
STEP 45 P2 MOVE 3 11 4 14
OWN
11222100000200000
00222100011222221
21021000011001001
21020000020222201
22111000020222220
22011000020021022
01011111121120002
01011222221120202
01011222222222220
00011022220200211
STEP 46 P1 MOVE 0 15 2 15
OWN
11222100000200010
00222100011222211
21021000011001011
21020000020222201
22111000020222220
22011000020021022
01011111121120002
01011222221120202
01011222222222220
00011022220200211
STEP 47 P2 MOVE 0 15 3 16
OWN
11222100000200022
00222100011222222
21021000011001022
21020000020222222
22111000020222220
22011000020021022
01011111121120002
01011222221120202
01011222222222220
00011022220200211
STEP 48 P1 MOVE 2 14 5 14
OWN
11222100000200022
00222100011222222
21021000011001122
21020000020222122
22111000020222120
22011000020021122
01011111121120002
01011222221120202
01011222222222220
00011022220200211
STEP 49 P2 MOVE 9 2 9 5
OWN
11222100000200022
00222100011222222
21021000011001122
21020000020222122
22111000020222120
22011000020021122
01011111121120002
01011222221120202
01011222222222220
00222222220200211
STEP 50 P1 MOVE 8 1 9 2
OWN
11222100000200022
00222100011222222
21021000011001122
21020000020222122
22111000020222120
22011000020021122
01011111121120002
01011222221120202
01111222222222220
01122222220200211
STEP 51 P2 MOVE -1 -1 -1 -1
OWN
11222100000200022
00222100011222222
21021000011001122
21020000020222122
22111000020222120
22011000020021122
01011111121120002
01011222221120202
01111222222222220
01122222220200211
STEP 52 P1 MOVE -1 -1 -1 -1
OWN
11222100000200022
00222100011222222
21021000011001122
21020000020222122
22111000020222120
22011000020021122
01011111121120002
01011222221120202
01111222222222220
01122222220200211
RESULT first=44 second=71 winner=2
ANALYSIS winner=P2 score=44-71 reason=Ĺ»ĂëżěŔ§(+16Ä­ »©ľŃŔ˝,2ąčČż°ú) steal(w/l)=37/21 neu(w/l)=55/60
