BOARD
56261814831162495
65487247517557545
49398848512521871
42514846854634216
74947848366874552
41334717365669885
62578683362623886
38585517392631848
81239743284576151
39822737162861716
STEP 0 P1 MOVE 2 10 2 13
OWN
00000000000000000
00000000000000000
00000000001111000
00000000000000000
00000000000000000
00000000000000000
00000000000000000
00000000000000000
00000000000000000
00000000000000000
STEP 1 P2 MOVE 0 10 0 13
OWN
00000000002222000
00000000000000000
00000000001111000
00000000000000000
00000000000000000
00000000000000000
00000000000000000
00000000000000000
00000000000000000
00000000000000000
STEP 2 P1 MOVE 0 9 3 9
OWN
00000000012222000
00000000010000000
00000000011111000
00000000010000000
00000000000000000
00000000000000000
00000000000000000
00000000000000000
00000000000000000
00000000000000000
STEP 3 P2 MOVE 6 10 9 10
OWN
00000000012222000
00000000010000000
00000000011111000
00000000010000000
00000000000000000
00000000000000000
00000000002000000
00000000002000000
00000000002000000
00000000002000000
STEP 4 P1 MOVE 3 12 3 15
OWN
00000000012222000
00000000010000000
00000000011111000
00000000010011110
00000000000000000
00000000000000000
00000000002000000
00000000002000000
00000000002000000
00000000002000000
STEP 5 P2 MOVE 5 2 5 4
OWN
00000000012222000
00000000010000000
00000000011111000
00000000010011110
00000000000000000
00222000000000000
00000000002000000
00000000002000000
00000000002000000
00000000002000000
STEP 6 P1 MOVE 5 6 7 6
OWN
00000000012222000
00000000010000000
00000000011111000
00000000010011110
00000000000000000
00222010000000000
00000010002000000
00000010002000000
00000000002000000
00000000002000000
STEP 7 P2 MOVE 7 15 9 15
OWN
00000000012222000
00000000010000000
00000000011111000
00000000010011110
00000000000000000
00222010000000000
00000010002000000
00000010002000020
00000000002000020
00000000002000020
STEP 8 P1 MOVE 9 2 9 3
OWN
00000000012222000
00000000010000000
00000000011111000
00000000010011110
00000000000000000
00222010000000000
00000010002000000
00000010002000020
00000000002000020
00110000002000020
STEP 9 P2 MOVE 3 10 4 10
OWN
00000000012222000
00000000010000000
00000000011111000
00000000012011110
00000000002000000
00222010000000000
00000010002000000
00000010002000020
00000000002000020
00110000002000020
STEP 10 P1 MOVE 7 12 8 12
OWN
00000000012222000
00000000010000000
00000000011111000
00000000012011110
00000000002000000
00222010000000000
00000010002000000
00000010002010020
00000000002010020
00110000002000020
STEP 11 P2 MOVE 7 4 7 5
OWN
00000000012222000
00000000010000000
00000000011111000
00000000012011110
00000000002000000
00222010000000000
00000010002000000
00002210002010020
00000000002010020
00110000002000020
STEP 12 P1 MOVE 1 5 2 5
OWN
00000000012222000
00000100010000000
00000100011111000
00000000012011110
00000000002000000
00222010000000000
00000010002000000
00002210002010020
00000000002010020
00110000002000020
STEP 13 P2 MOVE 5 7 5 8
OWN
00000000012222000
00000100010000000
00000100011111000
00000000012011110
00000000002000000
00222012200000000
00000010002000000
00002210002010020
00000000002010020
00110000002000020
STEP 14 P1 MOVE 2 3 3 3
OWN
00000000012222000
00000100010000000
00010100011111000
00010000012011110
00000000002000000
00222012200000000
00000010002000000
00002210002010020
00000000002010020
00110000002000020
STEP 15 P2 MOVE 7 7 7 8
OWN
00000000012222000
00000100010000000
00010100011111000
00010000012011110
00000000002000000
00222012200000000
00000010002000000
00002212202010020
00000000002010020
00110000002000020
STEP 16 P1 MOVE 6 6 8 7
OWN
00000000012222000
00000100010000000
00010100011111000
00010000012011110
00000000002000000
00222012200000000
00000011002000000
00002211202010020
00000011002010020
00110000002000020
STEP 17 P2 MOVE 8 7 9 8
OWN
00000000012222000
00000100010000000
00010100011111000
00010000012011110
00000000002000000
00222012200000000
00000011002000000
00002211202010020
00000012202010020
00110002202000020
STEP 18 P1 MOVE 0 16 1 16
OWN
00000000012222001
00000100010000001
00010100011111000
00010000012011110
00000000002000000
00222012200000000
00000011002000000
00002211202010020
00000012202010020
00110002202000020
STEP 19 P2 MOVE 1 0 2 0
OWN
00000000012222001
20000100010000001
20010100011111000
00010000012011110
00000000002000000
00222012200000000
00000011002000000
00002211202010020
00000012202010020
00110002202000020
STEP 20 P1 MOVE 1 8 2 8
OWN
00000000012222001
20000100110000001
20010100111111000
00010000012011110
00000000002000000
00222012200000000
00000011002000000
00002211202010020
00000012202010020
00110002202000020
STEP 21 P2 MOVE 1 11 1 12
OWN
00000000012222001
20000100110220001
20010100111111000
00010000012011110
00000000002000000
00222012200000000
00000011002000000
00002211202010020
00000012202010020
00110002202000020
STEP 22 P1 MOVE 3 6 3 7
OWN
00000000012222001
20000100110220001
20010100111111000
00010011012011110
00000000002000000
00222012200000000
00000011002000000
00002211202010020
00000012202010020
00110002202000020
STEP 23 P2 MOVE 4 14 4 15
OWN
00000000012222001
20000100110220001
20010100111111000
00010011012011110
00000000002000220
00222012200000000
00000011002000000
00002211202010020
00000012202010020
00110002202000020
STEP 24 P1 MOVE 6 1 7 1
OWN
00000000012222001
20000100110220001
20010100111111000
00010011012011110
00000000002000220
00222012200000000
01000011002000000
01002211202010020
00000012202010020
00110002202000020
STEP 25 P2 MOVE 6 2 7 2
OWN
00000000012222001
20000100110220001
20010100111111000
00010011012011110
00000000002000220
00222012200000000
01200011002000000
01202211202010020
00000012202010020
00110002202000020
STEP 26 P1 MOVE 9 5 9 6
OWN
00000000012222001
20000100110220001
20010100111111000
00010011012011110
00000000002000220
00222012200000000
01200011002000000
01202211202010020
00000012202010020
00110112202000020
STEP 27 P2 MOVE 5 0 6 0
OWN
00000000012222001
20000100110220001
20010100111111000
00010011012011110
00000000002000220
20222012200000000
21200011002000000
01202211202010020
00000012202010020
00110112202000020
STEP 28 P1 MOVE 8 1 9 1
OWN
00000000012222001
20000100110220001
20010100111111000
00010011012011110
00000000002000220
20222012200000000
21200011002000000
01202211202010020
01000012202010020
01110112202000020
STEP 29 P2 MOVE 8 0 8 2
OWN
00000000012222001
20000100110220001
20010100111111000
00010011012011110
00000000002000220
20222012200000000
21200011002000000
01202211202010020
22200012202010020
01110112202000020
STEP 30 P1 MOVE 4 0 7 0
OWN
00000000012222001
20000100110220001
20010100111111000
00010011012011110
10000000002000220
10222012200000000
11200011002000000
11202211202010020
22200012202010020
01110112202000020
STEP 31 P2 MOVE 6 13 8 13
OWN
00000000012222001
20000100110220001
20010100111111000
00010011012011110
10000000002000220
10222012200000000
11200011002002000
11202211202012020
22200012202012020
01110112202000020
STEP 32 P1 MOVE 5 13 9 13
OWN
00000000012222001
20000100110220001
20010100111111000
00010011012011110
10000000002000220
10222012200001000
11200011002001000
11202211202011020
22200012202011020
01110112202001020
STEP 33 P2 MOVE 3 0 4 1
OWN
00000000012222001
20000100110220001
20010100111111000
22010011012011110
22000000002000220
10222012200001000
11200011002001000
11202211202011020
22200012202011020
01110112202001020
STEP 34 P1 MOVE 2 1 5 1
OWN
00000000012222001
20000100110220001
21010100111111000
21010011012011110
21000000002000220
11222012200001000
11200011002001000
11202211202011020
22200012202011020
01110112202001020
STEP 35 P2 MOVE 6 12 6 14
OWN
00000000012222001
20000100110220001
21010100111111000
21010011012011110
21000000002000220
11222012200001000
11200011002022200
11202211202011020
22200012202011020
01110112202001020
STEP 36 P1 MOVE 0 4 0 6
OWN
00001110012222001
20000100110220001
21010100111111000
21010011012011110
21000000002000220
11222012200001000
11200011002022200
11202211202011020
22200012202011020
01110112202001020
STEP 37 P2 MOVE 0 3 0 7
OWN
00022222012222001
20000100110220001
21010100111111000
21010011012011110
21000000002000220
11222012200001000
11200011002022200
11202211202011020
22200012202011020
01110112202001020
STEP 38 P1 MOVE 0 2 0 8
OWN
00111111112222001
20000100110220001
21010100111111000
21010011012011110
21000000002000220
11222012200001000
11200011002022200
11202211202011020
22200012202011020
01110112202001020
STEP 39 P2 MOVE 0 1 0 14
OWN
02222222222222201
20000100110220001
21010100111111000
21010011012011110
21000000002000220
11222012200001000
11200011002022200
11202211202011020
22200012202011020
01110112202001020
STEP 40 P1 MOVE 0 0 1 1
OWN
11222222222222201
11000100110220001
21010100111111000
21010011012011110
21000000002000220
11222012200001000
11200011002022200
11202211202011020
22200012202011020
01110112202001020
STEP 41 P2 MOVE -1 -1 -1 -1
OWN
11222222222222201
11000100110220001
21010100111111000
21010011012011110
21000000002000220
11222012200001000
11200011002022200
11202211202011020
22200012202011020
01110112202001020
STEP 42 P1 MOVE -1 -1 -1 -1
OWN
11222222222222201
11000100110220001
21010100111111000
21010011012011110
21000000002000220
11222012200001000
11200011002022200
11202211202011020
22200012202011020
01110112202001020
RESULT first=51 second=49 winner=1
ANALYSIS winner=P1 score=51-49 reason=Ľ±°řŔĚÁˇ steal(w/l)=15/15 neu(w/l)=51/49
