BOARD
74341987229839818
93116342567919897
24598621914681562
53388397565519723
61575816497121621
81549758546181778
15887727275736139
56475374348336713
68247185292752316
91596442298326791
STEP 0 P1 MOVE 4 13 4 16
OWN
00000000000000000
00000000000000000
00000000000000000
00000000000000000
00000000000001111
00000000000000000
00000000000000000
00000000000000000
00000000000000000
00000000000000000
STEP 1 P2 MOVE 1 12 3 12
OWN
00000000000000000
00000000000020000
00000000000020000
00000000000020000
00000000000001111
00000000000000000
00000000000000000
00000000000000000
00000000000000000
00000000000000000
STEP 2 P1 MOVE 5 1 5 3
OWN
00000000000000000
00000000000020000
00000000000020000
00000000000020000
00000000000001111
01110000000000000
00000000000000000
00000000000000000
00000000000000000
00000000000000000
STEP 3 P2 MOVE 3 13 5 13
OWN
00000000000000000
00000000000020000
00000000000020000
00000000000022000
00000000000002111
01110000000002000
00000000000000000
00000000000000000
00000000000000000
00000000000000000
STEP 4 P1 MOVE 1 7 3 7
OWN
00000000000000000
00000001000020000
00000001000020000
00000001000022000
00000000000002111
01110000000002000
00000000000000000
00000000000000000
00000000000000000
00000000000000000
STEP 5 P2 MOVE 4 10 4 12
OWN
00000000000000000
00000001000020000
00000001000020000
00000001000022000
00000000002222111
01110000000002000
00000000000000000
00000000000000000
00000000000000000
00000000000000000
STEP 6 P1 MOVE 8 14 8 16
OWN
00000000000000000
00000001000020000
00000001000020000
00000001000022000
00000000002222111
01110000000002000
00000000000000000
00000000000000000
00000000000000111
00000000000000000
STEP 7 P2 MOVE 7 15 9 15
OWN
00000000000000000
00000001000020000
00000001000020000
00000001000022000
00000000002222111
01110000000002000
00000000000000000
00000000000000020
00000000000000121
00000000000000020
STEP 8 P1 MOVE 5 8 7 8
OWN
00000000000000000
00000001000020000
00000001000020000
00000001000022000
00000000002222111
01110000100002000
00000000100000000
00000000100000020
00000000000000121
00000000000000020
STEP 9 P2 MOVE 6 13 6 15
OWN
00000000000000000
00000001000020000
00000001000020000
00000001000022000
00000000002222111
01110000100002000
00000000100002220
00000000100000020
00000000000000121
00000000000000020
STEP 10 P1 MOVE 7 12 9 12
OWN
00000000000000000
00000001000020000
00000001000020000
00000001000022000
00000000002222111
01110000100002000
00000000100002220
00000000100010020
00000000000010121
00000000000010020
STEP 11 P2 MOVE 9 5 9 7
OWN
00000000000000000
00000001000020000
00000001000020000
00000001000022000
00000000002222111
01110000100002000
00000000100002220
00000000100010020
00000000000010121
00000222000010020
STEP 12 P1 MOVE 8 11 9 11
OWN
00000000000000000
00000001000020000
00000001000020000
00000001000022000
00000000002222111
01110000100002000
00000000100002220
00000000100010020
00000000000110121
00000222000110020
STEP 13 P2 MOVE 6 11 7 11
OWN
00000000000000000
00000001000020000
00000001000020000
00000001000022000
00000000002222111
01110000100002000
00000000100202220
00000000100210020
00000000000110121
00000222000110020
STEP 14 P1 MOVE 9 0 9 1
OWN
00000000000000000
00000001000020000
00000001000020000
00000001000022000
00000000002222111
01110000100002000
00000000100202220
00000000100210020
00000000000110121
11000222000110020
STEP 15 P2 MOVE 2 8 2 9
OWN
00000000000000000
00000001000020000
00000001220020000
00000001000022000
00000000002222111
01110000100002000
00000000100202220
00000000100210020
00000000000110121
11000222000110020
STEP 16 P1 MOVE 7 5 7 6
OWN
00000000000000000
00000001000020000
00000001220020000
00000001000022000
00000000002222111
01110000100002000
00000000100202220
00000110100210020
00000000000110121
11000222000110020
STEP 17 P2 MOVE 7 10 8 10
OWN
00000000000000000
00000001000020000
00000001220020000
00000001000022000
00000000002222111
01110000100002000
00000000100202220
00000110102210020
00000000002110121
11000222000110020
STEP 18 P1 MOVE 5 9 5 10
OWN
00000000000000000
00000001000020000
00000001220020000
00000001000022000
00000000002222111
01110000111002000
00000000100202220
00000110102210020
00000000002110121
11000222000110020
STEP 19 P2 MOVE 7 1 7 2
OWN
00000000000000000
00000001000020000
00000001220020000
00000001000022000
00000000002222111
01110000111002000
00000000100202220
02200110102210020
00000000002110121
11000222000110020
STEP 20 P1 MOVE 4 9 5 11
OWN
00000000000000000
00000001000020000
00000001220020000
00000001000022000
00000000011122111
01110000111102000
00000000100202220
02200110102210020
00000000002110121
11000222000110020
STEP 21 P2 MOVE 3 6 4 6
OWN
00000000000000000
00000001000020000
00000001220020000
00000021000022000
00000020011122111
01110000111102000
00000000100202220
02200110102210020
00000000002110121
11000222000110020
STEP 22 P1 MOVE 8 1 8 2
OWN
00000000000000000
00000001000020000
00000001220020000
00000021000022000
00000020011122111
01110000111102000
00000000100202220
02200110102210020
01100000002110121
11000222000110020
STEP 23 P2 MOVE 4 7 4 8
OWN
00000000000000000
00000001000020000
00000001220020000
00000021000022000
00000022211122111
01110000111102000
00000000100202220
02200110102210020
01100000002110121
11000222000110020
STEP 24 P1 MOVE 3 10 3 11
OWN
00000000000000000
00000001000020000
00000001220020000
00000021001122000
00000022211122111
01110000111102000
00000000100202220
02200110102210020
01100000002110121
11000222000110020
STEP 25 P2 MOVE 2 9 3 10
OWN
00000000000000000
00000001000020000
00000001222020000
00000021022122000
00000022211122111
01110000111102000
00000000100202220
02200110102210020
01100000002110121
11000222000110020
STEP 26 P1 MOVE 0 4 0 5
OWN
00001100000000000
00000001000020000
00000001222020000
00000021022122000
00000022211122111
01110000111102000
00000000100202220
02200110102210020
01100000002110121
11000222000110020
STEP 27 P2 MOVE 1 1 3 1
OWN
00001100000000000
02000001000020000
02000001222020000
02000021022122000
00000022211122111
01110000111102000
00000000100202220
02200110102210020
01100000002110121
11000222000110020
STEP 28 P1 MOVE 0 1 6 1
OWN
01001100000000000
01000001000020000
01000001222020000
01000021022122000
01000022211122111
01110000111102000
01000000100202220
02200110102210020
01100000002110121
11000222000110020
STEP 29 P2 MOVE 0 0 0 2
OWN
22201100000000000
01000001000020000
01000001222020000
01000021022122000
01000022211122111
01110000111102000
01000000100202220
02200110102210020
01100000002110121
11000222000110020
STEP 30 P1 MOVE 0 15 1 15
OWN
22201100000000010
01000001000020010
01000001222020000
01000021022122000
01000022211122111
01110000111102000
01000000100202220
02200110102210020
01100000002110121
11000222000110020
STEP 31 P2 MOVE 1 0 1 2
OWN
22201100000000010
22200001000020010
01000001222020000
01000021022122000
01000022211122111
01110000111102000
01000000100202220
02200110102210020
01100000002110121
11000222000110020
STEP 32 P1 MOVE 1 8 3 8
OWN
22201100000000010
22200001100020010
01000001122020000
01000021122122000
01000022211122111
01110000111102000
01000000100202220
02200110102210020
01100000002110121
11000222000110020
STEP 33 P2 MOVE 0 8 1 9
OWN
22201100220000010
22200001220020010
01000001122020000
01000021122122000
01000022211122111
01110000111102000
01000000100202220
02200110102210020
01100000002110121
11000222000110020
STEP 34 P1 MOVE 1 3 1 5
OWN
22201100220000010
22211101220020010
01000001122020000
01000021122122000
01000022211122111
01110000111102000
01000000100202220
02200110102210020
01100000002110121
11000222000110020
STEP 35 P2 MOVE 8 0 8 3
OWN
22201100220000010
22211101220020010
01000001122020000
01000021122122000
01000022211122111
01110000111102000
01000000100202220
02200110102210020
22220000002110121
11000222000110020
STEP 36 P1 MOVE 7 0 9 2
OWN
22201100220000010
22211101220020010
01000001122020000
01000021122122000
01000022211122111
01110000111102000
01000000100202220
11100110102210020
11120000002110121
11100222000110020
STEP 37 P2 MOVE 6 6 8 6
OWN
22201100220000010
22211101220020010
01000001122020000
01000021122122000
01000022211122111
01110000111102000
01000020100202220
11100120102210020
11120020002110121
11100222000110020
STEP 38 P1 MOVE 8 5 9 8
OWN
22201100220000010
22211101220020010
01000001122020000
01000021122122000
01000022211122111
01110000111102000
01000020100202220
11100120102210020
11120111102110121
11100111100110020
STEP 39 P2 MOVE 1 13 2 13
OWN
22201100220000010
22211101220022010
01000001122022000
01000021122122000
01000022211122111
01110000111102000
01000020100202220
11100120102210020
11120111102110121
11100111100110020
STEP 40 P1 MOVE -1 -1 -1 -1
OWN
22201100220000010
22211101220022010
01000001122022000
01000021122122000
01000022211122111
01110000111102000
01000020100202220
11100120102210020
11120111102110121
11100111100110020
STEP 41 P2 MOVE 3 5 3 14
OWN
22201100220000010
22211101220022010
01000001122022000
01000222222222200
01000022211122111
01110000111102000
01000020100202220
11100120102210020
11120111102110121
11100111100110020
STEP 42 P1 MOVE 3 5 4 15
OWN
22201100220000010
22211101220022010
01000001122022000
01000111111111110
01000111111111111
01110000111102000
01000020100202220
11100120102210020
11120111102110121
11100111100110020
STEP 43 P2 MOVE -1 -1 -1 -1
OWN
22201100220000010
22211101220022010
01000001122022000
01000111111111110
01000111111111111
01110000111102000
01000020100202220
11100120102210020
11120111102110121
11100111100110020
STEP 44 P1 MOVE -1 -1 -1 -1
OWN
22201100220000010
22211101220022010
01000001122022000
01000111111111110
01000111111111111
01110000111102000
01000020100202220
11100120102210020
11120111102110121
11100111100110020
RESULT first=71 second=30 winner=1
ANALYSIS winner=P1 score=71-30 reason=Ĺ»ĂëżěŔ§(+18Ä­ »©ľŃŔ˝,2ąčČż°ú) / şóÄ­Ľ±Áˇ(+5) steal(w/l)=30/12 neu(w/l)=53/48
