BOARD
35834351612242373
28658614714563241
98957623613516869
69829941733768749
72354112919985588
96426964523799369
36976546599578534
98138875951414447
77458742399139431
35265937461177549
STEP 0 P1 MOVE 2 9 3 10
OWN
00000000000000000
00000000000000000
00000000011000000
00000000011000000
00000000000000000
00000000000000000
00000000000000000
00000000000000000
00000000000000000
00000000000000000
STEP 1 P2 MOVE 1 13 1 16
OWN
00000000000000000
00000000000002222
00000000011000000
00000000011000000
00000000000000000
00000000000000000
00000000000000000
00000000000000000
00000000000000000
00000000000000000
STEP 2 P1 MOVE 1 7 4 7
OWN
00000000000000000
00000001000002222
00000001011000000
00000001011000000
00000001000000000
00000000000000000
00000000000000000
00000000000000000
00000000000000000
00000000000000000
STEP 3 P2 MOVE 7 10 7 13
OWN
00000000000000000
00000001000002222
00000001011000000
00000001011000000
00000001000000000
00000000000000000
00000000000000000
00000000002222000
00000000000000000
00000000000000000
STEP 4 P1 MOVE 0 3 0 5
OWN
00011100000000000
00000001000002222
00000001011000000
00000001011000000
00000001000000000
00000000000000000
00000000000000000
00000000002222000
00000000000000000
00000000000000000
STEP 5 P2 MOVE 0 7 0 10
OWN
00011102222000000
00000001000002222
00000001011000000
00000001011000000
00000001000000000
00000000000000000
00000000000000000
00000000002222000
00000000000000000
00000000000000000
STEP 6 P1 MOVE 4 3 4 5
OWN
00011102222000000
00000001000002222
00000001011000000
00000001011000000
00011101000000000
00000000000000000
00000000000000000
00000000002222000
00000000000000000
00000000000000000
STEP 7 P2 MOVE 5 10 5 11
OWN
00011102222000000
00000001000002222
00000001011000000
00000001011000000
00011101000000000
00000000002200000
00000000000000000
00000000002222000
00000000000000000
00000000000000000
STEP 8 P1 MOVE 5 7 6 7
OWN
00011102222000000
00000001000002222
00000001011000000
00000001011000000
00011101000000000
00000001002200000
00000001000000000
00000000002222000
00000000000000000
00000000000000000
STEP 9 P2 MOVE 0 14 0 15
OWN
00011102222000220
00000001000002222
00000001011000000
00000001011000000
00011101000000000
00000001002200000
00000001000000000
00000000002222000
00000000000000000
00000000000000000
STEP 10 P1 MOVE 4 9 4 10
OWN
00011102222000220
00000001000002222
00000001011000000
00000001011000000
00011101011000000
00000001002200000
00000001000000000
00000000002222000
00000000000000000
00000000000000000
STEP 11 P2 MOVE 1 9 1 11
OWN
00011102222000220
00000001022202222
00000001011000000
00000001011000000
00011101011000000
00000001002200000
00000001000000000
00000000002222000
00000000000000000
00000000000000000
STEP 12 P1 MOVE 9 0 9 2
OWN
00011102222000220
00000001022202222
00000001011000000
00000001011000000
00011101011000000
00000001002200000
00000001000000000
00000000002222000
00000000000000000
11100000000000000
STEP 13 P2 MOVE 5 8 6 8
OWN
00011102222000220
00000001022202222
00000001011000000
00000001011000000
00011101011000000
00000001202200000
00000001200000000
00000000002222000
00000000000000000
11100000000000000
STEP 14 P1 MOVE 0 12 1 12
OWN
00011102222010220
00000001022212222
00000001011000000
00000001011000000
00011101011000000
00000001202200000
00000001200000000
00000000002222000
00000000000000000
11100000000000000
STEP 15 P2 MOVE 5 1 5 2
OWN
00011102222010220
00000001022212222
00000001011000000
00000001011000000
00011101011000000
02200001202200000
00000001200000000
00000000002222000
00000000000000000
11100000000000000
STEP 16 P1 MOVE 6 2 7 2
OWN
00011102222010220
00000001022212222
00000001011000000
00000001011000000
00011101011000000
02200001202200000
00100001200000000
00100000002222000
00000000000000000
11100000000000000
STEP 17 P2 MOVE 1 0 1 1
OWN
00011102222010220
22000001022212222
00000001011000000
00000001011000000
00011101011000000
02200001202200000
00100001200000000
00100000002222000
00000000000000000
11100000000000000
STEP 18 P1 MOVE 3 2 3 3
OWN
00011102222010220
22000001022212222
00000001011000000
00110001011000000
00011101011000000
02200001202200000
00100001200000000
00100000002222000
00000000000000000
11100000000000000
STEP 19 P2 MOVE 1 3 2 3
OWN
00011102222010220
22020001022212222
00020001011000000
00110001011000000
00011101011000000
02200001202200000
00100001200000000
00100000002222000
00000000000000000
11100000000000000
STEP 20 P1 MOVE 2 15 3 15
OWN
00011102222010220
22020001022212222
00020001011000010
00110001011000010
00011101011000000
02200001202200000
00100001200000000
00100000002222000
00000000000000000
11100000000000000
STEP 21 P2 MOVE 6 3 7 3
OWN
00011102222010220
22020001022212222
00020001011000010
00110001011000010
00011101011000000
02200001202200000
00120001200000000
00120000002222000
00000000000000000
11100000000000000
STEP 22 P1 MOVE 6 12 8 12
OWN
00011102222010220
22020001022212222
00020001011000010
00110001011000010
00011101011000000
02200001202200000
00120001200010000
00120000002212000
00000000000010000
11100000000000000
STEP 23 P2 MOVE 8 11 8 13
OWN
00011102222010220
22020001022212222
00020001011000010
00110001011000010
00011101011000000
02200001202200000
00120001200010000
00120000002212000
00000000000222000
11100000000000000
STEP 24 P1 MOVE 8 10 9 10
OWN
00011102222010220
22020001022212222
00020001011000010
00110001011000010
00011101011000000
02200001202200000
00120001200010000
00120000002212000
00000000001222000
11100000001000000
STEP 25 P2 MOVE 9 8 9 9
OWN
00011102222010220
22020001022212222
00020001011000010
00110001011000010
00011101011000000
02200001202200000
00120001200010000
00120000002212000
00000000001222000
11100000221000000
STEP 26 P1 MOVE 8 16 9 16
OWN
00011102222010220
22020001022212222
00020001011000010
00110001011000010
00011101011000000
02200001202200000
00120001200010000
00120000002212000
00000000001222001
11100000221000001
STEP 27 P2 MOVE 4 6 4 8
OWN
00011102222010220
22020001022212222
00020001011000010
00110001011000010
00011122211000000
02200001202200000
00120001200010000
00120000002212000
00000000001222001
11100000221000001
STEP 28 P1 MOVE 3 6 5 6
OWN
00011102222010220
22020001022212222
00020001011000010
00110011011000010
00011112211000000
02200011202200000
00120001200010000
00120000002212000
00000000001222001
11100000221000001
STEP 29 P2 MOVE 8 9 9 11
OWN
00011102222010220
22020001022212222
00020001011000010
00110011011000010
00011112211000000
02200011202200000
00120001200010000
00120000002212000
00000000022222001
11100000222200001
STEP 30 P1 MOVE 8 8 8 15
OWN
00011102222010220
22020001022212222
00020001011000010
00110011011000010
00011112211000000
02200011202200000
00120001200010000
00120000002212000
00000000111111111
11100000222200001
STEP 31 P2 MOVE 9 6 9 7
OWN
00011102222010220
22020001022212222
00020001011000010
00110011011000010
00011112211000000
02200011202200000
00120001200010000
00120000002212000
00000000111111111
11100022222200001
STEP 32 P1 MOVE -1 -1 -1 -1
OWN
00011102222010220
22020001022212222
00020001011000010
00110011011000010
00011112211000000
02200011202200000
00120001200010000
00120000002212000
00000000111111111
11100022222200001
STEP 33 P2 MOVE -1 -1 -1 -1
OWN
00011102222010220
22020001022212222
00020001011000010
00110011011000010
00011112211000000
02200011202200000
00120001200010000
00120000002212000
00000000111111111
11100022222200001
RESULT first=43 second=36 winner=1
ANALYSIS winner=P1 score=43-36 reason=탈취우위(+3칸 빼앗음,2배효과) steal(w/l)=7/4 neu(w/l)=40/39
