BOARD
84691681413535691
71533471479172789
98994137187471324
21626693679739947
15541644151338311
66875654654385472
75934146586111585
84541361699928219
43344821215892273
12296736137657856
STEP 0 P1 MOVE 8 7 9 8
OWN
00000000000000000
00000000000000000
00000000000000000
00000000000000000
00000000000000000
00000000000000000
00000000000000000
00000000000000000
00000001100000000
00000001100000000
STEP 1 P2 MOVE 2 13 2 16
OWN
00000000000000000
00000000000000000
00000000000002222
00000000000000000
00000000000000000
00000000000000000
00000000000000000
00000000000000000
00000001100000000
00000001100000000
STEP 2 P1 MOVE 8 0 9 1
OWN
00000000000000000
00000000000000000
00000000000002222
00000000000000000
00000000000000000
00000000000000000
00000000000000000
00000000000000000
11000001100000000
11000001100000000
STEP 3 P2 MOVE 0 7 1 8
OWN
00000002200000000
00000002200000000
00000000000002222
00000000000000000
00000000000000000
00000000000000000
00000000000000000
00000000000000000
11000001100000000
11000001100000000
STEP 4 P1 MOVE 4 8 4 11
OWN
00000002200000000
00000002200000000
00000000000002222
00000000000000000
00000000111100000
00000000000000000
00000000000000000
00000000000000000
11000001100000000
11000001100000000
STEP 5 P2 MOVE 7 2 7 4
OWN
00000002200000000
00000002200000000
00000000000002222
00000000000000000
00000000111100000
00000000000000000
00000000000000000
00222000000000000
11000001100000000
11000001100000000
STEP 6 P1 MOVE 0 11 2 11
OWN
00000002200100000
00000002200100000
00000000000102222
00000000000000000
00000000111100000
00000000000000000
00000000000000000
00222000000000000
11000001100000000
11000001100000000
STEP 7 P2 MOVE 1 3 1 5
OWN
00000002200100000
00022202200100000
00000000000102222
00000000000000000
00000000111100000
00000000000000000
00000000000000000
00222000000000000
11000001100000000
11000001100000000
STEP 8 P1 MOVE 3 16 5 16
OWN
00000002200100000
00022202200100000
00000000000102222
00000000000000001
00000000111100001
00000000000000001
00000000000000000
00222000000000000
11000001100000000
11000001100000000
STEP 9 P2 MOVE 4 2 4 4
OWN
00000002200100000
00022202200100000
00000000000102222
00000000000000001
00222000111100001
00000000000000001
00000000000000000
00222000000000000
11000001100000000
11000001100000000
STEP 10 P1 MOVE 1 1 3 1
OWN
00000002200100000
01022202200100000
01000000000102222
01000000000000001
00222000111100001
00000000000000001
00000000000000000
00222000000000000
11000001100000000
11000001100000000
STEP 11 P2 MOVE 3 0 3 3
OWN
00000002200100000
01022202200100000
01000000000102222
22220000000000001
00222000111100001
00000000000000001
00000000000000000
00222000000000000
11000001100000000
11000001100000000
STEP 12 P1 MOVE 1 6 2 6
OWN
00000002200100000
01022212200100000
01000010000102222
22220000000000001
00222000111100001
00000000000000001
00000000000000000
00222000000000000
11000001100000000
11000001100000000
STEP 13 P2 MOVE 2 0 4 0
OWN
00000002200100000
01022212200100000
21000010000102222
22220000000000001
20222000111100001
00000000000000001
00000000000000000
00222000000000000
11000001100000000
11000001100000000
STEP 14 P1 MOVE 0 16 1 16
OWN
00000002200100001
01022212200100001
21000010000102222
22220000000000001
20222000111100001
00000000000000001
00000000000000000
00222000000000000
11000001100000000
11000001100000000
STEP 15 P2 MOVE 6 11 7 11
OWN
00000002200100001
01022212200100001
21000010000102222
22220000000000001
20222000111100001
00000000000000001
00000000000200000
00222000000200000
11000001100000000
11000001100000000
STEP 16 P1 MOVE 3 11 5 11
OWN
00000002200100001
01022212200100001
21000010000102222
22220000000100001
20222000111100001
00000000000100001
00000000000200000
00222000000200000
11000001100000000
11000001100000000
STEP 17 P2 MOVE 7 15 7 16
OWN
00000002200100001
01022212200100001
21000010000102222
22220000000100001
20222000111100001
00000000000100001
00000000000200000
00222000000200022
11000001100000000
11000001100000000
STEP 18 P1 MOVE 5 10 6 10
OWN
00000002200100001
01022212200100001
21000010000102222
22220000000100001
20222000111100001
00000000001100001
00000000001200000
00222000000200022
11000001100000000
11000001100000000
STEP 19 P2 MOVE 9 9 9 10
OWN
00000002200100001
01022212200100001
21000010000102222
22220000000100001
20222000111100001
00000000001100001
00000000001200000
00222000000200022
11000001100000000
11000001122000000
STEP 20 P1 MOVE 9 5 9 6
OWN
00000002200100001
01022212200100001
21000010000102222
22220000000100001
20222000111100001
00000000001100001
00000000001200000
00222000000200022
11000001100000000
11000111122000000
STEP 21 P2 MOVE 8 15 8 16
OWN
00000002200100001
01022212200100001
21000010000102222
22220000000100001
20222000111100001
00000000001100001
00000000001200000
00222000000200022
11000001100000022
11000111122000000
STEP 22 P1 MOVE 7 9 8 9
OWN
00000002200100001
01022212200100001
21000010000102222
22220000000100001
20222000111100001
00000000001100001
00000000001200000
00222000010200022
11000001110000022
11000111122000000
STEP 23 P2 MOVE 8 5 8 6
OWN
00000002200100001
01022212200100001
21000010000102222
22220000000100001
20222000111100001
00000000001100001
00000000001200000
00222000010200022
11000221110000022
11000111122000000
STEP 24 P1 MOVE 0 1 0 2
OWN
01100002200100001
01022212200100001
21000010000102222
22220000000100001
20222000111100001
00000000001100001
00000000001200000
00222000010200022
11000221110000022
11000111122000000
STEP 25 P2 MOVE 5 3 6 3
OWN
01100002200100001
01022212200100001
21000010000102222
22220000000100001
20222000111100001
00020000001100001
00020000001200000
00222000010200022
11000221110000022
11000111122000000
STEP 26 P1 MOVE 2 4 3 4
OWN
01100002200100001
01022212200100001
21001010000102222
22221000000100001
20222000111100001
00020000001100001
00020000001200000
00222000010200022
11000221110000022
11000111122000000
STEP 27 P2 MOVE 0 3 0 4
OWN
01122002200100001
01022212200100001
21001010000102222
22221000000100001
20222000111100001
00020000001100001
00020000001200000
00222000010200022
11000221110000022
11000111122000000
STEP 28 P1 MOVE 8 14 9 14
OWN
01122002200100001
01022212200100001
21001010000102222
22221000000100001
20222000111100001
00020000001100001
00020000001200000
00222000010200022
11000221110000122
11000111122000100
STEP 29 P2 MOVE 7 13 8 13
OWN
01122002200100001
01022212200100001
21001010000102222
22221000000100001
20222000111100001
00020000001100001
00020000001200000
00222000010202022
11000221110002122
11000111122000100
STEP 30 P1 MOVE 2 3 2 5
OWN
01122002200100001
01022212200100001
21011110000102222
22221000000100001
20222000111100001
00020000001100001
00020000001200000
00222000010202022
11000221110002122
11000111122000100
STEP 31 P2 MOVE 2 7 3 7
OWN
01122002200100001
01022212200100001
21011112000102222
22221002000100001
20222000111100001
00020000001100001
00020000001200000
00222000010202022
11000221110002122
11000111122000100
STEP 32 P1 MOVE 2 2 2 8
OWN
01122002200100001
01022212200100001
21111111100102222
22221002000100001
20222000111100001
00020000001100001
00020000001200000
00222000010202022
11000221110002122
11000111122000100
STEP 33 P2 MOVE 1 1 4 2
OWN
01122002200100001
02222212200100001
22211111100102222
22221002000100001
22222000111100001
00020000001100001
00020000001200000
00222000010202022
11000221110002122
11000111122000100
STEP 34 P1 MOVE 3 7 4 8
OWN
01122002200100001
02222212200100001
22211111100102222
22221001100100001
22222001111100001
00020000001100001
00020000001200000
00222000010202022
11000221110002122
11000111122000100
STEP 35 P2 MOVE 5 7 6 7
OWN
01122002200100001
02222212200100001
22211111100102222
22221001100100001
22222001111100001
00020002001100001
00020002001200000
00222000010202022
11000221110002122
11000111122000100
STEP 36 P1 MOVE 6 5 6 8
OWN
01122002200100001
02222212200100001
22211111100102222
22221001100100001
22222001111100001
00020002001100001
00020111101200000
00222000010202022
11000221110002122
11000111122000100
STEP 37 P2 MOVE 6 9 6 13
OWN
01122002200100001
02222212200100001
22211111100102222
22221001100100001
22222001111100001
00020002001100001
00020111122222000
00222000010202022
11000221110002122
11000111122000100
STEP 38 P1 MOVE 0 12 1 12
OWN
01122002200110001
02222212200110001
22211111100102222
22221001100100001
22222001111100001
00020002001100001
00020111122222000
00222000010202022
11000221110002122
11000111122000100
STEP 39 P2 MOVE 2 12 3 12
OWN
01122002200110001
02222212200110001
22211111100122222
22221001100120001
22222001111100001
00020002001100001
00020111122222000
00222000010202022
11000221110002122
11000111122000100
STEP 40 P1 MOVE 5 12 7 12
OWN
01122002200110001
02222212200110001
22211111100122222
22221001100120001
22222001111100001
00020002001110001
00020111122212000
00222000010212022
11000221110002122
11000111122000100
STEP 41 P2 MOVE 5 9 5 13
OWN
01122002200110001
02222212200110001
22211111100122222
22221001100120001
22222001111100001
00020002022222001
00020111122212000
00222000010212022
11000221110002122
11000111122000100
STEP 42 P1 MOVE 4 5 4 6
OWN
01122002200110001
02222212200110001
22211111100122222
22221001100120001
22222111111100001
00020002022222001
00020111122212000
00222000010212022
11000221110002122
11000111122000100
STEP 43 P2 MOVE -1 -1 -1 -1
OWN
01122002200110001
02222212200110001
22211111100122222
22221001100120001
22222111111100001
00020002022222001
00020111122212000
00222000010212022
11000221110002122
11000111122000100
STEP 44 P1 MOVE 5 8 5 14
OWN
01122002200110001
02222212200110001
22211111100122222
22221001100120001
22222111111100001
00020002111111101
00020111122212000
00222000010212022
11000221110002122
11000111122000100
STEP 45 P2 MOVE 5 6 6 14
OWN
01122002200110001
02222212200110001
22211111100122222
22221001100120001
22222111111100001
00020022222222201
00020122222222200
00222000010212022
11000221110002122
11000111122000100
STEP 46 P1 MOVE 6 14 7 15
OWN
01122002200110001
02222212200110001
22211111100122222
22221001100120001
22222111111100001
00020022222222201
00020122222222110
00222000010212112
11000221110002122
11000111122000100
STEP 47 P2 MOVE -1 -1 -1 -1
OWN
01122002200110001
02222212200110001
22211111100122222
22221001100120001
22222111111100001
00020022222222201
00020122222222110
00222000010212112
11000221110002122
11000111122000100
STEP 48 P1 MOVE 8 4 9 4
OWN
01122002200110001
02222212200110001
22211111100122222
22221001100120001
22222111111100001
00020022222222201
00020122222222110
00222000010212112
11001221110002122
11001111122000100
STEP 49 P2 MOVE 7 2 8 5
OWN
01122002200110001
02222212200110001
22211111100122222
22221001100120001
22222111111100001
00020022222222201
00020122222222110
00222200010212112
11222221110002122
11001111122000100
STEP 50 P1 MOVE -1 -1 -1 -1
OWN
01122002200110001
02222212200110001
22211111100122222
22221001100120001
22222111111100001
00020022222222201
00020122222222110
00222200010212112
11222221110002122
11001111122000100
STEP 51 P2 MOVE -1 -1 -1 -1
OWN
01122002200110001
02222212200110001
22211111100122222
22221001100120001
22222111111100001
00020022222222201
00020122222222110
00222200010212112
11222221110002122
11001111122000100
RESULT first=51 second=65 winner=2
ANALYSIS winner=P2 score=51-65 reason=Ĺ»ĂëżěŔ§(+9Ä­ »©ľŃŔ˝,2ąčČż°ú) / żŞŔü˝Â steal(w/l)=20/11 neu(w/l)=56/60
