BOARD
44499941174134222
93421953935677141
31758311816344435
99715679927678161
81578861321366259
49615671562668122
59738664556728861
17853877424389695
89584655375533135
71576952923234122
STEP 0 P1 MOVE 4 7 4 11
OWN
00000000000000000
00000000000000000
00000000000000000
00000000000000000
00000001111100000
00000000000000000
00000000000000000
00000000000000000
00000000000000000
00000000000000000
STEP 1 P2 MOVE 0 13 0 16
OWN
00000000000002222
00000000000000000
00000000000000000
00000000000000000
00000001111100000
00000000000000000
00000000000000000
00000000000000000
00000000000000000
00000000000000000
STEP 2 P1 MOVE 1 1 1 4
OWN
00000000000002222
01111000000000000
00000000000000000
00000000000000000
00000001111100000
00000000000000000
00000000000000000
00000000000000000
00000000000000000
00000000000000000
STEP 3 P2 MOVE 9 11 9 14
OWN
00000000000002222
01111000000000000
00000000000000000
00000000000000000
00000001111100000
00000000000000000
00000000000000000
00000000000000000
00000000000000000
00000000000222200
STEP 4 P1 MOVE 5 0 7 0
OWN
00000000000002222
01111000000000000
00000000000000000
00000000000000000
00000001111100000
10000000000000000
10000000000000000
10000000000000000
00000000000000000
00000000000222200
STEP 5 P2 MOVE 2 9 2 11
OWN
00000000000002222
01111000000000000
00000000022200000
00000000000000000
00000001111100000
10000000000000000
10000000000000000
10000000000000000
00000000000000000
00000000000222200
STEP 6 P1 MOVE 2 7 3 7
OWN
00000000000002222
01111000000000000
00000001022200000
00000001000000000
00000001111100000
10000000000000000
10000000000000000
10000000000000000
00000000000000000
00000000000222200
STEP 7 P2 MOVE 8 6 8 7
OWN
00000000000002222
01111000000000000
00000001022200000
00000001000000000
00000001111100000
10000000000000000
10000000000000000
10000000000000000
00000022000000000
00000000000222200
STEP 8 P1 MOVE 4 14 5 15
OWN
00000000000002222
01111000000000000
00000001022200000
00000001000000000
00000001111100110
10000000000000110
10000000000000000
10000000000000000
00000022000000000
00000000000222200
STEP 9 P2 MOVE 3 16 4 16
OWN
00000000000002222
01111000000000000
00000001022200000
00000001000000002
00000001111100112
10000000000000110
10000000000000000
10000000000000000
00000022000000000
00000000000222200
STEP 10 P1 MOVE 5 13 5 16
OWN
00000000000002222
01111000000000000
00000001022200000
00000001000000002
00000001111100112
10000000000001111
10000000000000000
10000000000000000
00000022000000000
00000000000222200
STEP 11 P2 MOVE 6 12 7 12
OWN
00000000000002222
01111000000000000
00000001022200000
00000001000000002
00000001111100112
10000000000001111
10000000000020000
10000000000020000
00000022000000000
00000000000222200
STEP 12 P1 MOVE 4 1 5 1
OWN
00000000000002222
01111000000000000
00000001022200000
00000001000000002
01000001111100112
11000000000001111
10000000000020000
10000000000020000
00000022000000000
00000000000222200
STEP 13 P2 MOVE 6 2 6 3
OWN
00000000000002222
01111000000000000
00000001022200000
00000001000000002
01000001111100112
11000000000001111
10220000000020000
10000000000020000
00000022000000000
00000000000222200
STEP 14 P1 MOVE 8 12 8 15
OWN
00000000000002222
01111000000000000
00000001022200000
00000001000000002
01000001111100112
11000000000001111
10220000000020000
10000000000020000
00000022000011110
00000000000222200
STEP 15 P2 MOVE 5 8 6 8
OWN
00000000000002222
01111000000000000
00000001022200000
00000001000000002
01000001111100112
11000000200001111
10220000200020000
10000000000020000
00000022000011110
00000000000222200
STEP 16 P1 MOVE 7 16 8 16
OWN
00000000000002222
01111000000000000
00000001022200000
00000001000000002
01000001111100112
11000000200001111
10220000200020000
10000000000020001
00000022000011111
00000000000222200
STEP 17 P2 MOVE 8 4 8 5
OWN
00000000000002222
01111000000000000
00000001022200000
00000001000000002
01000001111100112
11000000200001111
10220000200020000
10000000000020001
00002222000011111
00000000000222200
STEP 18 P1 MOVE 8 1 9 1
OWN
00000000000002222
01111000000000000
00000001022200000
00000001000000002
01000001111100112
11000000200001111
10220000200020000
10000000000020001
01002222000011111
01000000000222200
STEP 19 P2 MOVE 8 2 9 2
OWN
00000000000002222
01111000000000000
00000001022200000
00000001000000002
01000001111100112
11000000200001111
10220000200020000
10000000000020001
01202222000011111
01200000000222200
STEP 20 P1 MOVE 6 6 6 7
OWN
00000000000002222
01111000000000000
00000001022200000
00000001000000002
01000001111100112
11000000200001111
10220011200020000
10000000000020001
01202222000011111
01200000000222200
STEP 21 P2 MOVE 5 7 9 7
OWN
00000000000002222
01111000000000000
00000001022200000
00000001000000002
01000001111100112
11000002200001111
10220012200020000
10000002000020001
01202222000011111
01200002000222200
STEP 22 P1 MOVE 0 12 1 12
OWN
00000000000012222
01111000000010000
00000001022200000
00000001000000002
01000001111100112
11000002200001111
10220012200020000
10000002000020001
01202222000011111
01200002000222200
STEP 23 P2 MOVE 6 11 7 11
OWN
00000000000012222
01111000000010000
00000001022200000
00000001000000002
01000001111100112
11000002200001111
10220012200220000
10000002000220001
01202222000011111
01200002000222200
STEP 24 P1 MOVE 0 9 1 9
OWN
00000000010012222
01111000010010000
00000001022200000
00000001000000002
01000001111100112
11000002200001111
10220012200220000
10000002000220001
01202222000011111
01200002000222200
STEP 25 P2 MOVE 8 10 8 11
OWN
00000000010012222
01111000010010000
00000001022200000
00000001000000002
01000001111100112
11000002200001111
10220012200220000
10000002000220001
01202222002211111
01200002000222200
STEP 26 P1 MOVE 1 11 2 12
OWN
00000000010012222
01111000010110000
00000001022110000
00000001000000002
01000001111100112
11000002200001111
10220012200220000
10000002000220001
01202222002211111
01200002000222200
STEP 27 P2 MOVE 0 10 1 11
OWN
00000000012212222
01111000012210000
00000001022110000
00000001000000002
01000001111100112
11000002200001111
10220012200220000
10000002000220001
01202222002211111
01200002000222200
STEP 28 P1 MOVE 6 10 7 10
OWN
00000000012212222
01111000012210000
00000001022110000
00000001000000002
01000001111100112
11000002200001111
10220012201220000
10000002001220001
01202222002211111
01200002000222200
STEP 29 P2 MOVE 8 8 8 9
OWN
00000000012212222
01111000012210000
00000001022110000
00000001000000002
01000001111100112
11000002200001111
10220012201220000
10000002001220001
01202222222211111
01200002000222200
STEP 30 P1 MOVE -1 -1 -1 -1
OWN
00000000012212222
01111000012210000
00000001022110000
00000001000000002
01000001111100112
11000002200001111
10220012201220000
10000002001220001
01202222222211111
01200002000222200
STEP 31 P2 MOVE 0 8 1 8
OWN
00000000212212222
01111000212210000
00000001022110000
00000001000000002
01000001111100112
11000002200001111
10220012201220000
10000002001220001
01202222222211111
01200002000222200
STEP 32 P1 MOVE 1 7 1 13
OWN
00000000212212222
01111001111111000
00000001022110000
00000001000000002
01000001111100112
11000002200001111
10220012201220000
10000002001220001
01202222222211111
01200002000222200
STEP 33 P2 MOVE 0 6 2 6
OWN
00000020212212222
01111021111111000
00000021022110000
00000001000000002
01000001111100112
11000002200001111
10220012201220000
10000002001220001
01202222222211111
01200002000222200
STEP 34 P1 MOVE 1 5 1 14
OWN
00000020212212222
01111111111111100
00000021022110000
00000001000000002
01000001111100112
11000002200001111
10220012201220000
10000002001220001
01202222222211111
01200002000222200
STEP 35 P2 MOVE 0 5 0 7
OWN
00000222212212222
01111111111111100
00000021022110000
00000001000000002
01000001111100112
11000002200001111
10220012201220000
10000002001220001
01202222222211111
01200002000222200
STEP 36 P1 MOVE -1 -1 -1 -1
OWN
00000222212212222
01111111111111100
00000021022110000
00000001000000002
01000001111100112
11000002200001111
10220012201220000
10000002001220001
01202222222211111
01200002000222200
STEP 37 P2 MOVE -1 -1 -1 -1
OWN
00000222212212222
01111111111111100
00000021022110000
00000001000000002
01000001111100112
11000002200001111
10220012201220000
10000002001220001
01202222222211111
01200002000222200
RESULT first=47 second=41 winner=1
ANALYSIS winner=P1 score=47-41 reason=Ĺ»ĂëżěŔ§(+3Ä­ »©ľŃŔ˝,2ąčČż°ú) steal(w/l)=5/2 neu(w/l)=44/44
