BOARD
72713134697121923
45168286254328619
69932594354659344
47937423451852485
75186954364847983
52593664778274693
85692175416662333
12572136521675197
97158536131674156
51817677323419581
STEP 0 P1 MOVE 6 14 9 14
OWN
00000000000000000
00000000000000000
00000000000000000
00000000000000000
00000000000000000
00000000000000000
00000000000000100
00000000000000100
00000000000000100
00000000000000100
STEP 1 P2 MOVE 9 9 9 12
OWN
00000000000000000
00000000000000000
00000000000000000
00000000000000000
00000000000000000
00000000000000000
00000000000000100
00000000000000100
00000000000000100
00000000022220100
STEP 2 P1 MOVE 8 9 8 11
OWN
00000000000000000
00000000000000000
00000000000000000
00000000000000000
00000000000000000
00000000000000000
00000000000000100
00000000000000100
00000000011100100
00000000022220100
STEP 3 P2 MOVE 9 1 9 3
OWN
00000000000000000
00000000000000000
00000000000000000
00000000000000000
00000000000000000
00000000000000000
00000000000000100
00000000000000100
00000000011100100
02220000022220100
STEP 4 P1 MOVE 1 0 1 2
OWN
00000000000000000
11100000000000000
00000000000000000
00000000000000000
00000000000000000
00000000000000000
00000000000000100
00000000000000100
00000000011100100
02220000022220100
STEP 5 P2 MOVE 0 3 2 3
OWN
00020000000000000
11120000000000000
00020000000000000
00000000000000000
00000000000000000
00000000000000000
00000000000000100
00000000000000100
00000000011100100
02220000022220100
STEP 6 P1 MOVE 6 4 6 6
OWN
00020000000000000
11120000000000000
00020000000000000
00000000000000000
00000000000000000
00000000000000000
00001110000000100
00000000000000100
00000000011100100
02220000022220100
STEP 7 P2 MOVE 4 9 4 10
OWN
00020000000000000
11120000000000000
00020000000000000
00000000000000000
00000000022000000
00000000000000000
00001110000000100
00000000000000100
00000000011100100
02220000022220100
STEP 8 P1 MOVE 2 8 4 8
OWN
00020000000000000
11120000000000000
00020000100000000
00000000100000000
00000000122000000
00000000000000000
00001110000000100
00000000000000100
00000000011100100
02220000022220100
STEP 9 P2 MOVE 5 10 5 11
OWN
00020000000000000
11120000000000000
00020000100000000
00000000100000000
00000000122000000
00000000002200000
00001110000000100
00000000000000100
00000000011100100
02220000022220100
STEP 10 P1 MOVE 8 6 9 6
OWN
00020000000000000
11120000000000000
00020000100000000
00000000100000000
00000000122000000
00000000002200000
00001110000000100
00000000000000100
00000010011100100
02220010022220100
STEP 11 P2 MOVE 0 13 0 14
OWN
00020000000002200
11120000000000000
00020000100000000
00000000100000000
00000000122000000
00000000002200000
00001110000000100
00000000000000100
00000010011100100
02220010022220100
STEP 12 P1 MOVE 0 11 2 11
OWN
00020000000102200
11120000000100000
00020000100100000
00000000100000000
00000000122000000
00000000002200000
00001110000000100
00000000000000100
00000010011100100
02220010022220100
STEP 13 P2 MOVE 6 7 6 9
OWN
00020000000102200
11120000000100000
00020000100100000
00000000100000000
00000000122000000
00000000002200000
00001112220000100
00000000000000100
00000010011100100
02220010022220100
STEP 14 P1 MOVE 9 7 9 8
OWN
00020000000102200
11120000000100000
00020000100100000
00000000100000000
00000000122000000
00000000002200000
00001112220000100
00000000000000100
00000010011100100
02220011122220100
STEP 15 P2 MOVE 0 7 0 8
OWN
00020002200102200
11120000000100000
00020000100100000
00000000100000000
00000000122000000
00000000002200000
00001112220000100
00000000000000100
00000010011100100
02220011122220100
STEP 16 P1 MOVE 1 4 2 4
OWN
00020002200102200
11121000000100000
00021000100100000
00000000100000000
00000000122000000
00000000002200000
00001112220000100
00000000000000100
00000010011100100
02220011122220100
STEP 17 P2 MOVE 5 13 5 14
OWN
00020002200102200
11121000000100000
00021000100100000
00000000100000000
00000000122000000
00000000002202200
00001112220000100
00000000000000100
00000010011100100
02220011122220100
STEP 18 P1 MOVE 3 3 3 4
OWN
00020002200102200
11121000000100000
00021000100100000
00011000100000000
00000000122000000
00000000002202200
00001112220000100
00000000000000100
00000010011100100
02220011122220100
STEP 19 P2 MOVE 7 0 8 0
OWN
00020002200102200
11121000000100000
00021000100100000
00011000100000000
00000000122000000
00000000002202200
00001112220000100
20000000000000100
20000010011100100
02220011122220100
STEP 20 P1 MOVE 3 2 4 2
OWN
00020002200102200
11121000000100000
00021000100100000
00111000100000000
00100000122000000
00000000002202200
00001112220000100
20000000000000100
20000010011100100
02220011122220100
STEP 21 P2 MOVE 1 12 1 13
OWN
00020002200102200
11121000000122000
00021000100100000
00111000100000000
00100000122000000
00000000002202200
00001112220000100
20000000000000100
20000010011100100
02220011122220100
STEP 22 P1 MOVE 2 0 3 0
OWN
00020002200102200
11121000000122000
10021000100100000
10111000100000000
00100000122000000
00000000002202200
00001112220000100
20000000000000100
20000010011100100
02220011122220100
STEP 23 P2 MOVE 5 6 5 7
OWN
00020002200102200
11121000000122000
10021000100100000
10111000100000000
00100000122000000
00000022002202200
00001112220000100
20000000000000100
20000010011100100
02220011122220100
STEP 24 P1 MOVE 3 6 7 6
OWN
00020002200102200
11121000000122000
10021000100100000
10111010100000000
00100010122000000
00000012002202200
00001112220000100
20000010000000100
20000010011100100
02220011122220100
STEP 25 P2 MOVE 7 3 7 5
OWN
00020002200102200
11121000000122000
10021000100100000
10111010100000000
00100010122000000
00000012002202200
00001112220000100
20022210000000100
20000010011100100
02220011122220100
STEP 26 P1 MOVE 4 7 7 7
OWN
00020002200102200
11121000000122000
10021000100100000
10111010100000000
00100011122000000
00000011002202200
00001111220000100
20022211000000100
20000010011100100
02220011122220100
STEP 27 P2 MOVE 3 7 5 8
OWN
00020002200102200
11121000000122000
10021000100100000
10111012200000000
00100012222000000
00000012202202200
00001111220000100
20022211000000100
20000010011100100
02220011122220100
STEP 28 P1 MOVE 2 7 8 7
OWN
00020002200102200
11121000000122000
10021001100100000
10111011200000000
00100011222000000
00000011202202200
00001111220000100
20022211000000100
20000011011100100
02220011122220100
STEP 29 P2 MOVE 3 5 3 10
OWN
00020002200102200
11121000000122000
10021001100100000
10111222222000000
00100011222000000
00000011202202200
00001111220000100
20022211000000100
20000011011100100
02220011122220100
STEP 30 P1 MOVE 1 15 1 16
OWN
00020002200102200
11121000000122011
10021001100100000
10111222222000000
00100011222000000
00000011202202200
00001111220000100
20022211000000100
20000011011100100
02220011122220100
STEP 31 P2 MOVE 1 10 1 14
OWN
00020002200102200
11121000002222211
10021001100100000
10111222222000000
00100011222000000
00000011202202200
00001111220000100
20022211000000100
20000011011100100
02220011122220100
STEP 32 P1 MOVE 1 9 2 9
OWN
00020002200102200
11121000012222211
10021001110100000
10111222222000000
00100011222000000
00000011202202200
00001111220000100
20022211000000100
20000011011100100
02220011122220100
STEP 33 P2 MOVE 1 5 1 6
OWN
00020002200102200
11121220012222211
10021001110100000
10111222222000000
00100011222000000
00000011202202200
00001111220000100
20022211000000100
20000011011100100
02220011122220100
STEP 34 P1 MOVE 0 5 1 7
OWN
00020111200102200
11121111012222211
10021001110100000
10111222222000000
00100011222000000
00000011202202200
00001111220000100
20022211000000100
20000011011100100
02220011122220100
STEP 35 P2 MOVE 7 2 7 8
OWN
00020111200102200
11121111012222211
10021001110100000
10111222222000000
00100011222000000
00000011202202200
00001111220000100
20222222200000100
20000011011100100
02220011122220100
STEP 36 P1 MOVE 5 8 8 9
OWN
00020111200102200
11121111012222211
10021001110100000
10111222222000000
00100011222000000
00000011112202200
00001111110000100
20222222110000100
20000011111100100
02220011122220100
STEP 37 P2 MOVE 2 10 6 10
OWN
00020111200102200
11121111012222211
10021001112100000
10111222222000000
00100011222000000
00000011112202200
00001111112000100
20222222110000100
20000011111100100
02220011122220100
STEP 38 P1 MOVE 2 6 7 10
OWN
00020111200102200
11121111012222211
10021011111100000
10111211111000000
00100011111000000
00000011111202200
00001111111000100
20222211111000100
20000011111100100
02220011122220100
STEP 39 P2 MOVE 0 4 2 8
OWN
00022222200102200
11122222212222211
10022222211100000
10111211111000000
00100011111000000
00000011111202200
00001111111000100
20222211111000100
20000011111100100
02220011122220100
STEP 40 P1 MOVE -1 -1 -1 -1
OWN
00022222200102200
11122222212222211
10022222211100000
10111211111000000
00100011111000000
00000011111202200
00001111111000100
20222211111000100
20000011111100100
02220011122220100
STEP 41 P2 MOVE 7 1 8 2
OWN
00022222200102200
11122222212222211
10022222211100000
10111211111000000
00100011111000000
00000011111202200
00001111111000100
22222211111000100
22200011111100100
02220011122220100
STEP 42 P1 MOVE 8 0 9 3
OWN
00022222200102200
11122222212222211
10022222211100000
10111211111000000
00100011111000000
00000011111202200
00001111111000100
22222211111000100
11110011111100100
11110011122220100
STEP 43 P2 MOVE -1 -1 -1 -1
OWN
00022222200102200
11122222212222211
10022222211100000
10111211111000000
00100011111000000
00000011111202200
00001111111000100
22222211111000100
11110011111100100
11110011122220100
STEP 44 P1 MOVE -1 -1 -1 -1
OWN
00022222200102200
11122222212222211
10022222211100000
10111211111000000
00100011111000000
00000011111202200
00001111111000100
22222211111000100
11110011111100100
11110011122220100
RESULT first=64 second=39 winner=1
ANALYSIS winner=P1 score=64-39 reason=Ĺ»ĂëżěŔ§(+12Ä­ »©ľŃŔ˝,2ąčČż°ú) steal(w/l)=32/20 neu(w/l)=52/51
