86629138971334856
21697741557315776
79323145737313449
17421668137344222
31854948918216332
74584637533864743
14538535392971484
45978823373411394
67932692747294969
88839432674471644

28982651241762525
87921349853554146
24142118412787793
58341146293291794
72618874357321364
98786459454361832
71721799877464272
48888831177923561
28241891143383887
17793373233872169

14234716581591191
89418552227777599
74799822117477159
87587316157842872
69754152137478994
26568171594139548
61233718125282927
18786466647124763
43891688293829916
36344729519165267

38685695126253923
63524348743613383
38186686338642756
65349691988828364
93899956617553439
76781497679839828
67256438519377155
55428513299837182
17216898437826397
89861354192177471

14523657544636468
41974869597973338
31961432174917364
19842381647981825
74636975153232562
61556293714235379
35891615514793146
93588852245584433
84716217291918224
34249777481467995

28198134696333283
95386113661179561
43996569367928172
87448844194497865
88537249827917572
29925466673425321
63423248145839751
37631148213267124
16147282477114762
62459593322838764

63967612643282357
32625497636397776
52417712696738157
22813764453226558
96365325581948654
69778374548572332
18152245812142486
24195819934975653
94263454533173554
22933542645895728

73854946946417225
69436838681493359
65765572178996571
59932721741375734
31115774332355865
91691525822876959
96536172971527241
82611664332152237
12899589152275121
83946396328644713

19825322789991399
78538277841468263
42319555871829283
39483784448744154
72164944642334694
81564915892291969
87118924298163592
32423886336752887
85542515217543857
14946655569338558

11838682719219819
26862828545383989
66595656352161752
34397912128426559
87185192638374857
43676199372642282
15971247963285345
42258547879563969
22824222921189225
56214489714156638

97757739147765245
45681913434766218
97349682348249417
58751193481296668
92856495741627317
28834934286756634
76575927136911839
61496731421789514
68931568884417896
23566694667511695

91421733396628678
51249638653774221
37717866541766378
81992834648941916
15126545534512997
71193796366198327
97661915619546963
58679723839976845
99323672647342696
77942545448664992

89137993842786149
63439473363342224
94443296124363427
94231132339847819
84653688119927642
92865177548182987
73212914712913132
98291285481747621
42383671457961217
31645458238758599

44365847623169592
46635825355295632
49782963659466261
22313755127493977
11833117997616791
65589658869141956
85798339758862557
57365465573632964
29977588526868274
71549355591446353

77542295923591778
54829419324118414
27347169213516828
89918466459396165
36791429991665953
37933121833988141
16323664247892173
91327229637932831
73233374437459197
72745344314936423

61158919363127368
49318321731673185
35554385394444725
83412979922692175
47976875419552897
42786198342621572
19478743434481149
83921478719482677
92235844461516656
42754181261128839

26628755654964517
78711551632499532
43582861229426642
34528229146562762
74148984796398343
66432481535679238
54543173779941827
11893468841974319
72343554391538887
14353854728179792

58123179982332253
97329956851193859
82988921929353521
35641671718745786
53458777981738384
46818698673579328
11879114455684246
32634362619734499
11775623891362847
96598386287415383

78351433177221622
21391217163914193
76474144384915221
57346961596726584
26127342826588495
57456274429794995
27245535582115371
75717343921649688
18417934822251965
73417613485214112

26894983684457836
23368345685822546
47584173173888699
12581733239524472
42689532587532997
34554255543746174
32454637141897825
71189419627667869
75238583754239322
81334819793435728

57696596188727666
88567553214111582
94427298379651426
67589834138357624
98127637892848314
29282393674795421
39315765938348445
48989789492325597
93933824725269631
13756339638654279

16536231812321736
41433395671195698
46418122934336912
72515669616967439
41493286517488699
75548459128158719
53623594382919571
47315544688618587
83717536916489343
65588721364926116

19464891886428584
97682871471498518
71431523329793828
34988663651462188
58849957884566257
11525457246752954
85228614564626643
37649634857996898
35227341639179258
97463849579683269

51453837448846124
52316663687912832
67963951462833713
12732518843914237
42322357314666951
48688677845126684
92467596724633283
43244533611432849
69186295266225358
47571752385266891

46816558972313672
41344373499137521
27774588844689195
72339456266395313
61394186594532132
64993997596512933
12799179254248489
98456623821421436
63228565597797613
95586437438484862

45643997758947385
46993477916879978
51199345244232751
52297592198625616
54399354521123755
41237435719139694
26196694222697768
61222485257149542
52782623739127194
46297589965216265

66884932265836325
22919664144397698
53451392631429678
55249322442225834
84664889993471267
77246827368293465
49472589878591557
34689154433293223
28733867429336173
85683111471975658

18727614316592294
85853856533926366
92811599563822316
71215841275468341
49962692225657754
15983944345915472
87539733963619721
34463177792113885
55416661475347784
47312598518471129

24434394426634366
62338938839897359
42196889591846163
13517725415552239
92645863968766655
38536725552419119
57486578522672925
64149995463254689
66919897685475522
16415426798498616

74828726723693564
57617828894352141
42817197181667493
86892246386868857
16333328377254512
42344838562497667
56819255918679217
31785786348421841
89236946445842788
78118625256391993

44259525878942774
16878315571695574
44445167198625654
24847171745146715
98512644563157847
79359468381291833
53331532146364749
13159768236464357
73862862282381512
27985937565459697

58696122517246958
46689844916782561
81873663629919487
34712831785698687
45734178376133883
85619798543951277
42376895759584617
31946921745421316
48786279262179692
93157325384663163

94444688119172669
77257976653135841
77639682591171124
57987727637146525
93186459673233255
51125217449645746
95865121811436395
86335263921563582
84832271335862973
56351944967445544

75194818582798745
31494517789655347
99335243891625272
35752243443259452
26372285635944111
97653977552686779
68181685288835778
15146271593763654
87924773451792331
82882558772847335

94295417582156392
87777844599938932
49517632319626986
33532758743774498
23377346871662167
46335565959527232
25217318878854221
44819513711422792
56874863721294446
64157276259562888

14327424437423683
41241155336972145
43312682553831659
52578736426369842
61481641251626723
67133289279131581
77261858132195368
29447248567385962
72133591878775274
49269771651967746

37744895823671763
67589513549144234
88437732413941845
28565415268198373
15581158921476684
24459667986448815
34937481497171517
44681638796784716
89647128249664149
16529973464821593

85736643858671341
45154699214589474
64354463378378128
58388618345863193
98137292653594488
64644832135752659
77943381287563623
22328952278421745
22959162911918876
78432333292123119

11699294178822155
32559635367551681
61866484329241564
22152413199181642
49173636813171277
38873596283693638
69631267277593125
45637656512714664
39819627795676252
84582129849691922

58689693159635719
77377331885388292
71822477682436933
48422295381154988
99195231939876168
41331425353567793
42942477575649821
37559656922496211
17849926322294794
62882996189157512

39629359762474835
89164275939363953
56884497424689562
16752967982217671
51794828321489526
24311719656452343
33869237596569827
75175212477725272
55729926523622928
11587338796867223

62359826574456848
76336616158312257
87752323471541172
37936669972538942
92613798662223112
75447698685969843
36728662287772246
97849761247597521
84934297261885195
75182885419939217

74438891137193166
17898287595352885
97275937158714894
87833879432314817
26524551968453191
95768298568745214
85526745474449516
31278958659633214
34888835684813184
44161347753279971

62239515734274748
23518846234331817
75236143756414743
14453553399498512
26435875116786435
94237787311413116
72381463254463511
61131566331544542
17732617218845132
43264728237995123

22171119451756318
53746667343178317
63233883119632697
81615177749375879
31499124296298359
98278261682327227
87159461845164252
46132576155761137
85123415185949237
76981231965347635

69129598974859494
79689461229728111
91718859528317659
54856983493924589
82929771354291597
42933659288141165
46385339337329729
97472919596743579
53685824343528731
27151378533356987

51787993934474185
86461155632642925
25544821326399471
61199676422647821
51623135187614813
52642243862567358
47492286796155285
89737929669324636
65788978273429383
79441259461984582

22244684647396432
55157911123754937
88842146673491573
53757837418585757
92686311556662458
48422916745255816
65115452979468374
45574665413248744
94679274888552188
68992137888352198

45911529393121727
94557853353378829
85711936395594997
41223349883139883
69436595259517533
53873787844557143
58955928842555189
87868847198476268
82542951842265374
56836664255549158

16991242924531296
63512189142163274
71167848136291647
27579794111774991
27133738934975198
23141236483238675
83564924862844127
29866397219574545
51621729485413584
87391272466326919

47231514792668411
62274397831621586
94726599637694564
69956916926225265
57168871954752941
19448868229613741
67595989662474482
31986484929236816
16594164119251759
27992172197985528

28522545761547722
86727597789543958
54357336786282428
43428692815199231
42188839812483174
48118547919243716
72151651694858219
69453946833655743
77832219864399583
24599689864333918

25253297398546692
37897281869345682
26819216598457917
41364959526539295
55256888235727782
29363367964747346
92711167649751172
26221599321678151
59481967311365626
88371817324726833

65628163621465157
98787139222971332
36636743326723938
72757297336995383
97762832771855936
42186622917239588
43473696533368764
83846592235979466
16528497175897335
98995681747539179

65828917941271458
83779474647434443
35565568226151483
78728389473481513
87178717946748199
24147189641864359
85293571446245199
15616482927826938
48811876671248383
62896168215326282

58773291763642543
32966732771396584
43456229552717935
66172681326656727
13854375255798992
24325264497366122
35357527673398226
35283262772648572
59528696188464213
86273384919226344

24423772244833176
55147894792929358
83976181849368489
85512523524538299
67499474169499761
17862744238466717
25254757443763857
98373958584178339
12526658373842717
67383231276119162

85796869494895431
44465412771825469
84559663435574257
41918156355117699
22913214434388555
31149151954897417
95439875566645288
23746534891258896
87418531885212675
91724566614218635

53791683765121783
64553765918348679
35176762671875552
34366632882917955
64529525124671282
78556473659817551
81114241823127555
64869656843315745
45857185914317287
29763272259866986

39351119319949433
94242893458288927
79429417724132318
32371292946562761
22427183566284894
16722986564489354
41725367122126969
33298472542422181
97555947686935886
78228462845516913

92593444323438133
51981138995534148
17929311477199133
64484358989291999
63557717432147496
62883183752599526
77969554298587889
53648217654154133
11984574526434653
71529851823843928

11795839174732372
97299875766598321
47798397135415634
18386617254465897
78456539578253234
96318349542412396
58135624511111736
97762139274846179
44375779456128492
32376951617722235

28835797867812667
78149917461351569
39465218287738615
84382628834576273
22999445527554435
26384597798633925
18193647321271431
23422693839227625
81297366392895163
16752131267345833

14313829187732612
33439691915477773
23585825118571616
99257227654639778
37992838174318687
48236742324443775
94683851374335365
96817399976775246
41947837497843121
28984178161118829

45559856276986663
92615275442199488
21233671623628194
62859899652631449
88332369741377874
58515376457987781
99859396984387893
96675631217344295
57477978488294434
77469844715349586

29899589229458165
29944362779626546
46376832931515135
93973624224729346
47945783869533821
13322956446768612
14923929687676782
92742114147798671
86687472868534863
53729615668619842

68166138285677896
71429295144552428
59796463787299988
63639529184269862
28259581554477287
48576335534934483
91786667151747316
14268272519533274
94783249889336483
93268977985938261

56713563954789461
49396321359915925
35114271772171933
16717733388919848
11368198918944748
59771996646464182
81832956939466939
49976941869344899
84648598245779588
44524165434162967

11993978733428486
16218528941741638
84814644613169261
86481347675389279
21221647599262972
71824614558846868
94375588494614332
78827429734987321
17257163472282273
51411933951158396

47671813457538338
18545475493738774
11637217837236693
65664843393893367
68154777341111433
63989811996935811
42394798974163988
92983245463392672
75869127836679564
94954535279131676

82174443591373886
86883581314631845
68151829964493376
21957936745615814
34915166714724122
46834517684738719
62761624217218623
97326524547734244
57757681331762571
17163247728654452

82883998874744534
13976595426236844
17115223858242354
54829638711236658
29542843932914786
28399957842326228
27794364631148542
24316848539172959
34286197154261352
37973614573772825

62242342944495876
27847721987268586
43131115654254638
88455364385693714
73933992833255979
44656257244984738
79876337287274431
82998844237297571
85641159813258264
14194377276288857

22341293232488537
14291166499273477
28576938994984328
32572342168217886
31178579566486912
49866171621133288
63769248851245259
91839335446262156
15529956395159527
76316684733991744

67167669175338946
22928828166334326
11561168577639893
93285221345683798
55479428594332292
41469127739546478
73998923947148537
39159778455692467
15256466366491315
41577583478846982

64924136312272521
27383522758619293
86476952934246471
85943778853668539
64828195732116411
63554669945753835
93661472596893282
14271657254186974
45153621838456549
63257749494177391

73738596532241959
87448845268697355
76421237728889316
88175285838195122
43436969753162175
85726761321955587
69181899546156434
39933418113396642
47514358994774585
48847586328343329

63168734558549312
79212564332445498
77886949395578598
54331763173212398
41256513117177244
95876841471728272
82236117799334256
39239349795636614
66489926739758313
11512646147363434

13512149666525767
44911536269751196
19916673684458359
52952846167297973
61523586686775124
76477425484266819
34932975831969691
21891729342176793
29344859387618348
22354214113259655

23122128519637315
89341375466683958
78978567374346239
47321884368758139
72952524679186449
67981793561772751
61573111782441454
24536275865679235
57742227118774749
52157957426364841

31747498751863574
61791576197715491
21221397848443747
16975538645194443
55949686997435824
95842778667377721
64624154285363395
98543449294955217
47821987153811772
33276741939671511

21574775367977814
33775287482856451
67256235582958967
63428494558381453
86743419518354786
63946253547876311
74357384866881173
18686795924999669
28531858477369857
24857658179559189

67869178218825437
46363345952553668
32243327872879396
75475663781147683
87389689745784558
93673271326218916
24445167872196224
38283357883264762
57141942163149166
92538933972149389

27567115371628951
24758642788894528
66859151699864393
94193332717564833
52172199537659153
18867676231146965
81641854244437654
24926128434499513
49188385345463487
89222927471876785

71649775237666172
42633574626836887
82487547218527859
58793224737488891
29396181453657822
19225467368569116
38517776658173515
81785553525117226
35538969422982959
93983313262392361

96484189575349919
58958627749239652
25916796945715739
76483214843488345
31929577639731458
43981523364599278
35882443524179638
24156473614473844
11947926437697485
77943717596158799

86394575324642545
37466416528352127
96935285381798338
95198732858915826
56554616595791188
45223637195955564
58611159181794491
42977122791496213
58485936893974743
83138632146451476

56789466219637492
16299856488386621
13756699456861922
99828265294234184
51222691966415398
56287759841811989
28683545665665911
66578552675739539
13748881574175282
47597458644463632

51173362966575395
29311464679668319
68416423714975739
24427878447426975
51435634645951764
44132435874453978
43336129612588174
59611644573281212
41837628157879524
31723311313853193

66984797978892974
67941587929885795
31559664636311924
93728151657535726
53326958849242122
63884815992822361
79579391943278592
53356919179231112
91221139388555526
96393983537378887

63564117471688369
71246569577649546
39732592111844717
43992548438915763
57369347279751332
71613591996973275
11514946498816666
17154468555191521
82769868771698189
97397329621854892

29973353265676922
74552811452716141
68454384635977773
97531278982719191
59154673549587231
23116884226611525
55774926358152796
69781261329733592
34169837375724851
66957393686843129

74247245887858319
78991196476464749
11184718318735685
92985993137577983
87939225614124913
55383891131344166
65615139764753625
72985474986428989
84754749734737545
79291459478723919

33746581325776899
16445996434224994
99395624283452127
77694926213316516
86135259413396795
58782418735452422
76531313552631552
99386428887953937
37731648192626548
36339665852281154

46335316573779521
21379995611334465
22191446575472632
25445254378792264
46631638868649337
77786848751798185
22946412148433752
47274356328444756
88451574395674231
45554566678871955

37678268795248766
24247239637751967
55235915561228859
53311953598531455
74521237716561184
84633919272742845
58114932912815434
63261138127933885
84421995225225854
98455375511431937

68186562461841637
26373464758137696
37979671249492371
32171133154754769
75341766534751978
52718137872754812
92956412116832191
99166545875924251
16537724145888773
43514484271356637

11953319271987978
32863563174153458
68219164158574937
51332133871942467
56479491211324685
27764938648717194
74736693189366825
92472856845357611
21689427721689486
95513863867417655

49177465262191742
48188152926993576
16633718385462753
56251519756384239
94126724977838521
66115633517522731
71557638856946243
31591234486163568
56237357274141959
71998257586224187

25361354454378295
91345957373438659
18224512945755289
81124634741426831
64875983723485187
37694846614416753
35575153934978612
26473367931764773
43554962844857529
13585433765863853

