BOARD
73854946946417225
69436838681493359
65765572178996571
59932721741375734
31115774332355865
91691525822876959
96536172971527241
82611664332152237
12899589152275121
83946396328644713
STEP 0 P1 MOVE 3 10 8 10
OWN
00000000000000000
00000000000000000
00000000000000000
00000000001000000
00000000001000000
00000000001000000
00000000001000000
00000000001000000
00000000001000000
00000000000000000
STEP 1 P2 MOVE 2 6 2 8
OWN
00000000000000000
00000000000000000
00000022200000000
00000000001000000
00000000001000000
00000000001000000
00000000001000000
00000000001000000
00000000001000000
00000000000000000
STEP 2 P1 MOVE 4 1 7 1
OWN
00000000000000000
00000000000000000
00000022200000000
00000000001000000
01000000001000000
01000000001000000
01000000001000000
01000000001000000
00000000001000000
00000000000000000
STEP 3 P2 MOVE 4 0 4 4
OWN
00000000000000000
00000000000000000
00000022200000000
00000000001000000
22222000001000000
01000000001000000
01000000001000000
01000000001000000
00000000001000000
00000000000000000
STEP 4 P1 MOVE 3 4 7 4
OWN
00000000000000000
00000000000000000
00000022200000000
00001000001000000
22221000001000000
01001000001000000
01001000001000000
01001000001000000
00000000001000000
00000000000000000
STEP 5 P2 MOVE 2 16 4 16
OWN
00000000000000000
00000000000000000
00000022200000002
00001000001000002
22221000001000002
01001000001000000
01001000001000000
01001000001000000
00000000001000000
00000000000000000
STEP 6 P1 MOVE 3 3 3 5
OWN
00000000000000000
00000000000000000
00000022200000002
00011100001000002
22221000001000002
01001000001000000
01001000001000000
01001000001000000
00000000001000000
00000000000000000
STEP 7 P2 MOVE 7 15 7 16
OWN
00000000000000000
00000000000000000
00000022200000002
00011100001000002
22221000001000002
01001000001000000
01001000001000000
01001000001000022
00000000001000000
00000000000000000
STEP 8 P1 MOVE 7 7 7 9
OWN
00000000000000000
00000000000000000
00000022200000002
00011100001000002
22221000001000002
01001000001000000
01001000001000000
01001001111000022
00000000001000000
00000000000000000
STEP 9 P2 MOVE 9 9 9 10
OWN
00000000000000000
00000000000000000
00000022200000002
00011100001000002
22221000001000002
01001000001000000
01001000001000000
01001001111000022
00000000001000000
00000000022000000
STEP 10 P1 MOVE 8 7 8 8
OWN
00000000000000000
00000000000000000
00000022200000002
00011100001000002
22221000001000002
01001000001000000
01001000001000000
01001001111000022
00000001101000000
00000000022000000
STEP 11 P2 MOVE 5 9 5 11
OWN
00000000000000000
00000000000000000
00000022200000002
00011100001000002
22221000001000002
01001000022200000
01001000001000000
01001001111000022
00000001101000000
00000000022000000
STEP 12 P1 MOVE 0 10 0 11
OWN
00000000001100000
00000000000000000
00000022200000002
00011100001000002
22221000001000002
01001000022200000
01001000001000000
01001001111000022
00000001101000000
00000000022000000
STEP 13 P2 MOVE 0 12 1 12
OWN
00000000001120000
00000000000020000
00000022200000002
00011100001000002
22221000001000002
01001000022200000
01001000001000000
01001001111000022
00000001101000000
00000000022000000
STEP 14 P1 MOVE 5 16 6 16
OWN
00000000001120000
00000000000020000
00000022200000002
00011100001000002
22221000001000002
01001000022200001
01001000001000001
01001001111000022
00000001101000000
00000000022000000
STEP 15 P2 MOVE 7 13 8 14
OWN
00000000001120000
00000000000020000
00000022200000002
00011100001000002
22221000001000002
01001000022200001
01001000001000001
01001001111002222
00000001101002200
00000000022000000
STEP 16 P1 MOVE 8 12 8 16
OWN
00000000001120000
00000000000020000
00000022200000002
00011100001000002
22221000001000002
01001000022200001
01001000001000001
01001001111002222
00000001101011111
00000000022000000
STEP 17 P2 MOVE 5 15 9 15
OWN
00000000001120000
00000000000020000
00000022200000002
00011100001000002
22221000001000002
01001000022200021
01001000001000021
01001001111002222
00000001101011121
00000000022000020
STEP 18 P1 MOVE 0 14 2 14
OWN
00000000001120100
00000000000020100
00000022200000102
00011100001000002
22221000001000002
01001000022200021
01001000001000021
01001001111002222
00000001101011121
00000000022000020
STEP 19 P2 MOVE 9 14 9 16
OWN
00000000001120100
00000000000020100
00000022200000102
00011100001000002
22221000001000002
01001000022200021
01001000001000021
01001001111002222
00000001101011121
00000000022000222
STEP 20 P1 MOVE 9 3 9 4
OWN
00000000001120100
00000000000020100
00000022200000102
00011100001000002
22221000001000002
01001000022200021
01001000001000021
01001001111002222
00000001101011121
00011000022000222
STEP 21 P2 MOVE 3 14 3 15
OWN
00000000001120100
00000000000020100
00000022200000102
00011100001000222
22221000001000002
01001000022200021
01001000001000021
01001001111002222
00000001101011121
00011000022000222
STEP 22 P1 MOVE 4 12 4 13
OWN
00000000001120100
00000000000020100
00000022200000102
00011100001000222
22221000001011002
01001000022200021
01001000001000021
01001001111002222
00000001101011121
00011000022000222
STEP 23 P2 MOVE 0 0 0 1
OWN
22000000001120100
00000000000020100
00000022200000102
00011100001000222
22221000001011002
01001000022200021
01001000001000021
01001001111002222
00000001101011121
00011000022000222
STEP 24 P1 MOVE 0 4 1 4
OWN
22001000001120100
00001000000020100
00000022200000102
00011100001000222
22221000001011002
01001000022200021
01001000001000021
01001001111002222
00000001101011121
00011000022000222
STEP 25 P2 MOVE 6 5 6 7
OWN
22001000001120100
00001000000020100
00000022200000102
00011100001000222
22221000001011002
01001000022200021
01001222001000021
01001001111002222
00000001101011121
00011000022000222
STEP 26 P1 MOVE 6 3 7 5
OWN
22001000001120100
00001000000020100
00000022200000102
00011100001000222
22221000001011002
01001000022200021
01011122001000021
01011101111002222
00000001101011121
00011000022000222
STEP 27 P2 MOVE 0 6 0 7
OWN
22001022001120100
00001000000020100
00000022200000102
00011100001000222
22221000001011002
01001000022200021
01011122001000021
01011101111002222
00000001101011121
00011000022000222
STEP 28 P1 MOVE 2 4 2 5
OWN
22001022001120100
00001000000020100
00001122200000102
00011100001000222
22221000001011002
01001000022200021
01011122001000021
01011101111002222
00000001101011121
00011000022000222
STEP 29 P2 MOVE 9 11 9 12
OWN
22001022001120100
00001000000020100
00001122200000102
00011100001000222
22221000001011002
01001000022200021
01011122001000021
01011101111002222
00000001101011121
00011000022220222
STEP 30 P1 MOVE 3 7 5 7
OWN
22001022001120100
00001000000020100
00001122200000102
00011101001000222
22221001001011002
01001001022200021
01011122001000021
01011101111002222
00000001101011121
00011000022220222
STEP 31 P2 MOVE 5 6 5 8
OWN
22001022001120100
00001000000020100
00001122200000102
00011101001000222
22221001001011002
01001022222200021
01011122001000021
01011101111002222
00000001101011121
00011000022220222
STEP 32 P1 MOVE 4 9 6 9
OWN
22001022001120100
00001000000020100
00001122200000102
00011101001000222
22221001011011002
01001022212200021
01011122011000021
01011101111002222
00000001101011121
00011000022220222
STEP 33 P2 MOVE 3 11 3 12
OWN
22001022001120100
00001000000020100
00001122200000102
00011101001220222
22221001011011002
01001022212200021
01011122011000021
01011101111002222
00000001101011121
00011000022220222
STEP 34 P1 MOVE 3 8 4 8
OWN
22001022001120100
00001000000020100
00001122200000102
00011101101220222
22221001111011002
01001022212200021
01011122011000021
01011101111002222
00000001101011121
00011000022220222
STEP 35 P2 MOVE 5 5 8 5
OWN
22001022001120100
00001000000020100
00001122200000102
00011101101220222
22221001111011002
01001222212200021
01011222011000021
01011201111002222
00000201101011121
00011000022220222
STEP 36 P1 MOVE 4 5 9 5
OWN
22001022001120100
00001000000020100
00001122200000102
00011101101220222
22221101111011002
01001122212200021
01011122011000021
01011101111002222
00000101101011121
00011100022220222
STEP 37 P2 MOVE 8 8 9 11
OWN
22001022001120100
00001000000020100
00001122200000102
00011101101220222
22221101111011002
01001122212200021
01011122011000021
01011101111002222
00000101222211121
00011100222220222
STEP 38 P1 MOVE 9 7 9 13
OWN
22001022001120100
00001000000020100
00001122200000102
00011101101220222
22221101111011002
01001122212200021
01011122011000021
01011101111002222
00000101222211121
00011101111111222
STEP 39 P2 MOVE 4 6 4 11
OWN
22001022001120100
00001000000020100
00001122200000102
00011101101220222
22221122222211002
01001122212200021
01011122011000021
01011101111002222
00000101222211121
00011101111111222
STEP 40 P1 MOVE 3 9 7 11
OWN
22001022001120100
00001000000020100
00001122200000102
00011101111120222
22221122211111002
01001122211100021
01011122011100021
01011101111102222
00000101222211121
00011101111111222
STEP 41 P2 MOVE -1 -1 -1 -1
OWN
22001022001120100
00001000000020100
00001122200000102
00011101111120222
22221122211111002
01001122211100021
01011122011100021
01011101111102222
00000101222211121
00011101111111222
STEP 42 P1 MOVE -1 -1 -1 -1
OWN
22001022001120100
00001000000020100
00001122200000102
00011101111120222
22221122211111002
01001122211100021
01011122011100021
01011101111102222
00000101222211121
00011101111111222
RESULT first=64 second=41 winner=1
ANALYSIS winner=P1 score=64-41 reason=Ĺ»ĂëżěŔ§(+8Ä­ »©ľŃŔ˝,2ąčČż°ú) / şóÄ­Ľ±Áˇ(+7) steal(w/l)=20/12 neu(w/l)=56/49
