BOARD
62239515734274748
23518846234331817
75236143756414743
14453553399498512
26435875116786435
94237787311413116
72381463254463511
61131566331544542
17732617218845132
43264728237995123
STEP 0 P1 MOVE 5 9 5 13
OWN
00000000000000000
00000000000000000
00000000000000000
00000000000000000
00000000000000000
00000000011111000
00000000000000000
00000000000000000
00000000000000000
00000000000000000
STEP 1 P2 MOVE 1 15 5 15
OWN
00000000000000000
00000000000000020
00000000000000020
00000000000000020
00000000000000020
00000000011111020
00000000000000000
00000000000000000
00000000000000000
00000000000000000
STEP 2 P1 MOVE 5 8 6 9
OWN
00000000000000000
00000000000000020
00000000000000020
00000000000000020
00000000000000020
00000000111111020
00000000110000000
00000000000000000
00000000000000000
00000000000000000
STEP 3 P2 MOVE 8 15 9 16
OWN
00000000000000000
00000000000000020
00000000000000020
00000000000000020
00000000000000020
00000000111111020
00000000110000000
00000000000000000
00000000000000022
00000000000000022
STEP 4 P1 MOVE 2 1 2 3
OWN
00000000000000000
00000000000000020
01110000000000020
00000000000000020
00000000000000020
00000000111111020
00000000110000000
00000000000000000
00000000000000022
00000000000000022
STEP 5 P2 MOVE 5 13 6 15
OWN
00000000000000000
00000000000000020
01110000000000020
00000000000000020
00000000000000020
00000000111112220
00000000110002220
00000000000000000
00000000000000022
00000000000000022
STEP 6 P1 MOVE 4 13 7 13
OWN
00000000000000000
00000000000000020
01110000000000020
00000000000000020
00000000000001020
00000000111111220
00000000110001220
00000000000001000
00000000000000022
00000000000000022
STEP 7 P2 MOVE 2 0 4 0
OWN
00000000000000000
00000000000000020
21110000000000020
20000000000000020
20000000000001020
00000000111111220
00000000110001220
00000000000001000
00000000000000022
00000000000000022
STEP 8 P1 MOVE 8 6 8 8
OWN
00000000000000000
00000000000000020
21110000000000020
20000000000000020
20000000000001020
00000000111111220
00000000110001220
00000000000001000
00000011100000022
00000000000000022
STEP 9 P2 MOVE 2 14 2 16
OWN
00000000000000000
00000000000000020
21110000000000222
20000000000000020
20000000000001020
00000000111111220
00000000110001220
00000000000001000
00000011100000022
00000000000000022
STEP 10 P1 MOVE 6 11 6 12
OWN
00000000000000000
00000000000000020
21110000000000222
20000000000000020
20000000000001020
00000000111111220
00000000110111220
00000000000001000
00000011100000022
00000000000000022
STEP 11 P2 MOVE 6 5 6 6
OWN
00000000000000000
00000000000000020
21110000000000222
20000000000000020
20000000000001020
00000000111111220
00000220110111220
00000000000001000
00000011100000022
00000000000000022
STEP 12 P1 MOVE 5 7 6 7
OWN
00000000000000000
00000000000000020
21110000000000222
20000000000000020
20000000000001020
00000001111111220
00000221110111220
00000000000001000
00000011100000022
00000000000000022
STEP 13 P2 MOVE 7 2 7 5
OWN
00000000000000000
00000000000000020
21110000000000222
20000000000000020
20000000000001020
00000001111111220
00000221110111220
00222200000001000
00000011100000022
00000000000000022
STEP 14 P1 MOVE 0 0 0 2
OWN
11100000000000000
00000000000000020
21110000000000222
20000000000000020
20000000000001020
00000001111111220
00000221110111220
00222200000001000
00000011100000022
00000000000000022
STEP 15 P2 MOVE 9 6 9 7
OWN
11100000000000000
00000000000000020
21110000000000222
20000000000000020
20000000000001020
00000001111111220
00000221110111220
00222200000001000
00000011100000022
00000022000000022
STEP 16 P1 MOVE 6 2 8 2
OWN
11100000000000000
00000000000000020
21110000000000222
20000000000000020
20000000000001020
00000001111111220
00100221110111220
00122200000001000
00100011100000022
00000022000000022
STEP 17 P2 MOVE 3 2 5 2
OWN
11100000000000000
00000000000000020
21110000000000222
20200000000000020
20200000000001020
00200001111111220
00100221110111220
00122200000001000
00100011100000022
00000022000000022
STEP 18 P1 MOVE 6 1 6 3
OWN
11100000000000000
00000000000000020
21110000000000222
20200000000000020
20200000000001020
00200001111111220
01110221110111220
00122200000001000
00100011100000022
00000022000000022
STEP 19 P2 MOVE 5 3 5 4
OWN
11100000000000000
00000000000000020
21110000000000222
20200000000000020
20200000000001020
00222001111111220
01110221110111220
00122200000001000
00100011100000022
00000022000000022
STEP 20 P1 MOVE 3 1 4 1
OWN
11100000000000000
00000000000000020
21110000000000222
21200000000000020
21200000000001020
00222001111111220
01110221110111220
00122200000001000
00100011100000022
00000022000000022
STEP 21 P2 MOVE 1 0 1 2
OWN
11100000000000000
22200000000000020
21110000000000222
21200000000000020
21200000000001020
00222001111111220
01110221110111220
00122200000001000
00100011100000022
00000022000000022
STEP 22 P1 MOVE 2 12 3 12
OWN
11100000000000000
22200000000000020
21110000000010222
21200000000010020
21200000000001020
00222001111111220
01110221110111220
00122200000001000
00100011100000022
00000022000000022
STEP 23 P2 MOVE 6 10 7 11
OWN
11100000000000000
22200000000000020
21110000000010222
21200000000010020
21200000000001020
00222001111111220
01110221112211220
00122200002201000
00100011100000022
00000022000000022
STEP 24 P1 MOVE 7 8 7 12
OWN
11100000000000000
22200000000000020
21110000000010222
21200000000010020
21200000000001020
00222001111111220
01110221112211220
00122200111111000
00100011100000022
00000022000000022
STEP 25 P2 MOVE 8 1 9 1
OWN
11100000000000000
22200000000000020
21110000000010222
21200000000010020
21200000000001020
00222001111111220
01110221112211220
00122200111111000
02100011100000022
02000022000000022
STEP 26 P1 MOVE 9 9 9 10
OWN
11100000000000000
22200000000000020
21110000000010222
21200000000010020
21200000000001020
00222001111111220
01110221112211220
00122200111111000
02100011100000022
02000022011000022
STEP 27 P2 MOVE 8 13 9 13
OWN
11100000000000000
22200000000000020
21110000000010222
21200000000010020
21200000000001020
00222001111111220
01110221112211220
00122200111111000
02100011100002022
02000022011002022
STEP 28 P1 MOVE 3 9 4 9
OWN
11100000000000000
22200000000000020
21110000000010222
21200000010010020
21200000010001020
00222001111111220
01110221112211220
00122200111111000
02100011100002022
02000022011002022
STEP 29 P2 MOVE 7 12 8 14
OWN
11100000000000000
22200000000000020
21110000000010222
21200000010010020
21200000010001020
00222001111111220
01110221112211220
00122200111122200
02100011100022222
02000022011002022
STEP 30 P1 MOVE 3 14 9 14
OWN
11100000000000000
22200000000000020
21110000000010222
21200000010010120
21200000010001120
00222001111111120
01110221112211120
00122200111122100
02100011100022122
02000022011002122
STEP 31 P2 MOVE 3 13 3 16
OWN
11100000000000000
22200000000000020
21110000000010222
21200000010012222
21200000010001120
00222001111111120
01110221112211120
00122200111122100
02100011100022122
02000022011002122
STEP 32 P1 MOVE 3 5 3 6
OWN
11100000000000000
22200000000000020
21110000000010222
21200110010012222
21200000010001120
00222001111111120
01110221112211120
00122200111122100
02100011100022122
02000022011002122
STEP 33 P2 MOVE 2 4 3 5
OWN
11100000000000000
22200000000000020
21112200000010222
21202210010012222
21200000010001120
00222001111111120
01110221112211120
00122200111122100
02100011100022122
02000022011002122
STEP 34 P1 MOVE 1 10 1 12
OWN
11100000000000000
22200000001110020
21112200000010222
21202210010012222
21200000010001120
00222001111111120
01110221112211120
00122200111122100
02100011100022122
02000022011002122
STEP 35 P2 MOVE 0 9 1 10
OWN
11100000022000000
22200000022110020
21112200000010222
21202210010012222
21200000010001120
00222001111111120
01110221112211120
00122200111122100
02100011100022122
02000022011002122
STEP 36 P1 MOVE 0 11 3 11
OWN
11100000022100000
22200000022110020
21112200000110222
21202210010112222
21200000010001120
00222001111111120
01110221112211120
00122200111122100
02100011100022122
02000022011002122
STEP 37 P2 MOVE 2 10 2 13
OWN
11100000022100000
22200000022110020
21112200002222222
21202210010112222
21200000010001120
00222001111111120
01110221112211120
00122200111122100
02100011100022122
02000022011002122
STEP 38 P1 MOVE 1 10 3 13
OWN
11100000022100000
22200000021111020
21112200001111222
21202210011111222
21200000010001120
00222001111111120
01110221112211120
00122200111122100
02100011100022122
02000022011002122
STEP 39 P2 MOVE 1 8 1 14
OWN
11100000022100000
22200000222222220
21112200001111222
21202210011111222
21200000010001120
00222001111111120
01110221112211120
00122200111122100
02100011100022122
02000022011002122
STEP 40 P1 MOVE 1 6 1 7
OWN
11100000022100000
22200011222222220
21112200001111222
21202210011111222
21200000010001120
00222001111111120
01110221112211120
00122200111122100
02100011100022122
02000022011002122
STEP 41 P2 MOVE 3 8 4 10
OWN
11100000022100000
22200011222222220
21112200001111222
21202210222111222
21200000222001120
00222001111111120
01110221112211120
00122200111122100
02100011100022122
02000022011002122
STEP 42 P1 MOVE 2 7 2 8
OWN
11100000022100000
22200011222222220
21112201101111222
21202210222111222
21200000222001120
00222001111111120
01110221112211120
00122200111122100
02100011100022122
02000022011002122
STEP 43 P2 MOVE 0 6 2 7
OWN
11100022022100000
22200022222222220
21112222101111222
21202210222111222
21200000222001120
00222001111111120
01110221112211120
00122200111122100
02100011100022122
02000022011002122
STEP 44 P1 MOVE 9 3 9 4
OWN
11100022022100000
22200022222222220
21112222101111222
21202210222111222
21200000222001120
00222001111111120
01110221112211120
00122200111122100
02100011100022122
02011022011002122
STEP 45 P2 MOVE 5 1 9 3
OWN
11100022022100000
22200022222222220
21112222101111222
21202210222111222
21200000222001120
02222001111111120
02220221112211120
02222200111122100
02220011100022122
02221022011002122
STEP 46 P1 MOVE 0 7 3 8
OWN
11100021122100000
22200021122222220
21112221101111222
21202211122111222
21200000222001120
02222001111111120
02220221112211120
02222200111122100
02220011100022122
02221022011002122
STEP 47 P2 MOVE 2 3 3 9
OWN
11100021122100000
22200021122222220
21122222221111222
21222222222111222
21200000222001120
02222001111111120
02220221112211120
02222200111122100
02220011100022122
02221022011002122
STEP 48 P1 MOVE 8 0 8 9
OWN
11100021122100000
22200021122222220
21122222221111222
21222222222111222
21200000222001120
02222001111111120
02220221112211120
02222200111122100
11111111110022122
02221022011002122
STEP 49 P2 MOVE 8 8 9 10
OWN
11100021122100000
22200021122222220
21122222221111222
21222222222111222
21200000222001120
02222001111111120
02220221112211120
02222200111122100
11111111222022122
02221022222002122
STEP 50 P1 MOVE 7 0 9 0
OWN
11100021122100000
22200021122222220
21122222221111222
21222222222111222
21200000222001120
02222001111111120
02220221112211120
12222200111122100
11111111222022122
12221022222002122
STEP 51 P2 MOVE -1 -1 -1 -1
OWN
11100021122100000
22200021122222220
21122222221111222
21222222222111222
21200000222001120
02222001111111120
02220221112211120
12222200111122100
11111111222022122
12221022222002122
STEP 52 P1 MOVE -1 -1 -1 -1
OWN
11100021122100000
22200021122222220
21122222221111222
21222222222111222
21200000222001120
02222001111111120
02220221112211120
12222200111122100
11111111222022122
12221022222002122
RESULT first=53 second=82 winner=2
ANALYSIS winner=P2 score=53-82 reason=Ĺ»ĂëżěŔ§(+12Ä­ »©ľŃŔ˝,2ąčČż°ú) / şóÄ­Ľ±Áˇ(+5) / żŞŔü˝Â steal(w/l)=35/23 neu(w/l)=70/65
