BOARD
77542295923591778
54829419324118414
27347169213516828
89918466459396165
36791429991665953
37933121833988141
16323664247892173
91327229637932831
73233374437459197
72745344314936423
STEP 0 P1 MOVE 1 9 2 10
OWN
00000000000000000
00000000011000000
00000000011000000
00000000000000000
00000000000000000
00000000000000000
00000000000000000
00000000000000000
00000000000000000
00000000000000000
STEP 1 P2 MOVE 5 3 5 7
OWN
00000000000000000
00000000011000000
00000000011000000
00000000000000000
00000000000000000
00022222000000000
00000000000000000
00000000000000000
00000000000000000
00000000000000000
STEP 2 P1 MOVE 0 15 2 15
OWN
00000000000000010
00000000011000010
00000000011000010
00000000000000000
00000000000000000
00022222000000000
00000000000000000
00000000000000000
00000000000000000
00000000000000000
STEP 3 P2 MOVE 4 6 7 6
OWN
00000000000000010
00000000011000010
00000000011000010
00000000000000000
00000020000000000
00022222000000000
00000020000000000
00000020000000000
00000000000000000
00000000000000000
STEP 4 P1 MOVE 0 12 1 12
OWN
00000000000010010
00000000011010010
00000000011000010
00000000000000000
00000020000000000
00022222000000000
00000020000000000
00000020000000000
00000000000000000
00000000000000000
STEP 5 P2 MOVE 6 1 8 1
OWN
00000000000010010
00000000011010010
00000000011000010
00000000000000000
00000020000000000
00022222000000000
02000020000000000
02000020000000000
02000000000000000
00000000000000000
STEP 6 P1 MOVE 0 3 2 3
OWN
00010000000010010
00010000011010010
00010000011000010
00000000000000000
00000020000000000
00022222000000000
02000020000000000
02000020000000000
02000000000000000
00000000000000000
STEP 7 P2 MOVE 8 9 8 10
OWN
00010000000010010
00010000011010010
00010000011000010
00000000000000000
00000020000000000
00022222000000000
02000020000000000
02000020000000000
02000000022000000
00000000000000000
STEP 8 P1 MOVE 3 3 4 3
OWN
00010000000010010
00010000011010010
00010000011000010
00010000000000000
00010020000000000
00022222000000000
02000020000000000
02000020000000000
02000000022000000
00000000000000000
STEP 9 P2 MOVE 6 7 6 9
OWN
00010000000010010
00010000011010010
00010000011000010
00010000000000000
00010020000000000
00022222000000000
02000022220000000
02000020000000000
02000000022000000
00000000000000000
STEP 10 P1 MOVE 6 14 8 14
OWN
00010000000010010
00010000011010010
00010000011000010
00010000000000000
00010020000000000
00022222000000000
02000022220000100
02000020000000100
02000000022000100
00000000000000000
STEP 11 P2 MOVE 3 7 3 8
OWN
00010000000010010
00010000011010010
00010000011000010
00010002200000000
00010020000000000
00022222000000000
02000022220000100
02000020000000100
02000000022000100
00000000000000000
STEP 12 P1 MOVE 0 6 1 6
OWN
00010010000010010
00010010011010010
00010000011000010
00010002200000000
00010020000000000
00022222000000000
02000022220000100
02000020000000100
02000000022000100
00000000000000000
STEP 13 P2 MOVE 3 10 4 10
OWN
00010010000010010
00010010011010010
00010000011000010
00010002202000000
00010020002000000
00022222000000000
02000022220000100
02000020000000100
02000000022000100
00000000000000000
STEP 14 P1 MOVE 0 9 3 10
OWN
00010010011010010
00010010011010010
00010000011000010
00010002211000000
00010020002000000
00022222000000000
02000022220000100
02000020000000100
02000000022000100
00000000000000000
STEP 15 P2 MOVE 2 0 3 0
OWN
00010010011010010
00010010011010010
20010000011000010
20010002211000000
00010020002000000
00022222000000000
02000022220000100
02000020000000100
02000000022000100
00000000000000000
STEP 16 P1 MOVE 2 1 2 2
OWN
00010010011010010
00010010011010010
21110000011000010
20010002211000000
00010020002000000
00022222000000000
02000022220000100
02000020000000100
02000000022000100
00000000000000000
STEP 17 P2 MOVE 2 8 3 11
OWN
00010010011010010
00010010011010010
21110000222200010
20010002222200000
00010020002000000
00022222000000000
02000022220000100
02000020000000100
02000000022000100
00000000000000000
STEP 18 P1 MOVE 2 7 2 12
OWN
00010010011010010
00010010011010010
21110001111110010
20010002222200000
00010020002000000
00022222000000000
02000022220000100
02000020000000100
02000000022000100
00000000000000000
STEP 19 P2 MOVE 1 11 3 12
OWN
00010010011010010
00010010011220010
21110001111220010
20010002222220000
00010020002000000
00022222000000000
02000022220000100
02000020000000100
02000000022000100
00000000000000000
STEP 20 P1 MOVE 8 5 8 6
OWN
00010010011010010
00010010011220010
21110001111220010
20010002222220000
00010020002000000
00022222000000000
02000022220000100
02000020000000100
02000110022000100
00000000000000000
STEP 21 P2 MOVE 5 13 6 13
OWN
00010010011010010
00010010011220010
21110001111220010
20010002222220000
00010020002000000
00022222000002000
02000022220002100
02000020000000100
02000110022000100
00000000000000000
STEP 22 P1 MOVE 6 2 7 3
OWN
00010010011010010
00010010011220010
21110001111220010
20010002222220000
00010020002000000
00022222000002000
02110022220002100
02110020000000100
02000110022000100
00000000000000000
STEP 23 P2 MOVE 6 0 6 5
OWN
00010010011010010
00010010011220010
21110001111220010
20010002222220000
00010020002000000
00022222000002000
22222222220002100
02110020000000100
02000110022000100
00000000000000000
STEP 24 P1 MOVE 5 0 5 1
OWN
00010010011010010
00010010011220010
21110001111220010
20010002222220000
00010020002000000
11022222000002000
22222222220002100
02110020000000100
02000110022000100
00000000000000000
STEP 25 P2 MOVE 3 5 3 6
OWN
00010010011010010
00010010011220010
21110001111220010
20010222222220000
00010020002000000
11022222000002000
22222222220002100
02110020000000100
02000110022000100
00000000000000000
STEP 26 P1 MOVE 2 6 9 6
OWN
00010010011010010
00010010011220010
21110011111220010
20010212222220000
00010010002000000
11022212000002000
22222212220002100
02110010000000100
02000110022000100
00000010000000000
STEP 27 P2 MOVE 2 5 9 5
OWN
00010010011010010
00010010011220010
21110211111220010
20010212222220000
00010210002000000
11022212000002000
22222212220002100
02110210000000100
02000210022000100
00000210000000000
STEP 28 P1 MOVE 4 4 4 7
OWN
00010010011010010
00010010011220010
21110211111220010
20010212222220000
00011111002000000
11022212000002000
22222212220002100
02110210000000100
02000210022000100
00000210000000000
STEP 29 P2 MOVE 7 4 8 4
OWN
00010010011010010
00010010011220010
21110211111220010
20010212222220000
00011111002000000
11022212000002000
22222212220002100
02112210000000100
02002210022000100
00000210000000000
STEP 30 P1 MOVE 8 16 9 16
OWN
00010010011010010
00010010011220010
21110211111220010
20010212222220000
00011111002000000
11022212000002000
22222212220002100
02112210000000100
02002210022000101
00000210000000001
STEP 31 P2 MOVE 5 10 6 10
OWN
00010010011010010
00010010011220010
21110211111220010
20010212222220000
00011111002000000
11022212002002000
22222212222002100
02112210000000100
02002210022000101
00000210000000001
STEP 32 P1 MOVE 7 8 8 8
OWN
00010010011010010
00010010011220010
21110211111220010
20010212222220000
00011111002000000
11022212002002000
22222212222002100
02112210100000100
02002210122000101
00000210000000001
STEP 33 P2 MOVE 7 9 7 10
OWN
00010010011010010
00010010011220010
21110211111220010
20010212222220000
00011111002000000
11022212002002000
22222212222002100
02112210122000100
02002210122000101
00000210000000001
STEP 34 P1 MOVE 9 13 9 14
OWN
00010010011010010
00010010011220010
21110211111220010
20010212222220000
00011111002000000
11022212002002000
22222212222002100
02112210122000100
02002210122000101
00000210000001101
STEP 35 P2 MOVE 4 14 5 14
OWN
00010010011010010
00010010011220010
21110211111220010
20010212222220000
00011111002000200
11022212002002200
22222212222002100
02112210122000100
02002210122000101
00000210000001101
STEP 36 P1 MOVE 4 13 4 15
OWN
00010010011010010
00010010011220010
21110211111220010
20010212222220000
00011111002001110
11022212002002200
22222212222002100
02112210122000100
02002210122000101
00000210000001101
STEP 37 P2 MOVE 3 15 5 15
OWN
00010010011010010
00010010011220010
21110211111220010
20010212222220020
00011111002001120
11022212002002220
22222212222002100
02112210122000100
02002210122000101
00000210000001101
STEP 38 P1 MOVE 3 14 5 16
OWN
00010010011010010
00010010011220010
21110211111220010
20010212222220111
00011111002001111
11022212002002111
22222212222002100
02112210122000100
02002210122000101
00000210000001101
STEP 39 P2 MOVE 6 15 6 16
OWN
00010010011010010
00010010011220010
21110211111220010
20010212222220111
00011111002001111
11022212002002111
22222212222002122
02112210122000100
02002210122000101
00000210000001101
STEP 40 P1 MOVE -1 -1 -1 -1
OWN
00010010011010010
00010010011220010
21110211111220010
20010212222220111
00011111002001111
11022212002002111
22222212222002122
02112210122000100
02002210122000101
00000210000001101
STEP 41 P2 MOVE -1 -1 -1 -1
OWN
00010010011010010
00010010011220010
21110211111220010
20010212222220111
00011111002001111
11022212002002111
22222212222002122
02112210122000100
02002210122000101
00000210000001101
RESULT first=55 second=45 winner=1
ANALYSIS winner=P1 score=55-45 reason=Ĺ»ĂëżěŔ§(+5Ä­ »©ľŃŔ˝,2ąčČż°ú) / żŞŔü˝Â steal(w/l)=16/11 neu(w/l)=50/50
