BOARD
18727614316592294
85853856533926366
92811599563822316
71215841275468341
49962692225657754
15983944345915472
87539733963619721
34463177792113885
55416661475347784
47312598518471129
STEP 0 P1 MOVE 3 7 6 7
OWN
00000000000000000
00000000000000000
00000000000000000
00000001000000000
00000001000000000
00000001000000000
00000001000000000
00000000000000000
00000000000000000
00000000000000000
STEP 1 P2 MOVE 5 12 5 14
OWN
00000000000000000
00000000000000000
00000000000000000
00000001000000000
00000001000000000
00000001000022200
00000001000000000
00000000000000000
00000000000000000
00000000000000000
STEP 2 P1 MOVE 0 4 1 4
OWN
00001000000000000
00001000000000000
00000000000000000
00000001000000000
00000001000000000
00000001000022200
00000001000000000
00000000000000000
00000000000000000
00000000000000000
STEP 3 P2 MOVE 0 9 2 9
OWN
00001000020000000
00001000020000000
00000000020000000
00000001000000000
00000001000000000
00000001000022200
00000001000000000
00000000000000000
00000000000000000
00000000000000000
STEP 4 P1 MOVE 6 14 6 16
OWN
00001000020000000
00001000020000000
00000000020000000
00000001000000000
00000001000000000
00000001000022200
00000001000000111
00000000000000000
00000000000000000
00000000000000000
STEP 5 P2 MOVE 2 15 4 15
OWN
00001000020000000
00001000020000000
00000000020000020
00000001000000020
00000001000000020
00000001000022200
00000001000000111
00000000000000000
00000000000000000
00000000000000000
STEP 6 P1 MOVE 2 2 3 2
OWN
00001000020000000
00001000020000000
00100000020000020
00100001000000020
00000001000000020
00000001000022200
00000001000000111
00000000000000000
00000000000000000
00000000000000000
STEP 7 P2 MOVE 8 1 8 3
OWN
00001000020000000
00001000020000000
00100000020000020
00100001000000020
00000001000000020
00000001000022200
00000001000000111
00000000000000000
02220000000000000
00000000000000000
STEP 8 P1 MOVE 6 11 8 11
OWN
00001000020000000
00001000020000000
00100000020000020
00100001000000020
00000001000000020
00000001000022200
00000001000100111
00000000000100000
02220000000100000
00000000000000000
STEP 9 P2 MOVE 6 10 8 10
OWN
00001000020000000
00001000020000000
00100000020000020
00100001000000020
00000001000000020
00000001000022200
00000001002100111
00000000002100000
02220000002100000
00000000000000000
STEP 10 P1 MOVE 0 16 1 16
OWN
00001000020000001
00001000020000001
00100000020000020
00100001000000020
00000001000000020
00000001000022200
00000001002100111
00000000002100000
02220000002100000
00000000000000000
STEP 11 P2 MOVE 4 10 5 10
OWN
00001000020000001
00001000020000001
00100000020000020
00100001000000020
00000001002000020
00000001002022200
00000001002100111
00000000002100000
02220000002100000
00000000000000000
STEP 12 P1 MOVE 7 3 7 5
OWN
00001000020000001
00001000020000001
00100000020000020
00100001000000020
00000001002000020
00000001002022200
00000001002100111
00011100002100000
02220000002100000
00000000000000000
STEP 13 P2 MOVE 6 5 6 6
OWN
00001000020000001
00001000020000001
00100000020000020
00100001000000020
00000001002000020
00000001002022200
00000221002100111
00011100002100000
02220000002100000
00000000000000000
STEP 14 P1 MOVE 5 9 6 9
OWN
00001000020000001
00001000020000001
00100000020000020
00100001000000020
00000001002000020
00000001012022200
00000221012100111
00011100002100000
02220000002100000
00000000000000000
STEP 15 P2 MOVE 3 11 4 11
OWN
00001000020000001
00001000020000001
00100000020000020
00100001000200020
00000001002200020
00000001012022200
00000221012100111
00011100002100000
02220000002100000
00000000000000000
STEP 16 P1 MOVE 2 13 3 13
OWN
00001000020000001
00001000020000001
00100000020001020
00100001000201020
00000001002200020
00000001012022200
00000221012100111
00011100002100000
02220000002100000
00000000000000000
STEP 17 P2 MOVE 2 11 2 12
OWN
00001000020000001
00001000020000001
00100000020221020
00100001000201020
00000001002200020
00000001012022200
00000221012100111
00011100002100000
02220000002100000
00000000000000000
STEP 18 P1 MOVE 3 12 3 16
OWN
00001000020000001
00001000020000001
00100000020221020
00100001000211111
00000001002200020
00000001012022200
00000221012100111
00011100002100000
02220000002100000
00000000000000000
STEP 19 P2 MOVE 2 14 4 14
OWN
00001000020000001
00001000020000001
00100000020221220
00100001000211211
00000001002200220
00000001012022200
00000221012100111
00011100002100000
02220000002100000
00000000000000000
STEP 20 P1 MOVE 2 16 4 16
OWN
00001000020000001
00001000020000001
00100000020221221
00100001000211211
00000001002200221
00000001012022200
00000221012100111
00011100002100000
02220000002100000
00000000000000000
STEP 21 P2 MOVE 7 13 8 13
OWN
00001000020000001
00001000020000001
00100000020221221
00100001000211211
00000001002200221
00000001012022200
00000221012100111
00011100002102000
02220000002102000
00000000000000000
STEP 22 P1 MOVE 5 11 6 12
OWN
00001000020000001
00001000020000001
00100000020221221
00100001000211211
00000001002200221
00000001012112200
00000221012110111
00011100002102000
02220000002102000
00000000000000000
STEP 23 P2 MOVE 5 8 5 15
OWN
00001000020000001
00001000020000001
00100000020221221
00100001000211211
00000001002200221
00000001222222220
00000221012110111
00011100002102000
02220000002102000
00000000000000000
STEP 24 P1 MOVE 4 12 8 12
OWN
00001000020000001
00001000020000001
00100000020221221
00100001000211211
00000001002210221
00000001222212220
00000221012110111
00011100002112000
02220000002112000
00000000000000000
STEP 25 P2 MOVE 1 8 2 8
OWN
00001000020000001
00001000220000001
00100000220221221
00100001000211211
00000001002210221
00000001222212220
00000221012110111
00011100002112000
02220000002112000
00000000000000000
STEP 26 P1 MOVE 9 1 9 2
OWN
00001000020000001
00001000220000001
00100000220221221
00100001000211211
00000001002210221
00000001222212220
00000221012110111
00011100002112000
02220000002112000
01100000000000000
STEP 27 P2 MOVE 8 0 9 3
OWN
00001000020000001
00001000220000001
00100000220221221
00100001000211211
00000001002210221
00000001222212220
00000221012110111
00011100002112000
22220000002112000
22220000000000000
STEP 28 P1 MOVE 7 2 8 4
OWN
00001000020000001
00001000220000001
00100000220221221
00100001000211211
00000001002210221
00000001222212220
00000221012110111
00111100002112000
22111000002112000
22220000000000000
STEP 29 P2 MOVE 3 1 4 1
OWN
00001000020000001
00001000220000001
00100000220221221
02100001000211211
02000001002210221
00000001222212220
00000221012110111
00111100002112000
22111000002112000
22220000000000000
STEP 30 P1 MOVE 2 1 3 4
OWN
00001000020000001
00001000220000001
01111000220221221
01111001000211211
02000001002210221
00000001222212220
00000221012110111
00111100002112000
22111000002112000
22220000000000000
STEP 31 P2 MOVE 1 1 5 1
OWN
00001000020000001
02001000220000001
02111000220221221
02111001000211211
02000001002210221
02000001222212220
00000221012110111
00111100002112000
22111000002112000
22220000000000000
STEP 32 P1 MOVE 6 13 9 13
OWN
00001000020000001
02001000220000001
02111000220221221
02111001000211211
02000001002210221
02000001222212220
00000221012111111
00111100002111000
22111000002111000
22220000000001000
STEP 33 P2 MOVE 8 15 9 15
OWN
00001000020000001
02001000220000001
02111000220221221
02111001000211211
02000001002210221
02000001222212220
00000221012111111
00111100002111000
22111000002111020
22220000000001020
STEP 34 P1 MOVE 5 0 5 2
OWN
00001000020000001
02001000220000001
02111000220221221
02111001000211211
02000001002210221
11100001222212220
00000221012111111
00111100002111000
22111000002111020
22220000000001020
STEP 35 P2 MOVE 7 1 8 5
OWN
00001000020000001
02001000220000001
02111000220221221
02111001000211211
02000001002210221
11100001222212220
00000221012111111
02222200002111000
22222200002111020
22220000000001020
STEP 36 P1 MOVE 7 0 9 5
OWN
00001000020000001
02001000220000001
02111000220221221
02111001000211211
02000001002210221
11100001222212220
00000221012111111
11111100002111000
11111100002111020
11111100000001020
STEP 37 P2 MOVE 9 14 9 16
OWN
00001000020000001
02001000220000001
02111000220221221
02111001000211211
02000001002210221
11100001222212220
00000221012111111
11111100002111000
11111100002111020
11111100000001222
STEP 38 P1 MOVE -1 -1 -1 -1
OWN
00001000020000001
02001000220000001
02111000220221221
02111001000211211
02000001002210221
11100001222212220
00000221012111111
11111100002111000
11111100002111020
11111100000001222
STEP 39 P2 MOVE -1 -1 -1 -1
OWN
00001000020000001
02001000220000001
02111000220221221
02111001000211211
02000001002210221
11100001222212220
00000221012111111
11111100002111000
11111100002111020
11111100000001222
RESULT first=58 second=35 winner=1
ANALYSIS winner=P1 score=58-35 reason=Ĺ»ĂëżěŔ§(+9Ä­ »©ľŃŔ˝,2ąčČż°ú) / şóÄ­Ľ±Áˇ(+5) steal(w/l)=24/15 neu(w/l)=49/44
