BOARD
24434394426634366
62338938839897359
42196889591846163
13517725415552239
92645863968766655
38536725552419119
57486578522672925
64149995463254689
66919897685475522
16415426798498616
STEP 0 P1 MOVE 2 0 3 1
OWN
00000000000000000
00000000000000000
11000000000000000
11000000000000000
00000000000000000
00000000000000000
00000000000000000
00000000000000000
00000000000000000
00000000000000000
STEP 1 P2 MOVE 3 6 5 6
OWN
00000000000000000
00000000000000000
11000000000000000
11000020000000000
00000020000000000
00000020000000000
00000000000000000
00000000000000000
00000000000000000
00000000000000000
STEP 2 P1 MOVE 3 7 3 9
OWN
00000000000000000
00000000000000000
11000000000000000
11000021110000000
00000020000000000
00000020000000000
00000000000000000
00000000000000000
00000000000000000
00000000000000000
STEP 3 P2 MOVE 9 3 9 5
OWN
00000000000000000
00000000000000000
11000000000000000
11000021110000000
00000020000000000
00000020000000000
00000000000000000
00000000000000000
00000000000000000
00022200000000000
STEP 4 P1 MOVE 0 0 0 2
OWN
11100000000000000
00000000000000000
11000000000000000
11000021110000000
00000020000000000
00000020000000000
00000000000000000
00000000000000000
00000000000000000
00022200000000000
STEP 5 P2 MOVE 0 3 0 5
OWN
11122200000000000
00000000000000000
11000000000000000
11000021110000000
00000020000000000
00000020000000000
00000000000000000
00000000000000000
00000000000000000
00022200000000000
STEP 6 P1 MOVE 0 7 0 9
OWN
11122201110000000
00000000000000000
11000000000000000
11000021110000000
00000020000000000
00000020000000000
00000000000000000
00000000000000000
00000000000000000
00022200000000000
STEP 7 P2 MOVE 2 14 5 14
OWN
11122201110000000
00000000000000000
11000000000000200
11000021110000200
00000020000000200
00000020000000200
00000000000000000
00000000000000000
00000000000000000
00022200000000000
STEP 8 P1 MOVE 3 12 3 15
OWN
11122201110000000
00000000000000000
11000000000000200
11000021110011110
00000020000000200
00000020000000200
00000000000000000
00000000000000000
00000000000000000
00022200000000000
STEP 9 P2 MOVE 5 2 7 2
OWN
11122201110000000
00000000000000000
11000000000000200
11000021110011110
00000020000000200
00200020000000200
00200000000000000
00200000000000000
00000000000000000
00022200000000000
STEP 10 P1 MOVE 0 12 0 14
OWN
11122201110011100
00000000000000000
11000000000000200
11000021110011110
00000020000000200
00200020000000200
00200000000000000
00200000000000000
00000000000000000
00022200000000000
STEP 11 P2 MOVE 7 11 9 11
OWN
11122201110011100
00000000000000000
11000000000000200
11000021110011110
00000020000000200
00200020000000200
00200000000000000
00200000000200000
00000000000200000
00022200000200000
STEP 12 P1 MOVE 5 11 6 11
OWN
11122201110011100
00000000000000000
11000000000000200
11000021110011110
00000020000000200
00200020000100200
00200000000100000
00200000000200000
00000000000200000
00022200000200000
STEP 13 P2 MOVE 5 12 5 13
OWN
11122201110011100
00000000000000000
11000000000000200
11000021110011110
00000020000000200
00200020000122200
00200000000100000
00200000000200000
00000000000200000
00022200000200000
STEP 14 P1 MOVE 2 12 2 13
OWN
11122201110011100
00000000000000000
11000000000011200
11000021110011110
00000020000000200
00200020000122200
00200000000100000
00200000000200000
00000000000200000
00022200000200000
STEP 15 P2 MOVE 1 10 2 10
OWN
11122201110011100
00000000002000000
11000000002011200
11000021110011110
00000020000000200
00200020000122200
00200000000100000
00200000000200000
00000000000200000
00022200000200000
STEP 16 P1 MOVE 9 1 9 2
OWN
11122201110011100
00000000002000000
11000000002011200
11000021110011110
00000020000000200
00200020000122200
00200000000100000
00200000000200000
00000000000200000
01122200000200000
STEP 17 P2 MOVE 5 8 5 9
OWN
11122201110011100
00000000002000000
11000000002011200
11000021110011110
00000020000000200
00200020220122200
00200000000100000
00200000000200000
00000000000200000
01122200000200000
STEP 18 P1 MOVE 8 3 8 4
OWN
11122201110011100
00000000002000000
11000000002011200
11000021110011110
00000020000000200
00200020220122200
00200000000100000
00200000000200000
00011000000200000
01122200000200000
STEP 19 P2 MOVE 7 15 8 15
OWN
11122201110011100
00000000002000000
11000000002011200
11000021110011110
00000020000000200
00200020220122200
00200000000100000
00200000000200020
00011000000200020
01122200000200000
STEP 20 P1 MOVE 1 13 1 14
OWN
11122201110011100
00000000002001100
11000000002011200
11000021110011110
00000020000000200
00200020220122200
00200000000100000
00200000000200020
00011000000200020
01122200000200000
STEP 21 P2 MOVE 7 0 7 1
OWN
11122201110011100
00000000002001100
11000000002011200
11000021110011110
00000020000000200
00200020220122200
00200000000100000
22200000000200020
00011000000200020
01122200000200000
STEP 22 P1 MOVE 7 13 7 14
OWN
11122201110011100
00000000002001100
11000000002011200
11000021110011110
00000020000000200
00200020220122200
00200000000100000
22200000000201120
00011000000200020
01122200000200000
STEP 23 P2 MOVE 7 8 8 8
OWN
11122201110011100
00000000002001100
11000000002011200
11000021110011110
00000020000000200
00200020220122200
00200000000100000
22200000200201120
00011000200200020
01122200000200000
STEP 24 P1 MOVE 3 10 3 11
OWN
11122201110011100
00000000002001100
11000000002011200
11000021111111110
00000020000000200
00200020220122200
00200000000100000
22200000200201120
00011000200200020
01122200000200000
STEP 25 P2 MOVE 4 1 5 1
OWN
11122201110011100
00000000002001100
11000000002011200
11000021111111110
02000020000000200
02200020220122200
00200000000100000
22200000200201120
00011000200200020
01122200000200000
STEP 26 P1 MOVE 4 2 4 3
OWN
11122201110011100
00000000002001100
11000000002011200
11000021111111110
02110020000000200
02200020220122200
00200000000100000
22200000200201120
00011000200200020
01122200000200000
STEP 27 P2 MOVE 2 2 2 3
OWN
11122201110011100
00000000002001100
11220000002011200
11000021111111110
02110020000000200
02200020220122200
00200000000100000
22200000200201120
00011000200200020
01122200000200000
STEP 28 P1 MOVE -1 -1 -1 -1
OWN
11122201110011100
00000000002001100
11220000002011200
11000021111111110
02110020000000200
02200020220122200
00200000000100000
22200000200201120
00011000200200020
01122200000200000
STEP 29 P2 MOVE 5 15 5 16
OWN
11122201110011100
00000000002001100
11220000002011200
11000021111111110
02110020000000200
02200020220122222
00200000000100000
22200000200201120
00011000200200020
01122200000200000
STEP 30 P1 MOVE 4 16 6 16
OWN
11122201110011100
00000000002001100
11220000002011200
11000021111111110
02110020000000201
02200020220122221
00200000000100001
22200000200201120
00011000200200020
01122200000200000
STEP 31 P2 MOVE 1 1 3 2
OWN
11122201110011100
02200000002001100
12220000002011200
12200021111111110
02110020000000201
02200020220122221
00200000000100001
22200000200201120
00011000200200020
01122200000200000
STEP 32 P1 MOVE 1 0 3 3
OWN
11122201110011100
11110000002001100
11110000002011200
11110021111111110
02110020000000201
02200020220122221
00200000000100001
22200000200201120
00011000200200020
01122200000200000
STEP 33 P2 MOVE -1 -1 -1 -1
OWN
11122201110011100
11110000002001100
11110000002011200
11110021111111110
02110020000000201
02200020220122221
00200000000100001
22200000200201120
00011000200200020
01122200000200000
STEP 34 P1 MOVE -1 -1 -1 -1
OWN
11122201110011100
11110000002001100
11110000002011200
11110021111111110
02110020000000201
02200020220122221
00200000000100001
22200000200201120
00011000200200020
01122200000200000
RESULT first=47 second=33 winner=1
ANALYSIS winner=P1 score=47-33 reason=Ĺ»ĂëżěŔ§(+7Ä­ »©ľŃŔ˝,2ąčČż°ú) steal(w/l)=9/2 neu(w/l)=40/40
