BOARD
62242342944495876
27847721987268586
43131115654254638
88455364385693714
73933992833255979
44656257244984738
79876337287274431
82998844237297571
85641159813258264
14194377276288857
STEP 0 P1 MOVE 2 1 2 6
OWN
00000000000000000
00000000000000000
01111110000000000
00000000000000000
00000000000000000
00000000000000000
00000000000000000
00000000000000000
00000000000000000
00000000000000000
STEP 1 P2 MOVE 0 1 0 4
OWN
02222000000000000
00000000000000000
01111110000000000
00000000000000000
00000000000000000
00000000000000000
00000000000000000
00000000000000000
00000000000000000
00000000000000000
STEP 2 P1 MOVE 2 11 4 11
OWN
02222000000000000
00000000000000000
01111110000100000
00000000000100000
00000000000100000
00000000000000000
00000000000000000
00000000000000000
00000000000000000
00000000000000000
STEP 3 P2 MOVE 5 16 7 16
OWN
02222000000000000
00000000000000000
01111110000100000
00000000000100000
00000000000100000
00000000000000002
00000000000000002
00000000000000002
00000000000000000
00000000000000000
STEP 4 P1 MOVE 8 10 8 12
OWN
02222000000000000
00000000000000000
01111110000100000
00000000000100000
00000000000100000
00000000000000002
00000000000000002
00000000000000002
00000000001110000
00000000000000000
STEP 5 P2 MOVE 7 6 7 8
OWN
02222000000000000
00000000000000000
01111110000100000
00000000000100000
00000000000100000
00000000000000002
00000000000000002
00000022200000002
00000000001110000
00000000000000000
STEP 6 P1 MOVE 4 8 5 8
OWN
02222000000000000
00000000000000000
01111110000100000
00000000000100000
00000000100100000
00000000100000002
00000000000000002
00000022200000002
00000000001110000
00000000000000000
STEP 7 P2 MOVE 4 15 5 15
OWN
02222000000000000
00000000000000000
01111110000100000
00000000000100000
00000000100100020
00000000100000022
00000000000000002
00000022200000002
00000000001110000
00000000000000000
STEP 8 P1 MOVE 1 5 1 7
OWN
02222000000000000
00000111000000000
01111110000100000
00000000000100000
00000000100100020
00000000100000022
00000000000000002
00000022200000002
00000000001110000
00000000000000000
STEP 9 P2 MOVE 9 5 9 6
OWN
02222000000000000
00000111000000000
01111110000100000
00000000000100000
00000000100100020
00000000100000022
00000000000000002
00000022200000002
00000000001110000
00000220000000000
STEP 10 P1 MOVE 9 11 9 12
OWN
02222000000000000
00000111000000000
01111110000100000
00000000000100000
00000000100100020
00000000100000022
00000000000000002
00000022200000002
00000000001110000
00000220000110000
STEP 11 P2 MOVE 2 13 2 14
OWN
02222000000000000
00000111000000000
01111110000102200
00000000000100000
00000000100100020
00000000100000022
00000000000000002
00000022200000002
00000000001110000
00000220000110000
STEP 12 P1 MOVE 8 15 8 16
OWN
02222000000000000
00000111000000000
01111110000102200
00000000000100000
00000000100100020
00000000100000022
00000000000000002
00000022200000002
00000000001110011
00000220000110000
STEP 13 P2 MOVE 8 14 9 14
OWN
02222000000000000
00000111000000000
01111110000102200
00000000000100000
00000000100100020
00000000100000022
00000000000000002
00000022200000002
00000000001110211
00000220000110200
STEP 14 P1 MOVE 4 0 4 1
OWN
02222000000000000
00000111000000000
01111110000102200
00000000000100000
11000000100100020
00000000100000022
00000000000000002
00000022200000002
00000000001110211
00000220000110200
STEP 15 P2 MOVE 8 8 9 8
OWN
02222000000000000
00000111000000000
01111110000102200
00000000000100000
11000000100100020
00000000100000022
00000000000000002
00000022200000002
00000000201110211
00000220200110200
STEP 16 P1 MOVE 4 12 4 13
OWN
02222000000000000
00000111000000000
01111110000102200
00000000000100000
11000000100111020
00000000100000022
00000000000000002
00000022200000002
00000000201110211
00000220200110200
STEP 17 P2 MOVE 6 8 6 9
OWN
02222000000000000
00000111000000000
01111110000102200
00000000000100000
11000000100111020
00000000100000022
00000000220000002
00000022200000002
00000000201110211
00000220200110200
STEP 18 P1 MOVE 5 1 5 2
OWN
02222000000000000
00000111000000000
01111110000102200
00000000000100000
11000000100111020
01100000100000022
00000000220000002
00000022200000002
00000000201110211
00000220200110200
STEP 19 P2 MOVE 7 0 7 1
OWN
02222000000000000
00000111000000000
01111110000102200
00000000000100000
11000000100111020
01100000100000022
00000000220000002
22000022200000002
00000000201110211
00000220200110200
STEP 20 P1 MOVE 7 9 7 10
OWN
02222000000000000
00000111000000000
01111110000102200
00000000000100000
11000000100111020
01100000100000022
00000000220000002
22000022211000002
00000000201110211
00000220200110200
STEP 21 P2 MOVE 3 3 3 4
OWN
02222000000000000
00000111000000000
01111110000102200
00022000000100000
11000000100111020
01100000100000022
00000000220000002
22000022211000002
00000000201110211
00000220200110200
STEP 22 P1 MOVE 1 4 4 4
OWN
02222000000000000
00001111000000000
01111110000102200
00021000000100000
11001000100111020
01100000100000022
00000000220000002
22000022211000002
00000000201110211
00000220200110200
STEP 23 P2 MOVE 0 3 3 5
OWN
02222200000000000
00022211000000000
01122210000102200
00022200000100000
11001000100111020
01100000100000022
00000000220000002
22000022211000002
00000000201110211
00000220200110200
STEP 24 P1 MOVE 3 2 3 6
OWN
02222200000000000
00022211000000000
01122210000102200
00111110000100000
11001000100111020
01100000100000022
00000000220000002
22000022211000002
00000000201110211
00000220200110200
STEP 25 P2 MOVE 8 2 8 3
OWN
02222200000000000
00022211000000000
01122210000102200
00111110000100000
11001000100111020
01100000100000022
00000000220000002
22000022211000002
00220000201110211
00000220200110200
STEP 26 P1 MOVE 7 2 9 2
OWN
02222200000000000
00022211000000000
01122210000102200
00111110000100000
11001000100111020
01100000100000022
00000000220000002
22100022211000002
00120000201110211
00100220200110200
STEP 27 P2 MOVE 7 5 7 11
OWN
02222200000000000
00022211000000000
01122210000102200
00111110000100000
11001000100111020
01100000100000022
00000000220000002
22100222222200002
00120000201110211
00100220200110200
STEP 28 P1 MOVE 7 9 8 12
OWN
02222200000000000
00022211000000000
01122210000102200
00111110000100000
11001000100111020
01100000100000022
00000000220000002
22100222211110002
00120000211110211
00100220200110200
STEP 29 P2 MOVE 7 4 8 5
OWN
02222200000000000
00022211000000000
01122210000102200
00111110000100000
11001000100111020
01100000100000022
00000000220000002
22102222211110002
00122200211110211
00100220200110200
STEP 30 P1 MOVE 8 1 8 6
OWN
02222200000000000
00022211000000000
01122210000102200
00111110000100000
11001000100111020
01100000100000022
00000000220000002
22102222211110002
01111110211110211
00100220200110200
STEP 31 P2 MOVE 6 4 9 4
OWN
02222200000000000
00022211000000000
01122210000102200
00111110000100000
11001000100111020
01100000100000022
00002000220000002
22102222211110002
01112110211110211
00102220200110200
STEP 32 P1 MOVE -1 -1 -1 -1
OWN
02222200000000000
00022211000000000
01122210000102200
00111110000100000
11001000100111020
01100000100000022
00002000220000002
22102222211110002
01112110211110211
00102220200110200
STEP 33 P2 MOVE 3 13 3 14
OWN
02222200000000000
00022211000000000
01122210000102200
00111110000102200
11001000100111020
01100000100000022
00002000220000002
22102222211110002
01112110211110211
00102220200110200
STEP 34 P1 MOVE 3 12 3 15
OWN
02222200000000000
00022211000000000
01122210000102200
00111110000111110
11001000100111020
01100000100000022
00002000220000002
22102222211110002
01112110211110211
00102220200110200
STEP 35 P2 MOVE 6 15 7 15
OWN
02222200000000000
00022211000000000
01122210000102200
00111110000111110
11001000100111020
01100000100000022
00002000220000022
22102222211110022
01112110211110211
00102220200110200
STEP 36 P1 MOVE 7 14 9 15
OWN
02222200000000000
00022211000000000
01122210000102200
00111110000111110
11001000100111020
01100000100000022
00002000220000022
22102222211110112
01112110211110111
00102220200110110
STEP 37 P2 MOVE -1 -1 -1 -1
OWN
02222200000000000
00022211000000000
01122210000102200
00111110000111110
11001000100111020
01100000100000022
00002000220000022
22102222211110112
01112110211110111
00102220200110110
STEP 38 P1 MOVE -1 -1 -1 -1
OWN
02222200000000000
00022211000000000
01122210000102200
00111110000111110
11001000100111020
01100000100000022
00002000220000022
22102222211110112
01112110211110111
00102220200110110
RESULT first=50 second=35 winner=1
ANALYSIS winner=P1 score=50-35 reason=탈취우위(+7칸 빼앗음,2배효과) steal(w/l)=16/9 neu(w/l)=43/42
