BOARD
11838682719219819
26862828545383989
66595656352161752
34397912128426559
87185192638374857
43676199372642282
15971247963285345
42258547879563969
22824222921189225
56214489714156638
STEP 0 P1 MOVE 8 9 9 11
OWN
00000000000000000
00000000000000000
00000000000000000
00000000000000000
00000000000000000
00000000000000000
00000000000000000
00000000000000000
00000000011100000
00000000011100000
STEP 1 P2 MOVE 0 0 1 1
OWN
22000000000000000
22000000000000000
00000000000000000
00000000000000000
00000000000000000
00000000000000000
00000000000000000
00000000000000000
00000000011100000
00000000011100000
STEP 2 P1 MOVE 8 4 8 7
OWN
22000000000000000
22000000000000000
00000000000000000
00000000000000000
00000000000000000
00000000000000000
00000000000000000
00000000000000000
00001111011100000
00000000011100000
STEP 3 P2 MOVE 0 7 0 9
OWN
22000002220000000
22000000000000000
00000000000000000
00000000000000000
00000000000000000
00000000000000000
00000000000000000
00000000000000000
00001111011100000
00000000011100000
STEP 4 P1 MOVE 2 10 2 13
OWN
22000002220000000
22000000000000000
00000000001111000
00000000000000000
00000000000000000
00000000000000000
00000000000000000
00000000000000000
00001111011100000
00000000011100000
STEP 5 P2 MOVE 3 0 3 2
OWN
22000002220000000
22000000000000000
00000000001111000
22200000000000000
00000000000000000
00000000000000000
00000000000000000
00000000000000000
00001111011100000
00000000011100000
STEP 6 P1 MOVE 2 8 4 8
OWN
22000002220000000
22000000000000000
00000000101111000
22200000100000000
00000000100000000
00000000000000000
00000000000000000
00000000000000000
00001111011100000
00000000011100000
STEP 7 P2 MOVE 5 13 7 13
OWN
22000002220000000
22000000000000000
00000000101111000
22200000100000000
00000000100000000
00000000000002000
00000000000002000
00000000000002000
00001111011100000
00000000011100000
STEP 8 P1 MOVE 1 4 1 5
OWN
22000002220000000
22001100000000000
00000000101111000
22200000100000000
00000000100000000
00000000000002000
00000000000002000
00000000000002000
00001111011100000
00000000011100000
STEP 9 P2 MOVE 5 1 7 1
OWN
22000002220000000
22001100000000000
00000000101111000
22200000100000000
00000000100000000
02000000000002000
02000000000002000
02000000000002000
00001111011100000
00000000011100000
STEP 10 P1 MOVE 3 15 4 15
OWN
22000002220000000
22001100000000000
00000000101111000
22200000100000010
00000000100000010
02000000000002000
02000000000002000
02000000000002000
00001111011100000
00000000011100000
STEP 11 P2 MOVE 2 9 4 9
OWN
22000002220000000
22001100000000000
00000000121111000
22200000120000010
00000000120000010
02000000000002000
02000000000002000
02000000000002000
00001111011100000
00000000011100000
STEP 12 P1 MOVE 2 7 4 7
OWN
22000002220000000
22001100000000000
00000001121111000
22200001120000010
00000001120000010
02000000000002000
02000000000002000
02000000000002000
00001111011100000
00000000011100000
STEP 13 P2 MOVE 3 6 4 6
OWN
22000002220000000
22001100000000000
00000001121111000
22200021120000010
00000021120000010
02000000000002000
02000000000002000
02000000000002000
00001111011100000
00000000011100000
STEP 14 P1 MOVE 4 14 5 14
OWN
22000002220000000
22001100000000000
00000001121111000
22200021120000010
00000021120000110
02000000000002100
02000000000002000
02000000000002000
00001111011100000
00000000011100000
STEP 15 P2 MOVE 1 6 1 7
OWN
22000002220000000
22001122000000000
00000001121111000
22200021120000010
00000021120000110
02000000000002100
02000000000002000
02000000000002000
00001111011100000
00000000011100000
STEP 16 P1 MOVE 5 15 5 16
OWN
22000002220000000
22001122000000000
00000001121111000
22200021120000010
00000021120000110
02000000000002111
02000000000002000
02000000000002000
00001111011100000
00000000011100000
STEP 17 P2 MOVE 0 12 0 13
OWN
22000002220022000
22001122000000000
00000001121111000
22200021120000010
00000021120000110
02000000000002111
02000000000002000
02000000000002000
00001111011100000
00000000011100000
STEP 18 P1 MOVE 0 15 0 16
OWN
22000002220022011
22001122000000000
00000001121111000
22200021120000010
00000021120000110
02000000000002111
02000000000002000
02000000000002000
00001111011100000
00000000011100000
STEP 19 P2 MOVE 0 11 0 14
OWN
22000002220222211
22001122000000000
00000001121111000
22200021120000010
00000021120000110
02000000000002111
02000000000002000
02000000000002000
00001111011100000
00000000011100000
STEP 20 P1 MOVE 8 1 8 2
OWN
22000002220222211
22001122000000000
00000001121111000
22200021120000010
00000021120000110
02000000000002111
02000000000002000
02000000000002000
01101111011100000
00000000011100000
STEP 21 P2 MOVE 1 12 3 12
OWN
22000002220222211
22001122000020000
00000001121121000
22200021120020010
00000021120000110
02000000000002111
02000000000002000
02000000000002000
01101111011100000
00000000011100000
STEP 22 P1 MOVE 4 11 4 12
OWN
22000002220222211
22001122000020000
00000001121121000
22200021120020010
00000021120110110
02000000000002111
02000000000002000
02000000000002000
01101111011100000
00000000011100000
STEP 23 P2 MOVE 5 11 5 12
OWN
22000002220222211
22001122000020000
00000001121121000
22200021120020010
00000021120110110
02000000000222111
02000000000002000
02000000000002000
01101111011100000
00000000011100000
STEP 24 P1 MOVE 5 8 5 9
OWN
22000002220222211
22001122000020000
00000001121121000
22200021120020010
00000021120110110
02000000110222111
02000000000002000
02000000000002000
01101111011100000
00000000011100000
STEP 25 P2 MOVE 1 6 2 8
OWN
22000002220222211
22001122200020000
00000022221121000
22200021120020010
00000021120110110
02000000110222111
02000000000002000
02000000000002000
01101111011100000
00000000011100000
STEP 26 P1 MOVE 1 9 6 9
OWN
22000002220222211
22001122210020000
00000022211121000
22200021110020010
00000021110110110
02000000110222111
02000000010002000
02000000000002000
01101111011100000
00000000011100000
STEP 27 P2 MOVE 6 0 6 2
OWN
22000002220222211
22001122210020000
00000022211121000
22200021110020010
00000021110110110
02000000110222111
22200000010002000
02000000000002000
01101111011100000
00000000011100000
STEP 28 P1 MOVE 5 2 9 2
OWN
22000002220222211
22001122210020000
00000022211121000
22200021110020010
00000021110110110
02100000110222111
22100000010002000
02100000000002000
01101111011100000
00100000011100000
STEP 29 P2 MOVE 6 3 6 5
OWN
22000002220222211
22001122210020000
00000022211121000
22200021110020010
00000021110110110
02100000110222111
22122200010002000
02100000000002000
01101111011100000
00100000011100000
STEP 30 P1 MOVE 5 5 9 5
OWN
22000002220222211
22001122210020000
00000022211121000
22200021110020010
00000021110110110
02100100110222111
22122100010002000
02100100000002000
01101111011100000
00100100011100000
STEP 31 P2 MOVE 5 0 8 0
OWN
22000002220222211
22001122210020000
00000022211121000
22200021110020010
00000021110110110
22100100110222111
22122100010002000
22100100000002000
21101111011100000
00100100011100000
STEP 32 P1 MOVE 3 5 4 5
OWN
22000002220222211
22001122210020000
00000022211121000
22200121110020010
00000121110110110
22100100110222111
22122100010002000
22100100000002000
21101111011100000
00100100011100000
STEP 33 P2 MOVE 6 11 6 12
OWN
22000002220222211
22001122210020000
00000022211121000
22200121110020010
00000121110110110
22100100110222111
22122100010222000
22100100000002000
21101111011100000
00100100011100000
STEP 34 P1 MOVE 6 10 6 15
OWN
22000002220222211
22001122210020000
00000022211121000
22200121110020010
00000121110110110
22100100110222111
22122100011111110
22100100000002000
21101111011100000
00100100011100000
STEP 35 P2 MOVE 4 12 7 13
OWN
22000002220222211
22001122210020000
00000022211121000
22200121110020010
00000121110122110
22100100110222111
22122100011122110
22100100000022000
21101111011100000
00100100011100000
STEP 36 P1 MOVE 3 11 3 13
OWN
22000002220222211
22001122210020000
00000022211121000
22200121110111010
00000121110122110
22100100110222111
22122100011122110
22100100000022000
21101111011100000
00100100011100000
STEP 37 P2 MOVE 4 10 5 10
OWN
22000002220222211
22001122210020000
00000022211121000
22200121110111010
00000121112122110
22100100112222111
22122100011122110
22100100000022000
21101111011100000
00100100011100000
STEP 38 P1 MOVE -1 -1 -1 -1
OWN
22000002220222211
22001122210020000
00000022211121000
22200121110111010
00000121112122110
22100100112222111
22122100011122110
22100100000022000
21101111011100000
00100100011100000
STEP 39 P2 MOVE -1 -1 -1 -1
OWN
22000002220222211
22001122210020000
00000022211121000
22200121110111010
00000121112122110
22100100112222111
22122100011122110
22100100000022000
21101111011100000
00100100011100000
RESULT first=54 second=44 winner=1
ANALYSIS winner=P1 score=54-44 reason=Ĺ»ĂëżěŔ§(+3Ä­ »©ľŃŔ˝,2ąčČż°ú) / şóÄ­Ľ±Áˇ(+4) steal(w/l)=9/6 neu(w/l)=51/47
