BOARD
46816558972313672
41344373499137521
27774588844689195
72339456266395313
61394186594532132
64993997596512933
12799179254248489
98456623821421436
63228565597797613
95586437438484862
STEP 0 P1 MOVE 7 9 7 13
OWN
00000000000000000
00000000000000000
00000000000000000
00000000000000000
00000000000000000
00000000000000000
00000000000000000
00000000011111000
00000000000000000
00000000000000000
STEP 1 P2 MOVE 8 14 8 16
OWN
00000000000000000
00000000000000000
00000000000000000
00000000000000000
00000000000000000
00000000000000000
00000000000000000
00000000011111000
00000000000000222
00000000000000000
STEP 2 P1 MOVE 0 0 2 0
OWN
10000000000000000
10000000000000000
10000000000000000
00000000000000000
00000000000000000
00000000000000000
00000000000000000
00000000011111000
00000000000000222
00000000000000000
STEP 3 P2 MOVE 2 5 4 5
OWN
10000000000000000
10000000000000000
10000200000000000
00000200000000000
00000200000000000
00000000000000000
00000000000000000
00000000011111000
00000000000000222
00000000000000000
STEP 4 P1 MOVE 5 10 6 10
OWN
10000000000000000
10000000000000000
10000200000000000
00000200000000000
00000200000000000
00000000001000000
00000000001000000
00000000011111000
00000000000000222
00000000000000000
STEP 5 P2 MOVE 5 5 6 5
OWN
10000000000000000
10000000000000000
10000200000000000
00000200000000000
00000200000000000
00000200001000000
00000200001000000
00000000011111000
00000000000000222
00000000000000000
STEP 6 P1 MOVE 2 15 3 15
OWN
10000000000000000
10000000000000000
10000200000000010
00000200000000010
00000200000000000
00000200001000000
00000200001000000
00000000011111000
00000000000000222
00000000000000000
STEP 7 P2 MOVE 6 0 6 2
OWN
10000000000000000
10000000000000000
10000200000000010
00000200000000010
00000200000000000
00000200001000000
22200200001000000
00000000011111000
00000000000000222
00000000000000000
STEP 8 P1 MOVE 2 10 2 11
OWN
10000000000000000
10000000000000000
10000200001100010
00000200000000010
00000200000000000
00000200001000000
22200200001000000
00000000011111000
00000000000000222
00000000000000000
STEP 9 P2 MOVE 2 16 4 16
OWN
10000000000000000
10000000000000000
10000200001100012
00000200000000012
00000200000000002
00000200001000000
22200200001000000
00000000011111000
00000000000000222
00000000000000000
STEP 10 P1 MOVE 4 0 4 2
OWN
10000000000000000
10000000000000000
10000200001100012
00000200000000012
11100200000000002
00000200001000000
22200200001000000
00000000011111000
00000000000000222
00000000000000000
STEP 11 P2 MOVE 2 2 3 2
OWN
10000000000000000
10000000000000000
10200200001100012
00200200000000012
11100200000000002
00000200001000000
22200200001000000
00000000011111000
00000000000000222
00000000000000000
STEP 12 P1 MOVE 8 7 8 8
OWN
10000000000000000
10000000000000000
10200200001100012
00200200000000012
11100200000000002
00000200001000000
22200200001000000
00000000011111000
00000001100000222
00000000000000000
STEP 13 P2 MOVE 2 13 2 14
OWN
10000000000000000
10000000000000000
10200200001102212
00200200000000012
11100200000000002
00000200001000000
22200200001000000
00000000011111000
00000001100000222
00000000000000000
STEP 14 P1 MOVE 1 12 1 13
OWN
10000000000000000
10000000000011000
10200200001102212
00200200000000012
11100200000000002
00000200001000000
22200200001000000
00000000011111000
00000001100000222
00000000000000000
STEP 15 P2 MOVE 1 6 1 7
OWN
10000000000000000
10000022000011000
10200200001102212
00200200000000012
11100200000000002
00000200001000000
22200200001000000
00000000011111000
00000001100000222
00000000000000000
STEP 16 P1 MOVE 0 13 4 13
OWN
10000000000001000
10000022000011000
10200200001101212
00200200000001012
11100200000001002
00000200001000000
22200200001000000
00000000011111000
00000001100000222
00000000000000000
STEP 17 P2 MOVE 0 11 0 14
OWN
10000000000222200
10000022000011000
10200200001101212
00200200000001012
11100200000001002
00000200001000000
22200200001000000
00000000011111000
00000001100000222
00000000000000000
STEP 18 P1 MOVE 5 0 5 1
OWN
10000000000222200
10000022000011000
10200200001101212
00200200000001012
11100200000001002
11000200001000000
22200200001000000
00000000011111000
00000001100000222
00000000000000000
STEP 19 P2 MOVE 7 7 9 7
OWN
10000000000222200
10000022000011000
10200200001101212
00200200000001012
11100200000001002
11000200001000000
22200200001000000
00000002011111000
00000002100000222
00000002000000000
STEP 20 P1 MOVE 9 6 9 9
OWN
10000000000222200
10000022000011000
10200200001101212
00200200000001012
11100200000001002
11000200001000000
22200200001000000
00000002011111000
00000002100000222
00000011110000000
STEP 21 P2 MOVE 9 4 9 5
OWN
10000000000222200
10000022000011000
10200200001101212
00200200000001012
11100200000001002
11000200001000000
22200200001000000
00000002011111000
00000002100000222
00002211110000000
STEP 22 P1 MOVE 2 9 3 9
OWN
10000000000222200
10000022000011000
10200200011101212
00200200010001012
11100200000001002
11000200001000000
22200200001000000
00000002011111000
00000002100000222
00002211110000000
STEP 23 P2 MOVE 6 8 7 8
OWN
10000000000222200
10000022000011000
10200200011101212
00200200010001012
11100200000001002
11000200001000000
22200200201000000
00000002211111000
00000002100000222
00002211110000000
STEP 24 P1 MOVE 8 3 9 3
OWN
10000000000222200
10000022000011000
10200200011101212
00200200010001012
11100200000001002
11000200001000000
22200200201000000
00000002211111000
00010002100000222
00012211110000000
STEP 25 P2 MOVE 9 1 9 2
OWN
10000000000222200
10000022000011000
10200200011101212
00200200010001012
11100200000001002
11000200001000000
22200200201000000
00000002211111000
00010002100000222
02212211110000000
STEP 26 P1 MOVE 8 2 8 4
OWN
10000000000222200
10000022000011000
10200200011101212
00200200010001012
11100200000001002
11000200001000000
22200200201000000
00000002211111000
00111002100000222
02212211110000000
STEP 27 P2 MOVE 0 5 0 6
OWN
10000220000222200
10000022000011000
10200200011101212
00200200010001012
11100200000001002
11000200001000000
22200200201000000
00000002211111000
00111002100000222
02212211110000000
STEP 28 P1 MOVE 4 8 5 8
OWN
10000220000222200
10000022000011000
10200200011101212
00200200010001012
11100200100001002
11000200101000000
22200200201000000
00000002211111000
00111002100000222
02212211110000000
STEP 29 P2 MOVE 1 14 3 15
OWN
10000220000222200
10000022000011220
10200200011101222
00200200010001222
11100200100001002
11000200101000000
22200200201000000
00000002211111000
00111002100000222
02212211110000000
STEP 30 P1 MOVE 1 11 2 16
OWN
10000220000222200
10000022000111111
10200200011111111
00200200010001222
11100200100001002
11000200101000000
22200200201000000
00000002211111000
00111002100000222
02212211110000000
STEP 31 P2 MOVE 0 15 4 15
OWN
10000220000222220
10000022000111121
10200200011111121
00200200010001222
11100200100001022
11000200101000000
22200200201000000
00000002211111000
00111002100000222
02212211110000000
STEP 32 P1 MOVE 5 13 6 13
OWN
10000220000222220
10000022000111121
10200200011111121
00200200010001222
11100200100001022
11000200101001000
22200200201001000
00000002211111000
00111002100000222
02212211110000000
STEP 33 P2 MOVE 6 11 6 14
OWN
10000220000222220
10000022000111121
10200200011111121
00200200010001222
11100200100001022
11000200101001000
22200200201222200
00000002211111000
00111002100000222
02212211110000000
STEP 34 P1 MOVE 2 8 3 8
OWN
10000220000222220
10000022000111121
10200200111111121
00200200110001222
11100200100001022
11000200101001000
22200200201222200
00000002211111000
00111002100000222
02212211110000000
STEP 35 P2 MOVE 3 10 4 10
OWN
10000220000222220
10000022000111121
10200200111111121
00200200112001222
11100200102001022
11000200101001000
22200200201222200
00000002211111000
00111002100000222
02212211110000000
STEP 36 P1 MOVE -1 -1 -1 -1
OWN
10000220000222220
10000022000111121
10200200111111121
00200200112001222
11100200102001022
11000200101001000
22200200201222200
00000002211111000
00111002100000222
02212211110000000
STEP 37 P2 MOVE 2 3 3 3
OWN
10000220000222220
10000022000111121
10220200111111121
00220200112001222
11100200102001022
11000200101001000
22200200201222200
00000002211111000
00111002100000222
02212211110000000
STEP 38 P1 MOVE 0 4 1 4
OWN
10001220000222220
10001022000111121
10220200111111121
00220200112001222
11100200102001022
11000200101001000
22200200201222200
00000002211111000
00111002100000222
02212211110000000
STEP 39 P2 MOVE 1 2 1 5
OWN
10001220000222220
10222222000111121
10220200111111121
00220200112001222
11100200102001022
11000200101001000
22200200201222200
00000002211111000
00111002100000222
02212211110000000
STEP 40 P1 MOVE 0 3 4 3
OWN
10011220000222220
10212222000111121
10210200111111121
00210200112001222
11110200102001022
11000200101001000
22200200201222200
00000002211111000
00111002100000222
02212211110000000
STEP 41 P2 MOVE 3 1 7 1
OWN
10011220000222220
10212222000111121
10210200111111121
02210200112001222
12110200102001022
12000200101001000
22200200201222200
02000002211111000
00111002100000222
02212211110000000
STEP 42 P1 MOVE 4 11 5 11
OWN
10011220000222220
10212222000111121
10210200111111121
02210200112001222
12110200102101022
12000200101101000
22200200201222200
02000002211111000
00111002100000222
02212211110000000
STEP 43 P2 MOVE 3 11 8 11
OWN
10011220000222220
10212222000111121
10210200111111121
02210200112201222
12110200102201022
12000200101201000
22200200201222200
02000002211211000
00111002100200222
02212211110000000
STEP 44 P1 MOVE 2 1 8 1
OWN
10011220000222220
10212222000111121
11210200111111121
01210200112201222
11110200102201022
11000200101201000
21200200201222200
01000002211211000
01111002100200222
02212211110000000
STEP 45 P2 MOVE 1 1 5 2
OWN
10011220000222220
12212222000111121
12210200111111121
02210200112201222
12210200102201022
12200200101201000
21200200201222200
01000002211211000
01111002100200222
02212211110000000
STEP 46 P1 MOVE 5 9 5 12
OWN
10011220000222220
12212222000111121
12210200111111121
02210200112201222
12210200102201022
12200200111111000
21200200201222200
01000002211211000
01111002100200222
02212211110000000
STEP 47 P2 MOVE -1 -1 -1 -1
OWN
10011220000222220
12212222000111121
12210200111111121
02210200112201222
12210200102201022
12200200111111000
21200200201222200
01000002211211000
01111002100200222
02212211110000000
STEP 48 P1 MOVE -1 -1 -1 -1
OWN
10011220000222220
12212222000111121
12210200111111121
02210200112201222
12210200102201022
12200200111111000
21200200201222200
01000002211211000
01111002100200222
02212211110000000
RESULT first=52 second=56 winner=2
ANALYSIS winner=P2 score=52-56 reason=羲瞪蝓 steal(w/l)=18/16 neu(w/l)=54/54
