BOARD
16536231812321736
41433395671195698
46418122934336912
72515669616967439
41493286517488699
75548459128158719
53623594382919571
47315544688618587
83717536916489343
65588721364926116
STEP 0 P1 MOVE 9 12 9 15
OWN
00000000000000000
00000000000000000
00000000000000000
00000000000000000
00000000000000000
00000000000000000
00000000000000000
00000000000000000
00000000000000000
00000000000011110
STEP 1 P2 MOVE 1 1 4 1
OWN
00000000000000000
02000000000000000
02000000000000000
02000000000000000
02000000000000000
00000000000000000
00000000000000000
00000000000000000
00000000000000000
00000000000011110
STEP 2 P1 MOVE 9 7 9 9
OWN
00000000000000000
02000000000000000
02000000000000000
02000000000000000
02000000000000000
00000000000000000
00000000000000000
00000000000000000
00000000000000000
00000001110011110
STEP 3 P2 MOVE 0 12 0 14
OWN
00000000000022200
02000000000000000
02000000000000000
02000000000000000
02000000000000000
00000000000000000
00000000000000000
00000000000000000
00000000000000000
00000001110011110
STEP 4 P1 MOVE 1 2 1 4
OWN
00000000000022200
02111000000000000
02000000000000000
02000000000000000
02000000000000000
00000000000000000
00000000000000000
00000000000000000
00000000000000000
00000001110011110
STEP 5 P2 MOVE 5 8 7 8
OWN
00000000000022200
02111000000000000
02000000000000000
02000000000000000
02000000000000000
00000000200000000
00000000200000000
00000000200000000
00000000000000000
00000001110011110
STEP 6 P1 MOVE 8 1 8 2
OWN
00000000000022200
02111000000000000
02000000000000000
02000000000000000
02000000000000000
00000000200000000
00000000200000000
00000000200000000
01100000000000000
00000001110011110
STEP 7 P2 MOVE 6 12 8 12
OWN
00000000000022200
02111000000000000
02000000000000000
02000000000000000
02000000000000000
00000000200000000
00000000200020000
00000000200020000
01100000000020000
00000001110011110
STEP 8 P1 MOVE 8 14 8 16
OWN
00000000000022200
02111000000000000
02000000000000000
02000000000000000
02000000000000000
00000000200000000
00000000200020000
00000000200020000
01100000000020111
00000001110011110
STEP 9 P2 MOVE 7 3 9 3
OWN
00000000000022200
02111000000000000
02000000000000000
02000000000000000
02000000000000000
00000000200000000
00000000200020000
00020000200020000
01120000000020111
00020001110011110
STEP 10 P1 MOVE 6 3 6 5
OWN
00000000000022200
02111000000000000
02000000000000000
02000000000000000
02000000000000000
00000000200000000
00011100200020000
00020000200020000
01120000000020111
00020001110011110
STEP 11 P2 MOVE 5 16 6 16
OWN
00000000000022200
02111000000000000
02000000000000000
02000000000000000
02000000000000000
00000000200000002
00011100200020002
00020000200020000
01120000000020111
00020001110011110
STEP 12 P1 MOVE 6 10 7 10
OWN
00000000000022200
02111000000000000
02000000000000000
02000000000000000
02000000000000000
00000000200000002
00011100201020002
00020000201020000
01120000000020111
00020001110011110
STEP 13 P2 MOVE 8 10 9 10
OWN
00000000000022200
02111000000000000
02000000000000000
02000000000000000
02000000000000000
00000000200000002
00011100201020002
00020000201020000
01120000002020111
00020001112011110
STEP 14 P1 MOVE 7 1 7 2
OWN
00000000000022200
02111000000000000
02000000000000000
02000000000000000
02000000000000000
00000000200000002
00011100201020002
01120000201020000
01120000002020111
00020001112011110
STEP 15 P2 MOVE 9 1 9 2
OWN
00000000000022200
02111000000000000
02000000000000000
02000000000000000
02000000000000000
00000000200000002
00011100201020002
01120000201020000
01120000002020111
02220001112011110
STEP 16 P1 MOVE 1 15 2 15
OWN
00000000000022200
02111000000000010
02000000000000010
02000000000000000
02000000000000000
00000000200000002
00011100201020002
01120000201020000
01120000002020111
02220001112011110
STEP 17 P2 MOVE 7 7 8 7
OWN
00000000000022200
02111000000000010
02000000000000010
02000000000000000
02000000000000000
00000000200000002
00011100201020002
01120002201020000
01120002002020111
02220001112011110
STEP 18 P1 MOVE 8 8 8 9
OWN
00000000000022200
02111000000000010
02000000000000010
02000000000000000
02000000000000000
00000000200000002
00011100201020002
01120002201020000
01120002112020111
02220001112011110
STEP 19 P2 MOVE 7 11 8 11
OWN
00000000000022200
02111000000000010
02000000000000010
02000000000000000
02000000000000000
00000000200000002
00011100201020002
01120002201220000
01120002112220111
02220001112011110
STEP 20 P1 MOVE 6 14 7 14
OWN
00000000000022200
02111000000000010
02000000000000010
02000000000000000
02000000000000000
00000000200000002
00011100201020102
01120002201220100
01120002112220111
02220001112011110
STEP 21 P2 MOVE 7 4 7 5
OWN
00000000000022200
02111000000000010
02000000000000010
02000000000000000
02000000000000000
00000000200000002
00011100201020102
01122202201220100
01120002112220111
02220001112011110
STEP 22 P1 MOVE 5 11 6 11
OWN
00000000000022200
02111000000000010
02000000000000010
02000000000000000
02000000000000000
00000000200100002
00011100201120102
01122202201220100
01120002112220111
02220001112011110
STEP 23 P2 MOVE 5 1 5 2
OWN
00000000000022200
02111000000000010
02000000000000010
02000000000000000
02000000000000000
02200000200100002
00011100201120102
01122202201220100
01120002112220111
02220001112011110
STEP 24 P1 MOVE 1 9 2 9
OWN
00000000000022200
02111000010000010
02000000010000010
02000000000000000
02000000000000000
02200000200100002
00011100201120102
01122202201220100
01120002112220111
02220001112011110
STEP 25 P2 MOVE 2 10 2 12
OWN
00000000000022200
02111000010000010
02000000012220010
02000000000000000
02000000000000000
02200000200100002
00011100201120102
01122202201220100
01120002112220111
02220001112011110
STEP 26 P1 MOVE 1 11 3 11
OWN
00000000000022200
02111000010100010
02000000012120010
02000000000100000
02000000000000000
02200000200100002
00011100201120102
01122202201220100
01120002112220111
02220001112011110
STEP 27 P2 MOVE 1 5 3 5
OWN
00000000000022200
02111200010100010
02000200012120010
02000200000100000
02000000000000000
02200000200100002
00011100201120102
01122202201220100
01120002112220111
02220001112011110
STEP 28 P1 MOVE 3 4 4 5
OWN
00000000000022200
02111200010100010
02000200012120010
02001100000100000
02001100000000000
02200000200100002
00011100201120102
01122202201220100
01120002112220111
02220001112011110
STEP 29 P2 MOVE 2 4 2 6
OWN
00000000000022200
02111200010100010
02002220012120010
02001100000100000
02001100000000000
02200000200100002
00011100201120102
01122202201220100
01120002112220111
02220001112011110
STEP 30 P1 MOVE 1 16 2 16
OWN
00000000000022200
02111200010100011
02002220012120011
02001100000100000
02001100000000000
02200000200100002
00011100201120102
01122202201220100
01120002112220111
02220001112011110
STEP 31 P2 MOVE 5 9 5 10
OWN
00000000000022200
02111200010100011
02002220012120011
02001100000100000
02001100000000000
02200000222100002
00011100201120102
01122202201220100
01120002112220111
02220001112011110
STEP 32 P1 MOVE -1 -1 -1 -1
OWN
00000000000022200
02111200010100011
02002220012120011
02001100000100000
02001100000000000
02200000222100002
00011100201120102
01122202201220100
01120002112220111
02220001112011110
STEP 33 P2 MOVE 3 3 4 3
OWN
00000000000022200
02111200010100011
02002220012120011
02021100000100000
02021100000000000
02200000222100002
00011100201120102
01122202201220100
01120002112220111
02220001112011110
STEP 34 P1 MOVE 2 2 3 3
OWN
00000000000022200
02111200010100011
02112220012120011
02111100000100000
02021100000000000
02200000222100002
00011100201120102
01122202201220100
01120002112220111
02220001112011110
STEP 35 P2 MOVE 1 10 1 12
OWN
00000000000022200
02111200012220011
02112220012120011
02111100000100000
02021100000000000
02200000222100002
00011100201120102
01122202201220100
01120002112220111
02220001112011110
STEP 36 P1 MOVE 0 9 3 10
OWN
00000000011022200
02111200011220011
02112220011120011
02111100011100000
02021100000000000
02200000222100002
00011100201120102
01122202201220100
01120002112220111
02220001112011110
STEP 37 P2 MOVE 5 2 6 3
OWN
00000000011022200
02111200011220011
02112220011120011
02111100011100000
02021100000000000
02220000222100002
00221100201120102
01122202201220100
01120002112220111
02220001112011110
STEP 38 P1 MOVE 6 1 8 4
OWN
00000000011022200
02111200011220011
02112220011120011
02111100011100000
02021100000000000
02220000222100002
01111100201120102
01111202201220100
01111002112220111
02220001112011110
STEP 39 P2 MOVE -1 -1 -1 -1
OWN
00000000011022200
02111200011220011
02112220011120011
02111100011100000
02021100000000000
02220000222100002
01111100201120102
01111202201220100
01111002112220111
02220001112011110
STEP 40 P1 MOVE -1 -1 -1 -1
OWN
00000000011022200
02111200011220011
02112220011120011
02111100011100000
02021100000000000
02220000222100002
01111100201120102
01111202201220100
01111002112220111
02220001112011110
RESULT first=56 second=38 winner=1
ANALYSIS winner=P1 score=56-38 reason=Ĺ»ĂëżěŔ§(+8Ä­ »©ľŃŔ˝,2ąčČż°ú) steal(w/l)=10/2 neu(w/l)=48/46
