BOARD
51453837448846124
52316663687912832
67963951462833713
12732518843914237
42322357314666951
48688677845126684
92467596724633283
43244533611432849
69186295266225358
47571752385266891
STEP 0 P1 MOVE 4 2 4 5
OWN
00000000000000000
00000000000000000
00000000000000000
00000000000000000
00111100000000000
00000000000000000
00000000000000000
00000000000000000
00000000000000000
00000000000000000
STEP 1 P2 MOVE 0 1 2 1
OWN
02000000000000000
02000000000000000
02000000000000000
00000000000000000
00111100000000000
00000000000000000
00000000000000000
00000000000000000
00000000000000000
00000000000000000
STEP 2 P1 MOVE 7 10 7 13
OWN
02000000000000000
02000000000000000
02000000000000000
00000000000000000
00111100000000000
00000000000000000
00000000000000000
00000000001111000
00000000000000000
00000000000000000
STEP 3 P2 MOVE 3 12 3 15
OWN
02000000000000000
02000000000000000
02000000000000000
00000000000022220
00111100000000000
00000000000000000
00000000000000000
00000000001111000
00000000000000000
00000000000000000
STEP 4 P1 MOVE 1 12 4 12
OWN
02000000000000000
02000000000010000
02000000000010000
00000000000012220
00111100000010000
00000000000000000
00000000000000000
00000000001111000
00000000000000000
00000000000000000
STEP 5 P2 MOVE 1 3 3 3
OWN
02000000000000000
02020000000010000
02020000000010000
00020000000012220
00111100000010000
00000000000000000
00000000000000000
00000000001111000
00000000000000000
00000000000000000
STEP 6 P1 MOVE 8 10 8 12
OWN
02000000000000000
02020000000010000
02020000000010000
00020000000012220
00111100000010000
00000000000000000
00000000000000000
00000000001111000
00000000001110000
00000000000000000
STEP 7 P2 MOVE 1 8 2 8
OWN
02000000000000000
02020000200010000
02020000200010000
00020000000012220
00111100000010000
00000000000000000
00000000000000000
00000000001111000
00000000001110000
00000000000000000
STEP 8 P1 MOVE 7 7 7 9
OWN
02000000000000000
02020000200010000
02020000200010000
00020000000012220
00111100000010000
00000000000000000
00000000000000000
00000001111111000
00000000001110000
00000000000000000
STEP 9 P2 MOVE 9 6 9 8
OWN
02000000000000000
02020000200010000
02020000200010000
00020000000012220
00111100000010000
00000000000000000
00000000000000000
00000001111111000
00000000001110000
00000022200000000
STEP 10 P1 MOVE 6 3 7 3
OWN
02000000000000000
02020000200010000
02020000200010000
00020000000012220
00111100000010000
00000000000000000
00010000000000000
00010001111111000
00000000001110000
00000022200000000
STEP 11 P2 MOVE 9 15 9 16
OWN
02000000000000000
02020000200010000
02020000200010000
00020000000012220
00111100000010000
00000000000000000
00010000000000000
00010001111111000
00000000001110000
00000022200000022
STEP 12 P1 MOVE 8 0 9 0
OWN
02000000000000000
02020000200010000
02020000200010000
00020000000012220
00111100000010000
00000000000000000
00010000000000000
00010001111111000
10000000001110000
10000022200000022
STEP 13 P2 MOVE 6 14 7 14
OWN
02000000000000000
02020000200010000
02020000200010000
00020000000012220
00111100000010000
00000000000000000
00010000000000200
00010001111111200
10000000001110000
10000022200000022
STEP 14 P1 MOVE 0 6 0 7
OWN
02000011000000000
02020000200010000
02020000200010000
00020000000012220
00111100000010000
00000000000000000
00010000000000200
00010001111111200
10000000001110000
10000022200000022
STEP 15 P2 MOVE 0 0 1 0
OWN
22000011000000000
22020000200010000
02020000200010000
00020000000012220
00111100000010000
00000000000000000
00010000000000200
00010001111111200
10000000001110000
10000022200000022
STEP 16 P1 MOVE 0 12 0 13
OWN
22000011000011000
22020000200010000
02020000200010000
00020000000012220
00111100000010000
00000000000000000
00010000000000200
00010001111111200
10000000001110000
10000022200000022
STEP 17 P2 MOVE 3 4 5 4
OWN
22000011000011000
22020000200010000
02020000200010000
00022000000012220
00112100000010000
00002000000000000
00010000000000200
00010001111111200
10000000001110000
10000022200000022
STEP 18 P1 MOVE 6 5 7 5
OWN
22000011000011000
22020000200010000
02020000200010000
00022000000012220
00112100000010000
00002000000000000
00010100000000200
00010101111111200
10000000001110000
10000022200000022
STEP 19 P2 MOVE 4 7 4 8
OWN
22000011000011000
22020000200010000
02020000200010000
00022000000012220
00112102200010000
00002000000000000
00010100000000200
00010101111111200
10000000001110000
10000022200000022
STEP 20 P1 MOVE 1 13 1 14
OWN
22000011000011000
22020000200011100
02020000200010000
00022000000012220
00112102200010000
00002000000000000
00010100000000200
00010101111111200
10000000001110000
10000022200000022
STEP 21 P2 MOVE 2 13 2 14
OWN
22000011000011000
22020000200011100
02020000200012200
00022000000012220
00112102200010000
00002000000000000
00010100000000200
00010101111111200
10000000001110000
10000022200000022
STEP 22 P1 MOVE 7 4 8 4
OWN
22000011000011000
22020000200011100
02020000200012200
00022000000012220
00112102200010000
00002000000000000
00010100000000200
00011101111111200
10001000001110000
10000022200000022
STEP 23 P2 MOVE 8 3 8 5
OWN
22000011000011000
22020000200011100
02020000200012200
00022000000012220
00112102200010000
00002000000000000
00010100000000200
00011101111111200
10022200001110000
10000022200000022
STEP 24 P1 MOVE 0 14 4 14
OWN
22000011000011100
22020000200011100
02020000200012100
00022000000012120
00112102200010100
00002000000000000
00010100000000200
00011101111111200
10022200001110000
10000022200000022
STEP 25 P2 MOVE 0 11 0 15
OWN
22000011000222220
22020000200011100
02020000200012100
00022000000012120
00112102200010100
00002000000000000
00010100000000200
00011101111111200
10022200001110000
10000022200000022
STEP 26 P1 MOVE 3 0 3 2
OWN
22000011000222220
22020000200011100
02020000200012100
11122000000012120
00112102200010100
00002000000000000
00010100000000200
00011101111111200
10022200001110000
10000022200000022
STEP 27 P2 MOVE 2 0 4 0
OWN
22000011000222220
22020000200011100
22020000200012100
21122000000012120
20112102200010100
00002000000000000
00010100000000200
00011101111111200
10022200001110000
10000022200000022
STEP 28 P1 MOVE 4 6 4 10
OWN
22000011000222220
22020000200011100
22020000200012100
21122000000012120
20112111111010100
00002000000000000
00010100000000200
00011101111111200
10022200001110000
10000022200000022
STEP 29 P2 MOVE 3 9 6 9
OWN
22000011000222220
22020000200011100
22020000200012100
21122000020012120
20112111121010100
00002000020000000
00010100020000200
00011101111111200
10022200001110000
10000022200000022
STEP 30 P1 MOVE 8 2 8 6
OWN
22000011000222220
22020000200011100
22020000200012100
21122000020012120
20112111121010100
00002000020000000
00010100020000200
00011101111111200
10111110001110000
10000022200000022
STEP 31 P2 MOVE 7 5 9 6
OWN
22000011000222220
22020000200011100
22020000200012100
21122000020012120
20112111121010100
00002000020000000
00010100020000200
00011221111111200
10111220001110000
10000222200000022
STEP 32 P1 MOVE 6 9 8 10
OWN
22000011000222220
22020000200011100
22020000200012100
21122000020012120
20112111121010100
00002000020000000
00010100011000200
00011221111111200
10111220011110000
10000222200000022
STEP 33 P2 MOVE 2 10 5 10
OWN
22000011000222220
22020000200011100
22020000202012100
21122000022012120
20112111122010100
00002000022000000
00010100011000200
00011221111111200
10111220011110000
10000222200000022
STEP 34 P1 MOVE 5 1 6 1
OWN
22000011000222220
22020000200011100
22020000202012100
21122000022012120
20112111122010100
01002000022000000
01010100011000200
00011221111111200
10111220011110000
10000222200000022
STEP 35 P2 MOVE 5 2 6 2
OWN
22000011000222220
22020000200011100
22020000202012100
21122000022012120
20112111122010100
01202000022000000
01210100011000200
00011221111111200
10111220011110000
10000222200000022
STEP 36 P1 MOVE 2 4 6 4
OWN
22000011000222220
22020000200011100
22021000202012100
21121000022012120
20111111122010100
01201000022000000
01211100011000200
00011221111111200
10111220011110000
10000222200000022
STEP 37 P2 MOVE 0 4 9 4
OWN
22002011000222220
22022000200011100
22022000202012100
21122000022012120
20112111122010100
01202000022000000
01212100011000200
00012221111111200
10112220011110000
10002222200000022
STEP 38 P1 MOVE 5 2 7 3
OWN
22002011000222220
22022000200011100
22022000202012100
21122000022012120
20112111122010100
01112000022000000
01112100011000200
00112221111111200
10112220011110000
10002222200000022
STEP 39 P2 MOVE -1 -1 -1 -1
OWN
22002011000222220
22022000200011100
22022000202012100
21122000022012120
20112111122010100
01112000022000000
01112100011000200
00112221111111200
10112220011110000
10002222200000022
STEP 40 P1 MOVE 8 8 9 9
OWN
22002011000222220
22022000200011100
22022000202012100
21122000022012120
20112111122010100
01112000022000000
01112100011000200
00112221111111200
10112220111110000
10002222110000022
STEP 41 P2 MOVE 8 7 8 13
OWN
22002011000222220
22022000200011100
22022000202012100
21122000022012120
20112111122010100
01112000022000000
01112100011000200
00112221111111200
10112222222222000
10002222110000022
STEP 42 P1 MOVE -1 -1 -1 -1
OWN
22002011000222220
22022000200011100
22022000202012100
21122000022012120
20112111122010100
01112000022000000
01112100011000200
00112221111111200
10112222222222000
10002222110000022
STEP 43 P2 MOVE -1 -1 -1 -1
OWN
22002011000222220
22022000200011100
22022000202012100
21122000022012120
20112111122010100
01112000022000000
01112100011000200
00112221111111200
10112222222222000
10002222110000022
RESULT first=43 second=56 winner=2
ANALYSIS winner=P2 score=43-56 reason=탈취우위(+8칸 빼앗음,2배효과) / 역전승 steal(w/l)=23/15 neu(w/l)=48/51
