BOARD
63564117471688369
71246569577649546
39732592111844717
43992548438915763
57369347279751332
71613591996973275
11514946498816666
17154468555191521
82769868771698189
97397329621854892
STEP 0 P1 MOVE 1 0 1 2
OWN
00000000000000000
11100000000000000
00000000000000000
00000000000000000
00000000000000000
00000000000000000
00000000000000000
00000000000000000
00000000000000000
00000000000000000
STEP 1 P2 MOVE 2 12 4 12
OWN
00000000000000000
11100000000000000
00000000000020000
00000000000020000
00000000000020000
00000000000000000
00000000000000000
00000000000000000
00000000000000000
00000000000000000
STEP 2 P1 MOVE 3 16 5 16
OWN
00000000000000000
11100000000000000
00000000000020000
00000000000020001
00000000000020001
00000000000000001
00000000000000000
00000000000000000
00000000000000000
00000000000000000
STEP 3 P2 MOVE 5 13 7 13
OWN
00000000000000000
11100000000000000
00000000000020000
00000000000020001
00000000000020001
00000000000002001
00000000000002000
00000000000002000
00000000000000000
00000000000000000
STEP 4 P1 MOVE 0 8 2 8
OWN
00000000100000000
11100000100000000
00000000100020000
00000000000020001
00000000000020001
00000000000002001
00000000000002000
00000000000002000
00000000000000000
00000000000000000
STEP 5 P2 MOVE 6 0 8 0
OWN
00000000100000000
11100000100000000
00000000100020000
00000000000020001
00000000000020001
00000000000002001
20000000000002000
20000000000002000
20000000000000000
00000000000000000
STEP 6 P1 MOVE 2 15 4 15
OWN
00000000100000000
11100000100000000
00000000100020010
00000000000020011
00000000000020011
00000000000002001
20000000000002000
20000000000002000
20000000000000000
00000000000000000
STEP 7 P2 MOVE 6 1 8 1
OWN
00000000100000000
11100000100000000
00000000100020010
00000000000020011
00000000000020011
00000000000002001
22000000000002000
22000000000002000
22000000000000000
00000000000000000
STEP 8 P1 MOVE 5 2 5 4
OWN
00000000100000000
11100000100000000
00000000100020010
00000000000020011
00000000000020011
00111000000002001
22000000000002000
22000000000002000
22000000000000000
00000000000000000
STEP 9 P2 MOVE 6 2 6 4
OWN
00000000100000000
11100000100000000
00000000100020010
00000000000020011
00000000000020011
00111000000002001
22222000000002000
22000000000002000
22000000000000000
00000000000000000
STEP 10 P1 MOVE 7 8 7 9
OWN
00000000100000000
11100000100000000
00000000100020010
00000000000020011
00000000000020011
00111000000002001
22222000000002000
22000000110002000
22000000000000000
00000000000000000
STEP 11 P2 MOVE 6 12 7 12
OWN
00000000100000000
11100000100000000
00000000100020010
00000000000020011
00000000000020011
00111000000002001
22222000000022000
22000000110022000
22000000000000000
00000000000000000
STEP 12 P1 MOVE 2 5 3 5
OWN
00000000100000000
11100000100000000
00000100100020010
00000100000020011
00000000000020011
00111000000002001
22222000000022000
22000000110022000
22000000000000000
00000000000000000
STEP 13 P2 MOVE 1 4 3 4
OWN
00000000100000000
11102000100000000
00002100100020010
00002100000020011
00000000000020011
00111000000002001
22222000000022000
22000000110022000
22000000000000000
00000000000000000
STEP 14 P1 MOVE 9 1 9 2
OWN
00000000100000000
11102000100000000
00002100100020010
00002100000020011
00000000000020011
00111000000002001
22222000000022000
22000000110022000
22000000000000000
01100000000000000
STEP 15 P2 MOVE 6 6 6 7
OWN
00000000100000000
11102000100000000
00002100100020010
00002100000020011
00000000000020011
00111000000002001
22222022000022000
22000000110022000
22000000000000000
01100000000000000
STEP 16 P1 MOVE 5 6 5 7
OWN
00000000100000000
11102000100000000
00002100100020010
00002100000020011
00000000000020011
00111011000002001
22222022000022000
22000000110022000
22000000000000000
01100000000000000
STEP 17 P2 MOVE 7 16 8 16
OWN
00000000100000000
11102000100000000
00002100100020010
00002100000020011
00000000000020011
00111011000002001
22222022000022000
22000000110022002
22000000000000002
01100000000000000
STEP 18 P1 MOVE 0 4 1 5
OWN
00001100100000000
11101100100000000
00002100100020010
00002100000020011
00000000000020011
00111011000002001
22222022000022000
22000000110022002
22000000000000002
01100000000000000
STEP 19 P2 MOVE 1 3 1 6
OWN
00001100100000000
11122220100000000
00002100100020010
00002100000020011
00000000000020011
00111011000002001
22222022000022000
22000000110022002
22000000000000002
01100000000000000
STEP 20 P1 MOVE 9 4 9 5
OWN
00001100100000000
11122220100000000
00002100100020010
00002100000020011
00000000000020011
00111011000002001
22222022000022000
22000000110022002
22000000000000002
01101100000000000
STEP 21 P2 MOVE 0 6 2 6
OWN
00001120100000000
11122220100000000
00002120100020010
00002100000020011
00000000000020011
00111011000002001
22222022000022000
22000000110022002
22000000000000002
01101100000000000
STEP 22 P1 MOVE 0 15 1 15
OWN
00001120100000010
11122220100000010
00002120100020010
00002100000020011
00000000000020011
00111011000002001
22222022000022000
22000000110022002
22000000000000002
01101100000000000
STEP 23 P2 MOVE 7 15 8 15
OWN
00001120100000010
11122220100000010
00002120100020010
00002100000020011
00000000000020011
00111011000002001
22222022000022000
22000000110022022
22000000000000022
01101100000000000
STEP 24 P1 MOVE 2 9 2 11
OWN
00001120100000010
11122220100000010
00002120111120010
00002100000020011
00000000000020011
00111011000002001
22222022000022000
22000000110022022
22000000000000022
01101100000000000
STEP 25 P2 MOVE 1 9 3 9
OWN
00001120100000010
11122220120000010
00002120121120010
00002100020020011
00000000000020011
00111011000002001
22222022000022000
22000000110022022
22000000000000022
01101100000000000
STEP 26 P1 MOVE 1 11 1 12
OWN
00001120100000010
11122220120110010
00002120121120010
00002100020020011
00000000000020011
00111011000002001
22222022000022000
22000000110022022
22000000000000022
01101100000000000
STEP 27 P2 MOVE 7 5 7 6
OWN
00001120100000010
11122220120110010
00002120121120010
00002100020020011
00000000000020011
00111011000002001
22222022000022000
22000220110022022
22000000000000022
01101100000000000
STEP 28 P1 MOVE 4 1 4 2
OWN
00001120100000010
11122220120110010
00002120121120010
00002100020020011
01100000000020011
00111011000002001
22222022000022000
22000220110022022
22000000000000022
01101100000000000
STEP 29 P2 MOVE 7 2 7 4
OWN
00001120100000010
11122220120110010
00002120121120010
00002100020020011
01100000000020011
00111011000002001
22222022000022000
22222220110022022
22000000000000022
01101100000000000
STEP 30 P1 MOVE 4 6 8 6
OWN
00001120100000010
11122220120110010
00002120121120010
00002100020020011
01100010000020011
00111011000002001
22222012000022000
22222210110022022
22000010000000022
01101100000000000
STEP 31 P2 MOVE 8 5 9 6
OWN
00001120100000010
11122220120110010
00002120121120010
00002100020020011
01100010000020011
00111011000002001
22222012000022000
22222210110022022
22000220000000022
01101220000000000
STEP 32 P1 MOVE 2 13 4 13
OWN
00001120100000010
11122220120110010
00002120121121010
00002100020021011
01100010000021011
00111011000002001
22222012000022000
22222210110022022
22000220000000022
01101220000000000
STEP 33 P2 MOVE 4 11 4 14
OWN
00001120100000010
11122220120110010
00002120121121010
00002100020021011
01100010000222211
00111011000002001
22222012000022000
22222210110022022
22000220000000022
01101220000000000
STEP 34 P1 MOVE 4 5 4 7
OWN
00001120100000010
11122220120110010
00002120121121010
00002100020021011
01100111000222211
00111011000002001
22222012000022000
22222210110022022
22000220000000022
01101220000000000
STEP 35 P2 MOVE 2 2 2 3
OWN
00001120100000010
11122220120110010
00222120121121010
00002100020021011
01100111000222211
00111011000002001
22222012000022000
22222210110022022
22000220000000022
01101220000000000
STEP 36 P1 MOVE -1 -1 -1 -1
OWN
00001120100000010
11122220120110010
00222120121121010
00002100020021011
01100111000222211
00111011000002001
22222012000022000
22222210110022022
22000220000000022
01101220000000000
STEP 37 P2 MOVE -1 -1 -1 -1
OWN
00001120100000010
11122220120110010
00222120121121010
00002100020021011
01100111000222211
00111011000002001
22222012000022000
22222210110022022
22000220000000022
01101220000000000
RESULT first=41 second=46 winner=2
ANALYSIS winner=P2 score=41-46 reason=Ĺ»ĂëżěŔ§(+3Ä­ »©ľŃŔ˝,2ąčČż°ú) steal(w/l)=6/3 neu(w/l)=43/44
