BOARD
85796869494895431
44465412771825469
84559663435574257
41918156355117699
22913214434388555
31149151954897417
95439875566645288
23746534891258896
87418531885212675
91724566614218635
STEP 0 P1 MOVE 2 5 5 5
OWN
00000000000000000
00000000000000000
00000100000000000
00000100000000000
00000100000000000
00000100000000000
00000000000000000
00000000000000000
00000000000000000
00000000000000000
STEP 1 P2 MOVE 6 3 9 3
OWN
00000000000000000
00000000000000000
00000100000000000
00000100000000000
00000100000000000
00000100000000000
00020000000000000
00020000000000000
00020000000000000
00020000000000000
STEP 2 P1 MOVE 7 11 8 12
OWN
00000000000000000
00000000000000000
00000100000000000
00000100000000000
00000100000000000
00000100000000000
00020000000000000
00020000000110000
00020000000110000
00020000000000000
STEP 3 P2 MOVE 0 14 2 14
OWN
00000000000000200
00000000000000200
00000100000000200
00000100000000000
00000100000000000
00000100000000000
00020000000000000
00020000000110000
00020000000110000
00020000000000000
STEP 4 P1 MOVE 7 13 8 13
OWN
00000000000000200
00000000000000200
00000100000000200
00000100000000000
00000100000000000
00000100000000000
00020000000000000
00020000000111000
00020000000111000
00020000000000000
STEP 5 P2 MOVE 6 7 8 7
OWN
00000000000000200
00000000000000200
00000100000000200
00000100000000000
00000100000000000
00000100000000000
00020002000000000
00020002000111000
00020002000111000
00020000000000000
STEP 6 P1 MOVE 1 4 1 6
OWN
00000000000000200
00001110000000200
00000100000000200
00000100000000000
00000100000000000
00000100000000000
00020002000000000
00020002000111000
00020002000111000
00020000000000000
STEP 7 P2 MOVE 1 12 3 12
OWN
00000000000000200
00001110000020200
00000100000020200
00000100000020000
00000100000000000
00000100000000000
00020002000000000
00020002000111000
00020002000111000
00020000000000000
STEP 8 P1 MOVE 0 10 2 10
OWN
00000000001000200
00001110001020200
00000100001020200
00000100000020000
00000100000000000
00000100000000000
00020002000000000
00020002000111000
00020002000111000
00020000000000000
STEP 9 P2 MOVE 7 5 8 5
OWN
00000000001000200
00001110001020200
00000100001020200
00000100000020000
00000100000000000
00000100000000000
00020002000000000
00020202000111000
00020202000111000
00020000000000000
STEP 10 P1 MOVE 4 9 4 11
OWN
00000000001000200
00001110001020200
00000100001020200
00000100000020000
00000100011100000
00000100000000000
00020002000000000
00020202000111000
00020202000111000
00020000000000000
STEP 11 P2 MOVE 1 9 2 9
OWN
00000000001000200
00001110021020200
00000100021020200
00000100000020000
00000100011100000
00000100000000000
00020002000000000
00020202000111000
00020202000111000
00020000000000000
STEP 12 P1 MOVE 0 13 1 13
OWN
00000000001001200
00001110021021200
00000100021020200
00000100000020000
00000100011100000
00000100000000000
00020002000000000
00020202000111000
00020202000111000
00020000000000000
STEP 13 P2 MOVE 5 10 6 10
OWN
00000000001001200
00001110021021200
00000100021020200
00000100000020000
00000100011100000
00000100002000000
00020002002000000
00020202000111000
00020202000111000
00020000000000000
STEP 14 P1 MOVE 3 9 5 9
OWN
00000000001001200
00001110021021200
00000100021020200
00000100010020000
00000100011100000
00000100012000000
00020002002000000
00020202000111000
00020202000111000
00020000000000000
STEP 15 P2 MOVE 7 1 7 2
OWN
00000000001001200
00001110021021200
00000100021020200
00000100010020000
00000100011100000
00000100012000000
00020002002000000
02220202000111000
00020202000111000
00020000000000000
STEP 16 P1 MOVE 4 2 5 2
OWN
00000000001001200
00001110021021200
00000100021020200
00000100010020000
00100100011100000
00100100012000000
00020002002000000
02220202000111000
00020202000111000
00020000000000000
STEP 17 P2 MOVE 8 16 9 16
OWN
00000000001001200
00001110021021200
00000100021020200
00000100010020000
00100100011100000
00100100012000000
00020002002000000
02220202000111000
00020202000111002
00020000000000002
STEP 18 P1 MOVE 0 16 1 16
OWN
00000000001001201
00001110021021201
00000100021020200
00000100010020000
00100100011100000
00100100012000000
00020002002000000
02220202000111000
00020202000111002
00020000000000002
STEP 19 P2 MOVE 6 11 6 12
OWN
00000000001001201
00001110021021201
00000100021020200
00000100010020000
00100100011100000
00100100012000000
00020002002220000
02220202000111000
00020202000111002
00020000000000002
STEP 20 P1 MOVE 5 1 6 2
OWN
00000000001001201
00001110021021201
00000100021020200
00000100010020000
00100100011100000
01100100012000000
01120002002220000
02220202000111000
00020202000111002
00020000000000002
STEP 21 P2 MOVE 5 12 9 12
OWN
00000000001001201
00001110021021201
00000100021020200
00000100010020000
00100100011100000
01100100012020000
01120002002220000
02220202000121000
00020202000121002
00020000000020002
STEP 22 P1 MOVE 5 11 9 11
OWN
00000000001001201
00001110021021201
00000100021020200
00000100010020000
00100100011100000
01100100012120000
01120002002120000
02220202000121000
00020202000121002
00020000000120002
STEP 23 P2 MOVE 7 10 9 10
OWN
00000000001001201
00001110021021201
00000100021020200
00000100010020000
00100100011100000
01100100012120000
01120002002120000
02220202002121000
00020202002121002
00020000002120002
STEP 24 P1 MOVE 9 0 9 1
OWN
00000000001001201
00001110021021201
00000100021020200
00000100010020000
00100100011100000
01100100012120000
01120002002120000
02220202002121000
00020202002121002
11020000002120002
STEP 25 P2 MOVE 6 6 7 6
OWN
00000000001001201
00001110021021201
00000100021020200
00000100010020000
00100100011100000
01100100012120000
01120022002120000
02220222002121000
00020202002121002
11020000002120002
STEP 26 P1 MOVE 2 2 2 3
OWN
00000000001001201
00001110021021201
00110100021020200
00000100010020000
00100100011100000
01100100012120000
01120022002120000
02220222002121000
00020202002121002
11020000002120002
STEP 27 P2 MOVE 7 0 8 0
OWN
00000000001001201
00001110021021201
00110100021020200
00000100010020000
00100100011100000
01100100012120000
01120022002120000
22220222002121000
20020202002121002
11020000002120002
STEP 28 P1 MOVE 8 15 9 15
OWN
00000000001001201
00001110021021201
00110100021020200
00000100010020000
00100100011100000
01100100012120000
01120022002120000
22220222002121000
20020202002121012
11020000002120012
STEP 29 P2 MOVE 1 2 1 3
OWN
00000000001001201
00221110021021201
00110100021020200
00000100010020000
00100100011100000
01100100012120000
01120022002120000
22220222002121000
20020202002121012
11020000002120012
STEP 30 P1 MOVE 1 0 1 7
OWN
00000000001001201
11111111021021201
00110100021020200
00000100010020000
00100100011100000
01100100012120000
01120022002120000
22220222002121000
20020202002121012
11020000002120012
STEP 31 P2 MOVE 0 1 3 1
OWN
02000000001001201
12111111021021201
02110100021020200
02000100010020000
00100100011100000
01100100012120000
01120022002120000
22220222002121000
20020202002121012
11020000002120012
STEP 32 P1 MOVE 0 3 3 3
OWN
02010000001001201
12111111021021201
02110100021020200
02010100010020000
00100100011100000
01100100012120000
01120022002120000
22220222002121000
20020202002121012
11020000002120012
STEP 33 P2 MOVE 3 2 4 3
OWN
02010000001001201
12111111021021201
02110100021020200
02220100010020000
00220100011100000
01100100012120000
01120022002120000
22220222002121000
20020202002121012
11020000002120012
STEP 34 P1 MOVE 4 1 4 7
OWN
02010000001001201
12111111021021201
02110100021020200
02220100010020000
01111111011100000
01100100012120000
01120022002120000
22220222002121000
20020202002121012
11020000002120012
STEP 35 P2 MOVE 2 7 5 7
OWN
02010000001001201
12111111021021201
02110102021020200
02220102010020000
01111112011100000
01100102012120000
01120022002120000
22220222002121000
20020202002121012
11020000002120012
STEP 36 P1 MOVE 6 14 6 15
OWN
02010000001001201
12111111021021201
02110102021020200
02220102010020000
01111112011100000
01100102012120000
01120022002120110
22220222002121000
20020202002121012
11020000002120012
STEP 37 P2 MOVE 3 6 5 6
OWN
02010000001001201
12111111021021201
02110102021020200
02220122010020000
01111122011100000
01100122012120000
01120022002120110
22220222002121000
20020202002121012
11020000002120012
STEP 38 P1 MOVE 4 14 4 15
OWN
02010000001001201
12111111021021201
02110102021020200
02220122010020000
01111122011100110
01100122012120000
01120022002120110
22220222002121000
20020202002121012
11020000002120012
STEP 39 P2 MOVE 3 15 5 15
OWN
02010000001001201
12111111021021201
02110102021020200
02220122010020020
01111122011100120
01100122012120020
01120022002120110
22220222002121000
20020202002121012
11020000002120012
STEP 40 P1 MOVE 3 14 5 14
OWN
02010000001001201
12111111021021201
02110102021020200
02220122010020120
01111122011100120
01100122012120120
01120022002120110
22220222002121000
20020202002121012
11020000002120012
STEP 41 P2 MOVE -1 -1 -1 -1
OWN
02010000001001201
12111111021021201
02110102021020200
02220122010020120
01111122011100120
01100122012120120
01120022002120110
22220222002121000
20020202002121012
11020000002120012
STEP 42 P1 MOVE 2 6 2 8
OWN
02010000001001201
12111111021021201
02110111121020200
02220122010020120
01111122011100120
01100122012120120
01120022002120110
22220222002121000
20020202002121012
11020000002120012
STEP 43 P2 MOVE 1 8 3 8
OWN
02010000001001201
12111111221021201
02110111221020200
02220122210020120
01111122011100120
01100122012120120
01120022002120110
22220222002121000
20020202002121012
11020000002120012
STEP 44 P1 MOVE -1 -1 -1 -1
OWN
02010000001001201
12111111221021201
02110111221020200
02220122210020120
01111122011100120
01100122012120120
01120022002120110
22220222002121000
20020202002121012
11020000002120012
STEP 45 P2 MOVE -1 -1 -1 -1
OWN
02010000001001201
12111111221021201
02110111221020200
02220122210020120
01111122011100120
01100122012120120
01120022002120110
22220222002121000
20020202002121012
11020000002120012
RESULT first=52 second=53 winner=2
ANALYSIS winner=P2 score=52-53 reason=Ĺ»ĂëżěŔ§(+3Ä­ »©ľŃŔ˝,2ąčČż°ú) steal(w/l)=9/6 neu(w/l)=50/55
