BOARD
63967612643282357
32625497636397776
52417712696738157
22813764453226558
96365325581948654
69778374548572332
18152245812142486
24195819934975653
94263454533173554
22933542645895728
STEP 0 P1 MOVE 2 10 4 10
OWN
00000000000000000
00000000000000000
00000000001000000
00000000001000000
00000000001000000
00000000000000000
00000000000000000
00000000000000000
00000000000000000
00000000000000000
STEP 1 P2 MOVE 0 13 0 15
OWN
00000000000002220
00000000000000000
00000000001000000
00000000001000000
00000000001000000
00000000000000000
00000000000000000
00000000000000000
00000000000000000
00000000000000000
STEP 2 P1 MOVE 1 3 4 3
OWN
00000000000002220
00010000000000000
00010000001000000
00010000001000000
00010000001000000
00000000000000000
00000000000000000
00000000000000000
00000000000000000
00000000000000000
STEP 3 P2 MOVE 6 9 7 10
OWN
00000000000002220
00010000000000000
00010000001000000
00010000001000000
00010000001000000
00000000000000000
00000000022000000
00000000022000000
00000000000000000
00000000000000000
STEP 4 P1 MOVE 6 2 6 5
OWN
00000000000002220
00010000000000000
00010000001000000
00010000001000000
00010000001000000
00000000000000000
00111100022000000
00000000022000000
00000000000000000
00000000000000000
STEP 5 P2 MOVE 1 0 3 0
OWN
00000000000002220
20010000000000000
20010000001000000
20010000001000000
00010000001000000
00000000000000000
00111100022000000
00000000022000000
00000000000000000
00000000000000000
STEP 6 P1 MOVE 2 1 4 1
OWN
00000000000002220
20010000000000000
21010000001000000
21010000001000000
01010000001000000
00000000000000000
00111100022000000
00000000022000000
00000000000000000
00000000000000000
STEP 7 P2 MOVE 5 2 8 2
OWN
00000000000002220
20010000000000000
21010000001000000
21010000001000000
01010000001000000
00200000000000000
00211100022000000
00200000022000000
00200000000000000
00000000000000000
STEP 8 P1 MOVE 4 2 5 3
OWN
00000000000002220
20010000000000000
21010000001000000
21010000001000000
01110000001000000
00110000000000000
00211100022000000
00200000022000000
00200000000000000
00000000000000000
STEP 9 P2 MOVE 7 1 9 1
OWN
00000000000002220
20010000000000000
21010000001000000
21010000001000000
01110000001000000
00110000000000000
00211100022000000
02200000022000000
02200000000000000
02000000000000000
STEP 10 P1 MOVE 2 5 2 7
OWN
00000000000002220
20010000000000000
21010111001000000
21010000001000000
01110000001000000
00110000000000000
00211100022000000
02200000022000000
02200000000000000
02000000000000000
STEP 11 P2 MOVE 6 13 8 13
OWN
00000000000002220
20010000000000000
21010111001000000
21010000001000000
01110000001000000
00110000000000000
00211100022002000
02200000022002000
02200000000002000
02000000000000000
STEP 12 P1 MOVE 3 5 4 5
OWN
00000000000002220
20010000000000000
21010111001000000
21010100001000000
01110100001000000
00110000000000000
00211100022002000
02200000022002000
02200000000002000
02000000000000000
STEP 13 P2 MOVE 2 15 3 15
OWN
00000000000002220
20010000000000000
21010111001000020
21010100001000020
01110100001000000
00110000000000000
00211100022002000
02200000022002000
02200000000002000
02000000000000000
STEP 14 P1 MOVE 4 8 5 8
OWN
00000000000002220
20010000000000000
21010111001000020
21010100001000020
01110100101000000
00110000100000000
00211100022002000
02200000022002000
02200000000002000
02000000000000000
STEP 15 P2 MOVE 0 6 1 6
OWN
00000020000002220
20010020000000000
21010111001000020
21010100001000020
01110100101000000
00110000100000000
00211100022002000
02200000022002000
02200000000002000
02000000000000000
STEP 16 P1 MOVE 0 5 1 5
OWN
00000120000002220
20010120000000000
21010111001000020
21010100001000020
01110100101000000
00110000100000000
00211100022002000
02200000022002000
02200000000002000
02000000000000000
STEP 17 P2 MOVE 8 14 8 15
OWN
00000120000002220
20010120000000000
21010111001000020
21010100001000020
01110100101000000
00110000100000000
00211100022002000
02200000022002000
02200000000002220
02000000000000000
STEP 18 P1 MOVE 7 11 8 11
OWN
00000120000002220
20010120000000000
21010111001000020
21010100001000020
01110100101000000
00110000100000000
00211100022002000
02200000022102000
02200000000102220
02000000000000000
STEP 19 P2 MOVE 7 6 7 7
OWN
00000120000002220
20010120000000000
21010111001000020
21010100001000020
01110100101000000
00110000100000000
00211100022002000
02200022022102000
02200000000102220
02000000000000000
STEP 20 P1 MOVE 0 8 0 9
OWN
00000120110002220
20010120000000000
21010111001000020
21010100001000020
01110100101000000
00110000100000000
00211100022002000
02200022022102000
02200000000102220
02000000000000000
STEP 21 P2 MOVE 9 8 9 9
OWN
00000120110002220
20010120000000000
21010111001000020
21010100001000020
01110100101000000
00110000100000000
00211100022002000
02200022022102000
02200000000102220
02000000220000000
STEP 22 P1 MOVE 1 11 2 11
OWN
00000120110002220
20010120000100000
21010111001100020
21010100001000020
01110100101000000
00110000100000000
00211100022002000
02200022022102000
02200000000102220
02000000220000000
STEP 23 P2 MOVE 2 4 3 4
OWN
00000120110002220
20010120000100000
21012111001100020
21012100001000020
01110100101000000
00110000100000000
00211100022002000
02200022022102000
02200000000102220
02000000220000000
STEP 24 P1 MOVE 2 8 3 8
OWN
00000120110002220
20010120000100000
21012111101100020
21012100101000020
01110100101000000
00110000100000000
00211100022002000
02200022022102000
02200000000102220
02000000220000000
STEP 25 P2 MOVE 3 6 3 7
OWN
00000120110002220
20010120000100000
21012111101100020
21012122101000020
01110100101000000
00110000100000000
00211100022002000
02200022022102000
02200000000102220
02000000220000000
STEP 26 P1 MOVE 5 13 5 16
OWN
00000120110002220
20010120000100000
21012111101100020
21012122101000020
01110100101000000
00110000100001111
00211100022002000
02200022022102000
02200000000102220
02000000220000000
STEP 27 P2 MOVE 4 14 6 14
OWN
00000120110002220
20010120000100000
21012111101100020
21012122101000020
01110100101000200
00110000100001211
00211100022002200
02200022022102000
02200000000102220
02000000220000000
STEP 28 P1 MOVE 3 14 4 15
OWN
00000120110002220
20010120000100000
21012111101100020
21012122101000110
01110100101000110
00110000100001211
00211100022002200
02200022022102000
02200000000102220
02000000220000000
STEP 29 P2 MOVE 4 16 6 16
OWN
00000120110002220
20010120000100000
21012111101100020
21012122101000110
01110100101000112
00110000100001212
00211100022002202
02200022022102000
02200000000102220
02000000220000000
STEP 30 P1 MOVE 3 11 3 13
OWN
00000120110002220
20010120000100000
21012111101100020
21012122101111110
01110100101000112
00110000100001212
00211100022002202
02200022022102000
02200000000102220
02000000220000000
STEP 31 P2 MOVE 9 15 9 16
OWN
00000120110002220
20010120000100000
21012111101100020
21012122101111110
01110100101000112
00110000100001212
00211100022002202
02200022022102000
02200000000102220
02000000220000022
STEP 32 P1 MOVE 5 5 5 6
OWN
00000120110002220
20010120000100000
21012111101100020
21012122101111110
01110100101000112
00110110100001212
00211100022002202
02200022022102000
02200000000102220
02000000220000022
STEP 33 P2 MOVE 1 4 4 4
OWN
00000120110002220
20012120000100000
21012111101100020
21012122101111110
01112100101000112
00110110100001212
00211100022002202
02200022022102000
02200000000102220
02000000220000022
STEP 34 P1 MOVE 3 2 4 6
OWN
00000120110002220
20012120000100000
21012111101100020
21111112101111110
01111110101000112
00110110100001212
00211100022002202
02200022022102000
02200000000102220
02000000220000022
STEP 35 P2 MOVE 1 2 2 2
OWN
00000120110002220
20212120000100000
21212111101100020
21111112101111110
01111110101000112
00110110100001212
00211100022002202
02200022022102000
02200000000102220
02000000220000022
STEP 36 P1 MOVE -1 -1 -1 -1
OWN
00000120110002220
20212120000100000
21212111101100020
21111112101111110
01111110101000112
00110110100001212
00211100022002202
02200022022102000
02200000000102220
02000000220000022
STEP 37 P2 MOVE 8 10 8 12
OWN
00000120110002220
20212120000100000
21212111101100020
21111112101111110
01111110101000112
00110110100001212
00211100022002202
02200022022102000
02200000002222220
02000000220000022
STEP 38 P1 MOVE 7 9 8 12
OWN
00000120110002220
20212120000100000
21212111101100020
21111112101111110
01111110101000112
00110110100001212
00211100022002202
02200022011112000
02200000011112220
02000000220000022
STEP 39 P2 MOVE 6 12 7 14
OWN
00000120110002220
20212120000100000
21212111101100020
21111112101111110
01111110101000112
00110110100001212
00211100022022202
02200022011122200
02200000011112220
02000000220000022
STEP 40 P1 MOVE 8 8 9 10
OWN
00000120110002220
20212120000100000
21212111101100020
21111112101111110
01111110101000112
00110110100001212
00211100022022202
02200022011122200
02200000111112220
02000000111000022
STEP 41 P2 MOVE 9 7 9 11
OWN
00000120110002220
20212120000100000
21212111101100020
21111112101111110
01111110101000112
00110110100001212
00211100022022202
02200022011122200
02200000111112220
02000002222200022
STEP 42 P1 MOVE 6 11 9 12
OWN
00000120110002220
20212120000100000
21212111101100020
21111112101111110
01111110101000112
00110110100001212
00211100022112202
02200022011112200
02200000111112220
02000002222110022
STEP 43 P2 MOVE -1 -1 -1 -1
OWN
00000120110002220
20212120000100000
21212111101100020
21111112101111110
01111110101000112
00110110100001212
00211100022112202
02200022011112200
02200000111112220
02000002222110022
STEP 44 P1 MOVE -1 -1 -1 -1
OWN
00000120110002220
20212120000100000
21212111101100020
21111112101111110
01111110101000112
00110110100001212
00211100022112202
02200022011112200
02200000111112220
02000002222110022
RESULT first=60 second=41 winner=1
ANALYSIS winner=P1 score=60-41 reason=Ĺ»ĂëżěŔ§(+8Ä­ »©ľŃŔ˝,2ąčČż°ú) / şóÄ­Ľ±Áˇ(+3) steal(w/l)=16/8 neu(w/l)=52/49
