BOARD
29899589229458165
29944362779626546
46376832931515135
93973624224729346
47945783869533821
13322956446768612
14923929687676782
92742114147798671
86687472868534863
53729615668619842
STEP 0 P1 MOVE 5 16 9 16
OWN
00000000000000000
00000000000000000
00000000000000000
00000000000000000
00000000000000000
00000000000000001
00000000000000001
00000000000000001
00000000000000001
00000000000000001
STEP 1 P2 MOVE 2 9 2 12
OWN
00000000000000000
00000000000000000
00000000022220000
00000000000000000
00000000000000000
00000000000000001
00000000000000001
00000000000000001
00000000000000001
00000000000000001
STEP 2 P1 MOVE 2 15 5 15
OWN
00000000000000000
00000000000000000
00000000022220010
00000000000000010
00000000000000010
00000000000000011
00000000000000001
00000000000000001
00000000000000001
00000000000000001
STEP 3 P2 MOVE 3 4 5 4
OWN
00000000000000000
00000000000000000
00000000022220010
00002000000000010
00002000000000010
00002000000000011
00000000000000001
00000000000000001
00000000000000001
00000000000000001
STEP 4 P1 MOVE 5 9 5 10
OWN
00000000000000000
00000000000000000
00000000022220010
00002000000000010
00002000000000010
00002000011000011
00000000000000001
00000000000000001
00000000000000001
00000000000000001
STEP 5 P2 MOVE 5 8 6 8
OWN
00000000000000000
00000000000000000
00000000022220010
00002000000000010
00002000000000010
00002000211000011
00000000200000001
00000000000000001
00000000000000001
00000000000000001
STEP 6 P1 MOVE 3 1 4 1
OWN
00000000000000000
00000000000000000
00000000022220010
01002000000000010
01002000000000010
00002000211000011
00000000200000001
00000000000000001
00000000000000001
00000000000000001
STEP 7 P2 MOVE 2 2 2 3
OWN
00000000000000000
00000000000000000
00220000022220010
01002000000000010
01002000000000010
00002000211000011
00000000200000001
00000000000000001
00000000000000001
00000000000000001
STEP 8 P1 MOVE 0 11 1 11
OWN
00000000000100000
00000000000100000
00220000022220010
01002000000000010
01002000000000010
00002000211000011
00000000200000001
00000000000000001
00000000000000001
00000000000000001
STEP 9 P2 MOVE 1 15 1 16
OWN
00000000000100000
00000000000100022
00220000022220010
01002000000000010
01002000000000010
00002000211000011
00000000200000001
00000000000000001
00000000000000001
00000000000000001
STEP 10 P1 MOVE 7 9 8 9
OWN
00000000000100000
00000000000100022
00220000022220010
01002000000000010
01002000000000010
00002000211000011
00000000200000001
00000000010000001
00000000010000001
00000000000000001
STEP 11 P2 MOVE 0 14 3 14
OWN
00000000000100200
00000000000100222
00220000022220210
01002000000000210
01002000000000010
00002000211000011
00000000200000001
00000000010000001
00000000010000001
00000000000000001
STEP 12 P1 MOVE 0 16 2 16
OWN
00000000000100201
00000000000100221
00220000022220211
01002000000000210
01002000000000010
00002000211000011
00000000200000001
00000000010000001
00000000010000001
00000000000000001
STEP 13 P2 MOVE 6 6 8 6
OWN
00000000000100201
00000000000100221
00220000022220211
01002000000000210
01002000000000010
00002000211000011
00000020200000001
00000020010000001
00000020010000001
00000000000000001
STEP 14 P1 MOVE 1 4 2 4
OWN
00000000000100201
00001000000100221
00221000022220211
01002000000000210
01002000000000010
00002000211000011
00000020200000001
00000020010000001
00000020010000001
00000000000000001
STEP 15 P2 MOVE 6 5 7 5
OWN
00000000000100201
00001000000100221
00221000022220211
01002000000000210
01002000000000010
00002000211000011
00000220200000001
00000220010000001
00000020010000001
00000000000000001
STEP 16 P1 MOVE 8 15 9 15
OWN
00000000000100201
00001000000100221
00221000022220211
01002000000000210
01002000000000010
00002000211000011
00000220200000001
00000220010000001
00000020010000011
00000000000000011
STEP 17 P2 MOVE 2 0 2 1
OWN
00000000000100201
00001000000100221
22221000022220211
01002000000000210
01002000000000010
00002000211000011
00000220200000001
00000220010000001
00000020010000011
00000000000000011
STEP 18 P1 MOVE 9 1 9 2
OWN
00000000000100201
00001000000100221
22221000022220211
01002000000000210
01002000000000010
00002000211000011
00000220200000001
00000220010000001
00000020010000011
01100000000000011
STEP 19 P2 MOVE 9 12 9 13
OWN
00000000000100201
00001000000100221
22221000022220211
01002000000000210
01002000000000010
00002000211000011
00000220200000001
00000220010000001
00000020010000011
01100000000022011
STEP 20 P1 MOVE 8 3 9 3
OWN
00000000000100201
00001000000100221
22221000022220211
01002000000000210
01002000000000010
00002000211000011
00000220200000001
00000220010000001
00010020010000011
01110000000022011
STEP 21 P2 MOVE 3 6 4 6
OWN
00000000000100201
00001000000100221
22221000022220211
01002020000000210
01002020000000010
00002000211000011
00000220200000001
00000220010000001
00010020010000011
01110000000022011
STEP 22 P1 MOVE 3 5 3 7
OWN
00000000000100201
00001000000100221
22221000022220211
01002111000000210
01002020000000010
00002000211000011
00000220200000001
00000220010000001
00010020010000011
01110000000022011
STEP 23 P2 MOVE 8 5 9 5
OWN
00000000000100201
00001000000100221
22221000022220211
01002111000000210
01002020000000010
00002000211000011
00000220200000001
00000220010000001
00010220010000011
01110200000022011
STEP 24 P1 MOVE 8 7 8 8
OWN
00000000000100201
00001000000100221
22221000022220211
01002111000000210
01002020000000010
00002000211000011
00000220200000001
00000220010000001
00010221110000011
01110200000022011
STEP 25 P2 MOVE 3 8 4 8
OWN
00000000000100201
00001000000100221
22221000022220211
01002111200000210
01002020200000010
00002000211000011
00000220200000001
00000220010000001
00010221110000011
01110200000022011
STEP 26 P1 MOVE 2 8 7 8
OWN
00000000000100201
00001000000100221
22221000122220211
01002111100000210
01002020100000010
00002000111000011
00000220100000001
00000220110000001
00010221110000011
01110200000022011
STEP 27 P2 MOVE 7 6 9 7
OWN
00000000000100201
00001000000100221
22221000122220211
01002111100000210
01002020100000010
00002000111000011
00000220100000001
00000222110000001
00010222110000011
01110222000022011
STEP 28 P1 MOVE -1 -1 -1 -1
OWN
00000000000100201
00001000000100221
22221000122220211
01002111100000210
01002020100000010
00002000111000011
00000220100000001
00000222110000001
00010222110000011
01110222000022011
STEP 29 P2 MOVE 2 6 2 13
OWN
00000000000100201
00001000000100221
22221022222222211
01002111100000210
01002020100000010
00002000111000011
00000220100000001
00000222110000001
00010222110000011
01110222000022011
STEP 30 P1 MOVE 2 5 3 9
OWN
00000000000100201
00001000000100221
22221111112222211
01002111110000210
01002020100000010
00002000111000011
00000220100000001
00000222110000001
00010222110000011
01110222000022011
STEP 31 P2 MOVE 1 5 4 5
OWN
00000000000100201
00001200000100221
22221211112222211
01002211110000210
01002220100000010
00002000111000011
00000220100000001
00000222110000001
00010222110000011
01110222000022011
STEP 32 P1 MOVE 1 3 1 6
OWN
00000000000100201
00011110000100221
22221211112222211
01002211110000210
01002220100000010
00002000111000011
00000220100000001
00000222110000001
00010222110000011
01110222000022011
STEP 33 P2 MOVE -1 -1 -1 -1
OWN
00000000000100201
00011110000100221
22221211112222211
01002211110000210
01002220100000010
00002000111000011
00000220100000001
00000222110000001
00010222110000011
01110222000022011
STEP 34 P1 MOVE -1 -1 -1 -1
OWN
00000000000100201
00011110000100221
22221211112222211
01002211110000210
01002220100000010
00002000111000011
00000220100000001
00000222110000001
00010222110000011
01110222000022011
RESULT first=44 second=33 winner=1
ANALYSIS winner=P1 score=44-33 reason=Ĺ»ĂëżěŔ§(+7Ä­ »©ľŃŔ˝,2ąčČż°ú) steal(w/l)=11/4 neu(w/l)=37/40
