BOARD
74828726723693564
57617828894352141
42817197181667493
86892246386868857
16333328377254512
42344838562497667
56819255918679217
31785786348421841
89236946445842788
78118625256391993
STEP 0 P1 MOVE 3 4 4 5
OWN
00000000000000000
00000000000000000
00000000000000000
00001100000000000
00001100000000000
00000000000000000
00000000000000000
00000000000000000
00000000000000000
00000000000000000
STEP 1 P2 MOVE 0 14 2 14
OWN
00000000000000200
00000000000000200
00000000000000200
00001100000000000
00001100000000000
00000000000000000
00000000000000000
00000000000000000
00000000000000000
00000000000000000
STEP 2 P1 MOVE 4 6 6 6
OWN
00000000000000200
00000000000000200
00000000000000200
00001100000000000
00001110000000000
00000010000000000
00000010000000000
00000000000000000
00000000000000000
00000000000000000
STEP 3 P2 MOVE 4 13 4 15
OWN
00000000000000200
00000000000000200
00000000000000200
00001100000000000
00001110000002220
00000010000000000
00000010000000000
00000000000000000
00000000000000000
00000000000000000
STEP 4 P1 MOVE 7 2 9 2
OWN
00000000000000200
00000000000000200
00000000000000200
00001100000000000
00001110000002220
00000010000000000
00000010000000000
00100000000000000
00100000000000000
00100000000000000
STEP 5 P2 MOVE 2 8 2 10
OWN
00000000000000200
00000000000000200
00000000222000200
00001100000000000
00001110000002220
00000010000000000
00000010000000000
00100000000000000
00100000000000000
00100000000000000
STEP 6 P1 MOVE 5 11 6 11
OWN
00000000000000200
00000000000000200
00000000222000200
00001100000000000
00001110000002220
00000010000100000
00000010000100000
00100000000000000
00100000000000000
00100000000000000
STEP 7 P2 MOVE 0 2 0 3
OWN
00220000000000200
00000000000000200
00000000222000200
00001100000000000
00001110000002220
00000010000100000
00000010000100000
00100000000000000
00100000000000000
00100000000000000
STEP 8 P1 MOVE 5 10 6 10
OWN
00220000000000200
00000000000000200
00000000222000200
00001100000000000
00001110000002220
00000010001100000
00000010001100000
00100000000000000
00100000000000000
00100000000000000
STEP 9 P2 MOVE 1 5 1 6
OWN
00220000000000200
00000220000000200
00000000222000200
00001100000000000
00001110000002220
00000010001100000
00000010001100000
00100000000000000
00100000000000000
00100000000000000
STEP 10 P1 MOVE 5 5 6 5
OWN
00220000000000200
00000220000000200
00000000222000200
00001100000000000
00001110000002220
00000110001100000
00000110001100000
00100000000000000
00100000000000000
00100000000000000
STEP 11 P2 MOVE 9 13 9 14
OWN
00220000000000200
00000220000000200
00000000222000200
00001100000000000
00001110000002220
00000110001100000
00000110001100000
00100000000000000
00100000000000000
00100000000002200
STEP 12 P1 MOVE 2 5 2 6
OWN
00220000000000200
00000220000000200
00000110222000200
00001100000000000
00001110000002220
00000110001100000
00000110001100000
00100000000000000
00100000000000000
00100000000002200
STEP 13 P2 MOVE 8 7 8 8
OWN
00220000000000200
00000220000000200
00000110222000200
00001100000000000
00001110000002220
00000110001100000
00000110001100000
00100000000000000
00100002200000000
00100000000002200
STEP 14 P1 MOVE 4 0 6 0
OWN
00220000000000200
00000220000000200
00000110222000200
00001100000000000
10001110000002220
10000110001100000
10000110001100000
00100000000000000
00100002200000000
00100000000002200
STEP 15 P2 MOVE 6 0 7 1
OWN
00220000000000200
00000220000000200
00000110222000200
00001100000000000
10001110000002220
10000110001100000
22000110001100000
22100000000000000
00100002200000000
00100000000002200
STEP 16 P1 MOVE 2 1 2 2
OWN
00220000000000200
00000220000000200
01100110222000200
00001100000000000
10001110000002220
10000110001100000
22000110001100000
22100000000000000
00100002200000000
00100000000002200
STEP 17 P2 MOVE 4 8 4 9
OWN
00220000000000200
00000220000000200
01100110222000200
00001100000000000
10001110220002220
10000110001100000
22000110001100000
22100000000000000
00100002200000000
00100000000002200
STEP 18 P1 MOVE 6 3 6 4
OWN
00220000000000200
00000220000000200
01100110222000200
00001100000000000
10001110220002220
10000110001100000
22011110001100000
22100000000000000
00100002200000000
00100000000002200
STEP 19 P2 MOVE 3 11 4 11
OWN
00220000000000200
00000220000000200
01100110222000200
00001100000200000
10001110220202220
10000110001100000
22011110001100000
22100000000000000
00100002200000000
00100000000002200
STEP 20 P1 MOVE 2 11 7 11
OWN
00220000000000200
00000220000000200
01100110222100200
00001100000100000
10001110220102220
10000110001100000
22011110001100000
22100000000100000
00100002200000000
00100000000002200
STEP 21 P2 MOVE 2 3 3 3
OWN
00220000000000200
00000220000000200
01120110222100200
00021100000100000
10001110220102220
10000110001100000
22011110001100000
22100000000100000
00100002200000000
00100000000002200
STEP 22 P1 MOVE 7 10 7 12
OWN
00220000000000200
00000220000000200
01120110222100200
00021100000100000
10001110220102220
10000110001100000
22011110001100000
22100000001110000
00100002200000000
00100000000002200
STEP 23 P2 MOVE 2 3 4 4
OWN
00220000000000200
00000220000000200
01122110222100200
00022100000100000
10022110220102220
10000110001100000
22011110001100000
22100000001110000
00100002200000000
00100000000002200
STEP 24 P1 MOVE 4 2 5 3
OWN
00220000000000200
00000220000000200
01122110222100200
00022100000100000
10112110220102220
10110110001100000
22011110001100000
22100000001110000
00100002200000000
00100000000002200
STEP 25 P2 MOVE 6 14 6 16
OWN
00220000000000200
00000220000000200
01122110222100200
00022100000100000
10112110220102220
10110110001100000
22011110001100222
22100000001110000
00100002200000000
00100000000002200
STEP 26 P1 MOVE 4 16 7 16
OWN
00220000000000200
00000220000000200
01122110222100200
00022100000100000
10112110220102221
10110110001100001
22011110001100221
22100000001110001
00100002200000000
00100000000002200
STEP 27 P2 MOVE 6 13 7 13
OWN
00220000000000200
00000220000000200
01122110222100200
00022100000100000
10112110220102221
10110110001100001
22011110001102221
22100000001112001
00100002200000000
00100000000002200
STEP 28 P1 MOVE 5 15 7 15
OWN
00220000000000200
00000220000000200
01122110222100200
00022100000100000
10112110220102221
10110110001100011
22011110001102211
22100000001112011
00100002200000000
00100000000002200
STEP 29 P2 MOVE 2 16 3 16
OWN
00220000000000200
00000220000000200
01122110222100202
00022100000100002
10112110220102221
10110110001100011
22011110001102211
22100000001112011
00100002200000000
00100000000002200
STEP 30 P1 MOVE -1 -1 -1 -1
OWN
00220000000000200
00000220000000200
01122110222100202
00022100000100002
10112110220102221
10110110001100011
22011110001102211
22100000001112011
00100002200000000
00100000000002200
STEP 31 P2 MOVE 1 11 1 13
OWN
00220000000000200
00000220000222200
01122110222100202
00022100000100002
10112110220102221
10110110001100011
22011110001102211
22100000001112011
00100002200000000
00100000000002200
STEP 32 P1 MOVE 1 10 2 12
OWN
00220000000000200
00000220001112200
01122110221110202
00022100000100002
10112110220102221
10110110001100011
22011110001102211
22100000001112011
00100002200000000
00100000000002200
STEP 33 P2 MOVE 0 13 2 13
OWN
00220000000002200
00000220001112200
01122110221112202
00022100000100002
10112110220102221
10110110001100011
22011110001102211
22100000001112011
00100002200000000
00100000000002200
STEP 34 P1 MOVE 0 15 0 16
OWN
00220000000002211
00000220001112200
01122110221112202
00022100000100002
10112110220102221
10110110001100011
22011110001102211
22100000001112011
00100002200000000
00100000000002200
STEP 35 P2 MOVE 6 8 6 9
OWN
00220000000002211
00000220001112200
01122110221112202
00022100000100002
10112110220102221
10110110001100011
22011110221102211
22100000001112011
00100002200000000
00100000000002200
STEP 36 P1 MOVE 5 8 9 8
OWN
00220000000002211
00000220001112200
01122110221112202
00022100000100002
10112110220102221
10110110101100011
22011110121102211
22100000101112011
00100002100000000
00100000100002200
STEP 37 P2 MOVE 5 9 7 9
OWN
00220000000002211
00000220001112200
01122110221112202
00022100000100002
10112110220102221
10110110121100011
22011110121102211
22100000121112011
00100002100000000
00100000100002200
STEP 38 P1 MOVE -1 -1 -1 -1
OWN
00220000000002211
00000220001112200
01122110221112202
00022100000100002
10112110220102221
10110110121100011
22011110121102211
22100000121112011
00100002100000000
00100000100002200
STEP 39 P2 MOVE 3 6 3 7
OWN
00220000000002211
00000220001112200
01122110221112202
00022122000100002
10112110220102221
10110110121100011
22011110121102211
22100000121112011
00100002100000000
00100000100002200
STEP 40 P1 MOVE 0 6 7 6
OWN
00220010000002211
00000210001112200
01122110221112202
00022112000100002
10112110220102221
10110110121100011
22011110121102211
22100010121112011
00100002100000000
00100000100002200
STEP 41 P2 MOVE 7 6 8 7
OWN
00220010000002211
00000210001112200
01122110221112202
00022112000100002
10112110220102221
10110110121100011
22011110121102211
22100022121112011
00100022100000000
00100000100002200
STEP 42 P1 MOVE 9 7 9 9
OWN
00220010000002211
00000210001112200
01122110221112202
00022112000100002
10112110220102221
10110110121100011
22011110121102211
22100022121112011
00100022100000000
00100001110002200
STEP 43 P2 MOVE 2 7 3 8
OWN
00220010000002211
00000210001112200
01122112221112202
00022112200100002
10112110220102221
10110110121100011
22011110121102211
22100022121112011
00100022100000000
00100001110002200
STEP 44 P1 MOVE -1 -1 -1 -1
OWN
00220010000002211
00000210001112200
01122112221112202
00022112200100002
10112110220102221
10110110121100011
22011110121102211
22100022121112011
00100022100000000
00100001110002200
STEP 45 P2 MOVE -1 -1 -1 -1
OWN
00220010000002211
00000210001112200
01122112221112202
00022112200100002
10112110220102221
10110110121100011
22011110121102211
22100022121112011
00100022100000000
00100001110002200
RESULT first=56 second=42 winner=1
ANALYSIS winner=P1 score=56-42 reason=Ĺ»ĂëżěŔ§(+8Ä­ »©ľŃŔ˝,2ąčČż°ú) / żŞŔü˝Â steal(w/l)=12/4 neu(w/l)=48/50
