BOARD
58773291763642543
32966732771396584
43456229552717935
66172681326656727
13854375255798992
24325264497366122
35357527673398226
35283262772648572
59528696188464213
86273384919226344
STEP 0 P1 MOVE 4 0 5 1
OWN
00000000000000000
00000000000000000
00000000000000000
00000000000000000
11000000000000000
11000000000000000
00000000000000000
00000000000000000
00000000000000000
00000000000000000
STEP 1 P2 MOVE 8 13 8 16
OWN
00000000000000000
00000000000000000
00000000000000000
00000000000000000
11000000000000000
11000000000000000
00000000000000000
00000000000000000
00000000000002222
00000000000000000
STEP 2 P1 MOVE 8 11 8 12
OWN
00000000000000000
00000000000000000
00000000000000000
00000000000000000
11000000000000000
11000000000000000
00000000000000000
00000000000000000
00000000000112222
00000000000000000
STEP 3 P2 MOVE 5 16 7 16
OWN
00000000000000000
00000000000000000
00000000000000000
00000000000000000
11000000000000000
11000000000000002
00000000000000002
00000000000000002
00000000000112222
00000000000000000
STEP 4 P1 MOVE 6 14 9 14
OWN
00000000000000000
00000000000000000
00000000000000000
00000000000000000
11000000000000000
11000000000000002
00000000000000102
00000000000000102
00000000000112122
00000000000000100
STEP 5 P2 MOVE 9 13 9 15
OWN
00000000000000000
00000000000000000
00000000000000000
00000000000000000
11000000000000000
11000000000000002
00000000000000102
00000000000000102
00000000000112122
00000000000002220
STEP 6 P1 MOVE 2 4 2 6
OWN
00000000000000000
00000000000000000
00001110000000000
00000000000000000
11000000000000000
11000000000000002
00000000000000102
00000000000000102
00000000000112122
00000000000002220
STEP 7 P2 MOVE 4 14 5 14
OWN
00000000000000000
00000000000000000
00001110000000000
00000000000000000
11000000000000200
11000000000000202
00000000000000102
00000000000000102
00000000000112122
00000000000002220
STEP 8 P1 MOVE 6 13 6 15
OWN
00000000000000000
00000000000000000
00001110000000000
00000000000000000
11000000000000200
11000000000000202
00000000000001112
00000000000000102
00000000000112122
00000000000002220
STEP 9 P2 MOVE 4 9 4 10
OWN
00000000000000000
00000000000000000
00001110000000000
00000000000000000
11000000022000200
11000000000000202
00000000000001112
00000000000000102
00000000000112122
00000000000002220
STEP 10 P1 MOVE 2 8 4 8
OWN
00000000000000000
00000000000000000
00001110100000000
00000000100000000
11000000122000200
11000000000000202
00000000000001112
00000000000000102
00000000000112122
00000000000002220
STEP 11 P2 MOVE 3 2 3 4
OWN
00000000000000000
00000000000000000
00001110100000000
00222000100000000
11000000122000200
11000000000000202
00000000000001112
00000000000000102
00000000000112122
00000000000002220
STEP 12 P1 MOVE 7 0 7 2
OWN
00000000000000000
00000000000000000
00001110100000000
00222000100000000
11000000122000200
11000000000000202
00000000000001112
11100000000000102
00000000000112122
00000000000002220
STEP 13 P2 MOVE 6 2 9 2
OWN
00000000000000000
00000000000000000
00001110100000000
00222000100000000
11000000122000200
11000000000000202
00200000000001112
11200000000000102
00200000000112122
00200000000002220
STEP 14 P1 MOVE 5 2 6 3
OWN
00000000000000000
00000000000000000
00001110100000000
00222000100000000
11000000122000200
11110000000000202
00110000000001112
11200000000000102
00200000000112122
00200000000002220
STEP 15 P2 MOVE 9 3 9 4
OWN
00000000000000000
00000000000000000
00001110100000000
00222000100000000
11000000122000200
11110000000000202
00110000000001112
11200000000000102
00200000000112122
00222000000002220
STEP 16 P1 MOVE 2 10 2 12
OWN
00000000000000000
00000000000000000
00001110101110000
00222000100000000
11000000122000200
11110000000000202
00110000000001112
11200000000000102
00200000000112122
00222000000002220
STEP 17 P2 MOVE 2 7 3 7
OWN
00000000000000000
00000000000000000
00001112101110000
00222002100000000
11000000122000200
11110000000000202
00110000000001112
11200000000000102
00200000000112122
00222000000002220
STEP 18 P1 MOVE 2 3 2 9
OWN
00000000000000000
00000000000000000
00011111111110000
00222002100000000
11000000122000200
11110000000000202
00110000000001112
11200000000000102
00200000000112122
00222000000002220
STEP 19 P2 MOVE 6 4 7 4
OWN
00000000000000000
00000000000000000
00011111111110000
00222002100000000
11000000122000200
11110000000000202
00112000000001112
11202000000000102
00200000000112122
00222000000002220
STEP 20 P1 MOVE 7 3 7 5
OWN
00000000000000000
00000000000000000
00011111111110000
00222002100000000
11000000122000200
11110000000000202
00112000000001112
11211100000000102
00200000000112122
00222000000002220
STEP 21 P2 MOVE 0 10 3 10
OWN
00000000002000000
00000000002000000
00011111112110000
00222002102000000
11000000122000200
11110000000000202
00112000000001112
11211100000000102
00200000000112122
00222000000002220
STEP 22 P1 MOVE 9 8 9 9
OWN
00000000002000000
00000000002000000
00011111112110000
00222002102000000
11000000122000200
11110000000000202
00112000000001112
11211100000000102
00200000000112122
00222000110002220
STEP 23 P2 MOVE 1 9 1 11
OWN
00000000002000000
00000000022200000
00011111112110000
00222002102000000
11000000122000200
11110000000000202
00112000000001112
11211100000000102
00200000000112122
00222000110002220
STEP 24 P1 MOVE 8 3 8 4
OWN
00000000002000000
00000000022200000
00011111112110000
00222002102000000
11000000122000200
11110000000000202
00112000000001112
11211100000000102
00211000000112122
00222000110002220
STEP 25 P2 MOVE 5 6 5 7
OWN
00000000002000000
00000000022200000
00011111112110000
00222002102000000
11000000122000200
11110022000000202
00112000000001112
11211100000000102
00211000000112122
00222000110002220
STEP 26 P1 MOVE 4 11 5 11
OWN
00000000002000000
00000000022200000
00011111112110000
00222002102000000
11000000122100200
11110022000100202
00112000000001112
11211100000000102
00211000000112122
00222000110002220
STEP 27 P2 MOVE 3 6 3 9
OWN
00000000002000000
00000000022200000
00011111112110000
00222022222000000
11000000122100200
11110022000100202
00112000000001112
11211100000000102
00211000000112122
00222000110002220
STEP 28 P1 MOVE 1 6 4 6
OWN
00000000002000000
00000010022200000
00011111112110000
00222012222000000
11000010122100200
11110022000100202
00112000000001112
11211100000000102
00211000000112122
00222000110002220
STEP 29 P2 MOVE 7 10 8 10
OWN
00000000002000000
00000010022200000
00011111112110000
00222012222000000
11000010122100200
11110022000100202
00112000000001112
11211100002000102
00211000002112122
00222000110002220
STEP 30 P1 MOVE -1 -1 -1 -1
OWN
00000000002000000
00000010022200000
00011111112110000
00222012222000000
11000010122100200
11110022000100202
00112000000001112
11211100002000102
00211000002112122
00222000110002220
STEP 31 P2 MOVE 2 0 3 0
OWN
00000000002000000
00000010022200000
20011111112110000
20222012222000000
11000010122100200
11110022000100202
00112000000001112
11211100002000102
00211000002112122
00222000110002220
STEP 32 P1 MOVE 0 14 1 14
OWN
00000000002000100
00000010022200100
20011111112110000
20222012222000000
11000010122100200
11110022000100202
00112000000001112
11211100002000102
00211000002112122
00222000110002220
STEP 33 P2 MOVE 0 12 0 15
OWN
00000000002022220
00000010022200100
20011111112110000
20222012222000000
11000010122100200
11110022000100202
00112000000001112
11211100002000102
00211000002112122
00222000110002220
STEP 34 P1 MOVE 0 1 1 1
OWN
01000000002022220
01000010022200100
20011111112110000
20222012222000000
11000010122100200
11110022000100202
00112000000001112
11211100002000102
00211000002112122
00222000110002220
STEP 35 P2 MOVE 5 8 6 8
OWN
01000000002022220
01000010022200100
20011111112110000
20222012222000000
11000010122100200
11110022200100202
00112000200001112
11211100002000102
00211000002112122
00222000110002220
STEP 36 P1 MOVE 0 3 0 4
OWN
01011000002022220
01000010022200100
20011111112110000
20222012222000000
11000010122100200
11110022200100202
00112000200001112
11211100002000102
00211000002112122
00222000110002220
STEP 37 P2 MOVE 0 6 0 7
OWN
01011022002022220
01000010022200100
20011111112110000
20222012222000000
11000010122100200
11110022200100202
00112000200001112
11211100002000102
00211000002112122
00222000110002220
STEP 38 P1 MOVE 5 10 6 10
OWN
01011022002022220
01000010022200100
20011111112110000
20222012222000000
11000010122100200
11110022201100202
00112000201001112
11211100002000102
00211000002112122
00222000110002220
STEP 39 P2 MOVE 6 9 6 11
OWN
01011022002022220
01000010022200100
20011111112110000
20222012222000000
11000010122100200
11110022201100202
00112000222201112
11211100002000102
00211000002112122
00222000110002220
STEP 40 P1 MOVE 8 7 9 7
OWN
01011022002022220
01000010022200100
20011111112110000
20222012222000000
11000010122100200
11110022201100202
00112000222201112
11211100002000102
00211001002112122
00222001110002220
STEP 41 P2 MOVE 7 7 8 8
OWN
01011022002022220
01000010022200100
20011111112110000
20222012222000000
11000010122100200
11110022201100202
00112000222201112
11211102202000102
00211002202112122
00222001110002220
STEP 42 P1 MOVE 1 4 4 4
OWN
01011022002022220
01001010022200100
20011111112110000
20221012222000000
11001010122100200
11110022201100202
00112000222201112
11211102202000102
00211002202112122
00222001110002220
STEP 43 P2 MOVE 5 1 6 4
OWN
01011022002022220
01001010022200100
20011111112110000
20221012222000000
11001010122100200
12222022201100202
02222000222201112
11211102202000102
00211002202112122
00222001110002220
STEP 44 P1 MOVE 4 5 6 5
OWN
01011022002022220
01001010022200100
20011111112110000
20221012222000000
11001110122100200
12222122201100202
02222100222201112
11211102202000102
00211002202112122
00222001110002220
STEP 45 P2 MOVE 4 3 4 7
OWN
01011022002022220
01001010022200100
20011111112110000
20221012222000000
11022222122100200
12222122201100202
02222100222201112
11211102202000102
00211002202112122
00222001110002220
STEP 46 P1 MOVE 4 2 6 6
OWN
01011022002022220
01001010022200100
20011111112110000
20221012222000000
11111112122100200
12111112201100202
02111110222201112
11211102202000102
00211002202112122
00222001110002220
STEP 47 P2 MOVE 6 0 6 7
OWN
01011022002022220
01001010022200100
20011111112110000
20221012222000000
11111112122100200
12111112201100202
22222222222201112
11211102202000102
00211002202112122
00222001110002220
STEP 48 P1 MOVE -1 -1 -1 -1
OWN
01011022002022220
01001010022200100
20011111112110000
20221012222000000
11111112122100200
12111112201100202
22222222222201112
11211102202000102
00211002202112122
00222001110002220
STEP 49 P2 MOVE -1 -1 -1 -1
OWN
01011022002022220
01001010022200100
20011111112110000
20221012222000000
11111112122100200
12111112201100202
22222222222201112
11211102202000102
00211002202112122
00222001110002220
RESULT first=52 second=59 winner=2
ANALYSIS winner=P2 score=52-59 reason=Ĺ»ĂëżěŔ§(+3Ä­ »©ľŃŔ˝,2ąčČż°ú) / żŞŔü˝Â steal(w/l)=20/17 neu(w/l)=56/55
