BOARD
26628755654964517
78711551632499532
43582861229426642
34528229146562762
74148984796398343
66432481535679238
54543173779941827
11893468841974319
72343554391538887
14353854728179792
STEP 0 P1 MOVE 5 4 6 5
OWN
00000000000000000
00000000000000000
00000000000000000
00000000000000000
00000000000000000
00001100000000000
00001100000000000
00000000000000000
00000000000000000
00000000000000000
STEP 1 P2 MOVE 4 15 7 15
OWN
00000000000000000
00000000000000000
00000000000000000
00000000000000000
00000000000000020
00001100000000020
00001100000000020
00000000000000020
00000000000000000
00000000000000000
STEP 2 P1 MOVE 8 2 8 4
OWN
00000000000000000
00000000000000000
00000000000000000
00000000000000000
00000000000000020
00001100000000020
00001100000000020
00000000000000020
00111000000000000
00000000000000000
STEP 3 P2 MOVE 5 14 6 14
OWN
00000000000000000
00000000000000000
00000000000000000
00000000000000000
00000000000000020
00001100000000220
00001100000000220
00000000000000020
00111000000000000
00000000000000000
STEP 4 P1 MOVE 1 7 1 9
OWN
00000000000000000
00000001110000000
00000000000000000
00000000000000000
00000000000000020
00001100000000220
00001100000000220
00000000000000020
00111000000000000
00000000000000000
STEP 5 P2 MOVE 1 14 1 16
OWN
00000000000000000
00000001110000222
00000000000000000
00000000000000000
00000000000000020
00001100000000220
00001100000000220
00000000000000020
00111000000000000
00000000000000000
STEP 6 P1 MOVE 0 13 0 15
OWN
00000000000001110
00000001110000222
00000000000000000
00000000000000000
00000000000000020
00001100000000220
00001100000000220
00000000000000020
00111000000000000
00000000000000000
STEP 7 P2 MOVE 4 2 6 2
OWN
00000000000001110
00000001110000222
00000000000000000
00000000000000000
00200000000000020
00201100000000220
00201100000000220
00000000000000020
00111000000000000
00000000000000000
STEP 8 P1 MOVE 2 15 3 15
OWN
00000000000001110
00000001110000222
00000000000000010
00000000000000010
00200000000000020
00201100000000220
00201100000000220
00000000000000020
00111000000000000
00000000000000000
STEP 9 P2 MOVE 6 10 7 10
OWN
00000000000001110
00000001110000222
00000000000000010
00000000000000010
00200000000000020
00201100000000220
00201100002000220
00000000002000020
00111000000000000
00000000000000000
STEP 10 P1 MOVE 0 6 1 6
OWN
00000010000001110
00000011110000222
00000000000000010
00000000000000010
00200000000000020
00201100000000220
00201100002000220
00000000002000020
00111000000000000
00000000000000000
STEP 11 P2 MOVE 8 6 9 6
OWN
00000010000001110
00000011110000222
00000000000000010
00000000000000010
00200000000000020
00201100000000220
00201100002000220
00000000002000020
00111020000000000
00000020000000000
STEP 12 P1 MOVE 7 12 8 12
OWN
00000010000001110
00000011110000222
00000000000000010
00000000000000010
00200000000000020
00201100000000220
00201100002000220
00000000002010020
00111020000010000
00000020000000000
STEP 13 P2 MOVE 9 9 9 10
OWN
00000010000001110
00000011110000222
00000000000000010
00000000000000010
00200000000000020
00201100000000220
00201100002000220
00000000002010020
00111020000010000
00000020022000000
STEP 14 P1 MOVE 3 6 4 6
OWN
00000010000001110
00000011110000222
00000000000000010
00000010000000010
00200010000000020
00201100000000220
00201100002000220
00000000002010020
00111020000010000
00000020022000000
STEP 15 P2 MOVE 2 5 3 5
OWN
00000010000001110
00000011110000222
00000200000000010
00000210000000010
00200010000000020
00201100000000220
00201100002000220
00000000002010020
00111020000010000
00000020022000000
STEP 16 P1 MOVE 3 9 3 10
OWN
00000010000001110
00000011110000222
00000200000000010
00000210011000010
00200010000000020
00201100000000220
00201100002000220
00000000002010020
00111020000010000
00000020022000000
STEP 17 P2 MOVE 3 13 4 13
OWN
00000010000001110
00000011110000222
00000200000000010
00000210011002010
00200010000002020
00201100000000220
00201100002000220
00000000002010020
00111020000010000
00000020022000000
STEP 18 P1 MOVE 3 3 3 4
OWN
00000010000001110
00000011110000222
00000200000000010
00011210011002010
00200010000002020
00201100000000220
00201100002000220
00000000002010020
00111020000010000
00000020022000000
STEP 19 P2 MOVE 6 7 6 8
OWN
00000010000001110
00000011110000222
00000200000000010
00011210011002010
00200010000002020
00201100000000220
00201102202000220
00000000002010020
00111020000010000
00000020022000000
STEP 20 P1 MOVE 0 3 0 4
OWN
00011010000001110
00000011110000222
00000200000000010
00011210011002010
00200010000002020
00201100000000220
00201102202000220
00000000002010020
00111020000010000
00000020022000000
STEP 21 P2 MOVE 4 1 5 1
OWN
00011010000001110
00000011110000222
00000200000000010
00011210011002010
02200010000002020
02201100000000220
00201102202000220
00000000002010020
00111020000010000
00000020022000000
STEP 22 P1 MOVE 8 8 9 8
OWN
00011010000001110
00000011110000222
00000200000000010
00011210011002010
02200010000002020
02201100000000220
00201102202000220
00000000002010020
00111020100010000
00000020122000000
STEP 23 P2 MOVE 2 3 2 4
OWN
00011010000001110
00000011110000222
00022200000000010
00011210011002010
02200010000002020
02201100000000220
00201102202000220
00000000002010020
00111020100010000
00000020122000000
STEP 24 P1 MOVE 8 9 8 10
OWN
00011010000001110
00000011110000222
00022200000000010
00011210011002010
02200010000002020
02201100000000220
00201102202000220
00000000002010020
00111020111010000
00000020122000000
STEP 25 P2 MOVE 3 14 4 14
OWN
00011010000001110
00000011110000222
00022200000000010
00011210011002210
02200010000002220
02201100000000220
00201102202000220
00000000002010020
00111020111010000
00000020122000000
STEP 26 P1 MOVE 5 9 6 9
OWN
00011010000001110
00000011110000222
00022200000000010
00011210011002210
02200010000002220
02201100010000220
00201102212000220
00000000002010020
00111020111010000
00000020122000000
STEP 27 P2 MOVE 2 14 3 16
OWN
00011010000001110
00000011110000222
00022200000000222
00011210011002222
02200010000002220
02201100010000220
00201102212000220
00000000002010020
00111020111010000
00000020122000000
STEP 28 P1 MOVE 2 8 4 8
OWN
00011010000001110
00000011110000222
00022200100000222
00011210111002222
02200010100002220
02201100010000220
00201102212000220
00000000002010020
00111020111010000
00000020122000000
STEP 29 P2 MOVE 0 16 4 16
OWN
00011010000001112
00000011110000222
00022200100000222
00011210111002222
02200010100002222
02201100010000220
00201102212000220
00000000002010020
00111020111010000
00000020122000000
STEP 30 P1 MOVE 4 7 5 8
OWN
00011010000001112
00000011110000222
00022200100000222
00011210111002222
02200011100002222
02201101110000220
00201102212000220
00000000002010020
00111020111010000
00000020122000000
STEP 31 P2 MOVE 2 7 3 7
OWN
00011010000001112
00000011110000222
00022202100000222
00011212111002222
02200011100002222
02201101110000220
00201102212000220
00000000002010020
00111020111010000
00000020122000000
STEP 32 P1 MOVE 2 2 3 2
OWN
00011010000001112
00000011110000222
00122202100000222
00111212111002222
02200011100002222
02201101110000220
00201102212000220
00000000002010020
00111020111010000
00000020122000000
STEP 33 P2 MOVE 7 0 7 2
OWN
00011010000001112
00000011110000222
00122202100000222
00111212111002222
02200011100002222
02201101110000220
00201102212000220
22200000002010020
00111020111010000
00000020122000000
STEP 34 P1 MOVE 1 2 9 2
OWN
00011010000001112
00100011110000222
00122202100000222
00111212111002222
02100011100002222
02101101110000220
00101102212000220
22100000002010020
00111020111010000
00100020122000000
STEP 35 P2 MOVE 6 1 9 1
OWN
00011010000001112
00100011110000222
00122202100000222
00111212111002222
02100011100002222
02101101110000220
02101102212000220
22100000002010020
02111020111010000
02100020122000000
STEP 36 P1 MOVE -1 -1 -1 -1
OWN
00011010000001112
00100011110000222
00122202100000222
00111212111002222
02100011100002222
02101101110000220
02101102212000220
22100000002010020
02111020111010000
02100020122000000
STEP 37 P2 MOVE 1 1 1 4
OWN
00011010000001112
02222011110000222
00122202100000222
00111212111002222
02100011100002222
02101101110000220
02101102212000220
22100000002010020
02111020111010000
02100020122000000
STEP 38 P1 MOVE 0 2 4 3
OWN
00111010000001112
02112011110000222
00112202100000222
00111212111002222
02110011100002222
02101101110000220
02101102212000220
22100000002010020
02111020111010000
02100020122000000
STEP 39 P2 MOVE 7 5 7 6
OWN
00111010000001112
02112011110000222
00112202100000222
00111212111002222
02110011100002222
02101101110000220
02101102212000220
22100220002010020
02111020111010000
02100020122000000
STEP 40 P1 MOVE 6 4 7 6
OWN
00111010000001112
02112011110000222
00112202100000222
00111212111002222
02110011100002222
02101101110000220
02101112212000220
22101110002010020
02111020111010000
02100020122000000
STEP 41 P2 MOVE 2 1 5 3
OWN
00111010000001112
02112011110000222
02222202100000222
02221212111002222
02220011100002222
02221101110000220
02101112212000220
22101110002010020
02111020111010000
02100020122000000
STEP 42 P1 MOVE 0 1 6 3
OWN
01111010000001112
01112011110000222
01112202100000222
01111212111002222
01110011100002222
01111101110000220
01111112212000220
22101110002010020
02111020111010000
02100020122000000
STEP 43 P2 MOVE 2 0 2 6
OWN
01111010000001112
01112011110000222
22222222100000222
01111212111002222
01110011100002222
01111101110000220
01111112212000220
22101110002010020
02111020111010000
02100020122000000
STEP 44 P1 MOVE 1 0 3 0
OWN
01111010000001112
11112011110000222
12222222100000222
11111212111002222
01110011100002222
01111101110000220
01111112212000220
22101110002010020
02111020111010000
02100020122000000
STEP 45 P2 MOVE -1 -1 -1 -1
OWN
01111010000001112
11112011110000222
12222222100000222
11111212111002222
01110011100002222
01111101110000220
01111112212000220
22101110002010020
02111020111010000
02100020122000000
STEP 46 P1 MOVE -1 -1 -1 -1
OWN
01111010000001112
11112011110000222
12222222100000222
11111212111002222
01110011100002222
01111101110000220
01111112212000220
22101110002010020
02111020111010000
02100020122000000
RESULT first=62 second=42 winner=1
ANALYSIS winner=P1 score=62-42 reason=Ĺ»ĂëżěŔ§(+11Ä­ »©ľŃŔ˝,2ąčČż°ú) steal(w/l)=24/13 neu(w/l)=51/53
