BOARD
14234716581591191
89418552227777599
74799822117477159
87587316157842872
69754152137478994
26568171594139548
61233718125282927
18786466647124763
43891688293829916
36344729519165267
STEP 0 P1 MOVE 1 7 2 9
OWN
00000000000000000
00000001110000000
00000001110000000
00000000000000000
00000000000000000
00000000000000000
00000000000000000
00000000000000000
00000000000000000
00000000000000000
STEP 1 P2 MOVE 0 2 1 3
OWN
00220000000000000
00220001110000000
00000001110000000
00000000000000000
00000000000000000
00000000000000000
00000000000000000
00000000000000000
00000000000000000
00000000000000000
STEP 2 P1 MOVE 7 11 9 11
OWN
00220000000000000
00220001110000000
00000001110000000
00000000000000000
00000000000000000
00000000000000000
00000000000000000
00000000000100000
00000000000100000
00000000000100000
STEP 3 P2 MOVE 6 8 6 11
OWN
00220000000000000
00220001110000000
00000001110000000
00000000000000000
00000000000000000
00000000000000000
00000000222200000
00000000000100000
00000000000100000
00000000000100000
STEP 4 P1 MOVE 7 12 9 12
OWN
00220000000000000
00220001110000000
00000001110000000
00000000000000000
00000000000000000
00000000000000000
00000000222200000
00000000000110000
00000000000110000
00000000000110000
STEP 5 P2 MOVE 6 4 8 4
OWN
00220000000000000
00220001110000000
00000001110000000
00000000000000000
00000000000000000
00000000000000000
00002000222200000
00002000000110000
00002000000110000
00000000000110000
STEP 6 P1 MOVE 4 3 4 5
OWN
00220000000000000
00220001110000000
00000001110000000
00000000000000000
00011100000000000
00000000000000000
00002000222200000
00002000000110000
00002000000110000
00000000000110000
STEP 7 P2 MOVE 8 9 9 9
OWN
00220000000000000
00220001110000000
00000001110000000
00000000000000000
00011100000000000
00000000000000000
00002000222200000
00002000000110000
00002000020110000
00000000020110000
STEP 8 P1 MOVE 2 5 2 6
OWN
00220000000000000
00220001110000000
00000111110000000
00000000000000000
00011100000000000
00000000000000000
00002000222200000
00002000000110000
00002000020110000
00000000020110000
STEP 9 P2 MOVE 7 5 8 5
OWN
00220000000000000
00220001110000000
00000111110000000
00000000000000000
00011100000000000
00000000000000000
00002000222200000
00002200000110000
00002200020110000
00000000020110000
STEP 10 P1 MOVE 4 9 4 10
OWN
00220000000000000
00220001110000000
00000111110000000
00000000000000000
00011100011000000
00000000000000000
00002000222200000
00002200000110000
00002200020110000
00000000020110000
STEP 11 P2 MOVE 3 7 4 8
OWN
00220000000000000
00220001110000000
00000111110000000
00000002200000000
00011102211000000
00000000000000000
00002000222200000
00002200000110000
00002200020110000
00000000020110000
STEP 12 P1 MOVE 0 8 5 8
OWN
00220000100000000
00220001110000000
00000111110000000
00000002100000000
00011102111000000
00000000100000000
00002000222200000
00002200000110000
00002200020110000
00000000020110000
STEP 13 P2 MOVE 5 7 5 9
OWN
00220000100000000
00220001110000000
00000111110000000
00000002100000000
00011102111000000
00000002220000000
00002000222200000
00002200000110000
00002200020110000
00000000020110000
STEP 14 P1 MOVE 6 12 6 13
OWN
00220000100000000
00220001110000000
00000111110000000
00000002100000000
00011102111000000
00000002220000000
00002000222211000
00002200000110000
00002200020110000
00000000020110000
STEP 15 P2 MOVE 0 15 0 16
OWN
00220000100000022
00220001110000000
00000111110000000
00000002100000000
00011102111000000
00000002220000000
00002000222211000
00002200000110000
00002200020110000
00000000020110000
STEP 16 P1 MOVE 0 12 0 13
OWN
00220000100011022
00220001110000000
00000111110000000
00000002100000000
00011102111000000
00000002220000000
00002000222211000
00002200000110000
00002200020110000
00000000020110000
STEP 17 P2 MOVE 3 13 4 13
OWN
00220000100011022
00220001110000000
00000111110000000
00000002100002000
00011102111002000
00000002220000000
00002000222211000
00002200000110000
00002200020110000
00000000020110000
STEP 18 P1 MOVE 6 16 7 16
OWN
00220000100011022
00220001110000000
00000111110000000
00000002100002000
00011102111002000
00000002220000000
00002000222211001
00002200000110001
00002200020110000
00000000020110000
STEP 19 P2 MOVE 1 5 1 6
OWN
00220000100011022
00220221110000000
00000111110000000
00000002100002000
00011102111002000
00000002220000000
00002000222211001
00002200000110001
00002200020110000
00000000020110000
STEP 20 P1 MOVE 7 10 8 10
OWN
00220000100011022
00220221110000000
00000111110000000
00000002100002000
00011102111002000
00000002220000000
00002000222211001
00002200001110001
00002200021110000
00000000020110000
STEP 21 P2 MOVE 8 6 9 6
OWN
00220000100011022
00220221110000000
00000111110000000
00000002100002000
00011102111002000
00000002220000000
00002000222211001
00002200001110001
00002220021110000
00000020020110000
STEP 22 P1 MOVE 8 7 8 8
OWN
00220000100011022
00220221110000000
00000111110000000
00000002100002000
00011102111002000
00000002220000000
00002000222211001
00002200001110001
00002221121110000
00000020020110000
STEP 23 P2 MOVE 8 14 8 15
OWN
00220000100011022
00220221110000000
00000111110000000
00000002100002000
00011102111002000
00000002220000000
00002000222211001
00002200001110001
00002221121110220
00000020020110000
STEP 24 P1 MOVE 3 4 3 5
OWN
00220000100011022
00220221110000000
00000111110000000
00001102100002000
00011102111002000
00000002220000000
00002000222211001
00002200001110001
00002221121110220
00000020020110000
STEP 25 P2 MOVE 6 3 6 5
OWN
00220000100011022
00220221110000000
00000111110000000
00001102100002000
00011102111002000
00000002220000000
00022200222211001
00002200001110001
00002221121110220
00000020020110000
STEP 26 P1 MOVE 6 0 6 6
OWN
00220000100011022
00220221110000000
00000111110000000
00001102100002000
00011102111002000
00000002220000000
11111110222211001
00002200001110001
00002221121110220
00000020020110000
STEP 27 P2 MOVE 2 4 3 6
OWN
00220000100011022
00220221110000000
00002221110000000
00002222100002000
00011102111002000
00000002220000000
11111110222211001
00002200001110001
00002221121110220
00000020020110000
STEP 28 P1 MOVE 3 6 4 9
OWN
00220000100011022
00220221110000000
00002221110000000
00002211110002000
00011111111002000
00000002220000000
11111110222211001
00002200001110001
00002221121110220
00000020020110000
STEP 29 P2 MOVE 5 0 9 0
OWN
00220000100011022
00220221110000000
00002221110000000
00002211110002000
00011111111002000
20000002220000000
21111110222211001
20002200001110001
20002221121110220
20000020020110000
STEP 30 P1 MOVE -1 -1 -1 -1
OWN
00220000100011022
00220221110000000
00002221110000000
00002211110002000
00011111111002000
20000002220000000
21111110222211001
20002200001110001
20002221121110220
20000020020110000
STEP 31 P2 MOVE -1 -1 -1 -1
OWN
00220000100011022
00220221110000000
00002221110000000
00002211110002000
00011111111002000
20000002220000000
21111110222211001
20002200001110001
20002221121110220
20000020020110000
RESULT first=41 second=37 winner=1
ANALYSIS winner=P1 score=41-37 reason=Ľ±°řŔĚÁˇ steal(w/l)=8/6 neu(w/l)=39/39
