BOARD
64924136312272521
27383522758619293
86476952934246471
85943778853668539
64828195732116411
63554669945753835
93661472596893282
14271657254186974
45153621838456549
63257749494177391
STEP 0 P1 MOVE 0 13 0 16
OWN
00000000000001111
00000000000000000
00000000000000000
00000000000000000
00000000000000000
00000000000000000
00000000000000000
00000000000000000
00000000000000000
00000000000000000
STEP 1 P2 MOVE 4 10 4 13
OWN
00000000000001111
00000000000000000
00000000000000000
00000000000000000
00000000002222000
00000000000000000
00000000000000000
00000000000000000
00000000000000000
00000000000000000
STEP 2 P1 MOVE 4 15 5 16
OWN
00000000000001111
00000000000000000
00000000000000000
00000000000000000
00000000002222011
00000000000000011
00000000000000000
00000000000000000
00000000000000000
00000000000000000
STEP 3 P2 MOVE 0 3 1 3
OWN
00020000000001111
00020000000000000
00000000000000000
00000000000000000
00000000002222011
00000000000000011
00000000000000000
00000000000000000
00000000000000000
00000000000000000
STEP 4 P1 MOVE 2 7 3 7
OWN
00020000000001111
00020000000000000
00000001000000000
00000001000000000
00000000002222011
00000000000000011
00000000000000000
00000000000000000
00000000000000000
00000000000000000
STEP 5 P2 MOVE 2 10 2 12
OWN
00020000000001111
00020000000000000
00000001002220000
00000001000000000
00000000002222011
00000000000000011
00000000000000000
00000000000000000
00000000000000000
00000000000000000
STEP 6 P1 MOVE 9 1 9 3
OWN
00020000000001111
00020000000000000
00000001002220000
00000001000000000
00000000002222011
00000000000000011
00000000000000000
00000000000000000
00000000000000000
01110000000000000
STEP 7 P2 MOVE 4 2 4 3
OWN
00020000000001111
00020000000000000
00000001002220000
00000001000000000
00220000002222011
00000000000000011
00000000000000000
00000000000000000
00000000000000000
01110000000000000
STEP 8 P1 MOVE 6 10 7 10
OWN
00020000000001111
00020000000000000
00000001002220000
00000001000000000
00220000002222011
00000000000000011
00000000001000000
00000000001000000
00000000000000000
01110000000000000
STEP 9 P2 MOVE 4 1 6 1
OWN
00020000000001111
00020000000000000
00000001002220000
00000001000000000
02220000002222011
02000000000000011
02000000001000000
00000000001000000
00000000000000000
01110000000000000
STEP 10 P1 MOVE 8 0 8 2
OWN
00020000000001111
00020000000000000
00000001002220000
00000001000000000
02220000002222011
02000000000000011
02000000001000000
00000000001000000
11100000000000000
01110000000000000
STEP 11 P2 MOVE 2 16 3 16
OWN
00020000000001111
00020000000000000
00000001002220002
00000001000000002
02220000002222011
02000000000000011
02000000001000000
00000000001000000
11100000000000000
01110000000000000
STEP 12 P1 MOVE 2 15 3 15
OWN
00020000000001111
00020000000000000
00000001002220012
00000001000000012
02220000002222011
02000000000000011
02000000001000000
00000000001000000
11100000000000000
01110000000000000
STEP 13 P2 MOVE 6 7 8 7
OWN
00020000000001111
00020000000000000
00000001002220012
00000001000000012
02220000002222011
02000000000000011
02000002001000000
00000002001000000
11100002000000000
01110000000000000
STEP 14 P1 MOVE 6 15 6 16
OWN
00020000000001111
00020000000000000
00000001002220012
00000001000000012
02220000002222011
02000000000000011
02000002001000011
00000002001000000
11100002000000000
01110000000000000
STEP 15 P2 MOVE 9 15 9 16
OWN
00020000000001111
00020000000000000
00000001002220012
00000001000000012
02220000002222011
02000000000000011
02000002001000011
00000002001000000
11100002000000000
01110000000000022
STEP 16 P1 MOVE 2 13 2 14
OWN
00020000000001111
00020000000000000
00000001002221112
00000001000000012
02220000002222011
02000000000000011
02000002001000011
00000002001000000
11100002000000000
01110000000000022
STEP 17 P2 MOVE 5 5 6 5
OWN
00020000000001111
00020000000000000
00000001002221112
00000001000000012
02220000002222011
02000200000000011
02000202001000011
00000002001000000
11100002000000000
01110000000000022
STEP 18 P1 MOVE 1 12 1 13
OWN
00020000000001111
00020000000011000
00000001002221112
00000001000000012
02220000002222011
02000200000000011
02000202001000011
00000002001000000
11100002000000000
01110000000000022
STEP 19 P2 MOVE 0 0 0 1
OWN
22020000000001111
00020000000011000
00000001002221112
00000001000000012
02220000002222011
02000200000000011
02000202001000011
00000002001000000
11100002000000000
01110000000000022
STEP 20 P1 MOVE 4 8 4 9
OWN
22020000000001111
00020000000011000
00000001002221112
00000001000000012
02220000112222011
02000200000000011
02000202001000011
00000002001000000
11100002000000000
01110000000000022
STEP 21 P2 MOVE 1 0 2 0
OWN
22020000000001111
20020000000011000
20000001002221112
00000001000000012
02220000112222011
02000200000000011
02000202001000011
00000002001000000
11100002000000000
01110000000000022
STEP 22 P1 MOVE 5 2 5 3
OWN
22020000000001111
20020000000011000
20000001002221112
00000001000000012
02220000112222011
02110200000000011
02000202001000011
00000002001000000
11100002000000000
01110000000000022
STEP 23 P2 MOVE 4 5 4 6
OWN
22020000000001111
20020000000011000
20000001002221112
00000001000000012
02220220112222011
02110200000000011
02000202001000011
00000002001000000
11100002000000000
01110000000000022
STEP 24 P1 MOVE 9 13 9 14
OWN
22020000000001111
20020000000011000
20000001002221112
00000001000000012
02220220112222011
02110200000000011
02000202001000011
00000002001000000
11100002000000000
01110000000001122
STEP 25 P2 MOVE 1 1 1 2
OWN
22020000000001111
22220000000011000
20000001002221112
00000001000000012
02220220112222011
02110200000000011
02000202001000011
00000002001000000
11100002000000000
01110000000001122
STEP 26 P1 MOVE 5 4 5 6
OWN
22020000000001111
22220000000011000
20000001002221112
00000001000000012
02220220112222011
02111110000000011
02000202001000011
00000002001000000
11100002000000000
01110000000001122
STEP 27 P2 MOVE 4 4 7 4
OWN
22020000000001111
22220000000011000
20000001002221112
00000001000000012
02222220112222011
02112110000000011
02002202001000011
00002002001000000
11100002000000000
01110000000001122
STEP 28 P1 MOVE 8 4 9 4
OWN
22020000000001111
22220000000011000
20000001002221112
00000001000000012
02222220112222011
02112110000000011
02002202001000011
00002002001000000
11101002000000000
01111000000001122
STEP 29 P2 MOVE 2 1 2 2
OWN
22020000000001111
22220000000011000
22200001002221112
00000001000000012
02222220112222011
02112110000000011
02002202001000011
00002002001000000
11101002000000000
01111000000001122
STEP 30 P1 MOVE 0 8 1 8
OWN
22020000100001111
22220000100011000
22200001002221112
00000001000000012
02222220112222011
02112110000000011
02002202001000011
00002002001000000
11101002000000000
01111000000001122
STEP 31 P2 MOVE 0 10 1 10
OWN
22020000102001111
22220000102011000
22200001002221112
00000001000000012
02222220112222011
02112110000000011
02002202001000011
00002002001000000
11101002000000000
01111000000001122
STEP 32 P1 MOVE 0 9 0 12
OWN
22020000111111111
22220000102011000
22200001002221112
00000001000000012
02222220112222011
02112110000000011
02002202001000011
00002002001000000
11101002000000000
01111000000001122
STEP 33 P2 MOVE 8 6 8 8
OWN
22020000111111111
22220000102011000
22200001002221112
00000001000000012
02222220112222011
02112110000000011
02002202001000011
00002002001000000
11101022200000000
01111000000001122
STEP 34 P1 MOVE 0 6 2 6
OWN
22020010111111111
22220010102011000
22200011002221112
00000001000000012
02222220112222011
02112110000000011
02002202001000011
00002002001000000
11101022200000000
01111000000001122
STEP 35 P2 MOVE 7 8 8 9
OWN
22020010111111111
22220010102011000
22200011002221112
00000001000000012
02222220112222011
02112110000000011
02002202001000011
00002002221000000
11101022220000000
01111000000001122
STEP 36 P1 MOVE 1 4 1 7
OWN
22020010111111111
22221111102011000
22200011002221112
00000001000000012
02222220112222011
02112110000000011
02002202001000011
00002002221000000
11101022220000000
01111000000001122
STEP 37 P2 MOVE 0 5 2 5
OWN
22020210111111111
22221211102011000
22200211002221112
00000001000000012
02222220112222011
02112110000000011
02002202001000011
00002002221000000
11101022220000000
01111000000001122
STEP 38 P1 MOVE 0 4 0 7
OWN
22021111111111111
22221211102011000
22200211002221112
00000001000000012
02222220112222011
02112110000000011
02002202001000011
00002002221000000
11101022220000000
01111000000001122
STEP 39 P2 MOVE 3 4 3 5
OWN
22021111111111111
22221211102011000
22200211002221112
00002201000000012
02222220112222011
02112110000000011
02002202001000011
00002002221000000
11101022220000000
01111000000001122
STEP 40 P1 MOVE 3 3 6 3
OWN
22021111111111111
22221211102011000
22200211002221112
00012201000000012
02212220112222011
02112110000000011
02012202001000011
00002002221000000
11101022220000000
01111000000001122
STEP 41 P2 MOVE -1 -1 -1 -1
OWN
22021111111111111
22221211102011000
22200211002221112
00012201000000012
02212220112222011
02112110000000011
02012202001000011
00002002221000000
11101022220000000
01111000000001122
STEP 42 P1 MOVE -1 -1 -1 -1
OWN
22021111111111111
22221211102011000
22200211002221112
00012201000000012
02212220112222011
02112110000000011
02012202001000011
00002002221000000
11101022220000000
01111000000001122
RESULT first=53 second=45 winner=1
ANALYSIS winner=P1 score=53-45 reason=şóÄ­Ľ±Áˇ(+4) steal(w/l)=4/2 neu(w/l)=51/47
