BOARD
58689693159635719
77377331885388292
71822477682436933
48422295381154988
99195231939876168
41331425353567793
42942477575649821
37559656922496211
17849926322294794
62882996189157512
STEP 0 P1 MOVE 2 4 3 5
OWN
00000000000000000
00000000000000000
00001100000000000
00001100000000000
00000000000000000
00000000000000000
00000000000000000
00000000000000000
00000000000000000
00000000000000000
STEP 1 P2 MOVE 7 10 8 11
OWN
00000000000000000
00000000000000000
00001100000000000
00001100000000000
00000000000000000
00000000000000000
00000000000000000
00000000002200000
00000000002200000
00000000000000000
STEP 2 P1 MOVE 5 3 5 6
OWN
00000000000000000
00000000000000000
00001100000000000
00001100000000000
00000000000000000
00011110000000000
00000000000000000
00000000002200000
00000000002200000
00000000000000000
STEP 3 P2 MOVE 4 6 6 6
OWN
00000000000000000
00000000000000000
00001100000000000
00001100000000000
00000020000000000
00011120000000000
00000020000000000
00000000002200000
00000000002200000
00000000000000000
STEP 4 P1 MOVE 3 9 3 11
OWN
00000000000000000
00000000000000000
00001100000000000
00001100011100000
00000020000000000
00011120000000000
00000020000000000
00000000002200000
00000000002200000
00000000000000000
STEP 5 P2 MOVE 5 1 7 1
OWN
00000000000000000
00000000000000000
00001100000000000
00001100011100000
00000020000000000
02011120000000000
02000020000000000
02000000002200000
00000000002200000
00000000000000000
STEP 6 P1 MOVE 6 3 6 5
OWN
00000000000000000
00000000000000000
00001100000000000
00001100011100000
00000020000000000
02011120000000000
02011120000000000
02000000002200000
00000000002200000
00000000000000000
STEP 7 P2 MOVE 7 0 9 0
OWN
00000000000000000
00000000000000000
00001100000000000
00001100011100000
00000020000000000
02011120000000000
02011120000000000
22000000002200000
20000000002200000
20000000000000000
STEP 8 P1 MOVE 4 1 4 2
OWN
00000000000000000
00000000000000000
00001100000000000
00001100011100000
01100020000000000
02011120000000000
02011120000000000
22000000002200000
20000000002200000
20000000000000000
STEP 9 P2 MOVE 7 15 8 15
OWN
00000000000000000
00000000000000000
00001100000000000
00001100011100000
01100020000000000
02011120000000000
02011120000000000
22000000002200020
20000000002200020
20000000000000000
STEP 10 P1 MOVE 3 14 4 14
OWN
00000000000000000
00000000000000000
00001100000000000
00001100011100100
01100020000000100
02011120000000000
02011120000000000
22000000002200020
20000000002200020
20000000000000000
STEP 11 P2 MOVE 0 15 1 15
OWN
00000000000000020
00000000000000020
00001100000000000
00001100011100100
01100020000000100
02011120000000000
02011120000000000
22000000002200020
20000000002200020
20000000000000000
STEP 12 P1 MOVE 7 13 8 13
OWN
00000000000000020
00000000000000020
00001100000000000
00001100011100100
01100020000000100
02011120000000000
02011120000000000
22000000002201020
20000000002201020
20000000000000000
STEP 13 P2 MOVE 1 1 1 2
OWN
00000000000000020
02200000000000020
00001100000000000
00001100011100100
01100020000000100
02011120000000000
02011120000000000
22000000002201020
20000000002201020
20000000000000000
STEP 14 P1 MOVE 9 10 9 11
OWN
00000000000000020
02200000000000020
00001100000000000
00001100011100100
01100020000000100
02011120000000000
02011120000000000
22000000002201020
20000000002201020
20000000001100000
STEP 15 P2 MOVE 7 2 7 3
OWN
00000000000000020
02200000000000020
00001100000000000
00001100011100100
01100020000000100
02011120000000000
02011120000000000
22220000002201020
20000000002201020
20000000001100000
STEP 16 P1 MOVE 8 9 9 9
OWN
00000000000000020
02200000000000020
00001100000000000
00001100011100100
01100020000000100
02011120000000000
02011120000000000
22220000002201020
20000000012201020
20000000011100000
STEP 17 P2 MOVE 9 1 9 2
OWN
00000000000000020
02200000000000020
00001100000000000
00001100011100100
01100020000000100
02011120000000000
02011120000000000
22220000002201020
20000000012201020
22200000011100000
STEP 18 P1 MOVE 9 3 9 4
OWN
00000000000000020
02200000000000020
00001100000000000
00001100011100100
01100020000000100
02011120000000000
02011120000000000
22220000002201020
20000000012201020
22211000011100000
STEP 19 P2 MOVE 1 6 2 6
OWN
00000000000000020
02200020000000020
00001120000000000
00001100011100100
01100020000000100
02011120000000000
02011120000000000
22220000002201020
20000000012201020
22211000011100000
STEP 20 P1 MOVE 2 13 3 13
OWN
00000000000000020
02200020000000020
00001120000001000
00001100011101100
01100020000000100
02011120000000000
02011120000000000
22220000002201020
20000000012201020
22211000011100000
STEP 21 P2 MOVE 5 12 6 12
OWN
00000000000000020
02200020000000020
00001120000001000
00001100011101100
01100020000000100
02011120000020000
02011120000020000
22220000002201020
20000000012201020
22211000011100000
STEP 22 P1 MOVE 6 14 6 15
OWN
00000000000000020
02200020000000020
00001120000001000
00001100011101100
01100020000000100
02011120000020000
02011120000020110
22220000002201020
20000000012201020
22211000011100000
STEP 23 P2 MOVE 5 15 9 15
OWN
00000000000000020
02200020000000020
00001120000001000
00001100011101100
01100020000000100
02011120000020020
02011120000020120
22220000002201020
20000000012201020
22211000011100020
STEP 24 P1 MOVE 5 14 5 16
OWN
00000000000000020
02200020000000020
00001120000001000
00001100011101100
01100020000000100
02011120000020111
02011120000020120
22220000002201020
20000000012201020
22211000011100020
STEP 25 P2 MOVE 1 4 1 5
OWN
00000000000000020
02202220000000020
00001120000001000
00001100011101100
01100020000000100
02011120000020111
02011120000020120
22220000002201020
20000000012201020
22211000011100020
STEP 26 P1 MOVE 2 9 2 10
OWN
00000000000000020
02202220000000020
00001120011001000
00001100011101100
01100020000000100
02011120000020111
02011120000020120
22220000002201020
20000000012201020
22211000011100020
STEP 27 P2 MOVE 4 16 7 16
OWN
00000000000000020
02202220000000020
00001120011001000
00001100011101100
01100020000000102
02011120000020112
02011120000020122
22220000002201022
20000000012201020
22211000011100020
STEP 28 P1 MOVE 2 8 2 11
OWN
00000000000000020
02202220000000020
00001120111101000
00001100011101100
01100020000000102
02011120000020112
02011120000020122
22220000002201022
20000000012201020
22211000011100020
STEP 29 P2 MOVE 2 2 2 3
OWN
00000000000000020
02202220000000020
00221120111101000
00001100011101100
01100020000000102
02011120000020112
02011120000020122
22220000002201022
20000000012201020
22211000011100020
STEP 30 P1 MOVE 0 2 3 2
OWN
00100000000000020
02102220000000020
00121120111101000
00101100011101100
01100020000000102
02011120000020112
02011120000020122
22220000002201022
20000000012201020
22211000011100020
STEP 31 P2 MOVE 2 7 2 12
OWN
00100000000000020
02102220000000020
00121122222221000
00101100011101100
01100020000000102
02011120000020112
02011120000020122
22220000002201022
20000000012201020
22211000011100020
STEP 32 P1 MOVE 0 7 4 7
OWN
00100001000000020
02102221000000020
00121121222221000
00101101011101100
01100021000000102
02011120000020112
02011120000020122
22220000002201022
20000000012201020
22211000011100020
STEP 33 P2 MOVE 0 6 0 8
OWN
00100022200000020
02102221000000020
00121121222221000
00101101011101100
01100021000000102
02011120000020112
02011120000020122
22220000002201022
20000000012201020
22211000011100020
STEP 34 P1 MOVE 1 13 1 14
OWN
00100022200000020
02102221000001120
00121121222221000
00101101011101100
01100021000000102
02011120000020112
02011120000020122
22220000002201022
20000000012201020
22211000011100020
STEP 35 P2 MOVE 1 12 1 16
OWN
00100022200000020
02102221000022222
00121121222221000
00101101011101100
01100021000000102
02011120000020112
02011120000020122
22220000002201022
20000000012201020
22211000011100020
STEP 36 P1 MOVE 4 15 8 16
OWN
00100022200000020
02102221000022222
00121121222221000
00101101011101100
01100021000000111
02011120000020111
02011120000020111
22220000002201011
20000000012201011
22211000011100020
STEP 37 P2 MOVE 3 1 3 3
OWN
00100022200000020
02102221000022222
00121121222221000
02221101011101100
01100021000000111
02011120000020111
02011120000020111
22220000002201011
20000000012201011
22211000011100020
STEP 38 P1 MOVE 2 1 2 14
OWN
00100022200000020
02102221000022222
01111111111111100
02221101011101100
01100021000000111
02011120000020111
02011120000020111
22220000002201011
20000000012201011
22211000011100020
STEP 39 P2 MOVE 2 0 2 15
OWN
00100022200000020
02102221000022222
22222222222222220
02221101011101100
01100021000000111
02011120000020111
02011120000020111
22220000002201011
20000000012201011
22211000011100020
STEP 40 P1 MOVE 3 16 9 16
OWN
00100022200000020
02102221000022222
22222222222222220
02221101011101101
01100021000000111
02011120000020111
02011120000020111
22220000002201011
20000000012201011
22211000011100021
STEP 41 P2 MOVE -1 -1 -1 -1
OWN
00100022200000020
02102221000022222
22222222222222220
02221101011101101
01100021000000111
02011120000020111
02011120000020111
22220000002201011
20000000012201011
22211000011100021
STEP 42 P1 MOVE -1 -1 -1 -1
OWN
00100022200000020
02102221000022222
22222222222222220
02221101011101101
01100021000000111
02011120000020111
02011120000020111
22220000002201011
20000000012201011
22211000011100021
RESULT first=43 second=52 winner=2
ANALYSIS winner=P2 score=43-52 reason=Ĺ»ĂëżěŔ§(+7Ä­ »©ľŃŔ˝,2ąčČż°ú) steal(w/l)=25/18 neu(w/l)=45/50
