BOARD
46335316573779521
21379995611334465
22191446575472632
25445254378792264
46631638868649337
77786848751798185
22946412148433752
47274356328444756
88451574395674231
45554566678871955
STEP 0 P1 MOVE 1 0 4 0
OWN
00000000000000000
10000000000000000
10000000000000000
10000000000000000
10000000000000000
00000000000000000
00000000000000000
00000000000000000
00000000000000000
00000000000000000
STEP 1 P2 MOVE 4 2 4 4
OWN
00000000000000000
10000000000000000
10000000000000000
10000000000000000
10222000000000000
00000000000000000
00000000000000000
00000000000000000
00000000000000000
00000000000000000
STEP 2 P1 MOVE 8 13 8 16
OWN
00000000000000000
10000000000000000
10000000000000000
10000000000000000
10222000000000000
00000000000000000
00000000000000000
00000000000000000
00000000000001111
00000000000000000
STEP 3 P2 MOVE 8 2 8 4
OWN
00000000000000000
10000000000000000
10000000000000000
10000000000000000
10222000000000000
00000000000000000
00000000000000000
00000000000000000
00222000000001111
00000000000000000
STEP 4 P1 MOVE 1 12 2 12
OWN
00000000000000000
10000000000010000
10000000000010000
10000000000000000
10222000000000000
00000000000000000
00000000000000000
00000000000000000
00222000000001111
00000000000000000
STEP 5 P2 MOVE 7 15 9 15
OWN
00000000000000000
10000000000010000
10000000000010000
10000000000000000
10222000000000000
00000000000000000
00000000000000000
00000000000000020
00222000000001121
00000000000000020
STEP 6 P1 MOVE 6 11 6 13
OWN
00000000000000000
10000000000010000
10000000000010000
10000000000000000
10222000000000000
00000000000000000
00000000000111000
00000000000000020
00222000000001121
00000000000000020
STEP 7 P2 MOVE 0 10 0 11
OWN
00000000002200000
10000000000010000
10000000000010000
10000000000000000
10222000000000000
00000000000000000
00000000000111000
00000000000000020
00222000000001121
00000000000000020
STEP 8 P1 MOVE 3 15 3 16
OWN
00000000002200000
10000000000010000
10000000000010000
10000000000000011
10222000000000000
00000000000000000
00000000000111000
00000000000000020
00222000000001121
00000000000000020
STEP 9 P2 MOVE 2 3 2 4
OWN
00000000002200000
10000000000010000
10022000000010000
10000000000000011
10222000000000000
00000000000000000
00000000000111000
00000000000000020
00222000000001121
00000000000000020
STEP 10 P1 MOVE 0 3 1 3
OWN
00010000002200000
10010000000010000
10022000000010000
10000000000000011
10222000000000000
00000000000000000
00000000000111000
00000000000000020
00222000000001121
00000000000000020
STEP 11 P2 MOVE 7 9 7 10
OWN
00010000002200000
10010000000010000
10022000000010000
10000000000000011
10222000000000000
00000000000000000
00000000000111000
00000000022000020
00222000000001121
00000000000000020
STEP 12 P1 MOVE 9 2 9 3
OWN
00010000002200000
10010000000010000
10022000000010000
10000000000000011
10222000000000000
00000000000000000
00000000000111000
00000000022000020
00222000000001121
00110000000000020
STEP 13 P2 MOVE 4 11 4 12
OWN
00010000002200000
10010000000010000
10022000000010000
10000000000000011
10222000000220000
00000000000000000
00000000000111000
00000000022000020
00222000000001121
00110000000000020
STEP 14 P1 MOVE 0 6 1 6
OWN
00010010002200000
10010010000010000
10022000000010000
10000000000000011
10222000000220000
00000000000000000
00000000000111000
00000000022000020
00222000000001121
00110000000000020
STEP 15 P2 MOVE 3 8 3 9
OWN
00010010002200000
10010010000010000
10022000000010000
10000000220000011
10222000000220000
00000000000000000
00000000000111000
00000000022000020
00222000000001121
00110000000000020
STEP 16 P1 MOVE 7 7 8 7
OWN
00010010002200000
10010010000010000
10022000000010000
10000000220000011
10222000000220000
00000000000000000
00000000000111000
00000001022000020
00222001000001121
00110000000000020
STEP 17 P2 MOVE 2 7 3 7
OWN
00010010002200000
10010010000010000
10022002000010000
10000002220000011
10222000000220000
00000000000000000
00000000000111000
00000001022000020
00222001000001121
00110000000000020
STEP 18 P1 MOVE 7 11 8 11
OWN
00010010002200000
10010010000010000
10022002000010000
10000002220000011
10222000000220000
00000000000000000
00000000000111000
00000001022100020
00222001000101121
00110000000000020
STEP 19 P2 MOVE 9 13 9 14
OWN
00010010002200000
10010010000010000
10022002000010000
10000002220000011
10222000000220000
00000000000000000
00000000000111000
00000001022100020
00222001000101121
00110000000002220
STEP 20 P1 MOVE 4 15 4 16
OWN
00010010002200000
10010010000010000
10022002000010000
10000002220000011
10222000000220011
00000000000000000
00000000000111000
00000001022100020
00222001000101121
00110000000002220
STEP 21 P2 MOVE 6 7 7 9
OWN
00010010002200000
10010010000010000
10022002000010000
10000002220000011
10222000000220011
00000000000000000
00000002220111000
00000002222100020
00222001000101121
00110000000002220
STEP 22 P1 MOVE 5 8 8 8
OWN
00010010002200000
10010010000010000
10022002000010000
10000002220000011
10222000000220011
00000000100000000
00000002120111000
00000002122100020
00222001100101121
00110000000002220
STEP 23 P2 MOVE 6 3 6 4
OWN
00010010002200000
10010010000010000
10022002000010000
10000002220000011
10222000000220011
00000000100000000
00022002120111000
00000002122100020
00222001100101121
00110000000002220
STEP 24 P1 MOVE -1 -1 -1 -1
OWN
00010010002200000
10010010000010000
10022002000010000
10000002220000011
10222000000220011
00000000100000000
00022002120111000
00000002122100020
00222001100101121
00110000000002220
STEP 25 P2 MOVE 1 14 1 15
OWN
00010010002200000
10010010000010220
10022002000010000
10000002220000011
10222000000220011
00000000100000000
00022002120111000
00000002122100020
00222001100101121
00110000000002220
STEP 26 P1 MOVE 5 4 7 4
OWN
00010010002200000
10010010000010220
10022002000010000
10000002220000011
10222000000220011
00001000100000000
00021002120111000
00001002122100020
00222001100101121
00110000000002220
STEP 27 P2 MOVE 7 3 7 5
OWN
00010010002200000
10010010000010220
10022002000010000
10000002220000011
10222000000220011
00001000100000000
00021002120111000
00022202122100020
00222001100101121
00110000000002220
STEP 28 P1 MOVE 0 11 1 12
OWN
00010010002110000
10010010000110220
10022002000010000
10000002220000011
10222000000220011
00001000100000000
00021002120111000
00022202122100020
00222001100101121
00110000000002220
STEP 29 P2 MOVE 1 10 2 11
OWN
00010010002110000
10010010002210220
10022002002210000
10000002220000011
10222000000220011
00001000100000000
00021002120111000
00022202122100020
00222001100101121
00110000000002220
STEP 30 P1 MOVE 1 9 1 16
OWN
00010010002110000
10010010011111111
10022002002210000
10000002220000011
10222000000220011
00001000100000000
00021002120111000
00022202122100020
00222001100101121
00110000000002220
STEP 31 P2 MOVE 0 16 6 16
OWN
00010010002110002
10010010011111112
10022002002210002
10000002220000012
10222000000220012
00001000100000002
00021002120111002
00022202122100020
00222001100101121
00110000000002220
STEP 32 P1 MOVE 5 6 7 6
OWN
00010010002110002
10010010011111112
10022002002210002
10000002220000012
10222000000220012
00001010100000002
00021012120111002
00022212122100020
00222001100101121
00110000000002220
STEP 33 P2 MOVE 7 2 7 13
OWN
00010010002110002
10010010011111112
10022002002210002
10000002220000012
10222000000220012
00001010100000002
00021012120111002
00222222222222020
00222001100101121
00110000000002220
STEP 34 P1 MOVE 4 6 8 6
OWN
00010010002110002
10010010011111112
10022002002210002
10000002220000012
10222010000220012
00001010100000002
00021012120111002
00222212222222020
00222011100101121
00110000000002220
STEP 35 P2 MOVE 8 5 9 5
OWN
00010010002110002
10010010011111112
10022002002210002
10000002220000012
10222010000220012
00001010100000002
00021012120111002
00222212222222020
00222211100101121
00110200000002220
STEP 36 P1 MOVE 6 5 9 6
OWN
00010010002110002
10010010011111112
10022002002210002
10000002220000012
10222010000220012
00001010100000002
00021112120111002
00222112222222020
00222111100101121
00110110000002220
STEP 37 P2 MOVE 9 4 9 7
OWN
00010010002110002
10010010011111112
10022002002210002
10000002220000012
10222010000220012
00001010100000002
00021112120111002
00222112222222020
00222111100101121
00112222000002220
STEP 38 P1 MOVE -1 -1 -1 -1
OWN
00010010002110002
10010010011111112
10022002002210002
10000002220000012
10222010000220012
00001010100000002
00021112120111002
00222112222222020
00222111100101121
00112222000002220
STEP 39 P2 MOVE -1 -1 -1 -1
OWN
00010010002110002
10010010011111112
10022002002210002
10000002220000012
10222010000220012
00001010100000002
00021112120111002
00222112222222020
00222111100101121
00112222000002220
RESULT first=43 second=46 winner=2
ANALYSIS winner=P2 score=43-46 reason=şóÄ­Ľ±Áˇ(+3) / żŞŔü˝Â steal(w/l)=12/12 neu(w/l)=46/43
