BOARD
14327424437423683
41241155336972145
43312682553831659
52578736426369842
61481641251626723
67133289279131581
77261858132195368
29447248567385962
72133591878775274
49269771651967746
STEP 0 P1 MOVE 5 2 9 2
OWN
00000000000000000
00000000000000000
00000000000000000
00000000000000000
00000000000000000
00100000000000000
00100000000000000
00100000000000000
00100000000000000
00100000000000000
STEP 1 P2 MOVE 0 0 0 3
OWN
22220000000000000
00000000000000000
00000000000000000
00000000000000000
00000000000000000
00100000000000000
00100000000000000
00100000000000000
00100000000000000
00100000000000000
STEP 2 P1 MOVE 1 13 2 14
OWN
22220000000000000
00000000000001100
00000000000001100
00000000000000000
00000000000000000
00100000000000000
00100000000000000
00100000000000000
00100000000000000
00100000000000000
STEP 3 P2 MOVE 1 4 2 5
OWN
22220000000000000
00002200000001100
00002200000001100
00000000000000000
00000000000000000
00100000000000000
00100000000000000
00100000000000000
00100000000000000
00100000000000000
STEP 4 P1 MOVE 5 11 5 14
OWN
22220000000000000
00002200000001100
00002200000001100
00000000000000000
00000000000000000
00100000000111100
00100000000000000
00100000000000000
00100000000000000
00100000000000000
STEP 5 P2 MOVE 4 14 6 14
OWN
22220000000000000
00002200000001100
00002200000001100
00000000000000000
00000000000000200
00100000000111200
00100000000000200
00100000000000000
00100000000000000
00100000000000000
STEP 6 P1 MOVE 0 5 0 7
OWN
22220111000000000
00002200000001100
00002200000001100
00000000000000000
00000000000000200
00100000000111200
00100000000000200
00100000000000000
00100000000000000
00100000000000000
STEP 7 P2 MOVE 7 7 9 7
OWN
22220111000000000
00002200000001100
00002200000001100
00000000000000000
00000000000000200
00100000000111200
00100000000000200
00100002000000000
00100002000000000
00100002000000000
STEP 8 P1 MOVE 1 2 2 3
OWN
22220111000000000
00112200000001100
00112200000001100
00000000000000000
00000000000000200
00100000000111200
00100000000000200
00100002000000000
00100002000000000
00100002000000000
STEP 9 P2 MOVE 9 15 9 16
OWN
22220111000000000
00112200000001100
00112200000001100
00000000000000000
00000000000000200
00100000000111200
00100000000000200
00100002000000000
00100002000000000
00100002000000022
STEP 10 P1 MOVE 4 8 7 8
OWN
22220111000000000
00112200000001100
00112200000001100
00000000000000000
00000000100000200
00100000100111200
00100000100000200
00100002100000000
00100002000000000
00100002000000022
STEP 11 P2 MOVE 4 6 4 9
OWN
22220111000000000
00112200000001100
00112200000001100
00000000000000000
00000022220000200
00100000100111200
00100000100000200
00100002100000000
00100002000000000
00100002000000022
STEP 12 P1 MOVE 7 6 7 9
OWN
22220111000000000
00112200000001100
00112200000001100
00000000000000000
00000022220000200
00100000100111200
00100000100000200
00100011110000000
00100002000000000
00100002000000022
STEP 13 P2 MOVE 6 9 8 9
OWN
22220111000000000
00112200000001100
00112200000001100
00000000000000000
00000022220000200
00100000100111200
00100000120000200
00100011120000000
00100002020000000
00100002000000022
STEP 14 P1 MOVE 7 13 8 13
OWN
22220111000000000
00112200000001100
00112200000001100
00000000000000000
00000022220000200
00100000100111200
00100000120000200
00100011120001000
00100002020001000
00100002000000022
STEP 15 P2 MOVE 6 5 7 5
OWN
22220111000000000
00112200000001100
00112200000001100
00000000000000000
00000022220000200
00100000100111200
00100200120000200
00100211120001000
00100002020001000
00100002000000022
STEP 16 P1 MOVE 9 10 9 11
OWN
22220111000000000
00112200000001100
00112200000001100
00000000000000000
00000022220000200
00100000100111200
00100200120000200
00100211120001000
00100002020001000
00100002001100022
STEP 17 P2 MOVE 6 3 7 3
OWN
22220111000000000
00112200000001100
00112200000001100
00000000000000000
00000022220000200
00100000100111200
00120200120000200
00120211120001000
00100002020001000
00100002001100022
STEP 18 P1 MOVE 3 7 3 8
OWN
22220111000000000
00112200000001100
00112200000001100
00000001100000000
00000022220000200
00100000100111200
00120200120000200
00120211120001000
00100002020001000
00100002001100022
STEP 19 P2 MOVE 7 10 7 11
OWN
22220111000000000
00112200000001100
00112200000001100
00000001100000000
00000022220000200
00100000100111200
00120200120000200
00120211122201000
00100002020001000
00100002001100022
STEP 20 P1 MOVE 5 1 5 3
OWN
22220111000000000
00112200000001100
00112200000001100
00000001100000000
00000022220000200
01110000100111200
00120200120000200
00120211122201000
00100002020001000
00100002001100022
STEP 21 P2 MOVE 2 6 2 7
OWN
22220111000000000
00112200000001100
00112222000001100
00000001100000000
00000022220000200
01110000100111200
00120200120000200
00120211122201000
00100002020001000
00100002001100022
STEP 22 P1 MOVE 2 10 4 10
OWN
22220111000000000
00112200000001100
00112222001001100
00000001101000000
00000022221000200
01110000100111200
00120200120000200
00120211122201000
00100002020001000
00100002001100022
STEP 23 P2 MOVE 4 12 4 15
OWN
22220111000000000
00112200000001100
00112222001001100
00000001101000000
00000022221022220
01110000100111200
00120200120000200
00120211122201000
00100002020001000
00100002001100022
STEP 24 P1 MOVE 2 8 2 9
OWN
22220111000000000
00112200000001100
00112222111001100
00000001101000000
00000022221022220
01110000100111200
00120200120000200
00120211122201000
00100002020001000
00100002001100022
STEP 25 P2 MOVE 1 12 2 12
OWN
22220111000000000
00112200000021100
00112222111021100
00000001101000000
00000022221022220
01110000100111200
00120200120000200
00120211122201000
00100002020001000
00100002001100022
STEP 26 P1 MOVE 3 1 6 1
OWN
22220111000000000
00112200000021100
00112222111021100
01000001101000000
01000022221022220
01110000100111200
01120200120000200
00120211122201000
00100002020001000
00100002001100022
STEP 27 P2 MOVE 4 0 4 2
OWN
22220111000000000
00112200000021100
00112222111021100
01000001101000000
22200022221022220
01110000100111200
01120200120000200
00120211122201000
00100002020001000
00100002001100022
STEP 28 P1 MOVE 3 5 3 6
OWN
22220111000000000
00112200000021100
00112222111021100
01000111101000000
22200022221022220
01110000100111200
01120200120000200
00120211122201000
00100002020001000
00100002001100022
STEP 29 P2 MOVE 6 7 6 10
OWN
22220111000000000
00112200000021100
00112222111021100
01000111101000000
22200022221022220
01110000100111200
01120202222000200
00120211122201000
00100002020001000
00100002001100022
STEP 30 P1 MOVE 5 10 6 11
OWN
22220111000000000
00112200000021100
00112222111021100
01000111101000000
22200022221022220
01110000101111200
01120202221100200
00120211122201000
00100002020001000
00100002001100022
STEP 31 P2 MOVE 3 0 3 2
OWN
22220111000000000
00112200000021100
00112222111021100
22200111101000000
22200022221022220
01110000101111200
01120202221100200
00120211122201000
00100002020001000
00100002001100022
STEP 32 P1 MOVE 2 1 3 3
OWN
22220111000000000
00112200000021100
01112222111021100
21110111101000000
22200022221022220
01110000101111200
01120202221100200
00120211122201000
00100002020001000
00100002001100022
STEP 33 P2 MOVE 1 0 1 6
OWN
22220111000000000
22222220000021100
01112222111021100
21110111101000000
22200022221022220
01110000101111200
01120202221100200
00120211122201000
00100002020001000
00100002001100022
STEP 34 P1 MOVE 3 4 3 9
OWN
22220111000000000
22222220000021100
01112222111021100
21111111111000000
22200022221022220
01110000101111200
01120202221100200
00120211122201000
00100002020001000
00100002001100022
STEP 35 P2 MOVE 1 9 5 9
OWN
22220111000000000
22222220020021100
01112222121021100
21111111121000000
22200022221022220
01110000121111200
01120202221100200
00120211122201000
00100002020001000
00100002001100022
STEP 36 P1 MOVE 2 0 5 0
OWN
22220111000000000
22222220020021100
11112222121021100
11111111121000000
12200022221022220
11110000121111200
01120202221100200
00120211122201000
00100002020001000
00100002001100022
STEP 37 P2 MOVE 0 8 1 9
OWN
22220111220000000
22222220220021100
11112222121021100
11111111121000000
12200022221022220
11110000121111200
01120202221100200
00120211122201000
00100002020001000
00100002001100022
STEP 38 P1 MOVE 5 5 5 6
OWN
22220111220000000
22222220220021100
11112222121021100
11111111121000000
12200022221022220
11110110121111200
01120202221100200
00120211122201000
00100002020001000
00100002001100022
STEP 39 P2 MOVE 4 4 5 5
OWN
22220111220000000
22222220220021100
11112222121021100
11111111121000000
12202222221022220
11112210121111200
01120202221100200
00120211122201000
00100002020001000
00100002001100022
STEP 40 P1 MOVE 6 16 7 16
OWN
22220111220000000
22222220220021100
11112222121021100
11111111121000000
12202222221022220
11112210121111200
01120202221100201
00120211122201001
00100002020001000
00100002001100022
STEP 41 P2 MOVE 3 16 8 16
OWN
22220111220000000
22222220220021100
11112222121021100
11111111121000002
12202222221022222
11112210121111202
01120202221100202
00120211122201002
00100002020001002
00100002001100022
STEP 42 P1 MOVE -1 -1 -1 -1
OWN
22220111220000000
22222220220021100
11112222121021100
11111111121000002
12202222221022222
11112210121111202
01120202221100202
00120211122201002
00100002020001002
00100002001100022
STEP 43 P2 MOVE 7 4 8 4
OWN
22220111220000000
22222220220021100
11112222121021100
11111111121000002
12202222221022222
11112210121111202
01120202221100202
00122211122201002
00102002020001002
00100002001100022
STEP 44 P1 MOVE 8 1 8 5
OWN
22220111220000000
22222220220021100
11112222121021100
11111111121000002
12202222221022222
11112210121111202
01120202221100202
00122211122201002
01111102020001002
00100002001100022
STEP 45 P2 MOVE 6 4 9 4
OWN
22220111220000000
22222220220021100
11112222121021100
11111111121000002
12202222221022222
11112210121111202
01122202221100202
00122211122201002
01112102020001002
00102002001100022
STEP 46 P1 MOVE -1 -1 -1 -1
OWN
22220111220000000
22222220220021100
11112222121021100
11111111121000002
12202222221022222
11112210121111202
01122202221100202
00122211122201002
01112102020001002
00102002001100022
STEP 47 P2 MOVE -1 -1 -1 -1
OWN
22220111220000000
22222220220021100
11112222121021100
11111111121000002
12202222221022222
11112210121111202
01122202221100202
00122211122201002
01112102020001002
00102002001100022
RESULT first=52 second=65 winner=2
ANALYSIS winner=P2 score=52-65 reason=Ĺ»ĂëżěŔ§(+7Ä­ »©ľŃŔ˝,2ąčČż°ú) / żŞŔü˝Â steal(w/l)=14/7 neu(w/l)=58/59
