BOARD
89137993842786149
63439473363342224
94443296124363427
94231132339847819
84653688119927642
92865177548182987
73212914712913132
98291285481747621
42383671457961217
31645458238758599
STEP 0 P1 MOVE 3 2 3 6
OWN
00000000000000000
00000000000000000
00000000000000000
00111110000000000
00000000000000000
00000000000000000
00000000000000000
00000000000000000
00000000000000000
00000000000000000
STEP 1 P2 MOVE 1 13 1 16
OWN
00000000000000000
00000000000002222
00000000000000000
00111110000000000
00000000000000000
00000000000000000
00000000000000000
00000000000000000
00000000000000000
00000000000000000
STEP 2 P1 MOVE 8 0 9 1
OWN
00000000000000000
00000000000002222
00000000000000000
00111110000000000
00000000000000000
00000000000000000
00000000000000000
00000000000000000
11000000000000000
11000000000000000
STEP 3 P2 MOVE 2 8 2 11
OWN
00000000000000000
00000000000002222
00000000222200000
00111110000000000
00000000000000000
00000000000000000
00000000000000000
00000000000000000
11000000000000000
11000000000000000
STEP 4 P1 MOVE 0 3 2 3
OWN
00010000000000000
00010000000002222
00010000222200000
00111110000000000
00000000000000000
00000000000000000
00000000000000000
00000000000000000
11000000000000000
11000000000000000
STEP 5 P2 MOVE 4 7 4 9
OWN
00010000000000000
00010000000002222
00010000222200000
00111110000000000
00000002220000000
00000000000000000
00000000000000000
00000000000000000
11000000000000000
11000000000000000
STEP 6 P1 MOVE 7 8 9 8
OWN
00010000000000000
00010000000002222
00010000222200000
00111110000000000
00000002220000000
00000000000000000
00000000000000000
00000000100000000
11000000100000000
11000000100000000
STEP 7 P2 MOVE 6 16 8 16
OWN
00010000000000000
00010000000002222
00010000222200000
00111110000000000
00000002220000000
00000000000000000
00000000000000002
00000000100000002
11000000100000002
11000000100000000
STEP 8 P1 MOVE 1 10 1 12
OWN
00010000000000000
00010000001112222
00010000222200000
00111110000000000
00000002220000000
00000000000000000
00000000000000002
00000000100000002
11000000100000002
11000000100000000
STEP 9 P2 MOVE 6 7 8 7
OWN
00010000000000000
00010000001112222
00010000222200000
00111110000000000
00000002220000000
00000000000000000
00000002000000002
00000002100000002
11000002100000002
11000000100000000
STEP 10 P1 MOVE 6 10 8 10
OWN
00010000000000000
00010000001112222
00010000222200000
00111110000000000
00000002220000000
00000000000000000
00000002001000002
00000002101000002
11000002101000002
11000000100000000
STEP 11 P2 MOVE 0 1 0 2
OWN
02210000000000000
00010000001112222
00010000222200000
00111110000000000
00000002220000000
00000000000000000
00000002001000002
00000002101000002
11000002101000002
11000000100000000
STEP 12 P1 MOVE 2 2 4 2
OWN
02210000000000000
00010000001112222
00110000222200000
00111110000000000
00100002220000000
00000000000000000
00000002001000002
00000002101000002
11000002101000002
11000000100000000
STEP 13 P2 MOVE 4 4 6 4
OWN
02210000000000000
00010000001112222
00110000222200000
00111110000000000
00102002220000000
00002000000000000
00002002001000002
00000002101000002
11000002101000002
11000000100000000
STEP 14 P1 MOVE 6 3 7 3
OWN
02210000000000000
00010000001112222
00110000222200000
00111110000000000
00102002220000000
00002000000000000
00012002001000002
00010002101000002
11000002101000002
11000000100000000
STEP 15 P2 MOVE 4 11 5 11
OWN
02210000000000000
00010000001112222
00110000222200000
00111110000000000
00102002220200000
00002000000200000
00012002001000002
00010002101000002
11000002101000002
11000000100000000
STEP 16 P1 MOVE 5 2 6 2
OWN
02210000000000000
00010000001112222
00110000222200000
00111110000000000
00102002220200000
00102000000200000
00112002001000002
00010002101000002
11000002101000002
11000000100000000
STEP 17 P2 MOVE 1 6 1 7
OWN
02210000000000000
00010022001112222
00110000222200000
00111110000000000
00102002220200000
00102000000200000
00112002001000002
00010002101000002
11000002101000002
11000000100000000
STEP 18 P1 MOVE 9 2 9 3
OWN
02210000000000000
00010022001112222
00110000222200000
00111110000000000
00102002220200000
00102000000200000
00112002001000002
00010002101000002
11000002101000002
11110000100000000
STEP 19 P2 MOVE 6 9 6 11
OWN
02210000000000000
00010022001112222
00110000222200000
00111110000000000
00102002220200000
00102000000200000
00112002022200002
00010002101000002
11000002101000002
11110000100000000
STEP 20 P1 MOVE 8 12 8 15
OWN
02210000000000000
00010022001112222
00110000222200000
00111110000000000
00102002220200000
00102000000200000
00112002022200002
00010002101000002
11000002101011112
11110000100000000
STEP 21 P2 MOVE 7 5 7 6
OWN
02210000000000000
00010022001112222
00110000222200000
00111110000000000
00102002220200000
00102000000200000
00112002022200002
00010222101000002
11000002101011112
11110000100000000
STEP 22 P1 MOVE 4 12 5 12
OWN
02210000000000000
00010022001112222
00110000222200000
00111110000000000
00102002220210000
00102000000210000
00112002022200002
00010222101000002
11000002101011112
11110000100000000
STEP 23 P2 MOVE 5 5 6 5
OWN
02210000000000000
00010022001112222
00110000222200000
00111110000000000
00102002220210000
00102200000210000
00112202022200002
00010222101000002
11000002101011112
11110000100000000
STEP 24 P1 MOVE 6 12 9 12
OWN
02210000000000000
00010022001112222
00110000222200000
00111110000000000
00102002220210000
00102200000210000
00112202022210002
00010222101010002
11000002101011112
11110000100010000
STEP 25 P2 MOVE 5 14 6 14
OWN
02210000000000000
00010022001112222
00110000222200000
00111110000000000
00102002220210000
00102200000210200
00112202022210202
00010222101010002
11000002101011112
11110000100010000
STEP 26 P1 MOVE 2 12 3 12
OWN
02210000000000000
00010022001112222
00110000222210000
00111110000010000
00102002220210000
00102200000210200
00112202022210202
00010222101010002
11000002101011112
11110000100010000
STEP 27 P2 MOVE 5 10 5 13
OWN
02210000000000000
00010022001112222
00110000222210000
00111110000010000
00102002220210000
00102200002222200
00112202022210202
00010222101010002
11000002101011112
11110000100010000
STEP 28 P1 MOVE 3 15 3 16
OWN
02210000000000000
00010022001112222
00110000222210000
00111110000010011
00102002220210000
00102200002222200
00112202022210202
00010222101010002
11000002101011112
11110000100010000
STEP 29 P2 MOVE 0 15 4 15
OWN
02210000000000020
00010022001112222
00110000222210020
00111110000010021
00102002220210020
00102200002222200
00112202022210202
00010222101010002
11000002101011112
11110000100010000
STEP 30 P1 MOVE 4 13 6 13
OWN
02210000000000020
00010022001112222
00110000222210020
00111110000010021
00102002220211020
00102200002221200
00112202022211202
00010222101010002
11000002101011112
11110000100010000
STEP 31 P2 MOVE 0 14 0 16
OWN
02210000000000222
00010022001112222
00110000222210020
00111110000010021
00102002220211020
00102200002221200
00112202022211202
00010222101010002
11000002101011112
11110000100010000
STEP 32 P1 MOVE 6 0 6 1
OWN
02210000000000222
00010022001112222
00110000222210020
00111110000010021
00102002220211020
00102200002221200
11112202022211202
00010222101010002
11000002101011112
11110000100010000
STEP 33 P2 MOVE 3 6 4 7
OWN
02210000000000222
00010022001112222
00110000222210020
00111122000010021
00102022220211020
00102200002221200
11112202022211202
00010222101010002
11000002101011112
11110000100010000
STEP 34 P1 MOVE 3 1 5 1
OWN
02210000000000222
00010022001112222
00110000222210020
01111122000010021
01102022220211020
01102200002221200
11112202022211202
00010222101010002
11000002101011112
11110000100010000
STEP 35 P2 MOVE 7 1 7 2
OWN
02210000000000222
00010022001112222
00110000222210020
01111122000010021
01102022220211020
01102200002221200
11112202022211202
02210222101010002
11000002101011112
11110000100010000
STEP 36 P1 MOVE 7 0 7 4
OWN
02210000000000222
00010022001112222
00110000222210020
01111122000010021
01102022220211020
01102200002221200
11112202022211202
11111222101010002
11000002101011112
11110000100010000
STEP 37 P2 MOVE 6 8 6 15
OWN
02210000000000222
00010022001112222
00110000222210020
01111122000010021
01102022220211020
01102200002221200
11112202222222222
11111222101010002
11000002101011112
11110000100010000
STEP 38 P1 MOVE 5 15 7 15
OWN
02210000000000222
00010022001112222
00110000222210020
01111122000010021
01102022220211020
01102200002221210
11112202222222212
11111222101010012
11000002101011112
11110000100010000
STEP 39 P2 MOVE 2 13 3 13
OWN
02210000000000222
00010022001112222
00110000222212020
01111122000012021
01102022220211020
01102200002221210
11112202222222212
11111222101010012
11000002101011112
11110000100010000
STEP 40 P1 MOVE 0 13 2 14
OWN
02210000000001122
00010022001111122
00110000222211120
01111122000012021
01102022220211020
01102200002221210
11112202222222212
11111222101010012
11000002101011112
11110000100010000
STEP 41 P2 MOVE 8 5 9 5
OWN
02210000000001122
00010022001111122
00110000222211120
01111122000012021
01102022220211020
01102200002221210
11112202222222212
11111222101010012
11000202101011112
11110200100010000
STEP 42 P1 MOVE 8 4 8 6
OWN
02210000000001122
00010022001111122
00110000222211120
01111122000012021
01102022220211020
01102200002221210
11112202222222212
11111222101010012
11001112101011112
11110200100010000
STEP 43 P2 MOVE 0 9 1 9
OWN
02210000020001122
00010022021111122
00110000222211120
01111122000012021
01102022220211020
01102200002221210
11112202222222212
11111222101010012
11001112101011112
11110200100010000
STEP 44 P1 MOVE 1 8 2 16
OWN
02210000020001122
00010022111111111
00110000111111111
01111122000012021
01102022220211020
01102200002221210
11112202222222212
11111222101010012
11001112101011112
11110200100010000
STEP 45 P2 MOVE 9 4 9 6
OWN
02210000020001122
00010022111111111
00110000111111111
01111122000012021
01102022220211020
01102200002221210
11112202222222212
11111222101010012
11001112101011112
11112220100010000
STEP 46 P1 MOVE -1 -1 -1 -1
OWN
02210000020001122
00010022111111111
00110000111111111
01111122000012021
01102022220211020
01102200002221210
11112202222222212
11111222101010012
11001112101011112
11112220100010000
STEP 47 P2 MOVE -1 -1 -1 -1
OWN
02210000020001122
00010022111111111
00110000111111111
01111122000012021
01102022220211020
01102200002221210
11112202222222212
11111222101010012
11001112101011112
11112220100010000
RESULT first=70 second=44 winner=1
ANALYSIS winner=P1 score=70-44 reason=Ĺ»ĂëżěŔ§(+11Ä­ »©ľŃŔ˝,2ąčČż°ú) / şóÄ­Ľ±Áˇ(+4) steal(w/l)=17/6 neu(w/l)=59/55
