BOARD
33746581325776899
16445996434224994
99395624283452127
77694926213316516
86135259413396795
58782418735452422
76531313552631552
99386428887953937
37731648192626548
36339665852281154
STEP 0 P1 MOVE 3 8 3 12
OWN
00000000000000000
00000000000000000
00000000000000000
00000000111110000
00000000000000000
00000000000000000
00000000000000000
00000000000000000
00000000000000000
00000000000000000
STEP 1 P2 MOVE 5 4 8 4
OWN
00000000000000000
00000000000000000
00000000000000000
00000000111110000
00000000000000000
00002000000000000
00002000000000000
00002000000000000
00002000000000000
00000000000000000
STEP 2 P1 MOVE 5 15 7 15
OWN
00000000000000000
00000000000000000
00000000000000000
00000000111110000
00000000000000000
00002000000000010
00002000000000010
00002000000000010
00002000000000000
00000000000000000
STEP 3 P2 MOVE 0 8 0 10
OWN
00000000222000000
00000000000000000
00000000000000000
00000000111110000
00000000000000000
00002000000000010
00002000000000010
00002000000000010
00002000000000000
00000000000000000
STEP 4 P1 MOVE 1 10 4 10
OWN
00000000222000000
00000000001000000
00000000001000000
00000000111110000
00000000001000000
00002000000000010
00002000000000010
00002000000000010
00002000000000000
00000000000000000
STEP 5 P2 MOVE 8 10 8 12
OWN
00000000222000000
00000000001000000
00000000001000000
00000000111110000
00000000001000000
00002000000000010
00002000000000010
00002000000000010
00002000002220000
00000000000000000
STEP 6 P1 MOVE 1 14 2 14
OWN
00000000222000000
00000000001000100
00000000001000100
00000000111110000
00000000001000000
00002000000000010
00002000000000010
00002000000000010
00002000002220000
00000000000000000
STEP 7 P2 MOVE 4 1 4 3
OWN
00000000222000000
00000000001000100
00000000001000100
00000000111110000
02220000001000000
00002000000000010
00002000000000010
00002000000000010
00002000002220000
00000000000000000
STEP 8 P1 MOVE 8 2 8 3
OWN
00000000222000000
00000000001000100
00000000001000100
00000000111110000
02220000001000000
00002000000000010
00002000000000010
00002000000000010
00112000002220000
00000000000000000
STEP 9 P2 MOVE 7 13 9 13
OWN
00000000222000000
00000000001000100
00000000001000100
00000000111110000
02220000001000000
00002000000000010
00002000000000010
00002000000002010
00112000002222000
00000000000002000
STEP 10 P1 MOVE 9 14 9 16
OWN
00000000222000000
00000000001000100
00000000001000100
00000000111110000
02220000001000000
00002000000000010
00002000000000010
00002000000002010
00112000002222000
00000000000002111
STEP 11 P2 MOVE 9 11 9 12
OWN
00000000222000000
00000000001000100
00000000001000100
00000000111110000
02220000001000000
00002000000000010
00002000000000010
00002000000002010
00112000002222000
00000000000222111
STEP 12 P1 MOVE 0 3 0 4
OWN
00011000222000000
00000000001000100
00000000001000100
00000000111110000
02220000001000000
00002000000000010
00002000000000010
00002000000002010
00112000002222000
00000000000222111
STEP 13 P2 MOVE 3 15 4 15
OWN
00011000222000000
00000000001000100
00000000001000100
00000000111110020
02220000001000020
00002000000000010
00002000000000010
00002000000002010
00112000002222000
00000000000222111
STEP 14 P1 MOVE 1 4 2 4
OWN
00011000222000000
00001000001000100
00001000001000100
00000000111110020
02220000001000020
00002000000000010
00002000000000010
00002000000002010
00112000002222000
00000000000222111
STEP 15 P2 MOVE 1 7 1 8
OWN
00011000222000000
00001002201000100
00001000001000100
00000000111110020
02220000001000020
00002000000000010
00002000000000010
00002000000002010
00112000002222000
00000000000222111
STEP 16 P1 MOVE 8 6 9 6
OWN
00011000222000000
00001002201000100
00001000001000100
00000000111110020
02220000001000020
00002000000000010
00002000000000010
00002000000002010
00112010002222000
00000010000222111
STEP 17 P2 MOVE 7 5 8 5
OWN
00011000222000000
00001002201000100
00001000001000100
00000000111110020
02220000001000020
00002000000000010
00002000000000010
00002200000002010
00112210002222000
00000010000222111
STEP 18 P1 MOVE 8 0 8 1
OWN
00011000222000000
00001002201000100
00001000001000100
00000000111110020
02220000001000020
00002000000000010
00002000000000010
00002200000002010
11112210002222000
00000010000222111
STEP 19 P2 MOVE 8 8 8 9
OWN
00011000222000000
00001002201000100
00001000001000100
00000000111110020
02220000001000020
00002000000000010
00002000000000010
00002200000002010
11112210222222000
00000010000222111
STEP 20 P1 MOVE 6 8 6 9
OWN
00011000222000000
00001002201000100
00001000001000100
00000000111110020
02220000001000020
00002000000000010
00002000110000010
00002200000002010
11112210222222000
00000010000222111
STEP 21 P2 MOVE 2 8 2 9
OWN
00011000222000000
00001002201000100
00001000221000100
00000000111110020
02220000001000020
00002000000000010
00002000110000010
00002200000002010
11112210222222000
00000010000222111
STEP 22 P1 MOVE 6 3 6 7
OWN
00011000222000000
00001002201000100
00001000221000100
00000000111110020
02220000001000020
00002000000000010
00011111110000010
00002200000002010
11112210222222000
00000010000222111
STEP 23 P2 MOVE 3 6 7 6
OWN
00011000222000000
00001002201000100
00001000221000100
00000020111110020
02220020001000020
00002020000000010
00011121110000010
00002220000002010
11112210222222000
00000010000222111
STEP 24 P1 MOVE 5 5 9 5
OWN
00011000222000000
00001002201000100
00001000221000100
00000020111110020
02220020001000020
00002120000000010
00011121110000010
00002120000002010
11112110222222000
00000110000222111
STEP 25 P2 MOVE 2 6 2 11
OWN
00011000222000000
00001002201000100
00001022222200100
00000020111110020
02220020001000020
00002120000000010
00011121110000010
00002120000002010
11112110222222000
00000110000222111
STEP 26 P1 MOVE 5 9 6 10
OWN
00011000222000000
00001002201000100
00001022222200100
00000020111110020
02220020001000020
00002120011000010
00011121111000010
00002120000002010
11112110222222000
00000110000222111
STEP 27 P2 MOVE 6 11 6 13
OWN
00011000222000000
00001002201000100
00001022222200100
00000020111110020
02220020001000020
00002120011000010
00011121111222010
00002120000002010
11112110222222000
00000110000222111
STEP 28 P1 MOVE 6 2 6 14
OWN
00011000222000000
00001002201000100
00001022222200100
00000020111110020
02220020001000020
00002120011000010
00111111111111110
00002120000002010
11112110222222000
00000110000222111
STEP 29 P2 MOVE 5 13 6 16
OWN
00011000222000000
00001002201000100
00001022222200100
00000020111110020
02220020001000020
00002120011002222
00111111111112222
00002120000002010
11112110222222000
00000110000222111
STEP 30 P1 MOVE 1 0 2 0
OWN
00011000222000000
10001002201000100
10001022222200100
00000020111110020
02220020001000020
00002120011002222
00111111111112222
00002120000002010
11112110222222000
00000110000222111
STEP 31 P2 MOVE 0 0 3 0
OWN
20011000222000000
20001002201000100
20001022222200100
20000020111110020
02220020001000020
00002120011002222
00111111111112222
00002120000002010
11112110222222000
00000110000222111
STEP 32 P1 MOVE 0 1 0 2
OWN
21111000222000000
20001002201000100
20001022222200100
20000020111110020
02220020001000020
00002120011002222
00111111111112222
00002120000002010
11112110222222000
00000110000222111
STEP 33 P2 MOVE 5 2 7 2
OWN
21111000222000000
20001002201000100
20001022222200100
20000020111110020
02220020001000020
00202120011002222
00211111111112222
00202120000002010
11112110222222000
00000110000222111
STEP 34 P1 MOVE 0 7 3 9
OWN
21111001112000000
20001001111000100
20001021112200100
20000021111110020
02220020001000020
00202120011002222
00211111111112222
00202120000002010
11112110222222000
00000110000222111
STEP 35 P2 MOVE 1 8 4 11
OWN
21111001112000000
20001001222200100
20001021222200100
20000021222210020
02220020222200020
00202120011002222
00211111111112222
00202120000002010
11112110222222000
00000110000222111
STEP 36 P1 MOVE 5 12 7 12
OWN
21111001112000000
20001001222200100
20001021222200100
20000021222210020
02220020222200020
00202120011012222
00211111111112222
00202120000012010
11112110222222000
00000110000222111
STEP 37 P2 MOVE 1 1 1 2
OWN
21111001112000000
22201001222200100
20001021222200100
20000021222210020
02220020222200020
00202120011012222
00211111111112222
00202120000012010
11112110222222000
00000110000222111
STEP 38 P1 MOVE -1 -1 -1 -1
OWN
21111001112000000
22201001222200100
20001021222200100
20000021222210020
02220020222200020
00202120011012222
00211111111112222
00202120000012010
11112110222222000
00000110000222111
STEP 39 P2 MOVE -1 -1 -1 -1
OWN
21111001112000000
22201001222200100
20001021222200100
20000021222210020
02220020222200020
00202120011012222
00211111111112222
00202120000012010
11112110222222000
00000110000222111
RESULT first=43 second=57 winner=2
ANALYSIS winner=P2 score=43-57 reason=Ĺ»ĂëżěŔ§(+5Ä­ »©ľŃŔ˝,2ąčČż°ú) / şóÄ­Ľ±Áˇ(+4) / żŞŔü˝Â steal(w/l)=19/14 neu(w/l)=52/48
