BOARD
27567115371628951
24758642788894528
66859151699864393
94193332717564833
52172199537659153
18867676231146965
81641854244437654
24926128434499513
49188385345463487
89222927471876785
STEP 0 P1 MOVE 0 5 0 8
OWN
00000111100000000
00000000000000000
00000000000000000
00000000000000000
00000000000000000
00000000000000000
00000000000000000
00000000000000000
00000000000000000
00000000000000000
STEP 1 P2 MOVE 3 2 5 2
OWN
00000111100000000
00000000000000000
00000000000000000
00200000000000000
00200000000000000
00200000000000000
00000000000000000
00000000000000000
00000000000000000
00000000000000000
STEP 2 P1 MOVE 0 0 2 0
OWN
10000111100000000
10000000000000000
10000000000000000
00200000000000000
00200000000000000
00200000000000000
00000000000000000
00000000000000000
00000000000000000
00000000000000000
STEP 3 P2 MOVE 1 5 3 5
OWN
10000111100000000
10000200000000000
10000200000000000
00200200000000000
00200000000000000
00200000000000000
00000000000000000
00000000000000000
00000000000000000
00000000000000000
STEP 4 P1 MOVE 4 3 4 5
OWN
10000111100000000
10000200000000000
10000200000000000
00200200000000000
00211100000000000
00200000000000000
00000000000000000
00000000000000000
00000000000000000
00000000000000000
STEP 5 P2 MOVE 7 10 9 10
OWN
10000111100000000
10000200000000000
10000200000000000
00200200000000000
00211100000000000
00200000000000000
00000000000000000
00000000002000000
00000000002000000
00000000002000000
STEP 6 P1 MOVE 7 6 8 6
OWN
10000111100000000
10000200000000000
10000200000000000
00200200000000000
00211100000000000
00200000000000000
00000000000000000
00000010002000000
00000010002000000
00000000002000000
STEP 7 P2 MOVE 8 4 9 4
OWN
10000111100000000
10000200000000000
10000200000000000
00200200000000000
00211100000000000
00200000000000000
00000000000000000
00000010002000000
00002010002000000
00002000002000000
STEP 8 P1 MOVE 2 9 3 9
OWN
10000111100000000
10000200000000000
10000200010000000
00200200010000000
00211100000000000
00200000000000000
00000000000000000
00000010002000000
00002010002000000
00002000002000000
STEP 9 P2 MOVE 8 3 9 3
OWN
10000111100000000
10000200000000000
10000200010000000
00200200010000000
00211100000000000
00200000000000000
00000000000000000
00000010002000000
00022010002000000
00022000002000000
STEP 10 P1 MOVE 4 14 5 14
OWN
10000111100000000
10000200000000000
10000200010000000
00200200010000000
00211100000000100
00200000000000100
00000000000000000
00000010002000000
00022010002000000
00022000002000000
STEP 11 P2 MOVE 1 1 2 1
OWN
10000111100000000
12000200000000000
12000200010000000
00200200010000000
00211100000000100
00200000000000100
00000000000000000
00000010002000000
00022010002000000
00022000002000000
STEP 12 P1 MOVE 5 12 5 13
OWN
10000111100000000
12000200000000000
12000200010000000
00200200010000000
00211100000000100
00200000000011100
00000000000000000
00000010002000000
00022010002000000
00022000002000000
STEP 13 P2 MOVE 5 3 6 3
OWN
10000111100000000
12000200000000000
12000200010000000
00200200010000000
00211100000000100
00220000000011100
00020000000000000
00000010002000000
00022010002000000
00022000002000000
STEP 14 P1 MOVE 6 8 6 10
OWN
10000111100000000
12000200000000000
12000200010000000
00200200010000000
00211100000000100
00220000000011100
00020000111000000
00000010002000000
00022010002000000
00022000002000000
STEP 15 P2 MOVE 6 12 6 13
OWN
10000111100000000
12000200000000000
12000200010000000
00200200010000000
00211100000000100
00220000000011100
00020000111022000
00000010002000000
00022010002000000
00022000002000000
STEP 16 P1 MOVE 4 1 5 1
OWN
10000111100000000
12000200000000000
12000200010000000
00200200010000000
01211100000000100
01220000000011100
00020000111022000
00000010002000000
00022010002000000
00022000002000000
STEP 17 P2 MOVE 0 12 0 13
OWN
10000111100022000
12000200000000000
12000200010000000
00200200010000000
01211100000000100
01220000000011100
00020000111022000
00000010002000000
00022010002000000
00022000002000000
STEP 18 P1 MOVE 5 10 7 11
OWN
10000111100022000
12000200000000000
12000200010000000
00200200010000000
01211100000000100
01220000001111100
00020000111122000
00000010001100000
00022010002000000
00022000002000000
STEP 19 P2 MOVE 4 11 8 11
OWN
10000111100022000
12000200000000000
12000200010000000
00200200010000000
01211100000200100
01220000001211100
00020000111222000
00000010001200000
00022010002200000
00022000002000000
STEP 20 P1 MOVE 5 7 6 7
OWN
10000111100022000
12000200000000000
12000200010000000
00200200010000000
01211100000200100
01220001001211100
00020001111222000
00000010001200000
00022010002200000
00022000002000000
STEP 21 P2 MOVE 1 3 2 3
OWN
10000111100022000
12020200000000000
12020200010000000
00200200010000000
01211100000200100
01220001001211100
00020001111222000
00000010001200000
00022010002200000
00022000002000000
STEP 22 P1 MOVE 7 4 8 5
OWN
10000111100022000
12020200000000000
12020200010000000
00200200010000000
01211100000200100
01220001001211100
00020001111222000
00001110001200000
00021110002200000
00022000002000000
STEP 23 P2 MOVE 5 3 7 4
OWN
10000111100022000
12020200000000000
12020200010000000
00200200010000000
01211100000200100
01222001001211100
00022001111222000
00022110001200000
00021110002200000
00022000002000000
STEP 24 P1 MOVE 7 2 8 2
OWN
10000111100022000
12020200000000000
12020200010000000
00200200010000000
01211100000200100
01222001001211100
00022001111222000
00122110001200000
00121110002200000
00022000002000000
STEP 25 P2 MOVE 5 0 6 1
OWN
10000111100022000
12020200000000000
12020200010000000
00200200010000000
01211100000200100
22222001001211100
22022001111222000
00122110001200000
00121110002200000
00022000002000000
STEP 26 P1 MOVE 3 12 3 13
OWN
10000111100022000
12020200000000000
12020200010000000
00200200010011000
01211100000200100
22222001001211100
22022001111222000
00122110001200000
00121110002200000
00022000002000000
STEP 27 P2 MOVE 3 11 4 12
OWN
10000111100022000
12020200000000000
12020200010000000
00200200010221000
01211100000220100
22222001001211100
22022001111222000
00122110001200000
00121110002200000
00022000002000000
STEP 28 P1 MOVE 2 12 2 13
OWN
10000111100022000
12020200000000000
12020200010011000
00200200010221000
01211100000220100
22222001001211100
22022001111222000
00122110001200000
00121110002200000
00022000002000000
STEP 29 P2 MOVE 7 16 8 16
OWN
10000111100022000
12020200000000000
12020200010011000
00200200010221000
01211100000220100
22222001001211100
22022001111222000
00122110001200002
00121110002200002
00022000002000000
STEP 30 P1 MOVE 8 9 8 12
OWN
10000111100022000
12020200000000000
12020200010011000
00200200010221000
01211100000220100
22222001001211100
22022001111222000
00122110001200002
00121110011110002
00022000002000000
STEP 31 P2 MOVE 8 8 8 14
OWN
10000111100022000
12020200000000000
12020200010011000
00200200010221000
01211100000220100
22222001001211100
22022001111222000
00122110001200002
00121110222222202
00022000002000000
STEP 32 P1 MOVE 5 8 9 8
OWN
10000111100022000
12020200000000000
12020200010011000
00200200010221000
01211100000220100
22222001101211100
22022001111222000
00122110101200002
00121110122222202
00022000102000000
STEP 33 P2 MOVE 5 6 5 9
OWN
10000111100022000
12020200000000000
12020200010011000
00200200010221000
01211100000220100
22222022221211100
22022001111222000
00122110101200002
00121110122222202
00022000102000000
STEP 34 P1 MOVE 6 15 7 16
OWN
10000111100022000
12020200000000000
12020200010011000
00200200010221000
01211100000220100
22222022221211100
22022001111222011
00122110101200011
00121110122222202
00022000102000000
STEP 35 P2 MOVE 5 16 9 16
OWN
10000111100022000
12020200000000000
12020200010011000
00200200010221000
01211100000220100
22222022221211102
22022001111222012
00122110101200012
00121110122222202
00022000102000002
STEP 36 P1 MOVE 7 9 9 9
OWN
10000111100022000
12020200000000000
12020200010011000
00200200010221000
01211100000220100
22222022221211102
22022001111222012
00122110111200012
00121110112222202
00022000112000002
STEP 37 P2 MOVE 4 9 4 10
OWN
10000111100022000
12020200000000000
12020200010011000
00200200010221000
01211100022220100
22222022221211102
22022001111222012
00122110111200012
00121110112222202
00022000112000002
STEP 38 P1 MOVE 6 1 7 2
OWN
10000111100022000
12020200000000000
12020200010011000
00200200010221000
01211100022220100
22222022221211102
21122001111222012
01122110111200012
00121110112222202
00022000112000002
STEP 39 P2 MOVE 6 0 7 5
OWN
10000111100022000
12020200000000000
12020200010011000
00200200010221000
01211100022220100
22222022221211102
22222201111222012
22222210111200012
00121110112222202
00022000112000002
STEP 40 P1 MOVE 2 2 9 2
OWN
10000111100022000
12020200000000000
12120200010011000
00100200010221000
01111100022220100
22122022221211102
22122201111222012
22122210111200012
00121110112222202
00122000112000002
STEP 41 P2 MOVE -1 -1 -1 -1
OWN
10000111100022000
12020200000000000
12120200010011000
00100200010221000
01111100022220100
22122022221211102
22122201111222012
22122210111200012
00121110112222202
00122000112000002
STEP 42 P1 MOVE -1 -1 -1 -1
OWN
10000111100022000
12020200000000000
12120200010011000
00100200010221000
01111100022220100
22122022221211102
22122201111222012
22122210111200012
00121110112222202
00122000112000002
RESULT first=46 second=52 winner=2
ANALYSIS winner=P2 score=46-52 reason=Ĺ»ĂëżěŔ§(+6Ä­ »©ľŃŔ˝,2ąčČż°ú) steal(w/l)=19/13 neu(w/l)=46/52
