BOARD
65828917941271458
83779474647434443
35565568226151483
78728389473481513
87178717946748199
24147189641864359
85293571446245199
15616482927826938
48811876671248383
62896168215326282
STEP 0 P1 MOVE 3 13 3 16
OWN
00000000000000000
00000000000000000
00000000000000000
00000000000001111
00000000000000000
00000000000000000
00000000000000000
00000000000000000
00000000000000000
00000000000000000
STEP 1 P2 MOVE 0 9 2 9
OWN
00000000020000000
00000000020000000
00000000020000000
00000000000001111
00000000000000000
00000000000000000
00000000000000000
00000000000000000
00000000000000000
00000000000000000
STEP 2 P1 MOVE 6 4 8 4
OWN
00000000020000000
00000000020000000
00000000020000000
00000000000001111
00000000000000000
00000000000000000
00001000000000000
00001000000000000
00001000000000000
00000000000000000
STEP 3 P2 MOVE 9 12 9 14
OWN
00000000020000000
00000000020000000
00000000020000000
00000000000001111
00000000000000000
00000000000000000
00001000000000000
00001000000000000
00001000000000000
00000000000022200
STEP 4 P1 MOVE 0 13 0 15
OWN
00000000020001110
00000000020000000
00000000020000000
00000000000001111
00000000000000000
00000000000000000
00001000000000000
00001000000000000
00001000000000000
00000000000022200
STEP 5 P2 MOVE 0 10 0 12
OWN
00000000022221110
00000000020000000
00000000020000000
00000000000001111
00000000000000000
00000000000000000
00001000000000000
00001000000000000
00001000000000000
00000000000022200
STEP 6 P1 MOVE 2 12 2 14
OWN
00000000022221110
00000000020000000
00000000020011100
00000000000001111
00000000000000000
00000000000000000
00001000000000000
00001000000000000
00001000000000000
00000000000022200
STEP 7 P2 MOVE 6 12 8 12
OWN
00000000022221110
00000000020000000
00000000020011100
00000000000001111
00000000000000000
00000000000000000
00001000000020000
00001000000020000
00001000000020000
00000000000022200
STEP 8 P1 MOVE 8 11 8 13
OWN
00000000022221110
00000000020000000
00000000020011100
00000000000001111
00000000000000000
00000000000000000
00001000000020000
00001000000020000
00001000000111000
00000000000022200
STEP 9 P2 MOVE 3 10 5 10
OWN
00000000022221110
00000000020000000
00000000020011100
00000000002001111
00000000002000000
00000000002000000
00001000000020000
00001000000020000
00001000000111000
00000000000022200
STEP 10 P1 MOVE 7 6 7 7
OWN
00000000022221110
00000000020000000
00000000020011100
00000000002001111
00000000002000000
00000000002000000
00001000000020000
00001011000020000
00001000000111000
00000000000022200
STEP 11 P2 MOVE 5 0 6 0
OWN
00000000022221110
00000000020000000
00000000020011100
00000000002001111
00000000002000000
20000000002000000
20001000000020000
00001011000020000
00001000000111000
00000000000022200
STEP 12 P1 MOVE 0 2 0 3
OWN
00110000022221110
00000000020000000
00000000020011100
00000000002001111
00000000002000000
20000000002000000
20001000000020000
00001011000020000
00001000000111000
00000000000022200
STEP 13 P2 MOVE 4 2 7 2
OWN
00110000022221110
00000000020000000
00000000020011100
00000000002001111
00200000002000000
20200000002000000
20201000000020000
00201011000020000
00001000000111000
00000000000022200
STEP 14 P1 MOVE 6 11 7 11
OWN
00110000022221110
00000000020000000
00000000020011100
00000000002001111
00200000002000000
20200000002000000
20201000000120000
00201011000120000
00001000000111000
00000000000022200
STEP 15 P2 MOVE 5 7 6 7
OWN
00110000022221110
00000000020000000
00000000020011100
00000000002001111
00200000002000000
20200002002000000
20201002000120000
00201011000120000
00001000000111000
00000000000022200
STEP 16 P1 MOVE 5 12 5 13
OWN
00110000022221110
00000000020000000
00000000020011100
00000000002001111
00200000002000000
20200002002011000
20201002000120000
00201011000120000
00001000000111000
00000000000022200
STEP 17 P2 MOVE 8 3 9 3
OWN
00110000022221110
00000000020000000
00000000020011100
00000000002001111
00200000002000000
20200002002011000
20201002000120000
00201011000120000
00021000000111000
00020000000022200
STEP 18 P1 MOVE 6 1 7 1
OWN
00110000022221110
00000000020000000
00000000020011100
00000000002001111
00200000002000000
20200002002011000
21201002000120000
01201011000120000
00021000000111000
00020000000022200
STEP 19 P2 MOVE 5 5 7 5
OWN
00110000022221110
00000000020000000
00000000020011100
00000000002001111
00200000002000000
20200202002011000
21201202000120000
01201211000120000
00021000000111000
00020000000022200
STEP 20 P1 MOVE 9 7 9 8
OWN
00110000022221110
00000000020000000
00000000020011100
00000000002001111
00200000002000000
20200202002011000
21201202000120000
01201211000120000
00021000000111000
00020001100022200
STEP 21 P2 MOVE 6 14 7 14
OWN
00110000022221110
00000000020000000
00000000020011100
00000000002001111
00200000002000000
20200202002011000
21201202000120200
01201211000120200
00021000000111000
00020001100022200
STEP 22 P1 MOVE 9 1 9 2
OWN
00110000022221110
00000000020000000
00000000020011100
00000000002001111
00200000002000000
20200202002011000
21201202000120200
01201211000120200
00021000000111000
01120001100022200
STEP 23 P2 MOVE 5 8 6 8
OWN
00110000022221110
00000000020000000
00000000020011100
00000000002001111
00200000002000000
20200202202011000
21201202200120200
01201211000120200
00021000000111000
01120001100022200
STEP 24 P1 MOVE 9 15 9 16
OWN
00110000022221110
00000000020000000
00000000020011100
00000000002001111
00200000002000000
20200202202011000
21201202200120200
01201211000120200
00021000000111000
01120001100022211
STEP 25 P2 MOVE 0 5 0 6
OWN
00110220022221110
00000000020000000
00000000020011100
00000000002001111
00200000002000000
20200202202011000
21201202200120200
01201211000120200
00021000000111000
01120001100022211
STEP 26 P1 MOVE 1 7 1 8
OWN
00110220022221110
00000001120000000
00000000020011100
00000000002001111
00200000002000000
20200202202011000
21201202200120200
01201211000120200
00021000000111000
01120001100022211
STEP 27 P2 MOVE 2 0 3 0
OWN
00110220022221110
00000001120000000
20000000020011100
20000000002001111
00200000002000000
20200202202011000
21201202200120200
01201211000120200
00021000000111000
01120001100022211
STEP 28 P1 MOVE 2 1 2 2
OWN
00110220022221110
00000001120000000
21100000020011100
20000000002001111
00200000002000000
20200202202011000
21201202200120200
01201211000120200
00021000000111000
01120001100022211
STEP 29 P2 MOVE 1 1 1 2
OWN
00110220022221110
02200001120000000
21100000020011100
20000000002001111
00200000002000000
20200202202011000
21201202200120200
01201211000120200
00021000000111000
01120001100022211
STEP 30 P1 MOVE 8 0 9 0
OWN
00110220022221110
02200001120000000
21100000020011100
20000000002001111
00200000002000000
20200202202011000
21201202200120200
01201211000120200
10021000000111000
11120001100022211
STEP 31 P2 MOVE 2 4 2 5
OWN
00110220022221110
02200001120000000
21102200020011100
20000000002001111
00200000002000000
20200202202011000
21201202200120200
01201211000120200
10021000000111000
11120001100022211
STEP 32 P1 MOVE 2 7 2 8
OWN
00110220022221110
02200001120000000
21102201120011100
20000000002001111
00200000002000000
20200202202011000
21201202200120200
01201211000120200
10021000000111000
11120001100022211
STEP 33 P2 MOVE 3 5 4 5
OWN
00110220022221110
02200001120000000
21102201120011100
20000200002001111
00200200002000000
20200202202011000
21201202200120200
01201211000120200
10021000000111000
11120001100022211
STEP 34 P1 MOVE 3 3 3 4
OWN
00110220022221110
02200001120000000
21102201120011100
20011200002001111
00200200002000000
20200202202011000
21201202200120200
01201211000120200
10021000000111000
11120001100022211
STEP 35 P2 MOVE 7 9 9 9
OWN
00110220022221110
02200001120000000
21102201120011100
20011200002001111
00200200002000000
20200202202011000
21201202200120200
01201211020120200
10021000020111000
11120001120022211
STEP 36 P1 MOVE 8 8 8 14
OWN
00110220022221110
02200001120000000
21102201120011100
20011200002001111
00200200002000000
20200202202011000
21201202200120200
01201211020120200
10021000111111100
11120001120022211
STEP 37 P2 MOVE 7 3 7 8
OWN
00110220022221110
02200001120000000
21102201120011100
20011200002001111
00200200002000000
20200202202011000
21201202200120200
01222222220120200
10021000111111100
11120001120022211
STEP 38 P1 MOVE 6 7 8 9
OWN
00110220022221110
02200001120000000
21102201120011100
20011200002001111
00200200002000000
20200202202011000
21201201110120200
01222221110120200
10021001111111100
11120001120022211
STEP 39 P2 MOVE 6 0 7 3
OWN
00110220022221110
02200001120000000
21102201120011100
20011200002001111
00200200002000000
20200202202011000
22221201110120200
22222221110120200
10021001111111100
11120001120022211
STEP 40 P1 MOVE 5 9 6 10
OWN
00110220022221110
02200001120000000
21102201120011100
20011200002001111
00200200002000000
20200202211011000
22221201111120200
22222221110120200
10021001111111100
11120001120022211
STEP 41 P2 MOVE 4 14 4 15
OWN
00110220022221110
02200001120000000
21102201120011100
20011200002001111
00200200002000220
20200202211011000
22221201111120200
22222221110120200
10021001111111100
11120001120022211
STEP 42 P1 MOVE -1 -1 -1 -1
OWN
00110220022221110
02200001120000000
21102201120011100
20011200002001111
00200200002000220
20200202211011000
22221201111120200
22222221110120200
10021001111111100
11120001120022211
STEP 43 P2 MOVE -1 -1 -1 -1
OWN
00110220022221110
02200001120000000
21102201120011100
20011200002001111
00200200002000220
20200202211011000
22221201111120200
22222221110120200
10021001111111100
11120001120022211
RESULT first=51 second=48 winner=1
ANALYSIS winner=P1 score=51-48 reason=탈취우위(+3칸 빼앗음,2배효과) / 선공이점 steal(w/l)=8/5 neu(w/l)=48/51
