BOARD
62359826574456848
76336616158312257
87752323471541172
37936669972538942
92613798662223112
75447698685969843
36728662287772246
97849761247597521
84934297261885195
75182885419939217
STEP 0 P1 MOVE 4 10 4 14
OWN
00000000000000000
00000000000000000
00000000000000000
00000000000000000
00000000001111100
00000000000000000
00000000000000000
00000000000000000
00000000000000000
00000000000000000
STEP 1 P2 MOVE 2 3 2 5
OWN
00000000000000000
00000000000000000
00022200000000000
00000000000000000
00000000001111100
00000000000000000
00000000000000000
00000000000000000
00000000000000000
00000000000000000
STEP 2 P1 MOVE 0 8 2 8
OWN
00000000100000000
00000000100000000
00022200100000000
00000000000000000
00000000001111100
00000000000000000
00000000000000000
00000000000000000
00000000000000000
00000000000000000
STEP 3 P2 MOVE 0 1 0 3
OWN
02220000100000000
00000000100000000
00022200100000000
00000000000000000
00000000001111100
00000000000000000
00000000000000000
00000000000000000
00000000000000000
00000000000000000
STEP 4 P1 MOVE 9 4 9 5
OWN
02220000100000000
00000000100000000
00022200100000000
00000000000000000
00000000001111100
00000000000000000
00000000000000000
00000000000000000
00000000000000000
00001100000000000
STEP 5 P2 MOVE 9 14 9 16
OWN
02220000100000000
00000000100000000
00022200100000000
00000000000000000
00000000001111100
00000000000000000
00000000000000000
00000000000000000
00000000000000000
00001100000000222
STEP 6 P1 MOVE 9 7 9 9
OWN
02220000100000000
00000000100000000
00022200100000000
00000000000000000
00000000001111100
00000000000000000
00000000000000000
00000000000000000
00000000000000000
00001101110000222
STEP 7 P2 MOVE 6 7 8 7
OWN
02220000100000000
00000000100000000
00022200100000000
00000000000000000
00000000001111100
00000000000000000
00000002000000000
00000002000000000
00000002000000000
00001101110000222
STEP 8 P1 MOVE 5 16 7 16
OWN
02220000100000000
00000000100000000
00022200100000000
00000000000000000
00000000001111100
00000000000000001
00000002000000001
00000002000000001
00000002000000000
00001101110000222
STEP 9 P2 MOVE 8 10 9 10
OWN
02220000100000000
00000000100000000
00022200100000000
00000000000000000
00000000001111100
00000000000000001
00000002000000001
00000002000000001
00000002002000000
00001101112000222
STEP 10 P1 MOVE 8 2 9 2
OWN
02220000100000000
00000000100000000
00022200100000000
00000000000000000
00000000001111100
00000000000000001
00000002000000001
00000002000000001
00100002002000000
00101101112000222
STEP 11 P2 MOVE 3 0 3 1
OWN
02220000100000000
00000000100000000
00022200100000000
22000000000000000
00000000001111100
00000000000000001
00000002000000001
00000002000000001
00100002002000000
00101101112000222
STEP 12 P1 MOVE 6 3 6 4
OWN
02220000100000000
00000000100000000
00022200100000000
22000000000000000
00000000001111100
00000000000000001
00011002000000001
00000002000000001
00100002002000000
00101101112000222
STEP 13 P2 MOVE 0 5 0 6
OWN
02220220100000000
00000000100000000
00022200100000000
22000000000000000
00000000001111100
00000000000000001
00011002000000001
00000002000000001
00100002002000000
00101101112000222
STEP 14 P1 MOVE 7 9 8 9
OWN
02220220100000000
00000000100000000
00022200100000000
22000000000000000
00000000001111100
00000000000000001
00011002000000001
00000002010000001
00100002012000000
00101101112000222
STEP 15 P2 MOVE 8 8 8 11
OWN
02220220100000000
00000000100000000
00022200100000000
22000000000000000
00000000001111100
00000000000000001
00011002000000001
00000002010000001
00100002222200000
00101101112000222
STEP 16 P1 MOVE 5 8 7 8
OWN
02220220100000000
00000000100000000
00022200100000000
22000000000000000
00000000001111100
00000000100000001
00011002100000001
00000002110000001
00100002222200000
00101101112000222
STEP 17 P2 MOVE 4 2 5 2
OWN
02220220100000000
00000000100000000
00022200100000000
22000000000000000
00200000001111100
00200000100000001
00011002100000001
00000002110000001
00100002222200000
00101101112000222
STEP 18 P1 MOVE 5 0 6 0
OWN
02220220100000000
00000000100000000
00022200100000000
22000000000000000
00200000001111100
10200000100000001
10011002100000001
00000002110000001
00100002222200000
00101101112000222
STEP 19 P2 MOVE 1 2 2 2
OWN
02220220100000000
00200000100000000
00222200100000000
22000000000000000
00200000001111100
10200000100000001
10011002100000001
00000002110000001
00100002222200000
00101101112000222
STEP 20 P1 MOVE 5 14 6 14
OWN
02220220100000000
00200000100000000
00222200100000000
22000000000000000
00200000001111100
10200000100000101
10011002100000101
00000002110000001
00100002222200000
00101101112000222
STEP 21 P2 MOVE 2 11 2 13
OWN
02220220100000000
00200000100000000
00222200100222000
22000000000000000
00200000001111100
10200000100000101
10011002100000101
00000002110000001
00100002222200000
00101101112000222
STEP 22 P1 MOVE 1 12 5 12
OWN
02220220100000000
00200000100010000
00222200100212000
22000000000010000
00200000001111100
10200000100010101
10011002100000101
00000002110000001
00100002222200000
00101101112000222
STEP 23 P2 MOVE 1 13 3 13
OWN
02220220100000000
00200000100012000
00222200100212000
22000000000012000
00200000001111100
10200000100010101
10011002100000101
00000002110000001
00100002222200000
00101101112000222
STEP 24 P1 MOVE 2 14 2 16
OWN
02220220100000000
00200000100012000
00222200100212111
22000000000012000
00200000001111100
10200000100010101
10011002100000101
00000002110000001
00100002222200000
00101101112000222
STEP 25 P2 MOVE 0 14 1 14
OWN
02220220100000200
00200000100012200
00222200100212111
22000000000012000
00200000001111100
10200000100010101
10011002100000101
00000002110000001
00100002222200000
00101101112000222
STEP 26 P1 MOVE 1 15 4 15
OWN
02220220100000200
00200000100012210
00222200100212111
22000000000012010
00200000001111110
10200000100010101
10011002100000101
00000002110000001
00100002222200000
00101101112000222
STEP 27 P2 MOVE 4 15 6 16
OWN
02220220100000200
00200000100012210
00222200100212111
22000000000012010
00200000001111122
10200000100010122
10011002100000122
00000002110000001
00100002222200000
00101101112000222
STEP 28 P1 MOVE 1 11 1 16
OWN
02220220100000200
00200000100111111
00222200100212111
22000000000012010
00200000001111122
10200000100010122
10011002100000122
00000002110000001
00100002222200000
00101101112000222
STEP 29 P2 MOVE 4 4 5 4
OWN
02220220100000200
00200000100111111
00222200100212111
22000000000012010
00202000001111122
10202000100010122
10011002100000122
00000002110000001
00100002222200000
00101101112000222
STEP 30 P1 MOVE 0 16 3 16
OWN
02220220100000201
00200000100111111
00222200100212111
22000000000012011
00202000001111122
10202000100010122
10011002100000122
00000002110000001
00100002222200000
00101101112000222
STEP 31 P2 MOVE 3 3 4 4
OWN
02220220100000201
00200000100111111
00222200100212111
22022000000012011
00222000001111122
10202000100010122
10011002100000122
00000002110000001
00100002222200000
00101101112000222
STEP 32 P1 MOVE 0 13 0 15
OWN
02220220100001111
00200000100111111
00222200100212111
22022000000012011
00222000001111122
10202000100010122
10011002100000122
00000002110000001
00100002222200000
00101101112000222
STEP 33 P2 MOVE 8 14 8 15
OWN
02220220100001111
00200000100111111
00222200100212111
22022000000012011
00222000001111122
10202000100010122
10011002100000122
00000002110000001
00100002222200220
00101101112000222
STEP 34 P1 MOVE 8 13 8 16
OWN
02220220100001111
00200000100111111
00222200100212111
22022000000012011
00222000001111122
10202000100010122
10011002100000122
00000002110000001
00100002222201111
00101101112000222
STEP 35 P2 MOVE 5 3 5 5
OWN
02220220100001111
00200000100111111
00222200100212111
22022000000012011
00222000001111122
10222200100010122
10011002100000122
00000002110000001
00100002222201111
00101101112000222
STEP 36 P1 MOVE 1 3 8 3
OWN
02220220100001111
00210000100111111
00212200100212111
22012000000012011
00212000001111122
10212200100010122
10011002100000122
00010002110000001
00110002222201111
00101101112000222
STEP 37 P2 MOVE 8 1 8 5
OWN
02220220100001111
00210000100111111
00212200100212111
22012000000012011
00212000001111122
10212200100010122
10011002100000122
00010002110000001
02222202222201111
00101101112000222
STEP 38 P1 MOVE -1 -1 -1 -1
OWN
02220220100001111
00210000100111111
00212200100212111
22012000000012011
00212000001111122
10212200100010122
10011002100000122
00010002110000001
02222202222201111
00101101112000222
STEP 39 P2 MOVE -1 -1 -1 -1
OWN
02220220100001111
00210000100111111
00212200100212111
22012000000012011
00212000001111122
10212200100010122
10011002100000122
00010002110000001
02222202222201111
00101101112000222
RESULT first=53 second=42 winner=1
ANALYSIS winner=P1 score=53-42 reason=Ĺ»ĂëżěŔ§(+4Ä­ »©ľŃŔ˝,2ąčČż°ú) / şóÄ­Ľ±Áˇ(+3) steal(w/l)=10/6 neu(w/l)=49/46
