BOARD
96484189575349919
58958627749239652
25916796945715739
76483214843488345
31929577639731458
43981523364599278
35882443524179638
24156473614473844
11947926437697485
77943717596158799
STEP 0 P1 MOVE 3 4 3 7
OWN
00000000000000000
00000000000000000
00000000000000000
00001111000000000
00000000000000000
00000000000000000
00000000000000000
00000000000000000
00000000000000000
00000000000000000
STEP 1 P2 MOVE 7 0 9 0
OWN
00000000000000000
00000000000000000
00000000000000000
00001111000000000
00000000000000000
00000000000000000
00000000000000000
20000000000000000
20000000000000000
20000000000000000
STEP 2 P1 MOVE 4 0 6 0
OWN
00000000000000000
00000000000000000
00000000000000000
00001111000000000
10000000000000000
10000000000000000
10000000000000000
20000000000000000
20000000000000000
20000000000000000
STEP 3 P2 MOVE 4 13 4 15
OWN
00000000000000000
00000000000000000
00000000000000000
00001111000000000
10000000000002220
10000000000000000
10000000000000000
20000000000000000
20000000000000000
20000000000000000
STEP 4 P1 MOVE 6 4 6 6
OWN
00000000000000000
00000000000000000
00000000000000000
00001111000000000
10000000000002220
10000000000000000
10001110000000000
20000000000000000
20000000000000000
20000000000000000
STEP 5 P2 MOVE 5 11 7 11
OWN
00000000000000000
00000000000000000
00000000000000000
00001111000000000
10000000000002220
10000000000200000
10001110000200000
20000000000200000
20000000000000000
20000000000000000
STEP 6 P1 MOVE 8 4 9 4
OWN
00000000000000000
00000000000000000
00000000000000000
00001111000000000
10000000000002220
10000000000200000
10001110000200000
20000000000200000
20001000000000000
20001000000000000
STEP 7 P2 MOVE 4 1 4 2
OWN
00000000000000000
00000000000000000
00000000000000000
00001111000000000
12200000000002220
10000000000200000
10001110000200000
20000000000200000
20001000000000000
20001000000000000
STEP 8 P1 MOVE 4 4 5 4
OWN
00000000000000000
00000000000000000
00000000000000000
00001111000000000
12201000000002220
10001000000200000
10001110000200000
20000000000200000
20001000000000000
20001000000000000
STEP 9 P2 MOVE 3 3 4 3
OWN
00000000000000000
00000000000000000
00000000000000000
00021111000000000
12221000000002220
10001000000200000
10001110000200000
20000000000200000
20001000000000000
20001000000000000
STEP 10 P1 MOVE 4 11 4 12
OWN
00000000000000000
00000000000000000
00000000000000000
00021111000000000
12221000000112220
10001000000200000
10001110000200000
20000000000200000
20001000000000000
20001000000000000
STEP 11 P2 MOVE 7 2 8 2
OWN
00000000000000000
00000000000000000
00000000000000000
00021111000000000
12221000000112220
10001000000200000
10001110000200000
20200000000200000
20201000000000000
20001000000000000
STEP 12 P1 MOVE 7 13 8 13
OWN
00000000000000000
00000000000000000
00000000000000000
00021111000000000
12221000000112220
10001000000200000
10001110000200000
20200000000201000
20201000000001000
20001000000000000
STEP 13 P2 MOVE 0 14 0 15
OWN
00000000000000220
00000000000000000
00000000000000000
00021111000000000
12221000000112220
10001000000200000
10001110000200000
20200000000201000
20201000000001000
20001000000000000
STEP 14 P1 MOVE 0 1 0 2
OWN
01100000000000220
00000000000000000
00000000000000000
00021111000000000
12221000000112220
10001000000200000
10001110000200000
20200000000201000
20201000000001000
20001000000000000
STEP 15 P2 MOVE 3 1 3 2
OWN
01100000000000220
00000000000000000
00000000000000000
02221111000000000
12221000000112220
10001000000200000
10001110000200000
20200000000201000
20201000000001000
20001000000000000
STEP 16 P1 MOVE 2 14 3 14
OWN
01100000000000220
00000000000000000
00000000000000100
02221111000000100
12221000000112220
10001000000200000
10001110000200000
20200000000201000
20201000000001000
20001000000000000
STEP 17 P2 MOVE 2 2 2 3
OWN
01100000000000220
00000000000000000
00220000000000100
02221111000000100
12221000000112220
10001000000200000
10001110000200000
20200000000201000
20201000000001000
20001000000000000
STEP 18 P1 MOVE 7 4 7 5
OWN
01100000000000220
00000000000000000
00220000000000100
02221111000000100
12221000000112220
10001000000200000
10001110000200000
20201100000201000
20201000000001000
20001000000000000
STEP 19 P2 MOVE 5 15 6 15
OWN
01100000000000220
00000000000000000
00220000000000100
02221111000000100
12221000000112220
10001000000200020
10001110000200020
20201100000201000
20201000000001000
20001000000000000
STEP 20 P1 MOVE 7 6 9 6
OWN
01100000000000220
00000000000000000
00220000000000100
02221111000000100
12221000000112220
10001000000200020
10001110000200020
20201110000201000
20201010000001000
20001010000000000
STEP 21 P2 MOVE 5 5 5 7
OWN
01100000000000220
00000000000000000
00220000000000100
02221111000000100
12221000000112220
10001222000200020
10001110000200020
20201110000201000
20201010000001000
20001010000000000
STEP 22 P1 MOVE 7 7 7 9
OWN
01100000000000220
00000000000000000
00220000000000100
02221111000000100
12221000000112220
10001222000200020
10001110000200020
20201111110201000
20201010000001000
20001010000000000
STEP 23 P2 MOVE 6 9 7 10
OWN
01100000000000220
00000000000000000
00220000000000100
02221111000000100
12221000000112220
10001222000200020
10001110022200020
20201111122201000
20201010000001000
20001010000000000
STEP 24 P1 MOVE 4 7 6 7
OWN
01100000000000220
00000000000000000
00220000000000100
02221111000000100
12221001000112220
10001221000200020
10001111022200020
20201111122201000
20201010000001000
20001010000000000
STEP 25 P2 MOVE 3 0 5 1
OWN
01100000000000220
00000000000000000
00220000000000100
22221111000000100
22221001000112220
22001221000200020
10001111022200020
20201111122201000
20201010000001000
20001010000000000
STEP 26 P1 MOVE 2 1 6 1
OWN
01100000000000220
00000000000000000
01220000000000100
21221111000000100
21221001000112220
21001221000200020
11001111022200020
20201111122201000
20201010000001000
20001010000000000
STEP 27 P2 MOVE 0 6 1 6
OWN
01100020000000220
00000020000000000
01220000000000100
21221111000000100
21221001000112220
21001221000200020
11001111022200020
20201111122201000
20201010000001000
20001010000000000
STEP 28 P1 MOVE 0 5 0 7
OWN
01100111000000220
00000020000000000
01220000000000100
21221111000000100
21221001000112220
21001221000200020
11001111022200020
20201111122201000
20201010000001000
20001010000000000
STEP 29 P2 MOVE 8 7 8 8
OWN
01100111000000220
00000020000000000
01220000000000100
21221111000000100
21221001000112220
21001221000200020
11001111022200020
20201111122201000
20201012200001000
20001010000000000
STEP 30 P1 MOVE -1 -1 -1 -1
OWN
01100111000000220
00000020000000000
01220000000000100
21221111000000100
21221001000112220
21001221000200020
11001111022200020
20201111122201000
20201012200001000
20001010000000000
STEP 31 P2 MOVE 3 11 8 11
OWN
01100111000000220
00000020000000000
01220000000000100
21221111000200100
21221001000212220
21001221000200020
11001111022200020
20201111122201000
20201012200201000
20001010000000000
STEP 32 P1 MOVE 1 11 9 11
OWN
01100111000000220
00000020000100000
01220000000100100
21221111000100100
21221001000112220
21001221000100020
11001111022100020
20201111122101000
20201012200101000
20001010000100000
STEP 33 P2 MOVE 0 11 1 12
OWN
01100111000220220
00000020000220000
01220000000100100
21221111000100100
21221001000112220
21001221000100020
11001111022100020
20201111122101000
20201012200101000
20001010000100000
STEP 34 P1 MOVE 2 9 2 12
OWN
01100111000220220
00000020000220000
01220000011110100
21221111000100100
21221001000112220
21001221000100020
11001111022100020
20201111122101000
20201012200101000
20001010000100000
STEP 35 P2 MOVE 6 8 9 8
OWN
01100111000220220
00000020000220000
01220000011110100
21221111000100100
21221001000112220
21001221000100020
11001111222100020
20201111222101000
20201012200101000
20001010200100000
STEP 36 P1 MOVE 5 7 9 8
OWN
01100111000220220
00000020000220000
01220000011110100
21221111000100100
21221001000112220
21001221100100020
11001111122100020
20201111122101000
20201011100101000
20001011100100000
STEP 37 P2 MOVE -1 -1 -1 -1
OWN
01100111000220220
00000020000220000
01220000011110100
21221111000100100
21221001000112220
21001221100100020
11001111122100020
20201111122101000
20201011100101000
20001011100100000
STEP 38 P1 MOVE -1 -1 -1 -1
OWN
01100111000220220
00000020000220000
01220000011110100
21221111000100100
21221001000112220
21001221100100020
11001111122100020
20201111122101000
20201011100101000
20001011100100000
RESULT first=54 second=32 winner=1
ANALYSIS winner=P1 score=54-32 reason=탈취우위(+10칸 빼앗음,2배효과) steal(w/l)=16/6 neu(w/l)=44/42
