BOARD
16991242924531296
63512189142163274
71167848136291647
27579794111774991
27133738934975198
23141236483238675
83564924862844127
29866397219574545
51621729485413584
87391272466326919
STEP 0 P1 MOVE 8 11 9 12
OWN
00000000000000000
00000000000000000
00000000000000000
00000000000000000
00000000000000000
00000000000000000
00000000000000000
00000000000000000
00000000000110000
00000000000110000
STEP 1 P2 MOVE 8 4 8 6
OWN
00000000000000000
00000000000000000
00000000000000000
00000000000000000
00000000000000000
00000000000000000
00000000000000000
00000000000000000
00002220000110000
00000000000110000
STEP 2 P1 MOVE 7 8 9 8
OWN
00000000000000000
00000000000000000
00000000000000000
00000000000000000
00000000000000000
00000000000000000
00000000000000000
00000000100000000
00002220100110000
00000000100110000
STEP 3 P2 MOVE 2 13 4 13
OWN
00000000000000000
00000000000000000
00000000000002000
00000000000002000
00000000000002000
00000000000000000
00000000000000000
00000000100000000
00002220100110000
00000000100110000
STEP 4 P1 MOVE 9 4 9 6
OWN
00000000000000000
00000000000000000
00000000000002000
00000000000002000
00000000000002000
00000000000000000
00000000000000000
00000000100000000
00002220100110000
00001110100110000
STEP 5 P2 MOVE 4 14 4 15
OWN
00000000000000000
00000000000000000
00000000000002000
00000000000002000
00000000000002220
00000000000000000
00000000000000000
00000000100000000
00002220100110000
00001110100110000
STEP 6 P1 MOVE 2 14 2 15
OWN
00000000000000000
00000000000000000
00000000000002110
00000000000002000
00000000000002220
00000000000000000
00000000000000000
00000000100000000
00002220100110000
00001110100110000
STEP 7 P2 MOVE 4 5 4 6
OWN
00000000000000000
00000000000000000
00000000000002110
00000000000002000
00000220000002220
00000000000000000
00000000000000000
00000000100000000
00002220100110000
00001110100110000
STEP 8 P1 MOVE 9 15 9 16
OWN
00000000000000000
00000000000000000
00000000000002110
00000000000002000
00000220000002220
00000000000000000
00000000000000000
00000000100000000
00002220100110000
00001110100110011
STEP 9 P2 MOVE 0 3 0 4
OWN
00022000000000000
00000000000000000
00000000000002110
00000000000002000
00000220000002220
00000000000000000
00000000000000000
00000000100000000
00002220100110000
00001110100110011
STEP 10 P1 MOVE 9 1 9 2
OWN
00022000000000000
00000000000000000
00000000000002110
00000000000002000
00000220000002220
00000000000000000
00000000000000000
00000000100000000
00002220100110000
01101110100110011
STEP 11 P2 MOVE 3 8 3 11
OWN
00022000000000000
00000000000000000
00000000000002110
00000000222202000
00000220000002220
00000000000000000
00000000000000000
00000000100000000
00002220100110000
01101110100110011
STEP 12 P1 MOVE 1 11 1 13
OWN
00022000000000000
00000000000111000
00000000000002110
00000000222202000
00000220000002220
00000000000000000
00000000000000000
00000000100000000
00002220100110000
01101110100110011
STEP 13 P2 MOVE 6 0 7 0
OWN
00022000000000000
00000000000111000
00000000000002110
00000000222202000
00000220000002220
00000000000000000
20000000000000000
20000000100000000
00002220100110000
01101110100110011
STEP 14 P1 MOVE 2 8 4 8
OWN
00022000000000000
00000000000111000
00000000100002110
00000000122202000
00000220100002220
00000000000000000
20000000000000000
20000000100000000
00002220100110000
01101110100110011
STEP 15 P2 MOVE 0 16 1 16
OWN
00022000000000002
00000000000111002
00000000100002110
00000000122202000
00000220100002220
00000000000000000
20000000000000000
20000000100000000
00002220100110000
01101110100110011
STEP 16 P1 MOVE 4 0 4 2
OWN
00022000000000002
00000000000111002
00000000100002110
00000000122202000
11100220100002220
00000000000000000
20000000000000000
20000000100000000
00002220100110000
01101110100110011
STEP 17 P2 MOVE 6 4 7 4
OWN
00022000000000002
00000000000111002
00000000100002110
00000000122202000
11100220100002220
00000000000000000
20002000000000000
20002000100000000
00002220100110000
01101110100110011
STEP 18 P1 MOVE 7 1 8 1
OWN
00022000000000002
00000000000111002
00000000100002110
00000000122202000
11100220100002220
00000000000000000
20002000000000000
21002000100000000
01002220100110000
01101110100110011
STEP 19 P2 MOVE 3 15 3 16
OWN
00022000000000002
00000000000111002
00000000100002110
00000000122202022
11100220100002220
00000000000000000
20002000000000000
21002000100000000
01002220100110000
01101110100110011
STEP 20 P1 MOVE 1 1 2 2
OWN
00022000000000002
01100000000111002
01100000100002110
00000000122202022
11100220100002220
00000000000000000
20002000000000000
21002000100000000
01002220100110000
01101110100110011
STEP 21 P2 MOVE 1 0 1 5
OWN
00022000000000002
22222200000111002
01100000100002110
00000000122202022
11100220100002220
00000000000000000
20002000000000000
21002000100000000
01002220100110000
01101110100110011
STEP 22 P1 MOVE 0 0 3 0
OWN
10022000000000002
12222200000111002
11100000100002110
10000000122202022
11100220100002220
00000000000000000
20002000000000000
21002000100000000
01002220100110000
01101110100110011
STEP 23 P2 MOVE 0 5 2 5
OWN
10022200000000002
12222200000111002
11100200100002110
10000000122202022
11100220100002220
00000000000000000
20002000000000000
21002000100000000
01002220100110000
01101110100110011
STEP 24 P1 MOVE 2 10 4 10
OWN
10022200000000002
12222200000111002
11100200101002110
10000000121202022
11100220101002220
00000000000000000
20002000000000000
21002000100000000
01002220100110000
01101110100110011
STEP 25 P2 MOVE 1 8 2 10
OWN
10022200000000002
12222200222111002
11100200222002110
10000000121202022
11100220101002220
00000000000000000
20002000000000000
21002000100000000
01002220100110000
01101110100110011
STEP 26 P1 MOVE 2 7 2 11
OWN
10022200000000002
12222200222111002
11100201111102110
10000000121202022
11100220101002220
00000000000000000
20002000000000000
21002000100000000
01002220100110000
01101110100110011
STEP 27 P2 MOVE 5 0 5 3
OWN
10022200000000002
12222200222111002
11100201111102110
10000000121202022
11100220101002220
22220000000000000
20002000000000000
21002000100000000
01002220100110000
01101110100110011
STEP 28 P1 MOVE 3 1 6 1
OWN
10022200000000002
12222200222111002
11100201111102110
11000000121202022
11100220101002220
21220000000000000
21002000000000000
21002000100000000
01002220100110000
01101110100110011
STEP 29 P2 MOVE 3 2 6 2
OWN
10022200000000002
12222200222111002
11100201111102110
11200000121202022
11200220101002220
21220000000000000
21202000000000000
21002000100000000
01002220100110000
01101110100110011
STEP 30 P1 MOVE 5 7 5 8
OWN
10022200000000002
12222200222111002
11100201111102110
11200000121202022
11200220101002220
21220001100000000
21202000000000000
21002000100000000
01002220100110000
01101110100110011
STEP 31 P2 MOVE 7 14 8 14
OWN
10022200000000002
12222200222111002
11100201111102110
11200000121202022
11200220101002220
21220001100000000
21202000000000000
21002000100000200
01002220100110200
01101110100110011
STEP 32 P1 MOVE 6 14 9 14
OWN
10022200000000002
12222200222111002
11100201111102110
11200000121202022
11200220101002220
21220001100000000
21202000000000100
21002000100000100
01002220100110100
01101110100110111
STEP 33 P2 MOVE 7 9 7 10
OWN
10022200000000002
12222200222111002
11100201111102110
11200000121202022
11200220101002220
21220001100000000
21202000000000100
21002000122000100
01002220100110100
01101110100110111
STEP 34 P1 MOVE 7 10 8 11
OWN
10022200000000002
12222200222111002
11100201111102110
11200000121202022
11200220101002220
21220001100000000
21202000000000100
21002000121100100
01002220101110100
01101110100110111
STEP 35 P2 MOVE 4 12 5 12
OWN
10022200000000002
12222200222111002
11100201111102110
11200000121202022
11200220101022220
21220001100020000
21202000000000100
21002000121100100
01002220101110100
01101110100110111
STEP 36 P1 MOVE 6 12 6 15
OWN
10022200000000002
12222200222111002
11100201111102110
11200000121202022
11200220101022220
21220001100020000
21202000000011110
21002000121100100
01002220101110100
01101110100110111
STEP 37 P2 MOVE 5 11 5 13
OWN
10022200000000002
12222200222111002
11100201111102110
11200000121202022
11200220101022220
21220001100222000
21202000000011110
21002000121100100
01002220101110100
01101110100110111
STEP 38 P1 MOVE -1 -1 -1 -1
OWN
10022200000000002
12222200222111002
11100201111102110
11200000121202022
11200220101022220
21220001100222000
21202000000011110
21002000121100100
01002220101110100
01101110100110111
STEP 39 P2 MOVE 6 10 6 11
OWN
10022200000000002
12222200222111002
11100201111102110
11200000121202022
11200220101022220
21220001100222000
21202000002211110
21002000121100100
01002220101110100
01101110100110111
STEP 40 P1 MOVE -1 -1 -1 -1
OWN
10022200000000002
12222200222111002
11100201111102110
11200000121202022
11200220101022220
21220001100222000
21202000002211110
21002000121100100
01002220101110100
01101110100110111
STEP 41 P2 MOVE 5 10 7 12
OWN
10022200000000002
12222200222111002
11100201111102110
11200000121202022
11200220101022220
21220001102222000
21202000002221110
21002000122220100
01002220101110100
01101110100110111
STEP 42 P1 MOVE 6 9 7 13
OWN
10022200000000002
12222200222111002
11100201111102110
11200000121202022
11200220101022220
21220001102222000
21202000011111110
21002000111111100
01002220101110100
01101110100110111
STEP 43 P2 MOVE 0 13 9 13
OWN
10022200000002002
12222200222112002
11100201111102110
11200000121202022
11200220101022220
21220001102222000
21202000011112110
21002000111112100
01002220101112100
01101110100112111
STEP 44 P1 MOVE 0 10 9 10
OWN
10022200001002002
12222200221112002
11100201111102110
11200000121202022
11200220101022220
21220001101222000
21202000011112110
21002000111112100
01002220101112100
01101110101112111
STEP 45 P2 MOVE 0 9 0 12
OWN
10022200022222002
12222200221112002
11100201111102110
11200000121202022
11200220101022220
21220001101222000
21202000011112110
21002000111112100
01002220101112100
01101110101112111
STEP 46 P1 MOVE -1 -1 -1 -1
OWN
10022200022222002
12222200221112002
11100201111102110
11200000121202022
11200220101022220
21220001101222000
21202000011112110
21002000111112100
01002220101112100
01101110101112111
STEP 47 P2 MOVE -1 -1 -1 -1
OWN
10022200022222002
12222200221112002
11100201111102110
11200000121202022
11200220101022220
21220001101222000
21202000011112110
21002000111112100
01002220101112100
01101110101112111
RESULT first=59 second=51 winner=1
ANALYSIS winner=P1 score=59-51 reason=Ĺ»ĂëżěŔ§(+7Ä­ »©ľŃŔ˝,2ąčČż°ú) steal(w/l)=19/12 neu(w/l)=52/58
