BOARD
31747498751863574
61791576197715491
21221397848443747
16975538645194443
55949686997435824
95842778667377721
64624154285363395
98543449294955217
47821987153811772
33276741939671511
STEP 0 P1 MOVE 6 13 9 13
OWN
00000000000000000
00000000000000000
00000000000000000
00000000000000000
00000000000000000
00000000000000000
00000000000001000
00000000000001000
00000000000001000
00000000000001000
STEP 1 P2 MOVE 1 4 2 5
OWN
00000000000000000
00002200000000000
00002200000000000
00000000000000000
00000000000000000
00000000000000000
00000000000001000
00000000000001000
00000000000001000
00000000000001000
STEP 2 P1 MOVE 5 4 8 4
OWN
00000000000000000
00002200000000000
00002200000000000
00000000000000000
00000000000000000
00001000000000000
00001000000001000
00001000000001000
00001000000001000
00000000000001000
STEP 3 P2 MOVE 1 0 2 1
OWN
00000000000000000
22002200000000000
22002200000000000
00000000000000000
00000000000000000
00001000000000000
00001000000001000
00001000000001000
00001000000001000
00000000000001000
STEP 4 P1 MOVE 3 9 3 11
OWN
00000000000000000
22002200000000000
22002200000000000
00000000011100000
00000000000000000
00001000000000000
00001000000001000
00001000000001000
00001000000001000
00000000000001000
STEP 5 P2 MOVE 4 3 6 3
OWN
00000000000000000
22002200000000000
22002200000000000
00000000011100000
00020000000000000
00021000000000000
00021000000001000
00001000000001000
00001000000001000
00000000000001000
STEP 6 P1 MOVE 5 11 5 12
OWN
00000000000000000
22002200000000000
22002200000000000
00000000011100000
00020000000000000
00021000000110000
00021000000001000
00001000000001000
00001000000001000
00000000000001000
STEP 7 P2 MOVE 6 1 6 2
OWN
00000000000000000
22002200000000000
22002200000000000
00000000011100000
00020000000000000
00021000000110000
02221000000001000
00001000000001000
00001000000001000
00000000000001000
STEP 8 P1 MOVE 6 5 6 7
OWN
00000000000000000
22002200000000000
22002200000000000
00000000011100000
00020000000000000
00021000000110000
02221111000001000
00001000000001000
00001000000001000
00000000000001000
STEP 9 P2 MOVE 7 16 9 16
OWN
00000000000000000
22002200000000000
22002200000000000
00000000011100000
00020000000000000
00021000000110000
02221111000001000
00001000000001002
00001000000001002
00000000000001002
STEP 10 P1 MOVE 4 16 6 16
OWN
00000000000000000
22002200000000000
22002200000000000
00000000011100000
00020000000000001
00021000000110001
02221111000001001
00001000000001002
00001000000001002
00000000000001002
STEP 11 P2 MOVE 2 15 4 15
OWN
00000000000000000
22002200000000000
22002200000000020
00000000011100020
00020000000000021
00021000000110001
02221111000001001
00001000000001002
00001000000001002
00000000000001002
STEP 12 P1 MOVE 9 7 9 8
OWN
00000000000000000
22002200000000000
22002200000000020
00000000011100020
00020000000000021
00021000000110001
02221111000001001
00001000000001002
00001000000001002
00000001100001002
STEP 13 P2 MOVE 4 1 5 1
OWN
00000000000000000
22002200000000000
22002200000000020
00000000011100020
02020000000000021
02021000000110001
02221111000001001
00001000000001002
00001000000001002
00000001100001002
STEP 14 P1 MOVE 8 2 8 3
OWN
00000000000000000
22002200000000000
22002200000000020
00000000011100020
02020000000000021
02021000000110001
02221111000001001
00001000000001002
00111000000001002
00000001100001002
STEP 15 P2 MOVE 8 1 9 1
OWN
00000000000000000
22002200000000000
22002200000000020
00000000011100020
02020000000000021
02021000000110001
02221111000001001
00001000000001002
02111000000001002
02000001100001002
STEP 16 P1 MOVE 3 4 3 5
OWN
00000000000000000
22002200000000000
22002200000000020
00001100011100020
02020000000000021
02021000000110001
02221111000001001
00001000000001002
02111000000001002
02000001100001002
STEP 17 P2 MOVE 0 5 4 5
OWN
00000200000000000
22002200000000000
22002200000000020
00001200011100020
02020200000000021
02021000000110001
02221111000001001
00001000000001002
02111000000001002
02000001100001002
STEP 18 P1 MOVE 3 3 3 6
OWN
00000200000000000
22002200000000000
22002200000000020
00011110011100020
02020200000000021
02021000000110001
02221111000001001
00001000000001002
02111000000001002
02000001100001002
STEP 19 P2 MOVE 6 8 6 9
OWN
00000200000000000
22002200000000000
22002200000000020
00011110011100020
02020200000000021
02021000000110001
02221111220001001
00001000000001002
02111000000001002
02000001100001002
STEP 20 P1 MOVE 1 8 1 9
OWN
00000200000000000
22002200110000000
22002200000000020
00011110011100020
02020200000000021
02021000000110001
02221111220001001
00001000000001002
02111000000001002
02000001100001002
STEP 21 P2 MOVE 1 12 1 14
OWN
00000200000000000
22002200110022200
22002200000000020
00011110011100020
02020200000000021
02021000000110001
02221111220001001
00001000000001002
02111000000001002
02000001100001002
STEP 22 P1 MOVE 0 13 3 13
OWN
00000200000001000
22002200110021200
22002200000001020
00011110011101020
02020200000000021
02021000000110001
02221111220001001
00001000000001002
02111000000001002
02000001100001002
STEP 23 P2 MOVE 0 12 2 12
OWN
00000200000021000
22002200110021200
22002200000021020
00011110011101020
02020200000000021
02021000000110001
02221111220001001
00001000000001002
02111000000001002
02000001100001002
STEP 24 P1 MOVE 1 15 1 16
OWN
00000200000021000
22002200110021211
22002200000021020
00011110011101020
02020200000000021
02021000000110001
02221111220001001
00001000000001002
02111000000001002
02000001100001002
STEP 25 P2 MOVE 2 16 3 16
OWN
00000200000021000
22002200110021211
22002200000021022
00011110011101022
02020200000000021
02021000000110001
02221111220001001
00001000000001002
02111000000001002
02000001100001002
STEP 26 P1 MOVE -1 -1 -1 -1
OWN
00000200000021000
22002200110021211
22002200000021022
00011110011101022
02020200000000021
02021000000110001
02221111220001001
00001000000001002
02111000000001002
02000001100001002
STEP 27 P2 MOVE -1 -1 -1 -1
OWN
00000200000021000
22002200110021211
22002200000021022
00011110011101022
02020200000000021
02021000000110001
02221111220001001
00001000000001002
02111000000001002
02000001100001002
RESULT first=35 second=33 winner=1
ANALYSIS winner=P1 score=35-33 reason=Ľ±°řŔĚÁˇ steal(w/l)=2/1 neu(w/l)=34/34
