BOARD
66984797978892974
67941587929885795
31559664636311924
93728151657535726
53326958849242122
63884815992822361
79579391943278592
53356919179231112
91221139388555526
96393983537378887
STEP 0 P1 MOVE 8 1 8 6
OWN
00000000000000000
00000000000000000
00000000000000000
00000000000000000
00000000000000000
00000000000000000
00000000000000000
00000000000000000
01111110000000000
00000000000000000
STEP 1 P2 MOVE 7 11 7 16
OWN
00000000000000000
00000000000000000
00000000000000000
00000000000000000
00000000000000000
00000000000000000
00000000000000000
00000000000222222
01111110000000000
00000000000000000
STEP 2 P1 MOVE 6 11 9 11
OWN
00000000000000000
00000000000000000
00000000000000000
00000000000000000
00000000000000000
00000000000000000
00000000000100000
00000000000122222
01111110000100000
00000000000100000
STEP 3 P2 MOVE 6 10 6 12
OWN
00000000000000000
00000000000000000
00000000000000000
00000000000000000
00000000000000000
00000000000000000
00000000002220000
00000000000122222
01111110000100000
00000000000100000
STEP 4 P1 MOVE 6 14 8 14
OWN
00000000000000000
00000000000000000
00000000000000000
00000000000000000
00000000000000000
00000000000000000
00000000002220100
00000000000122122
01111110000100100
00000000000100000
STEP 5 P2 MOVE 2 1 5 1
OWN
00000000000000000
00000000000000000
02000000000000000
02000000000000000
02000000000000000
02000000000000000
00000000002220100
00000000000122122
01111110000100100
00000000000100000
STEP 6 P1 MOVE 4 0 4 3
OWN
00000000000000000
00000000000000000
02000000000000000
02000000000000000
11110000000000000
02000000000000000
00000000002220100
00000000000122122
01111110000100100
00000000000100000
STEP 7 P2 MOVE 3 3 5 3
OWN
00000000000000000
00000000000000000
02000000000000000
02020000000000000
11120000000000000
02020000000000000
00000000002220100
00000000000122122
01111110000100100
00000000000100000
STEP 8 P1 MOVE 1 3 1 5
OWN
00000000000000000
00011100000000000
02000000000000000
02020000000000000
11120000000000000
02020000000000000
00000000002220100
00000000000122122
01111110000100100
00000000000100000
STEP 9 P2 MOVE 4 12 5 13
OWN
00000000000000000
00011100000000000
02000000000000000
02020000000000000
11120000000022000
02020000000022000
00000000002220100
00000000000122122
01111110000100100
00000000000100000
STEP 10 P1 MOVE 5 10 5 11
OWN
00000000000000000
00011100000000000
02000000000000000
02020000000000000
11120000000022000
02020000001122000
00000000002220100
00000000000122122
01111110000100100
00000000000100000
STEP 11 P2 MOVE 4 11 6 13
OWN
00000000000000000
00011100000000000
02000000000000000
02020000000000000
11120000000222000
02020000001222000
00000000002222100
00000000000122122
01111110000100100
00000000000100000
STEP 12 P1 MOVE 4 10 4 14
OWN
00000000000000000
00011100000000000
02000000000000000
02020000000000000
11120000001111100
02020000001222000
00000000002222100
00000000000122122
01111110000100100
00000000000100000
STEP 13 P2 MOVE 3 15 5 15
OWN
00000000000000000
00011100000000000
02000000000000000
02020000000000020
11120000001111120
02020000001222020
00000000002222100
00000000000122122
01111110000100100
00000000000100000
STEP 14 P1 MOVE 1 9 3 9
OWN
00000000000000000
00011100010000000
02000000010000000
02020000010000020
11120000001111120
02020000001222020
00000000002222100
00000000000122122
01111110000100100
00000000000100000
STEP 15 P2 MOVE 2 10 2 12
OWN
00000000000000000
00011100010000000
02000000012220000
02020000010000020
11120000001111120
02020000001222020
00000000002222100
00000000000122122
01111110000100100
00000000000100000
STEP 16 P1 MOVE 3 13 8 13
OWN
00000000000000000
00011100010000000
02000000012220000
02020000010001020
11120000001111120
02020000001221020
00000000002221100
00000000000121122
01111110000101100
00000000000100000
STEP 17 P2 MOVE 6 8 7 8
OWN
00000000000000000
00011100010000000
02000000012220000
02020000010001020
11120000001111120
02020000001221020
00000000202221100
00000000200121122
01111110000101100
00000000000100000
STEP 18 P1 MOVE 6 6 7 6
OWN
00000000000000000
00011100010000000
02000000012220000
02020000010001020
11120000001111120
02020000001221020
00000010202221100
00000010200121122
01111110000101100
00000000000100000
STEP 19 P2 MOVE 3 6 4 6
OWN
00000000000000000
00011100010000000
02000000012220000
02020020010001020
11120020001111120
02020000001221020
00000010202221100
00000010200121122
01111110000101100
00000000000100000
STEP 20 P1 MOVE 3 4 3 7
OWN
00000000000000000
00011100010000000
02000000012220000
02021111010001020
11120020001111120
02020000001221020
00000010202221100
00000010200121122
01111110000101100
00000000000100000
STEP 21 P2 MOVE 3 12 3 14
OWN
00000000000000000
00011100010000000
02000000012220000
02021111010022220
11120020001111120
02020000001221020
00000010202221100
00000010200121122
01111110000101100
00000000000100000
STEP 22 P1 MOVE 2 2 2 3
OWN
00000000000000000
00011100010000000
02110000012220000
02021111010022220
11120020001111120
02020000001221020
00000010202221100
00000010200121122
01111110000101100
00000000000100000
STEP 23 P2 MOVE 3 11 8 12
OWN
00000000000000000
00011100010000000
02110000012220000
02021111010222220
11120020001221120
02020000001221020
00000010202221100
00000010200221122
01111110000221100
00000000000100000
STEP 24 P1 MOVE 8 10 8 15
OWN
00000000000000000
00011100010000000
02110000012220000
02021111010222220
11120020001221120
02020000001221020
00000010202221100
00000010200221122
01111110001111110
00000000000100000
STEP 25 P2 MOVE 2 16 3 16
OWN
00000000000000000
00011100010000000
02110000012220002
02021111010222222
11120020001221120
02020000001221020
00000010202221100
00000010200221122
01111110001111110
00000000000100000
STEP 26 P1 MOVE 2 6 2 7
OWN
00000000000000000
00011100010000000
02110011012220002
02021111010222222
11120020001221120
02020000001221020
00000010202221100
00000010200221122
01111110001111110
00000000000100000
STEP 27 P2 MOVE 4 4 5 4
OWN
00000000000000000
00011100010000000
02110011012220002
02021111010222222
11122020001221120
02022000001221020
00000010202221100
00000010200221122
01111110001111110
00000000000100000
STEP 28 P1 MOVE 6 7 7 7
OWN
00000000000000000
00011100010000000
02110011012220002
02021111010222222
11122020001221120
02022000001221020
00000011202221100
00000011200221122
01111110001111110
00000000000100000
STEP 29 P2 MOVE 9 9 9 10
OWN
00000000000000000
00011100010000000
02110011012220002
02021111010222222
11122020001221120
02022000001221020
00000011202221100
00000011200221122
01111110001111110
00000000022100000
STEP 30 P1 MOVE 2 13 2 14
OWN
00000000000000000
00011100010000000
02110011012221102
02021111010222222
11122020001221120
02022000001221020
00000011202221100
00000011200221122
01111110001111110
00000000022100000
STEP 31 P2 MOVE 3 10 5 14
OWN
00000000000000000
00011100010000000
02110011012221102
02021111012222222
11122020002222220
02022000002222220
00000011202221100
00000011200221122
01111110001111110
00000000022100000
STEP 32 P1 MOVE 5 9 5 16
OWN
00000000000000000
00011100010000000
02110011012221102
02021111012222222
11122020002222220
02022000011111111
00000011202221100
00000011200221122
01111110001111110
00000000022100000
STEP 33 P2 MOVE 4 16 8 16
OWN
00000000000000000
00011100010000000
02110011012221102
02021111012222222
11122020002222222
02022000011111112
00000011202221102
00000011200221122
01111110001111112
00000000022100000
STEP 34 P1 MOVE -1 -1 -1 -1
OWN
00000000000000000
00011100010000000
02110011012221102
02021111012222222
11122020002222222
02022000011111112
00000011202221102
00000011200221122
01111110001111112
00000000022100000
STEP 35 P2 MOVE -1 -1 -1 -1
OWN
00000000000000000
00011100010000000
02110011012221102
02021111012222222
11122020002222222
02022000011111112
00000011202221102
00000011200221122
01111110001111112
00000000022100000
RESULT first=47 second=41 winner=1
ANALYSIS winner=P1 score=47-41 reason=Ĺ»ĂëżěŔ§(+4Ä­ »©ľŃŔ˝,2ąčČż°ú) steal(w/l)=18/14 neu(w/l)=43/45
