BOARD
19825322789991399
78538277841468263
42319555871829283
39483784448744154
72164944642334694
81564915892291969
87118924298163592
32423886336752887
85542515217543857
14946655569338558
STEP 0 P1 MOVE 4 13 7 13
OWN
00000000000000000
00000000000000000
00000000000000000
00000000000000000
00000000000001000
00000000000001000
00000000000001000
00000000000001000
00000000000000000
00000000000000000
STEP 1 P2 MOVE 0 5 2 5
OWN
00000200000000000
00000200000000000
00000200000000000
00000000000000000
00000000000001000
00000000000001000
00000000000001000
00000000000001000
00000000000000000
00000000000000000
STEP 2 P1 MOVE 5 11 7 11
OWN
00000200000000000
00000200000000000
00000200000000000
00000000000000000
00000000000001000
00000000000101000
00000000000101000
00000000000101000
00000000000000000
00000000000000000
STEP 3 P2 MOVE 1 16 3 16
OWN
00000200000000000
00000200000000002
00000200000000002
00000000000000002
00000000000001000
00000000000101000
00000000000101000
00000000000101000
00000000000000000
00000000000000000
STEP 4 P1 MOVE 7 9 9 9
OWN
00000200000000000
00000200000000002
00000200000000002
00000000000000002
00000000000001000
00000000000101000
00000000000101000
00000000010101000
00000000010000000
00000000010000000
STEP 5 P2 MOVE 7 8 9 8
OWN
00000200000000000
00000200000000002
00000200000000002
00000000000000002
00000000000001000
00000000000101000
00000000000101000
00000000210101000
00000000210000000
00000000210000000
STEP 6 P1 MOVE 7 3 9 3
OWN
00000200000000000
00000200000000002
00000200000000002
00000000000000002
00000000000001000
00000000000101000
00000000000101000
00010000210101000
00010000210000000
00010000210000000
STEP 7 P2 MOVE 3 0 4 0
OWN
00000200000000000
00000200000000002
00000200000000002
20000000000000002
20000000000001000
00000000000101000
00000000000101000
00010000210101000
00010000210000000
00010000210000000
STEP 8 P1 MOVE 9 14 9 15
OWN
00000200000000000
00000200000000002
00000200000000002
20000000000000002
20000000000001000
00000000000101000
00000000000101000
00010000210101000
00010000210000000
00010000210000110
STEP 9 P2 MOVE 3 4 3 5
OWN
00000200000000000
00000200000000002
00000200000000002
20002200000000002
20000000000001000
00000000000101000
00000000000101000
00010000210101000
00010000210000000
00010000210000110
STEP 10 P1 MOVE 9 6 9 7
OWN
00000200000000000
00000200000000002
00000200000000002
20002200000000002
20000000000001000
00000000000101000
00000000000101000
00010000210101000
00010000210000000
00010011210000110
STEP 11 P2 MOVE 0 10 1 10
OWN
00000200002000000
00000200002000002
00000200000000002
20002200000000002
20000000000001000
00000000000101000
00000000000101000
00010000210101000
00010000210000000
00010011210000110
STEP 12 P1 MOVE 3 11 4 11
OWN
00000200002000000
00000200002000002
00000200000000002
20002200000100002
20000000000101000
00000000000101000
00000000000101000
00010000210101000
00010000210000000
00010011210000110
STEP 13 P2 MOVE 6 2 6 4
OWN
00000200002000000
00000200002000002
00000200000000002
20002200000100002
20000000000101000
00000000000101000
00222000000101000
00010000210101000
00010000210000000
00010011210000110
STEP 14 P1 MOVE 4 1 6 1
OWN
00000200002000000
00000200002000002
00000200000000002
20002200000100002
21000000000101000
01000000000101000
01222000000101000
00010000210101000
00010000210000000
00010011210000110
STEP 15 P2 MOVE 5 3 5 4
OWN
00000200002000000
00000200002000002
00000200000000002
20002200000100002
21000000000101000
01022000000101000
01222000000101000
00010000210101000
00010000210000000
00010011210000110
STEP 16 P1 MOVE 0 0 0 1
OWN
11000200002000000
00000200002000002
00000200000000002
20002200000100002
21000000000101000
01022000000101000
01222000000101000
00010000210101000
00010000210000000
00010011210000110
STEP 17 P2 MOVE 3 10 4 10
OWN
11000200002000000
00000200002000002
00000200000000002
20002200002100002
21000000002101000
01022000000101000
01222000000101000
00010000210101000
00010000210000000
00010011210000110
STEP 18 P1 MOVE 4 8 4 9
OWN
11000200002000000
00000200002000002
00000200000000002
20002200002100002
21000000112101000
01022000000101000
01222000000101000
00010000210101000
00010000210000000
00010011210000110
STEP 19 P2 MOVE 0 12 0 13
OWN
11000200002022000
00000200002000002
00000200000000002
20002200002100002
21000000112101000
01022000000101000
01222000000101000
00010000210101000
00010000210000000
00010011210000110
STEP 20 P1 MOVE 5 10 6 10
OWN
11000200002022000
00000200002000002
00000200000000002
20002200002100002
21000000112101000
01022000001101000
01222000001101000
00010000210101000
00010000210000000
00010011210000110
STEP 21 P2 MOVE 0 2 0 3
OWN
11220200002022000
00000200002000002
00000200000000002
20002200002100002
21000000112101000
01022000001101000
01222000001101000
00010000210101000
00010000210000000
00010011210000110
STEP 22 P1 MOVE 5 8 6 8
OWN
11220200002022000
00000200002000002
00000200000000002
20002200002100002
21000000112101000
01022000101101000
01222000101101000
00010000210101000
00010000210000000
00010011210000110
STEP 23 P2 MOVE 1 11 1 12
OWN
11220200002022000
00000200002220002
00000200000000002
20002200002100002
21000000112101000
01022000101101000
01222000101101000
00010000210101000
00010000210000000
00010011210000110
STEP 24 P1 MOVE 2 14 2 15
OWN
11220200002022000
00000200002220002
00000200000000112
20002200002100002
21000000112101000
01022000101101000
01222000101101000
00010000210101000
00010000210000000
00010011210000110
STEP 25 P2 MOVE 3 13 3 15
OWN
11220200002022000
00000200002220002
00000200000000112
20002200002102222
21000000112101000
01022000101101000
01222000101101000
00010000210101000
00010000210000000
00010011210000110
STEP 26 P1 MOVE 2 0 2 3
OWN
11220200002022000
00000200002220002
11110200000000112
20002200002102222
21000000112101000
01022000101101000
01222000101101000
00010000210101000
00010000210000000
00010011210000110
STEP 27 P2 MOVE 1 2 4 2
OWN
11220200002022000
00200200002220002
11210200000000112
20202200002102222
21200000112101000
01022000101101000
01222000101101000
00010000210101000
00010000210000000
00010011210000110
STEP 28 P1 MOVE 5 5 5 6
OWN
11220200002022000
00200200002220002
11210200000000112
20202200002102222
21200000112101000
01022110101101000
01222000101101000
00010000210101000
00010000210000000
00010011210000110
STEP 29 P2 MOVE 2 6 2 7
OWN
11220200002022000
00200200002220002
11210222000000112
20202200002102222
21200000112101000
01022110101101000
01222000101101000
00010000210101000
00010000210000000
00010011210000110
STEP 30 P1 MOVE 6 6 7 6
OWN
11220200002022000
00200200002220002
11210222000000112
20202200002102222
21200000112101000
01022110101101000
01222010101101000
00010010210101000
00010000210000000
00010011210000110
STEP 31 P2 MOVE 4 3 4 4
OWN
11220200002022000
00200200002220002
11210222000000112
20202200002102222
21222000112101000
01022110101101000
01222010101101000
00010010210101000
00010000210000000
00010011210000110
STEP 32 P1 MOVE 5 2 5 7
OWN
11220200002022000
00200200002220002
11210222000000112
20202200002102222
21222000112101000
01111111101101000
01222010101101000
00010010210101000
00010000210000000
00010011210000110
STEP 33 P2 MOVE 6 7 7 7
OWN
11220200002022000
00200200002220002
11210222000000112
20202200002102222
21222000112101000
01111111101101000
01222012101101000
00010012210101000
00010000210000000
00010011210000110
STEP 34 P1 MOVE 8 1 8 2
OWN
11220200002022000
00200200002220002
11210222000000112
20202200002102222
21222000112101000
01111111101101000
01222012101101000
00010012210101000
01110000210000000
00010011210000110
STEP 35 P2 MOVE 8 0 8 4
OWN
11220200002022000
00200200002220002
11210222000000112
20202200002102222
21222000112101000
01111111101101000
01222012101101000
00010012210101000
22222000210000000
00010011210000110
STEP 36 P1 MOVE 7 0 9 1
OWN
11220200002022000
00200200002220002
11210222000000112
20202200002102222
21222000112101000
01111111101101000
01222012101101000
11010012210101000
11222000210000000
11010011210000110
STEP 37 P2 MOVE -1 -1 -1 -1
OWN
11220200002022000
00200200002220002
11210222000000112
20202200002102222
21222000112101000
01111111101101000
01222012101101000
11010012210101000
11222000210000000
11010011210000110
STEP 38 P1 MOVE -1 -1 -1 -1
OWN
11220200002022000
00200200002220002
11210222000000112
20202200002102222
21222000112101000
01111111101101000
01222012101101000
11010012210101000
11222000210000000
11010011210000110
RESULT first=48 second=42 winner=1
ANALYSIS winner=P1 score=48-42 reason=綴蘊摹薄(+6) steal(w/l)=4/4 neu(w/l)=48/42
