BOARD
58696122517246958
46689844916782561
81873663629919487
34712831785698687
45734178376133883
85619798543951277
42376895759584617
31946921745421316
48786279262179692
93157325384663163
STEP 0 P1 MOVE 3 3 4 4
OWN
00000000000000000
00000000000000000
00000000000000000
00011000000000000
00011000000000000
00000000000000000
00000000000000000
00000000000000000
00000000000000000
00000000000000000
STEP 1 P2 MOVE 0 5 0 8
OWN
00000222200000000
00000000000000000
00000000000000000
00011000000000000
00011000000000000
00000000000000000
00000000000000000
00000000000000000
00000000000000000
00000000000000000
STEP 2 P1 MOVE 6 0 7 1
OWN
00000222200000000
00000000000000000
00000000000000000
00011000000000000
00011000000000000
00000000000000000
11000000000000000
11000000000000000
00000000000000000
00000000000000000
STEP 3 P2 MOVE 6 11 8 11
OWN
00000222200000000
00000000000000000
00000000000000000
00011000000000000
00011000000000000
00000000000000000
11000000000200000
11000000000200000
00000000000200000
00000000000000000
STEP 4 P1 MOVE 9 14 9 16
OWN
00000222200000000
00000000000000000
00000000000000000
00011000000000000
00011000000000000
00000000000000000
11000000000200000
11000000000200000
00000000000200000
00000000000000111
STEP 5 P2 MOVE 7 6 7 8
OWN
00000222200000000
00000000000000000
00000000000000000
00011000000000000
00011000000000000
00000000000000000
11000000000200000
11000022200200000
00000000000200000
00000000000000111
STEP 6 P1 MOVE 9 6 9 8
OWN
00000222200000000
00000000000000000
00000000000000000
00011000000000000
00011000000000000
00000000000000000
11000000000200000
11000022200200000
00000000000200000
00000011100000111
STEP 7 P2 MOVE 8 8 8 10
OWN
00000222200000000
00000000000000000
00000000000000000
00011000000000000
00011000000000000
00000000000000000
11000000000200000
11000022200200000
00000000222200000
00000011100000111
STEP 8 P1 MOVE 4 14 5 14
OWN
00000222200000000
00000000000000000
00000000000000000
00011000000000000
00011000000000100
00000000000000100
11000000000200000
11000022200200000
00000000222200000
00000011100000111
STEP 9 P2 MOVE 2 11 2 12
OWN
00000222200000000
00000000000000000
00000000000220000
00011000000000000
00011000000000100
00000000000000100
11000000000200000
11000022200200000
00000000222200000
00000011100000111
STEP 10 P1 MOVE 4 1 5 1
OWN
00000222200000000
00000000000000000
00000000000220000
00011000000000000
01011000000000100
01000000000000100
11000000000200000
11000022200200000
00000000222200000
00000011100000111
STEP 11 P2 MOVE 3 16 4 16
OWN
00000222200000000
00000000000000000
00000000000220000
00011000000000002
01011000000000102
01000000000000100
11000000000200000
11000022200200000
00000000222200000
00000011100000111
STEP 12 P1 MOVE 2 9 3 9
OWN
00000222200000000
00000000000000000
00000000010220000
00011000010000002
01011000000000102
01000000000000100
11000000000200000
11000022200200000
00000000222200000
00000011100000111
STEP 13 P2 MOVE 4 11 5 11
OWN
00000222200000000
00000000000000000
00000000010220000
00011000010000002
01011000000200102
01000000000200100
11000000000200000
11000022200200000
00000000222200000
00000011100000111
STEP 14 P1 MOVE 9 10 9 11
OWN
00000222200000000
00000000000000000
00000000010220000
00011000010000002
01011000000200102
01000000000200100
11000000000200000
11000022200200000
00000000222200000
00000011101100111
STEP 15 P2 MOVE 9 4 9 5
OWN
00000222200000000
00000000000000000
00000000010220000
00011000010000002
01011000000200102
01000000000200100
11000000000200000
11000022200200000
00000000222200000
00002211101100111
STEP 16 P1 MOVE 1 0 1 1
OWN
00000222200000000
11000000000000000
00000000010220000
00011000010000002
01011000000200102
01000000000200100
11000000000200000
11000022200200000
00000000222200000
00002211101100111
STEP 17 P2 MOVE 1 6 2 6
OWN
00000222200000000
11000020000000000
00000020010220000
00011000010000002
01011000000200102
01000000000200100
11000000000200000
11000022200200000
00000000222200000
00002211101100111
STEP 18 P1 MOVE 6 13 6 14
OWN
00000222200000000
11000020000000000
00000020010220000
00011000010000002
01011000000200102
01000000000200100
11000000000201100
11000022200200000
00000000222200000
00002211101100111
STEP 19 P2 MOVE 5 3 5 4
OWN
00000222200000000
11000020000000000
00000020010220000
00011000010000002
01011000000200102
01022000000200100
11000000000201100
11000022200200000
00000000222200000
00002211101100111
STEP 20 P1 MOVE 6 2 6 3
OWN
00000222200000000
11000020000000000
00000020010220000
00011000010000002
01011000000200102
01022000000200100
11110000000201100
11000022200200000
00000000222200000
00002211101100111
STEP 21 P2 MOVE 7 3 7 4
OWN
00000222200000000
11000020000000000
00000020010220000
00011000010000002
01011000000200102
01022000000200100
11110000000201100
11022022200200000
00000000222200000
00002211101100111
STEP 22 P1 MOVE 1 12 1 13
OWN
00000222200000000
11000020000011000
00000020010220000
00011000010000002
01011000000200102
01022000000200100
11110000000201100
11022022200200000
00000000222200000
00002211101100111
STEP 23 P2 MOVE 2 3 2 4
OWN
00000222200000000
11000020000011000
00022020010220000
00011000010000002
01011000000200102
01022000000200100
11110000000201100
11022022200200000
00000000222200000
00002211101100111
STEP 24 P1 MOVE 2 14 3 14
OWN
00000222200000000
11000020000011000
00022020010220100
00011000010000102
01011000000200102
01022000000200100
11110000000201100
11022022200200000
00000000222200000
00002211101100111
STEP 25 P2 MOVE 3 6 4 6
OWN
00000222200000000
11000020000011000
00022020010220100
00011020010000102
01011020000200102
01022000000200100
11110000000201100
11022022200200000
00000000222200000
00002211101100111
STEP 26 P1 MOVE -1 -1 -1 -1
OWN
00000222200000000
11000020000011000
00022020010220100
00011020010000102
01011020000200102
01022000000200100
11110000000201100
11022022200200000
00000000222200000
00002211101100111
STEP 27 P2 MOVE 1 8 1 9
OWN
00000222200000000
11000020220011000
00022020010220100
00011020010000102
01011020000200102
01022000000200100
11110000000201100
11022022200200000
00000000222200000
00002211101100111
STEP 28 P1 MOVE 3 8 4 8
OWN
00000222200000000
11000020220011000
00022020010220100
00011020110000102
01011020100200102
01022000000200100
11110000000201100
11022022200200000
00000000222200000
00002211101100111
STEP 29 P2 MOVE 2 7 3 8
OWN
00000222200000000
11000020220011000
00022022210220100
00011022210000102
01011020100200102
01022000000200100
11110000000201100
11022022200200000
00000000222200000
00002211101100111
STEP 30 P1 MOVE 1 7 1 10
OWN
00000222200000000
11000021111011000
00022022210220100
00011022210000102
01011020100200102
01022000000200100
11110000000201100
11022022200200000
00000000222200000
00002211101100111
STEP 31 P2 MOVE 7 13 8 13
OWN
00000222200000000
11000021111011000
00022022210220100
00011022210000102
01011020100200102
01022000000200100
11110000000201100
11022022200202000
00000000222202000
00002211101100111
STEP 32 P1 MOVE 5 13 8 14
OWN
00000222200000000
11000021111011000
00022022210220100
00011022210000102
01011020100200102
01022000000201100
11110000000201100
11022022200201100
00000000222201100
00002211101100111
STEP 33 P2 MOVE 0 12 0 13
OWN
00000222200022000
11000021111011000
00022022210220100
00011022210000102
01011020100200102
01022000000201100
11110000000201100
11022022200201100
00000000222201100
00002211101100111
STEP 34 P1 MOVE 0 9 0 11
OWN
00000222211122000
11000021111011000
00022022210220100
00011022210000102
01011020100200102
01022000000201100
11110000000201100
11022022200201100
00000000222201100
00002211101100111
STEP 35 P2 MOVE 7 15 8 15
OWN
00000222211122000
11000021111011000
00022022210220100
00011022210000102
01011020100200102
01022000000201100
11110000000201100
11022022200201120
00000000222201120
00002211101100111
STEP 36 P1 MOVE 6 12 7 12
OWN
00000222211122000
11000021111011000
00022022210220100
00011022210000102
01011020100200102
01022000000201100
11110000000211100
11022022200211120
00000000222201120
00002211101100111
STEP 37 P2 MOVE -1 -1 -1 -1
OWN
00000222211122000
11000021111011000
00022022210220100
00011022210000102
01011020100200102
01022000000201100
11110000000211100
11022022200211120
00000000222201120
00002211101100111
STEP 38 P1 MOVE -1 -1 -1 -1
OWN
00000222211122000
11000021111011000
00022022210220100
00011022210000102
01011020100200102
01022000000201100
11110000000211100
11022022200211120
00000000222201120
00002211101100111
RESULT first=47 second=39 winner=1
ANALYSIS winner=P1 score=47-39 reason=탈취우위(+3칸 빼앗음,2배효과) steal(w/l)=4/1 neu(w/l)=44/42
