BOARD
19464891886428584
97682871471498518
71431523329793828
34988663651462188
58849957884566257
11525457246752954
85228614564626643
37649634857996898
35227341639179258
97463849579683269
STEP 0 P1 MOVE 2 6 2 9
OWN
00000000000000000
00000000000000000
00000011110000000
00000000000000000
00000000000000000
00000000000000000
00000000000000000
00000000000000000
00000000000000000
00000000000000000
STEP 1 P2 MOVE 8 0 8 2
OWN
00000000000000000
00000000000000000
00000011110000000
00000000000000000
00000000000000000
00000000000000000
00000000000000000
00000000000000000
22200000000000000
00000000000000000
STEP 2 P1 MOVE 3 9 3 11
OWN
00000000000000000
00000000000000000
00000011110000000
00000000011100000
00000000000000000
00000000000000000
00000000000000000
00000000000000000
22200000000000000
00000000000000000
STEP 3 P2 MOVE 1 8 3 8
OWN
00000000000000000
00000000200000000
00000011210000000
00000000211100000
00000000000000000
00000000000000000
00000000000000000
00000000000000000
22200000000000000
00000000000000000
STEP 4 P1 MOVE 8 7 8 9
OWN
00000000000000000
00000000200000000
00000011210000000
00000000211100000
00000000000000000
00000000000000000
00000000000000000
00000000000000000
22200001110000000
00000000000000000
STEP 5 P2 MOVE 5 9 6 9
OWN
00000000000000000
00000000200000000
00000011210000000
00000000211100000
00000000000000000
00000000020000000
00000000020000000
00000000000000000
22200001110000000
00000000000000000
STEP 6 P1 MOVE 2 14 2 15
OWN
00000000000000000
00000000200000000
00000011210000110
00000000211100000
00000000000000000
00000000020000000
00000000020000000
00000000000000000
22200001110000000
00000000000000000
STEP 7 P2 MOVE 4 10 5 10
OWN
00000000000000000
00000000200000000
00000011210000110
00000000211100000
00000000002000000
00000000022000000
00000000020000000
00000000000000000
22200001110000000
00000000000000000
STEP 8 P1 MOVE 1 4 1 5
OWN
00000000000000000
00001100200000000
00000011210000110
00000000211100000
00000000002000000
00000000022000000
00000000020000000
00000000000000000
22200001110000000
00000000000000000
STEP 9 P2 MOVE 4 8 5 8
OWN
00000000000000000
00001100200000000
00000011210000110
00000000211100000
00000000202000000
00000000222000000
00000000020000000
00000000000000000
22200001110000000
00000000000000000
STEP 10 P1 MOVE 7 11 8 11
OWN
00000000000000000
00001100200000000
00000011210000110
00000000211100000
00000000202000000
00000000222000000
00000000020000000
00000000000100000
22200001110100000
00000000000000000
STEP 11 P2 MOVE 0 2 1 2
OWN
00200000000000000
00201100200000000
00000011210000110
00000000211100000
00000000202000000
00000000222000000
00000000020000000
00000000000100000
22200001110100000
00000000000000000
STEP 12 P1 MOVE 6 3 6 4
OWN
00200000000000000
00201100200000000
00000011210000110
00000000211100000
00000000202000000
00000000222000000
00011000020000000
00000000000100000
22200001110100000
00000000000000000
STEP 13 P2 MOVE 7 2 9 2
OWN
00200000000000000
00201100200000000
00000011210000110
00000000211100000
00000000202000000
00000000222000000
00011000020000000
00200000000100000
22200001110100000
00200000000000000
STEP 14 P1 MOVE 6 14 6 15
OWN
00200000000000000
00201100200000000
00000011210000110
00000000211100000
00000000202000000
00000000222000000
00011000020000110
00200000000100000
22200001110100000
00200000000000000
STEP 15 P2 MOVE 0 14 1 14
OWN
00200000000000200
00201100200000200
00000011210000110
00000000211100000
00000000202000000
00000000222000000
00011000020000110
00200000000100000
22200001110100000
00200000000000000
STEP 16 P1 MOVE 4 15 5 15
OWN
00200000000000200
00201100200000200
00000011210000110
00000000211100000
00000000202000010
00000000222000010
00011000020000110
00200000000100000
22200001110100000
00200000000000000
STEP 17 P2 MOVE 0 0 1 0
OWN
20200000000000200
20201100200000200
00000011210000110
00000000211100000
00000000202000010
00000000222000010
00011000020000110
00200000000100000
22200001110100000
00200000000000000
STEP 18 P1 MOVE 6 6 6 8
OWN
20200000000000200
20201100200000200
00000011210000110
00000000211100000
00000000202000010
00000000222000010
00011011120000110
00200000000100000
22200001110100000
00200000000000000
STEP 19 P2 MOVE 0 12 0 13
OWN
20200000000022200
20201100200000200
00000011210000110
00000000211100000
00000000202000010
00000000222000010
00011011120000110
00200000000100000
22200001110100000
00200000000000000
STEP 20 P1 MOVE 3 7 4 7
OWN
20200000000022200
20201100200000200
00000011210000110
00000001211100000
00000001202000010
00000000222000010
00011011120000110
00200000000100000
22200001110100000
00200000000000000
STEP 21 P2 MOVE 0 7 1 8
OWN
20200002200022200
20201102200000200
00000011210000110
00000001211100000
00000001202000010
00000000222000010
00011011120000110
00200000000100000
22200001110100000
00200000000000000
STEP 22 P1 MOVE 3 13 5 13
OWN
20200002200022200
20201102200000200
00000011210000110
00000001211101000
00000001202001010
00000000222001010
00011011120000110
00200000000100000
22200001110100000
00200000000000000
STEP 23 P2 MOVE 8 4 8 5
OWN
20200002200022200
20201102200000200
00000011210000110
00000001211101000
00000001202001010
00000000222001010
00011011120000110
00200000000100000
22202201110100000
00200000000000000
STEP 24 P1 MOVE 0 3 0 4
OWN
20211002200022200
20201102200000200
00000011210000110
00000001211101000
00000001202001010
00000000222001010
00011011120000110
00200000000100000
22202201110100000
00200000000000000
STEP 25 P2 MOVE 0 10 0 11
OWN
20211002202222200
20201102200000200
00000011210000110
00000001211101000
00000001202001010
00000000222001010
00011011120000110
00200000000100000
22202201110100000
00200000000000000
STEP 26 P1 MOVE 1 10 2 10
OWN
20211002202222200
20201102201000200
00000011211000110
00000001211101000
00000001202001010
00000000222001010
00011011120000110
00200000000100000
22202201110100000
00200000000000000
STEP 27 P2 MOVE 2 0 3 0
OWN
20211002202222200
20201102201000200
20000011211000110
20000001211101000
00000001202001010
00000000222001010
00011011120000110
00200000000100000
22202201110100000
00200000000000000
STEP 28 P1 MOVE 4 6 5 6
OWN
20211002202222200
20201102201000200
20000011211000110
20000001211101000
00000011202001010
00000010222001010
00011011120000110
00200000000100000
22202201110100000
00200000000000000
STEP 29 P2 MOVE 6 5 6 10
OWN
20211002202222200
20201102201000200
20000011211000110
20000001211101000
00000011202001010
00000010222001010
00011222222000110
00200000000100000
22202201110100000
00200000000000000
STEP 30 P1 MOVE 6 2 6 12
OWN
20211002202222200
20201102201000200
20000011211000110
20000001211101000
00000011202001010
00000010222001010
00111111111110110
00200000000100000
22202201110100000
00200000000000000
STEP 31 P2 MOVE 5 5 7 5
OWN
20211002202222200
20201102201000200
20000011211000110
20000001211101000
00000011202001010
00000210222001010
00111211111110110
00200200000100000
22202201110100000
00200000000000000
STEP 32 P1 MOVE 7 0 7 1
OWN
20211002202222200
20201102201000200
20000011211000110
20000001211101000
00000011202001010
00000210222001010
00111211111110110
11200200000100000
22202201110100000
00200000000000000
STEP 33 P2 MOVE 7 14 8 14
OWN
20211002202222200
20201102201000200
20000011211000110
20000001211101000
00000011202001010
00000210222001010
00111211111110110
11200200000100200
22202201110100200
00200000000000000
STEP 34 P1 MOVE 4 3 7 3
OWN
20211002202222200
20201102201000200
20000011211000110
20000001211101000
00010011202001010
00010210222001010
00111211111110110
11210200000100200
22202201110100200
00200000000000000
STEP 35 P2 MOVE 3 3 8 3
OWN
20211002202222200
20201102201000200
20000011211000110
20020001211101000
00020011202001010
00020210222001010
00121211111110110
11220200000100200
22222201110100200
00200000000000000
STEP 36 P1 MOVE 5 2 5 4
OWN
20211002202222200
20201102201000200
20000011211000110
20020001211101000
00020011202001010
00111210222001010
00121211111110110
11220200000100200
22222201110100200
00200000000000000
STEP 37 P2 MOVE -1 -1 -1 -1
OWN
20211002202222200
20201102201000200
20000011211000110
20020001211101000
00020011202001010
00111210222001010
00121211111110110
11220200000100200
22222201110100200
00200000000000000
STEP 38 P1 MOVE -1 -1 -1 -1
OWN
20211002202222200
20201102201000200
20000011211000110
20020001211101000
00020011202001010
00111210222001010
00121211111110110
11220200000100200
22222201110100200
00200000000000000
RESULT first=44 second=40 winner=1
ANALYSIS winner=P1 score=44-40 reason=綴蘊摹薄(+8) / 摹奢檜薄 steal(w/l)=7/9 neu(w/l)=46/38
