BOARD
11953319271987978
32863563174153458
68219164158574937
51332133871942467
56479491211324685
27764938648717194
74736693189366825
92472856845357611
21689427721689486
95513863867417655
STEP 0 P1 MOVE 4 7 4 12
OWN
00000000000000000
00000000000000000
00000000000000000
00000000000000000
00000001111110000
00000000000000000
00000000000000000
00000000000000000
00000000000000000
00000000000000000
STEP 1 P2 MOVE 3 1 3 5
OWN
00000000000000000
00000000000000000
00000000000000000
02222200000000000
00000001111110000
00000000000000000
00000000000000000
00000000000000000
00000000000000000
00000000000000000
STEP 2 P1 MOVE 3 12 3 14
OWN
00000000000000000
00000000000000000
00000000000000000
02222200000011100
00000001111110000
00000000000000000
00000000000000000
00000000000000000
00000000000000000
00000000000000000
STEP 3 P2 MOVE 2 5 3 6
OWN
00000000000000000
00000000000000000
00000220000000000
02222220000011100
00000001111110000
00000000000000000
00000000000000000
00000000000000000
00000000000000000
00000000000000000
STEP 4 P1 MOVE 0 8 0 10
OWN
00000000111000000
00000000000000000
00000220000000000
02222220000011100
00000001111110000
00000000000000000
00000000000000000
00000000000000000
00000000000000000
00000000000000000
STEP 5 P2 MOVE 2 7 2 9
OWN
00000000111000000
00000000000000000
00000222220000000
02222220000011100
00000001111110000
00000000000000000
00000000000000000
00000000000000000
00000000000000000
00000000000000000
STEP 6 P1 MOVE 2 1 2 2
OWN
00000000111000000
00000000000000000
01100222220000000
02222220000011100
00000001111110000
00000000000000000
00000000000000000
00000000000000000
00000000000000000
00000000000000000
STEP 7 P2 MOVE 5 16 7 16
OWN
00000000111000000
00000000000000000
01100222220000000
02222220000011100
00000001111110000
00000000000000002
00000000000000002
00000000000000002
00000000000000000
00000000000000000
STEP 8 P1 MOVE 0 0 2 0
OWN
10000000111000000
10000000000000000
11100222220000000
02222220000011100
00000001111110000
00000000000000002
00000000000000002
00000000000000002
00000000000000000
00000000000000000
STEP 9 P2 MOVE 8 11 9 11
OWN
10000000111000000
10000000000000000
11100222220000000
02222220000011100
00000001111110000
00000000000000002
00000000000000002
00000000000000002
00000000000200000
00000000000200000
STEP 10 P1 MOVE 6 3 7 3
OWN
10000000111000000
10000000000000000
11100222220000000
02222220000011100
00000001111110000
00000000000000002
00010000000000002
00010000000000002
00000000000200000
00000000000200000
STEP 11 P2 MOVE 5 4 6 4
OWN
10000000111000000
10000000000000000
11100222220000000
02222220000011100
00000001111110000
00002000000000002
00012000000000002
00010000000000002
00000000000200000
00000000000200000
STEP 12 P1 MOVE 3 10 3 11
OWN
10000000111000000
10000000000000000
11100222220000000
02222220001111100
00000001111110000
00002000000000002
00012000000000002
00010000000000002
00000000000200000
00000000000200000
STEP 13 P2 MOVE 9 15 9 16
OWN
10000000111000000
10000000000000000
11100222220000000
02222220001111100
00000001111110000
00002000000000002
00012000000000002
00010000000000002
00000000000200000
00000000000200022
STEP 14 P1 MOVE 2 3 2 4
OWN
10000000111000000
10000000000000000
11111222220000000
02222220001111100
00000001111110000
00002000000000002
00012000000000002
00010000000000002
00000000000200000
00000000000200022
STEP 15 P2 MOVE 7 2 8 2
OWN
10000000111000000
10000000000000000
11111222220000000
02222220001111100
00000001111110000
00002000000000002
00012000000000002
00210000000000002
00200000000200000
00000000000200022
STEP 16 P1 MOVE 8 7 9 7
OWN
10000000111000000
10000000000000000
11111222220000000
02222220001111100
00000001111110000
00002000000000002
00012000000000002
00210000000000002
00200001000200000
00000001000200022
STEP 17 P2 MOVE 0 11 1 11
OWN
10000000111200000
10000000000200000
11111222220000000
02222220001111100
00000001111110000
00002000000000002
00012000000000002
00210000000000002
00200001000200000
00000001000200022
STEP 18 P1 MOVE 8 14 9 14
OWN
10000000111200000
10000000000200000
11111222220000000
02222220001111100
00000001111110000
00002000000000002
00012000000000002
00210000000000002
00200001000200100
00000001000200122
STEP 19 P2 MOVE 2 15 2 16
OWN
10000000111200000
10000000000200000
11111222220000022
02222220001111100
00000001111110000
00002000000000002
00012000000000002
00210000000000002
00200001000200100
00000001000200122
STEP 20 P1 MOVE 0 1 0 2
OWN
11100000111200000
10000000000200000
11111222220000022
02222220001111100
00000001111110000
00002000000000002
00012000000000002
00210000000000002
00200001000200100
00000001000200122
STEP 21 P2 MOVE 0 13 1 13
OWN
11100000111202000
10000000000202000
11111222220000022
02222220001111100
00000001111110000
00002000000000002
00012000000000002
00210000000000002
00200001000200100
00000001000200122
STEP 22 P1 MOVE 1 6 1 8
OWN
11100000111202000
10000011100202000
11111222220000022
02222220001111100
00000001111110000
00002000000000002
00012000000000002
00210000000000002
00200001000200100
00000001000200122
STEP 23 P2 MOVE 0 6 4 6
OWN
11100020111202000
10000021100202000
11111222220000022
02222220001111100
00000021111110000
00002000000000002
00012000000000002
00210000000000002
00200001000200100
00000001000200122
STEP 24 P1 MOVE 1 1 1 2
OWN
11100020111202000
11100021100202000
11111222220000022
02222220001111100
00000021111110000
00002000000000002
00012000000000002
00210000000000002
00200001000200100
00000001000200122
STEP 25 P2 MOVE 3 0 4 0
OWN
11100020111202000
11100021100202000
11111222220000022
22222220001111100
20000021111110000
00002000000000002
00012000000000002
00210000000000002
00200001000200100
00000001000200122
STEP 26 P1 MOVE 4 1 4 2
OWN
11100020111202000
11100021100202000
11111222220000022
22222220001111100
21100021111110000
00002000000000002
00012000000000002
00210000000000002
00200001000200100
00000001000200122
STEP 27 P2 MOVE 5 8 5 9
OWN
11100020111202000
11100021100202000
11111222220000022
22222220001111100
21100021111110000
00002000220000002
00012000000000002
00210000000000002
00200001000200100
00000001000200122
STEP 28 P1 MOVE 5 11 6 11
OWN
11100020111202000
11100021100202000
11111222220000022
22222220001111100
21100021111110000
00002000220100002
00012000000100002
00210000000000002
00200001000200100
00000001000200122
STEP 29 P2 MOVE 4 13 4 14
OWN
11100020111202000
11100021100202000
11111222220000022
22222220001111100
21100021111112200
00002000220100002
00012000000100002
00210000000000002
00200001000200100
00000001000200122
STEP 30 P1 MOVE 8 8 8 10
OWN
11100020111202000
11100021100202000
11111222220000022
22222220001111100
21100021111112200
00002000220100002
00012000000100002
00210000000000002
00200001111200100
00000001000200122
STEP 31 P2 MOVE 8 6 8 12
OWN
11100020111202000
11100021100202000
11111222220000022
22222220001111100
21100021111112200
00002000220100002
00012000000100002
00210000000000002
00200022222220100
00000001000200122
STEP 32 P1 MOVE 7 9 9 9
OWN
11100020111202000
11100021100202000
11111222220000022
22222220001111100
21100021111112200
00002000220100002
00012000000100002
00210000010000002
00200022212220100
00000001010200122
STEP 33 P2 MOVE -1 -1 -1 -1
OWN
11100020111202000
11100021100202000
11111222220000022
22222220001111100
21100021111112200
00002000220100002
00012000000100002
00210000010000002
00200022212220100
00000001010200122
STEP 34 P1 MOVE 6 14 6 15
OWN
11100020111202000
11100021100202000
11111222220000022
22222220001111100
21100021111112200
00002000220100002
00012000000100112
00210000010000002
00200022212220100
00000001010200122
STEP 35 P2 MOVE 5 14 5 15
OWN
11100020111202000
11100021100202000
11111222220000022
22222220001111100
21100021111112200
00002000220100222
00012000000100112
00210000010000002
00200022212220100
00000001010200122
STEP 36 P1 MOVE -1 -1 -1 -1
OWN
11100020111202000
11100021100202000
11111222220000022
22222220001111100
21100021111112200
00002000220100222
00012000000100112
00210000010000002
00200022212220100
00000001010200122
STEP 37 P2 MOVE -1 -1 -1 -1
OWN
11100020111202000
11100021100202000
11111222220000022
22222220001111100
21100021111112200
00002000220100222
00012000000100112
00210000010000002
00200022212220100
00000001010200122
RESULT first=41 second=44 winner=2
ANALYSIS winner=P2 score=41-44 reason=Ĺ»ĂëżěŔ§(+4Ä­ »©ľŃŔ˝,2ąčČż°ú) / żŞŔü˝Â steal(w/l)=5/1 neu(w/l)=40/45
