BOARD
21574775367977814
33775287482856451
67256235582958967
63428494558381453
86743419518354786
63946253547876311
74357384866881173
18686795924999669
28531858477369857
24857658179559189
STEP 0 P1 MOVE 5 14 7 14
OWN
00000000000000000
00000000000000000
00000000000000000
00000000000000000
00000000000000000
00000000000000100
00000000000000100
00000000000000100
00000000000000000
00000000000000000
STEP 1 P2 MOVE 5 5 5 7
OWN
00000000000000000
00000000000000000
00000000000000000
00000000000000000
00000000000000000
00000222000000100
00000000000000100
00000000000000100
00000000000000000
00000000000000000
STEP 2 P1 MOVE 1 14 1 16
OWN
00000000000000000
00000000000000111
00000000000000000
00000000000000000
00000000000000000
00000222000000100
00000000000000100
00000000000000100
00000000000000000
00000000000000000
STEP 3 P2 MOVE 3 9 5 9
OWN
00000000000000000
00000000000000111
00000000000000000
00000000020000000
00000000020000000
00000222020000100
00000000000000100
00000000000000100
00000000000000000
00000000000000000
STEP 4 P1 MOVE 3 13 3 15
OWN
00000000000000000
00000000000000111
00000000000000000
00000000020001110
00000000020000000
00000222020000100
00000000000000100
00000000000000100
00000000000000000
00000000000000000
STEP 5 P2 MOVE 2 8 3 8
OWN
00000000000000000
00000000000000111
00000000200000000
00000000220001110
00000000020000000
00000222020000100
00000000000000100
00000000000000100
00000000000000000
00000000000000000
STEP 6 P1 MOVE 4 16 6 16
OWN
00000000000000000
00000000000000111
00000000200000000
00000000220001110
00000000020000001
00000222020000101
00000000000000101
00000000000000100
00000000000000000
00000000000000000
STEP 7 P2 MOVE 4 6 4 7
OWN
00000000000000000
00000000000000111
00000000200000000
00000000220001110
00000022020000001
00000222020000101
00000000000000101
00000000000000100
00000000000000000
00000000000000000
STEP 8 P1 MOVE 2 5 4 5
OWN
00000000000000000
00000000000000111
00000100200000000
00000100220001110
00000122020000001
00000222020000101
00000000000000101
00000000000000100
00000000000000000
00000000000000000
STEP 9 P2 MOVE 6 0 8 0
OWN
00000000000000000
00000000000000111
00000100200000000
00000100220001110
00000122020000001
00000222020000101
20000000000000101
20000000000000100
20000000000000000
00000000000000000
STEP 10 P1 MOVE 1 10 1 11
OWN
00000000000000000
00000000001100111
00000100200000000
00000100220001110
00000122020000001
00000222020000101
20000000000000101
20000000000000100
20000000000000000
00000000000000000
STEP 11 P2 MOVE 3 3 3 4
OWN
00000000000000000
00000000001100111
00000100200000000
00022100220001110
00000122020000001
00000222020000101
20000000000000101
20000000000000100
20000000000000000
00000000000000000
STEP 12 P1 MOVE 4 13 5 13
OWN
00000000000000000
00000000001100111
00000100200000000
00022100220001110
00000122020001001
00000222020001101
20000000000000101
20000000000000100
20000000000000000
00000000000000000
STEP 13 P2 MOVE 2 9 2 10
OWN
00000000000000000
00000000001100111
00000100222000000
00022100220001110
00000122020001001
00000222020001101
20000000000000101
20000000000000100
20000000000000000
00000000000000000
STEP 14 P1 MOVE 6 4 6 5
OWN
00000000000000000
00000000001100111
00000100222000000
00022100220001110
00000122020001001
00000222020001101
20001100000000101
20000000000000100
20000000000000000
00000000000000000
STEP 15 P2 MOVE 6 10 7 10
OWN
00000000000000000
00000000001100111
00000100222000000
00022100220001110
00000122020001001
00000222020001101
20001100002000101
20000000002000100
20000000000000000
00000000000000000
STEP 16 P1 MOVE 6 13 7 13
OWN
00000000000000000
00000000001100111
00000100222000000
00022100220001110
00000122020001001
00000222020001101
20001100002001101
20000000002001100
20000000000000000
00000000000000000
STEP 17 P2 MOVE 8 6 9 6
OWN
00000000000000000
00000000001100111
00000100222000000
00022100220001110
00000122020001001
00000222020001101
20001100002001101
20000000002001100
20000020000000000
00000020000000000
STEP 18 P1 MOVE 8 10 8 11
OWN
00000000000000000
00000000001100111
00000100222000000
00022100220001110
00000122020001001
00000222020001101
20001100002001101
20000000002001100
20000020001100000
00000020000000000
STEP 19 P2 MOVE 1 12 2 12
OWN
00000000000000000
00000000001120111
00000100222020000
00022100220001110
00000122020001001
00000222020001101
20001100002001101
20000000002001100
20000020001100000
00000020000000000
STEP 20 P1 MOVE 2 16 3 16
OWN
00000000000000000
00000000001120111
00000100222020001
00022100220001111
00000122020001001
00000222020001101
20001100002001101
20000000002001100
20000020001100000
00000020000000000
STEP 21 P2 MOVE 4 8 5 8
OWN
00000000000000000
00000000001120111
00000100222020001
00022100220001111
00000122220001001
00000222220001101
20001100002001101
20000000002001100
20000020001100000
00000020000000000
STEP 22 P1 MOVE 9 11 9 12
OWN
00000000000000000
00000000001120111
00000100222020001
00022100220001111
00000122220001001
00000222220001101
20001100002001101
20000000002001100
20000020001100000
00000020000110000
STEP 23 P2 MOVE 9 13 9 14
OWN
00000000000000000
00000000001120111
00000100222020001
00022100220001111
00000122220001001
00000222220001101
20001100002001101
20000000002001100
20000020001100000
00000020000112200
STEP 24 P1 MOVE -1 -1 -1 -1
OWN
00000000000000000
00000000001120111
00000100222020001
00022100220001111
00000122220001001
00000222220001101
20001100002001101
20000000002001100
20000020001100000
00000020000112200
STEP 25 P2 MOVE 1 5 1 6
OWN
00000000000000000
00000220001120111
00000100222020001
00022100220001111
00000122220001001
00000222220001101
20001100002001101
20000000002001100
20000020001100000
00000020000112200
STEP 26 P1 MOVE 0 6 2 6
OWN
00000010000000000
00000210001120111
00000110222020001
00022100220001111
00000122220001001
00000222220001101
20001100002001101
20000000002001100
20000020001100000
00000020000112200
STEP 27 P2 MOVE 5 3 5 4
OWN
00000010000000000
00000210001120111
00000110222020001
00022100220001111
00000122220001001
00022222220001101
20001100002001101
20000000002001100
20000020001100000
00000020000112200
STEP 28 P1 MOVE 4 4 8 4
OWN
00000010000000000
00000210001120111
00000110222020001
00022100220001111
00001122220001001
00021222220001101
20001100002001101
20001000002001100
20001020001100000
00000020000112200
STEP 29 P2 MOVE 1 1 1 2
OWN
00000010000000000
02200210001120111
00000110222020001
00022100220001111
00001122220001001
00021222220001101
20001100002001101
20001000002001100
20001020001100000
00000020000112200
STEP 30 P1 MOVE 1 0 1 3
OWN
00000010000000000
11110210001120111
00000110222020001
00022100220001111
00001122220001001
00021222220001101
20001100002001101
20001000002001100
20001020001100000
00000020000112200
STEP 31 P2 MOVE 2 1 3 1
OWN
00000010000000000
11110210001120111
02000110222020001
02022100220001111
00001122220001001
00021222220001101
20001100002001101
20001000002001100
20001020001100000
00000020000112200
STEP 32 P1 MOVE 0 1 5 1
OWN
01000010000000000
11110210001120111
01000110222020001
01022100220001111
01001122220001001
01021222220001101
20001100002001101
20001000002001100
20001020001100000
00000020000112200
STEP 33 P2 MOVE 3 0 3 2
OWN
01000010000000000
11110210001120111
01000110222020001
22222100220001111
01001122220001001
01021222220001101
20001100002001101
20001000002001100
20001020001100000
00000020000112200
STEP 34 P1 MOVE -1 -1 -1 -1
OWN
01000010000000000
11110210001120111
01000110222020001
22222100220001111
01001122220001001
01021222220001101
20001100002001101
20001000002001100
20001020001100000
00000020000112200
STEP 35 P2 MOVE -1 -1 -1 -1
OWN
01000010000000000
11110210001120111
01000110222020001
22222100220001111
01001122220001001
01021222220001101
20001100002001101
20001000002001100
20001020001100000
00000020000112200
RESULT first=44 second=32 winner=1
ANALYSIS winner=P1 score=44-32 reason=Ĺ»ĂëżěŔ§(+5Ä­ »©ľŃŔ˝,2ąčČż°ú) steal(w/l)=6/1 neu(w/l)=39/37
