BOARD
57696596188727666
88567553214111582
94427298379651426
67589834138357624
98127637892848314
29282393674795421
39315765938348445
48989789492325597
93933824725269631
13756339638654279
STEP 0 P1 MOVE 1 7 1 10
OWN
00000000000000000
00000001111000000
00000000000000000
00000000000000000
00000000000000000
00000000000000000
00000000000000000
00000000000000000
00000000000000000
00000000000000000
STEP 1 P2 MOVE 4 16 6 16
OWN
00000000000000000
00000001111000000
00000000000000000
00000000000000000
00000000000000002
00000000000000002
00000000000000002
00000000000000000
00000000000000000
00000000000000000
STEP 2 P1 MOVE 8 14 8 16
OWN
00000000000000000
00000001111000000
00000000000000000
00000000000000000
00000000000000002
00000000000000002
00000000000000002
00000000000000000
00000000000000111
00000000000000000
STEP 3 P2 MOVE 5 3 5 4
OWN
00000000000000000
00000001111000000
00000000000000000
00000000000000000
00000000000000002
00022000000000002
00000000000000002
00000000000000000
00000000000000111
00000000000000000
STEP 4 P1 MOVE 2 1 2 3
OWN
00000000000000000
00000001111000000
01110000000000000
00000000000000000
00000000000000002
00022000000000002
00000000000000002
00000000000000000
00000000000000111
00000000000000000
STEP 5 P2 MOVE 1 2 3 2
OWN
00000000000000000
00200001111000000
01210000000000000
00200000000000000
00000000000000002
00022000000000002
00000000000000002
00000000000000000
00000000000000111
00000000000000000
STEP 6 P1 MOVE 4 6 4 7
OWN
00000000000000000
00200001111000000
01210000000000000
00200000000000000
00000011000000002
00022000000000002
00000000000000002
00000000000000000
00000000000000111
00000000000000000
STEP 7 P2 MOVE 0 5 1 5
OWN
00000200000000000
00200201111000000
01210000000000000
00200000000000000
00000011000000002
00022000000000002
00000000000000002
00000000000000000
00000000000000111
00000000000000000
STEP 8 P1 MOVE 2 9 3 9
OWN
00000200000000000
00200201111000000
01210000010000000
00200000010000000
00000011000000002
00022000000000002
00000000000000002
00000000000000000
00000000000000111
00000000000000000
STEP 9 P2 MOVE 3 10 4 10
OWN
00000200000000000
00200201111000000
01210000010000000
00200000012000000
00000011002000002
00022000000000002
00000000000000002
00000000000000000
00000000000000111
00000000000000000
STEP 10 P1 MOVE 4 2 4 4
OWN
00000200000000000
00200201111000000
01210000010000000
00200000012000000
00111011002000002
00022000000000002
00000000000000002
00000000000000000
00000000000000111
00000000000000000
STEP 11 P2 MOVE 2 5 3 5
OWN
00000200000000000
00200201111000000
01210200010000000
00200200012000000
00111011002000002
00022000000000002
00000000000000002
00000000000000000
00000000000000111
00000000000000000
STEP 12 P1 MOVE 5 11 6 11
OWN
00000200000000000
00200201111000000
01210200010000000
00200200012000000
00111011002000002
00022000000100002
00000000000100002
00000000000000000
00000000000000111
00000000000000000
STEP 13 P2 MOVE 1 11 3 11
OWN
00000200000000000
00200201111200000
01210200010200000
00200200012200000
00111011002000002
00022000000100002
00000000000100002
00000000000000000
00000000000000111
00000000000000000
STEP 14 P1 MOVE 0 11 1 12
OWN
00000200000110000
00200201111110000
01210200010200000
00200200012200000
00111011002000002
00022000000100002
00000000000100002
00000000000000000
00000000000000111
00000000000000000
STEP 15 P2 MOVE 9 1 9 2
OWN
00000200000110000
00200201111110000
01210200010200000
00200200012200000
00111011002000002
00022000000100002
00000000000100002
00000000000000000
00000000000000111
02200000000000000
STEP 16 P1 MOVE 2 14 3 14
OWN
00000200000110000
00200201111110000
01210200010200100
00200200012200100
00111011002000002
00022000000100002
00000000000100002
00000000000000000
00000000000000111
02200000000000000
STEP 17 P2 MOVE 2 16 3 16
OWN
00000200000110000
00200201111110000
01210200010200102
00200200012200102
00111011002000002
00022000000100002
00000000000100002
00000000000000000
00000000000000111
02200000000000000
STEP 18 P1 MOVE 1 15 1 16
OWN
00000200000110000
00200201111110011
01210200010200102
00200200012200102
00111011002000002
00022000000100002
00000000000100002
00000000000000000
00000000000000111
02200000000000000
STEP 19 P2 MOVE 0 15 3 15
OWN
00000200000110020
00200201111110021
01210200010200122
00200200012200122
00111011002000002
00022000000100002
00000000000100002
00000000000000000
00000000000000111
02200000000000000
STEP 20 P1 MOVE 8 0 9 0
OWN
00000200000110020
00200201111110021
01210200010200122
00200200012200122
00111011002000002
00022000000100002
00000000000100002
00000000000000000
10000000000000111
12200000000000000
STEP 21 P2 MOVE 5 5 6 5
OWN
00000200000110020
00200201111110021
01210200010200122
00200200012200122
00111011002000002
00022200000100002
00000200000100002
00000000000000000
10000000000000111
12200000000000000
STEP 22 P1 MOVE 7 6 8 6
OWN
00000200000110020
00200201111110021
01210200010200122
00200200012200122
00111011002000002
00022200000100002
00000200000100002
00000010000000000
10000010000000111
12200000000000000
STEP 23 P2 MOVE 7 13 7 14
OWN
00000200000110020
00200201111110021
01210200010200122
00200200012200122
00111011002000002
00022200000100002
00000200000100002
00000010000002200
10000010000000111
12200000000000000
STEP 24 P1 MOVE -1 -1 -1 -1
OWN
00000200000110020
00200201111110021
01210200010200122
00200200012200122
00111011002000002
00022200000100002
00000200000100002
00000010000002200
10000010000000111
12200000000000000
STEP 25 P2 MOVE 5 14 9 14
OWN
00000200000110020
00200201111110021
01210200010200122
00200200012200122
00111011002000002
00022200000100202
00000200000100202
00000010000002200
10000010000000211
12200000000000200
STEP 26 P1 MOVE 4 14 6 15
OWN
00000200000110020
00200201111110021
01210200010200122
00200200012200122
00111011002000112
00022200000100112
00000200000100112
00000010000002200
10000010000000211
12200000000000200
STEP 27 P2 MOVE 2 12 3 12
OWN
00000200000110020
00200201111110021
01210200010220122
00200200012220122
00111011002000112
00022200000100112
00000200000100112
00000010000002200
10000010000000211
12200000000000200
STEP 28 P1 MOVE 2 10 2 13
OWN
00000200000110020
00200201111110021
01210200011111122
00200200012220122
00111011002000112
00022200000100112
00000200000100112
00000010000002200
10000010000000211
12200000000000200
STEP 29 P2 MOVE 3 2 5 3
OWN
00000200000110020
00200201111110021
01210200011111122
00220200012220122
00221011002000112
00222200000100112
00000200000100112
00000010000002200
10000010000000211
12200000000000200
STEP 30 P1 MOVE 1 2 6 3
OWN
00000200000110020
00110201111110021
01110200011111122
00110200012220122
00111011002000112
00112200000100112
00110200000100112
00000010000002200
10000010000000211
12200000000000200
STEP 31 P2 MOVE -1 -1 -1 -1
OWN
00000200000110020
00110201111110021
01110200011111122
00110200012220122
00111011002000112
00112200000100112
00110200000100112
00000010000002200
10000010000000211
12200000000000200
STEP 32 P1 MOVE -1 -1 -1 -1
OWN
00000200000110020
00110201111110021
01110200011111122
00110200012220122
00111011002000112
00112200000100112
00110200000100112
00000010000002200
10000010000000211
12200000000000200
RESULT first=47 second=26 winner=1
ANALYSIS winner=P1 score=47-26 reason=Ĺ»ĂëżěŔ§(+8Ä­ »©ľŃŔ˝,2ąčČż°ú) / şóÄ­Ľ±Áˇ(+5) steal(w/l)=13/5 neu(w/l)=39/34
