BOARD
97757739147765245
45681913434766218
97349682348249417
58751193481296668
92856495741627317
28834934286756634
76575927136911839
61496731421789514
68931568884417896
23566694667511695
STEP 0 P1 MOVE 8 12 9 13
OWN
00000000000000000
00000000000000000
00000000000000000
00000000000000000
00000000000000000
00000000000000000
00000000000000000
00000000000000000
00000000000011000
00000000000011000
STEP 1 P2 MOVE 3 10 4 11
OWN
00000000000000000
00000000000000000
00000000000000000
00000000002200000
00000000002200000
00000000000000000
00000000000000000
00000000000000000
00000000000011000
00000000000011000
STEP 2 P1 MOVE 7 6 7 9
OWN
00000000000000000
00000000000000000
00000000000000000
00000000002200000
00000000002200000
00000000000000000
00000000000000000
00000011110000000
00000000000011000
00000000000011000
STEP 3 P2 MOVE 1 7 1 9
OWN
00000000000000000
00000002220000000
00000000000000000
00000000002200000
00000000002200000
00000000000000000
00000000000000000
00000011110000000
00000000000011000
00000000000011000
STEP 4 P1 MOVE 6 12 6 14
OWN
00000000000000000
00000002220000000
00000000000000000
00000000002200000
00000000002200000
00000000000000000
00000000000011100
00000011110000000
00000000000011000
00000000000011000
STEP 5 P2 MOVE 2 7 4 7
OWN
00000000000000000
00000002220000000
00000002000000000
00000002002200000
00000002002200000
00000000000000000
00000000000011100
00000011110000000
00000000000011000
00000000000011000
STEP 6 P1 MOVE 7 14 7 16
OWN
00000000000000000
00000002220000000
00000002000000000
00000002002200000
00000002002200000
00000000000000000
00000000000011100
00000011110000111
00000000000011000
00000000000011000
STEP 7 P2 MOVE 9 0 9 2
OWN
00000000000000000
00000002220000000
00000002000000000
00000002002200000
00000002002200000
00000000000000000
00000000000011100
00000011110000111
00000000000011000
22200000000011000
STEP 8 P1 MOVE 0 5 0 6
OWN
00000110000000000
00000002220000000
00000002000000000
00000002002200000
00000002002200000
00000000000000000
00000000000011100
00000011110000111
00000000000011000
22200000000011000
STEP 9 P2 MOVE 9 7 9 8
OWN
00000110000000000
00000002220000000
00000002000000000
00000002002200000
00000002002200000
00000000000000000
00000000000011100
00000011110000111
00000000000011000
22200002200011000
STEP 10 P1 MOVE 4 1 4 2
OWN
00000110000000000
00000002220000000
00000002000000000
00000002002200000
01100002002200000
00000000000000000
00000000000011100
00000011110000111
00000000000011000
22200002200011000
STEP 11 P2 MOVE 2 1 2 2
OWN
00000110000000000
00000002220000000
02200002000000000
00000002002200000
01100002002200000
00000000000000000
00000000000011100
00000011110000111
00000000000011000
22200002200011000
STEP 12 P1 MOVE 3 3 4 3
OWN
00000110000000000
00000002220000000
02200002000000000
00010002002200000
01110002002200000
00000000000000000
00000000000011100
00000011110000111
00000000000011000
22200002200011000
STEP 13 P2 MOVE 0 7 0 8
OWN
00000112200000000
00000002220000000
02200002000000000
00010002002200000
01110002002200000
00000000000000000
00000000000011100
00000011110000111
00000000000011000
22200002200011000
STEP 14 P1 MOVE 1 5 1 6
OWN
00000112200000000
00000112220000000
02200002000000000
00010002002200000
01110002002200000
00000000000000000
00000000000011100
00000011110000111
00000000000011000
22200002200011000
STEP 15 P2 MOVE 4 4 5 4
OWN
00000112200000000
00000112220000000
02200002000000000
00010002002200000
01112002002200000
00002000000000000
00000000000011100
00000011110000111
00000000000011000
22200002200011000
STEP 16 P1 MOVE 5 0 5 1
OWN
00000112200000000
00000112220000000
02200002000000000
00010002002200000
01112002002200000
11002000000000000
00000000000011100
00000011110000111
00000000000011000
22200002200011000
STEP 17 P2 MOVE 1 12 2 12
OWN
00000112200000000
00000112220020000
02200002000020000
00010002002200000
01112002002200000
11002000000000000
00000000000011100
00000011110000111
00000000000011000
22200002200011000
STEP 18 P1 MOVE 4 8 6 8
OWN
00000112200000000
00000112220020000
02200002000020000
00010002002200000
01112002102200000
11002000100000000
00000000100011100
00000011110000111
00000000000011000
22200002200011000
STEP 19 P2 MOVE 3 5 3 6
OWN
00000112200000000
00000112220020000
02200002000020000
00010222002200000
01112002102200000
11002000100000000
00000000100011100
00000011110000111
00000000000011000
22200002200011000
STEP 20 P1 MOVE 6 7 6 9
OWN
00000112200000000
00000112220020000
02200002000020000
00010222002200000
01112002102200000
11002000100000000
00000001110011100
00000011110000111
00000000000011000
22200002200011000
STEP 21 P2 MOVE 3 15 5 15
OWN
00000112200000000
00000112220020000
02200002000020000
00010222002200020
01112002102200020
11002000100000020
00000001110011100
00000011110000111
00000000000011000
22200002200011000
STEP 22 P1 MOVE 4 14 4 16
OWN
00000112200000000
00000112220020000
02200002000020000
00010222002200020
01112002102200111
11002000100000020
00000001110011100
00000011110000111
00000000000011000
22200002200011000
STEP 23 P2 MOVE 1 4 2 4
OWN
00000112200000000
00002112220020000
02202002000020000
00010222002200020
01112002102200111
11002000100000020
00000001110011100
00000011110000111
00000000000011000
22200002200011000
STEP 24 P1 MOVE 2 3 2 5
OWN
00000112200000000
00002112220020000
02211102000020000
00010222002200020
01112002102200111
11002000100000020
00000001110011100
00000011110000111
00000000000011000
22200002200011000
STEP 25 P2 MOVE 5 3 6 3
OWN
00000112200000000
00002112220020000
02211102000020000
00010222002200020
01112002102200111
11022000100000020
00020001110011100
00000011110000111
00000000000011000
22200002200011000
STEP 26 P1 MOVE 6 2 6 4
OWN
00000112200000000
00002112220020000
02211102000020000
00010222002200020
01112002102200111
11022000100000020
00111001110011100
00000011110000111
00000000000011000
22200002200011000
STEP 27 P2 MOVE 2 10 2 11
OWN
00000112200000000
00002112220020000
02211102002220000
00010222002200020
01112002102200111
11022000100000020
00111001110011100
00000011110000111
00000000000011000
22200002200011000
STEP 28 P1 MOVE 1 10 5 10
OWN
00000112200000000
00002112221020000
02211102001220000
00010222001200020
01112002101200111
11022000101000020
00111001110011100
00000011110000111
00000000000011000
22200002200011000
STEP 29 P2 MOVE 5 14 5 16
OWN
00000112200000000
00002112221020000
02211102001220000
00010222001200020
01112002101200111
11022000101000222
00111001110011100
00000011110000111
00000000000011000
22200002200011000
STEP 30 P1 MOVE -1 -1 -1 -1
OWN
00000112200000000
00002112221020000
02211102001220000
00010222001200020
01112002101200111
11022000101000222
00111001110011100
00000011110000111
00000000000011000
22200002200011000
STEP 31 P2 MOVE 2 14 3 14
OWN
00000112200000000
00002112221020000
02211102001220200
00010222001200220
01112002101200111
11022000101000222
00111001110011100
00000011110000111
00000000000011000
22200002200011000
STEP 32 P1 MOVE 1 14 8 14
OWN
00000112200000000
00002112221020100
02211102001220100
00010222001200120
01112002101200111
11022000101000122
00111001110011100
00000011110000111
00000000000011100
22200002200011000
STEP 33 P2 MOVE -1 -1 -1 -1
OWN
00000112200000000
00002112221020100
02211102001220100
00010222001200120
01112002101200111
11022000101000122
00111001110011100
00000011110000111
00000000000011100
22200002200011000
STEP 34 P1 MOVE -1 -1 -1 -1
OWN
00000112200000000
00002112221020100
02211102001220100
00010222001200120
01112002101200111
11022000101000122
00111001110011100
00000011110000111
00000000000011100
22200002200011000
RESULT first=48 second=29 winner=1
ANALYSIS winner=P1 score=48-29 reason=Ĺ»ĂëżěŔ§(+9Ä­ »©ľŃŔ˝,2ąčČż°ú) steal(w/l)=9/0 neu(w/l)=39/38
