BOARD
28835797867812667
78149917461351569
39465218287738615
84382628834576273
22999445527554435
26384597798633925
18193647321271431
23422693839227625
81297366392895163
16752131267345833
STEP 0 P1 MOVE 7 1 8 2
OWN
00000000000000000
00000000000000000
00000000000000000
00000000000000000
00000000000000000
00000000000000000
00000000000000000
01100000000000000
01100000000000000
00000000000000000
STEP 1 P2 MOVE 4 15 7 15
OWN
00000000000000000
00000000000000000
00000000000000000
00000000000000000
00000000000000020
00000000000000020
00000000000000020
01100000000000020
01100000000000000
00000000000000000
STEP 2 P1 MOVE 1 10 1 13
OWN
00000000000000000
00000000001111000
00000000000000000
00000000000000000
00000000000000020
00000000000000020
00000000000000020
01100000000000020
01100000000000000
00000000000000000
STEP 3 P2 MOVE 3 4 3 6
OWN
00000000000000000
00000000001111000
00000000000000000
00002220000000000
00000000000000020
00000000000000020
00000000000000020
01100000000000020
01100000000000000
00000000000000000
STEP 4 P1 MOVE 7 7 9 7
OWN
00000000000000000
00000000001111000
00000000000000000
00002220000000000
00000000000000020
00000000000000020
00000000000000020
01100001000000020
01100001000000000
00000001000000000
STEP 5 P2 MOVE 5 11 7 11
OWN
00000000000000000
00000000001111000
00000000000000000
00002220000000000
00000000000000020
00000000000200020
00000000000200020
01100001000200020
01100001000000000
00000001000000000
STEP 6 P1 MOVE 4 16 5 16
OWN
00000000000000000
00000000001111000
00000000000000000
00002220000000000
00000000000000021
00000000000200021
00000000000200020
01100001000200020
01100001000000000
00000001000000000
STEP 7 P2 MOVE 2 11 2 12
OWN
00000000000000000
00000000001111000
00000000000220000
00002220000000000
00000000000000021
00000000000200021
00000000000200020
01100001000200020
01100001000000000
00000001000000000
STEP 8 P1 MOVE 0 13 2 13
OWN
00000000000001000
00000000001111000
00000000000221000
00002220000000000
00000000000000021
00000000000200021
00000000000200020
01100001000200020
01100001000000000
00000001000000000
STEP 9 P2 MOVE 2 7 2 8
OWN
00000000000001000
00000000001111000
00000002200221000
00002220000000000
00000000000000021
00000000000200021
00000000000200020
01100001000200020
01100001000000000
00000001000000000
STEP 10 P1 MOVE 8 14 8 16
OWN
00000000000001000
00000000001111000
00000002200221000
00002220000000000
00000000000000021
00000000000200021
00000000000200020
01100001000200020
01100001000000111
00000001000000000
STEP 11 P2 MOVE 2 2 2 3
OWN
00000000000001000
00000000001111000
00220002200221000
00002220000000000
00000000000000021
00000000000200021
00000000000200020
01100001000200020
01100001000000111
00000001000000000
STEP 12 P1 MOVE 6 7 6 8
OWN
00000000000001000
00000000001111000
00220002200221000
00002220000000000
00000000000000021
00000000000200021
00000001100200020
01100001000200020
01100001000000111
00000001000000000
STEP 13 P2 MOVE 3 13 4 13
OWN
00000000000001000
00000000001111000
00220002200221000
00002220000002000
00000000000002021
00000000000200021
00000001100200020
01100001000200020
01100001000000111
00000001000000000
STEP 14 P1 MOVE 6 5 6 6
OWN
00000000000001000
00000000001111000
00220002200221000
00002220000002000
00000000000002021
00000000000200021
00000111100200020
01100001000200020
01100001000000111
00000001000000000
STEP 15 P2 MOVE 3 11 4 11
OWN
00000000000001000
00000000001111000
00220002200221000
00002220000202000
00000000000202021
00000000000200021
00000111100200020
01100001000200020
01100001000000111
00000001000000000
STEP 16 P1 MOVE 0 6 1 6
OWN
00000010000001000
00000010001111000
00220002200221000
00002220000202000
00000000000202021
00000000000200021
00000111100200020
01100001000200020
01100001000000111
00000001000000000
STEP 17 P2 MOVE 7 3 7 5
OWN
00000010000001000
00000010001111000
00220002200221000
00002220000202000
00000000000202021
00000000000200021
00000111100200020
01122201000200020
01100001000000111
00000001000000000
STEP 18 P1 MOVE 9 10 9 11
OWN
00000010000001000
00000010001111000
00220002200221000
00002220000202000
00000000000202021
00000000000200021
00000111100200020
01122201000200020
01100001000000111
00000001001100000
STEP 19 P2 MOVE 6 4 8 4
OWN
00000010000001000
00000010001111000
00220002200221000
00002220000202000
00000000000202021
00000000000200021
00002111100200020
01122201000200020
01102001000000111
00000001001100000
STEP 20 P1 MOVE 0 0 0 1
OWN
11000010000001000
00000010001111000
00220002200221000
00002220000202000
00000000000202021
00000000000200021
00002111100200020
01122201000200020
01102001000000111
00000001001100000
STEP 21 P2 MOVE 8 13 9 13
OWN
11000010000001000
00000010001111000
00220002200221000
00002220000202000
00000000000202021
00000000000200021
00002111100200020
01122201000200020
01102001000002111
00000001001102000
STEP 22 P1 MOVE 9 9 9 12
OWN
11000010000001000
00000010001111000
00220002200221000
00002220000202000
00000000000202021
00000000000200021
00002111100200020
01122201000200020
01102001000002111
00000001011112000
STEP 23 P2 MOVE 6 2 6 3
OWN
11000010000001000
00000010001111000
00220002200221000
00002220000202000
00000000000202021
00000000000200021
00222111100200020
01122201000200020
01102001000002111
00000001011112000
STEP 24 P1 MOVE 5 2 9 2
OWN
11000010000001000
00000010001111000
00220002200221000
00002220000202000
00000000000202021
00100000000200021
00122111100200020
01122201000200020
01102001000002111
00100001011112000
STEP 25 P2 MOVE 3 15 9 15
OWN
11000010000001000
00000010001111000
00220002200221000
00002220000202020
00000000000202021
00100000000200021
00122111100200020
01122201000200020
01102001000002121
00100001011112020
STEP 26 P1 MOVE 2 15 6 16
OWN
11000010000001000
00000010001111000
00220002200221011
00002220000202011
00000000000202011
00100000000200011
00122111100200011
01122201000200020
01102001000002121
00100001011112020
STEP 27 P2 MOVE 9 8 9 14
OWN
11000010000001000
00000010001111000
00220002200221011
00002220000202011
00000000000202011
00100000000200011
00122111100200011
01122201000200020
01102001000002121
00100001222222220
STEP 28 P1 MOVE 1 0 2 0
OWN
11000010000001000
10000010001111000
10220002200221011
00002220000202011
00000000000202011
00100000000200011
00122111100200011
01122201000200020
01102001000002121
00100001222222220
STEP 29 P2 MOVE 3 0 4 0
OWN
11000010000001000
10000010001111000
10220002200221011
20002220000202011
20000000000202011
00100000000200011
00122111100200011
01122201000200020
01102001000002121
00100001222222220
STEP 30 P1 MOVE 7 0 8 0
OWN
11000010000001000
10000010001111000
10220002200221011
20002220000202011
20000000000202011
00100000000200011
00122111100200011
11122201000200020
11102001000002121
00100001222222220
STEP 31 P2 MOVE 5 12 6 12
OWN
11000010000001000
10000010001111000
10220002200221011
20002220000202011
20000000000202011
00100000000220011
00122111100220011
11122201000200020
11102001000002121
00100001222222220
STEP 32 P1 MOVE 4 0 5 1
OWN
11000010000001000
10000010001111000
10220002200221011
20002220000202011
11000000000202011
11100000000220011
00122111100220011
11122201000200020
11102001000002121
00100001222222220
STEP 33 P2 MOVE 6 12 7 13
OWN
11000010000001000
10000010001111000
10220002200221011
20002220000202011
11000000000202011
11100000000220011
00122111100222011
11122201000222020
11102001000002121
00100001222222220
STEP 34 P1 MOVE 1 8 1 9
OWN
11000010000001000
10000010111111000
10220002200221011
20002220000202011
11000000000202011
11100000000220011
00122111100222011
11122201000222020
11102001000002121
00100001222222220
STEP 35 P2 MOVE 6 1 6 9
OWN
11000010000001000
10000010111111000
10220002200221011
20002220000202011
11000000000202011
11100000000220011
02222222220222011
11122201000222020
11102001000002121
00100001222222220
STEP 36 P1 MOVE 6 0 7 6
OWN
11000010000001000
10000010111111000
10220002200221011
20002220000202011
11000000000202011
11100000000220011
11111112220222011
11111111000222020
11102001000002121
00100001222222220
STEP 37 P2 MOVE 6 14 7 14
OWN
11000010000001000
10000010111111000
10220002200221011
20002220000202011
11000000000202011
11100000000220011
11111112220222211
11111111000222220
11102001000002121
00100001222222220
STEP 38 P1 MOVE 8 10 8 11
OWN
11000010000001000
10000010111111000
10220002200221011
20002220000202011
11000000000202011
11100000000220011
11111112220222211
11111111000222220
11102001001102121
00100001222222220
STEP 39 P2 MOVE 4 7 4 8
OWN
11000010000001000
10000010111111000
10220002200221011
20002220000202011
11000002200202011
11100000000220011
11111112220222211
11111111000222220
11102001001102121
00100001222222220
STEP 40 P1 MOVE 4 5 4 9
OWN
11000010000001000
10000010111111000
10220002200221011
20002220000202011
11000111110202011
11100000000220011
11111112220222211
11111111000222220
11102001001102121
00100001222222220
STEP 41 P2 MOVE 2 5 8 5
OWN
11000010000001000
10000010111111000
10220202200221011
20002220000202011
11000211110202011
11100200000220011
11111212220222211
11111211000222220
11102201001102121
00100001222222220
STEP 42 P1 MOVE 1 5 2 6
OWN
11000010000001000
10000110111111000
10220112200221011
20002220000202011
11000211110202011
11100200000220011
11111212220222211
11111211000222220
11102201001102121
00100001222222220
STEP 43 P2 MOVE 3 1 9 1
OWN
11000010000001000
10000110111111000
10220112200221011
22002220000202011
12000211110202011
12100200000220011
12111212220222211
12111211000222220
12102201001102121
02100001222222220
STEP 44 P1 MOVE 2 0 9 1
OWN
11000010000001000
10000110111111000
11220112200221011
11002220000202011
11000211110202011
11100200000220011
11111212220222211
11111211000222220
11102201001102121
11100001222222220
STEP 45 P2 MOVE 6 10 7 10
OWN
11000010000001000
10000110111111000
11220112200221011
11002220000202011
11000211110202011
11100200000220011
11111212222222211
11111211002222220
11102201001102121
11100001222222220
STEP 46 P1 MOVE -1 -1 -1 -1
OWN
11000010000001000
10000110111111000
11220112200221011
11002220000202011
11000211110202011
11100200000220011
11111212222222211
11111211002222220
11102201001102121
11100001222222220
STEP 47 P2 MOVE -1 -1 -1 -1
OWN
11000010000001000
10000110111111000
11220112200221011
11002220000202011
11000211110202011
11100200000220011
11111212222222211
11111211002222220
11102201001102121
11100001222222220
RESULT first=64 second=45 winner=1
ANALYSIS winner=P1 score=64-45 reason=Ĺ»ĂëżěŔ§(+8Ä­ »©ľŃŔ˝,2ąčČż°ú) / şóÄ­Ľ±Áˇ(+3) steal(w/l)=26/18 neu(w/l)=56/53
