BOARD
51173362966575395
29311464679668319
68416423714975739
24427878447426975
51435634645951764
44132435874453978
43336129612588174
59611644573281212
41837628157879524
31723311313853193
STEP 0 P1 MOVE 8 8 9 9
OWN
00000000000000000
00000000000000000
00000000000000000
00000000000000000
00000000000000000
00000000000000000
00000000000000000
00000000000000000
00000000110000000
00000000110000000
STEP 1 P2 MOVE 7 14 8 15
OWN
00000000000000000
00000000000000000
00000000000000000
00000000000000000
00000000000000000
00000000000000000
00000000000000000
00000000000000220
00000000110000220
00000000110000000
STEP 2 P1 MOVE 6 16 8 16
OWN
00000000000000000
00000000000000000
00000000000000000
00000000000000000
00000000000000000
00000000000000000
00000000000000001
00000000000000221
00000000110000221
00000000110000000
STEP 3 P2 MOVE 7 13 8 13
OWN
00000000000000000
00000000000000000
00000000000000000
00000000000000000
00000000000000000
00000000000000000
00000000000000001
00000000000002221
00000000110002221
00000000110000000
STEP 4 P1 MOVE 3 13 5 13
OWN
00000000000000000
00000000000000000
00000000000000000
00000000000001000
00000000000001000
00000000000001000
00000000000000001
00000000000002221
00000000110002221
00000000110000000
STEP 5 P2 MOVE 4 1 5 2
OWN
00000000000000000
00000000000000000
00000000000000000
00000000000001000
02200000000001000
02200000000001000
00000000000000001
00000000000002221
00000000110002221
00000000110000000
STEP 6 P1 MOVE 4 7 4 8
OWN
00000000000000000
00000000000000000
00000000000000000
00000000000001000
02200001100001000
02200000000001000
00000000000000001
00000000000002221
00000000110002221
00000000110000000
STEP 7 P2 MOVE 2 14 2 15
OWN
00000000000000000
00000000000000000
00000000000000220
00000000000001000
02200001100001000
02200000000001000
00000000000000001
00000000000002221
00000000110002221
00000000110000000
STEP 8 P1 MOVE 1 15 1 16
OWN
00000000000000000
00000000000000011
00000000000000220
00000000000001000
02200001100001000
02200000000001000
00000000000000001
00000000000002221
00000000110002221
00000000110000000
STEP 9 P2 MOVE 1 7 1 8
OWN
00000000000000000
00000002200000011
00000000000000220
00000000000001000
02200001100001000
02200000000001000
00000000000000001
00000000000002221
00000000110002221
00000000110000000
STEP 10 P1 MOVE 7 1 8 1
OWN
00000000000000000
00000002200000011
00000000000000220
00000000000001000
02200001100001000
02200000000001000
00000000000000001
01000000000002221
01000000110002221
00000000110000000
STEP 11 P2 MOVE 5 5 6 6
OWN
00000000000000000
00000002200000011
00000000000000220
00000000000001000
02200001100001000
02200220000001000
00000220000000001
01000000000002221
01000000110002221
00000000110000000
STEP 12 P1 MOVE 4 6 9 6
OWN
00000000000000000
00000002200000011
00000000000000220
00000000000001000
02200011100001000
02200210000001000
00000210000000001
01000010000002221
01000010110002221
00000010110000000
STEP 13 P2 MOVE 7 5 7 7
OWN
00000000000000000
00000002200000011
00000000000000220
00000000000001000
02200011100001000
02200210000001000
00000210000000001
01000222000002221
01000010110002221
00000010110000000
STEP 14 P1 MOVE 5 3 5 7
OWN
00000000000000000
00000002200000011
00000000000000220
00000000000001000
02200011100001000
02211111000001000
00000210000000001
01000222000002221
01000010110002221
00000010110000000
STEP 15 P2 MOVE 1 3 6 3
OWN
00000000000000000
00020002200000011
00020000000000220
00020000000001000
02220011100001000
02221111000001000
00020210000000001
01000222000002221
01000010110002221
00000010110000000
STEP 16 P1 MOVE 0 4 2 4
OWN
00001000000000000
00021002200000011
00021000000000220
00020000000001000
02220011100001000
02221111000001000
00020210000000001
01000222000002221
01000010110002221
00000010110000000
STEP 17 P2 MOVE 2 2 2 6
OWN
00001000000000000
00021002200000011
00222220000000220
00020000000001000
02220011100001000
02221111000001000
00020210000000001
01000222000002221
01000010110002221
00000010110000000
STEP 18 P1 MOVE 1 2 6 2
OWN
00001000000000000
00121002200000011
00122220000000220
00120000000001000
02120011100001000
02121111000001000
00120210000000001
01000222000002221
01000010110002221
00000010110000000
STEP 19 P2 MOVE 8 10 9 10
OWN
00001000000000000
00121002200000011
00122220000000220
00120000000001000
02120011100001000
02121111000001000
00120210000000001
01000222000002221
01000010112002221
00000010112000000
STEP 20 P1 MOVE 5 14 6 14
OWN
00001000000000000
00121002200000011
00122220000000220
00120000000001000
02120011100001000
02121111000001100
00120210000000101
01000222000002221
01000010112002221
00000010112000000
STEP 21 P2 MOVE 0 3 0 5
OWN
00022200000000000
00121002200000011
00122220000000220
00120000000001000
02120011100001000
02121111000001100
00120210000000101
01000222000002221
01000010112002221
00000010112000000
STEP 22 P1 MOVE 0 1 0 7
OWN
01111111000000000
00121002200000011
00122220000000220
00120000000001000
02120011100001000
02121111000001100
00120210000000101
01000222000002221
01000010112002221
00000010112000000
STEP 23 P2 MOVE 6 1 7 3
OWN
01111111000000000
00121002200000011
00122220000000220
00120000000001000
02120011100001000
02121111000001100
02220210000000101
02220222000002221
01000010112002221
00000010112000000
STEP 24 P1 MOVE 8 4 9 4
OWN
01111111000000000
00121002200000011
00122220000000220
00120000000001000
02120011100001000
02121111000001100
02220210000000101
02220222000002221
01001010112002221
00001010112000000
STEP 25 P2 MOVE 9 1 9 3
OWN
01111111000000000
00121002200000011
00122220000000220
00120000000001000
02120011100001000
02121111000001100
02220210000000101
02220222000002221
01001010112002221
02221010112000000
STEP 26 P1 MOVE 1 5 1 6
OWN
01111111000000000
00121112200000011
00122220000000220
00120000000001000
02120011100001000
02121111000001100
02220210000000101
02220222000002221
01001010112002221
02221010112000000
STEP 27 P2 MOVE 2 7 2 8
OWN
01111111000000000
00121112200000011
00122222200000220
00120000000001000
02120011100001000
02121111000001100
02220210000000101
02220222000002221
01001010112002221
02221010112000000
STEP 28 P1 MOVE 4 15 4 16
OWN
01111111000000000
00121112200000011
00122222200000220
00120000000001000
02120011100001011
02121111000001100
02220210000000101
02220222000002221
01001010112002221
02221010112000000
STEP 29 P2 MOVE 4 12 5 12
OWN
01111111000000000
00121112200000011
00122222200000220
00120000000001000
02120011100021011
02121111000021100
02220210000000101
02220222000002221
01001010112002221
02221010112000000
STEP 30 P1 MOVE 3 12 6 12
OWN
01111111000000000
00121112200000011
00122222200000220
00120000000011000
02120011100011011
02121111000011100
02220210000010101
02220222000002221
01001010112002221
02221010112000000
STEP 31 P2 MOVE 7 4 9 5
OWN
01111111000000000
00121112200000011
00122222200000220
00120000000011000
02120011100011011
02121111000011100
02220210000010101
02222222000002221
01002210112002221
02222210112000000
STEP 32 P1 MOVE 9 14 9 15
OWN
01111111000000000
00121112200000011
00122222200000220
00120000000011000
02120011100011011
02121111000011100
02220210000010101
02222222000002221
01002210112002221
02222210112000110
STEP 33 P2 MOVE 7 0 7 8
OWN
01111111000000000
00121112200000011
00122222200000220
00120000000011000
02120011100011011
02121111000011100
02220210000010101
22222222200002221
01002210112002221
02222210112000110
STEP 34 P1 MOVE 6 15 9 16
OWN
01111111000000000
00121112200000011
00122222200000220
00120000000011000
02120011100011011
02121111000011100
02220210000010111
22222222200002211
01002210112002211
02222210112000111
STEP 35 P2 MOVE 6 0 6 4
OWN
01111111000000000
00121112200000011
00122222200000220
00120000000011000
02120011100011011
02121111000011100
22222210000010111
22222222200002211
01002210112002211
02222210112000111
STEP 36 P1 MOVE 4 5 4 9
OWN
01111111000000000
00121112200000011
00122222200000220
00120000000011000
02120111110011011
02121111000011100
22222210000010111
22222222200002211
01002210112002211
02222210112000111
STEP 37 P2 MOVE 4 0 4 4
OWN
01111111000000000
00121112200000011
00122222200000220
00120000000011000
22222111110011011
02121111000011100
22222210000010111
22222222200002211
01002210112002211
02222210112000111
STEP 38 P1 MOVE 3 0 8 0
OWN
01111111000000000
00121112200000011
00122222200000220
10120000000011000
12222111110011011
12121111000011100
12222210000010111
12222222200002211
11002210112002211
02222210112000111
STEP 39 P2 MOVE 3 3 8 4
OWN
01111111000000000
00121112200000011
00122222200000220
10122000000011000
12222111110011011
12122111000011100
12222210000010111
12222222200002211
11022210112002211
02222210112000111
STEP 40 P1 MOVE -1 -1 -1 -1
OWN
01111111000000000
00121112200000011
00122222200000220
10122000000011000
12222111110011011
12122111000011100
12222210000010111
12222222200002211
11022210112002211
02222210112000111
STEP 41 P2 MOVE -1 -1 -1 -1
OWN
01111111000000000
00121112200000011
00122222200000220
10122000000011000
12222111110011011
12122111000011100
12222210000010111
12222222200002211
11022210112002211
02222210112000111
RESULT first=58 second=47 winner=1
ANALYSIS winner=P1 score=58-47 reason=Ĺ»ĂëżěŔ§(+6Ä­ »©ľŃŔ˝,2ąčČż°ú) steal(w/l)=16/10 neu(w/l)=52/53
