BOARD
78351433177221622
21391217163914193
76474144384915221
57346961596726584
26127342826588495
57456274429794995
27245535582115371
75717343921649688
18417934822251965
73417613485214112
STEP 0 P1 MOVE 0 16 3 16
OWN
00000000000000001
00000000000000001
00000000000000001
00000000000000001
00000000000000000
00000000000000000
00000000000000000
00000000000000000
00000000000000000
00000000000000000
STEP 1 P2 MOVE 6 10 7 11
OWN
00000000000000001
00000000000000001
00000000000000001
00000000000000001
00000000000000000
00000000000000000
00000000002200000
00000000002200000
00000000000000000
00000000000000000
STEP 2 P1 MOVE 8 10 8 13
OWN
00000000000000001
00000000000000001
00000000000000001
00000000000000001
00000000000000000
00000000000000000
00000000002200000
00000000002200000
00000000001111000
00000000000000000
STEP 3 P2 MOVE 0 8 3 8
OWN
00000000200000001
00000000200000001
00000000200000001
00000000200000001
00000000000000000
00000000000000000
00000000002200000
00000000002200000
00000000001111000
00000000000000000
STEP 4 P1 MOVE 4 2 4 4
OWN
00000000200000001
00000000200000001
00000000200000001
00000000200000001
00111000000000000
00000000000000000
00000000002200000
00000000002200000
00000000001111000
00000000000000000
STEP 5 P2 MOVE 0 5 0 7
OWN
00000222200000001
00000000200000001
00000000200000001
00000000200000001
00111000000000000
00000000000000000
00000000002200000
00000000002200000
00000000001111000
00000000000000000
STEP 6 P1 MOVE 7 7 9 7
OWN
00000222200000001
00000000200000001
00000000200000001
00000000200000001
00111000000000000
00000000000000000
00000000002200000
00000001002200000
00000001001111000
00000001000000000
STEP 7 P2 MOVE 6 0 8 0
OWN
00000222200000001
00000000200000001
00000000200000001
00000000200000001
00111000000000000
00000000000000000
20000000002200000
20000001002200000
20000001001111000
00000001000000000
STEP 8 P1 MOVE 5 9 6 9
OWN
00000222200000001
00000000200000001
00000000200000001
00000000200000001
00111000000000000
00000000010000000
20000000012200000
20000001002200000
20000001001111000
00000001000000000
STEP 9 P2 MOVE 1 2 3 2
OWN
00000222200000001
00200000200000001
00200000200000001
00200000200000001
00111000000000000
00000000010000000
20000000012200000
20000001002200000
20000001001111000
00000001000000000
STEP 10 P1 MOVE 5 5 7 5
OWN
00000222200000001
00200000200000001
00200000200000001
00200000200000001
00111000000000000
00000100010000000
20000100012200000
20000101002200000
20000001001111000
00000001000000000
STEP 11 P2 MOVE 4 16 5 16
OWN
00000222200000001
00200000200000001
00200000200000001
00200000200000001
00111000000000002
00000100010000002
20000100012200000
20000101002200000
20000001001111000
00000001000000000
STEP 12 P1 MOVE 0 10 1 10
OWN
00000222201000001
00200000201000001
00200000200000001
00200000200000001
00111000000000002
00000100010000002
20000100012200000
20000101002200000
20000001001111000
00000001000000000
STEP 13 P2 MOVE 1 3 1 4
OWN
00000222201000001
00222000201000001
00200000200000001
00200000200000001
00111000000000002
00000100010000002
20000100012200000
20000101002200000
20000001001111000
00000001000000000
STEP 14 P1 MOVE 2 4 3 4
OWN
00000222201000001
00222000201000001
00201000200000001
00201000200000001
00111000000000002
00000100010000002
20000100012200000
20000101002200000
20000001001111000
00000001000000000
STEP 15 P2 MOVE 6 6 8 6
OWN
00000222201000001
00222000201000001
00201000200000001
00201000200000001
00111000000000002
00000100010000002
20000120012200000
20000121002200000
20000021001111000
00000001000000000
STEP 16 P1 MOVE 2 12 2 15
OWN
00000222201000001
00222000201000001
00201000200011111
00201000200000001
00111000000000002
00000100010000002
20000120012200000
20000121002200000
20000021001111000
00000001000000000
STEP 17 P2 MOVE 1 14 4 14
OWN
00000222201000001
00222000201000201
00201000200011211
00201000200000201
00111000000000202
00000100010000002
20000120012200000
20000121002200000
20000021001111000
00000001000000000
STEP 18 P1 MOVE 2 10 3 10
OWN
00000222201000001
00222000201000201
00201000201011211
00201000201000201
00111000000000202
00000100010000002
20000120012200000
20000121002200000
20000021001111000
00000001000000000
STEP 19 P2 MOVE 2 5 3 5
OWN
00000222201000001
00222000201000201
00201200201011211
00201200201000201
00111000000000202
00000100010000002
20000120012200000
20000121002200000
20000021001111000
00000001000000000
STEP 20 P1 MOVE 2 6 3 6
OWN
00000222201000001
00222000201000201
00201210201011211
00201210201000201
00111000000000202
00000100010000002
20000120012200000
20000121002200000
20000021001111000
00000001000000000
STEP 21 P2 MOVE 8 2 9 3
OWN
00000222201000001
00222000201000201
00201210201011211
00201210201000201
00111000000000202
00000100010000002
20000120012200000
20000121002200000
20220021001111000
00220001000000000
STEP 22 P1 MOVE 9 1 9 4
OWN
00000222201000001
00222000201000201
00201210201011211
00201210201000201
00111000000000202
00000100010000002
20000120012200000
20000121002200000
20220021001111000
01111001000000000
STEP 23 P2 MOVE 3 5 4 7
OWN
00000222201000001
00222000201000201
00201210201011211
00201222201000201
00111222000000202
00000100010000002
20000120012200000
20000121002200000
20220021001111000
01111001000000000
STEP 24 P1 MOVE 1 5 5 6
OWN
00000222201000001
00222110201000201
00201110201011211
00201112201000201
00111112000000202
00000110010000002
20000120012200000
20000121002200000
20220021001111000
01111001000000000
STEP 25 P2 MOVE 1 0 1 7
OWN
00000222201000001
22222222201000201
00201110201011211
00201112201000201
00111112000000202
00000110010000002
20000120012200000
20000121002200000
20220021001111000
01111001000000000
STEP 26 P1 MOVE 6 7 6 8
OWN
00000222201000001
22222222201000201
00201110201011211
00201112201000201
00111112000000202
00000110010000002
20000121112200000
20000121002200000
20220021001111000
01111001000000000
STEP 27 P2 MOVE 8 14 9 14
OWN
00000222201000001
22222222201000201
00201110201011211
00201112201000201
00111112000000202
00000110010000002
20000121112200000
20000121002200000
20220021001111200
01111001000000200
STEP 28 P1 MOVE 8 9 9 9
OWN
00000222201000001
22222222201000201
00201110201011211
00201112201000201
00111112000000202
00000110010000002
20000121112200000
20000121002200000
20220021011111200
01111001010000200
STEP 29 P2 MOVE 9 11 9 16
OWN
00000222201000001
22222222201000201
00201110201011211
00201112201000201
00111112000000202
00000110010000002
20000121112200000
20000121002200000
20220021011111200
01111001010222222
STEP 30 P1 MOVE 6 10 9 12
OWN
00000222201000001
22222222201000201
00201110201011211
00201112201000201
00111112000000202
00000110010000002
20000121111110000
20000121001110000
20220021011111200
01111001011112222
STEP 31 P2 MOVE 6 4 6 13
OWN
00000222201000001
22222222201000201
00201110201011211
00201112201000201
00111112000000202
00000110010000002
20002222222222000
20000121001110000
20220021011111200
01111001011112222
STEP 32 P1 MOVE 5 4 5 7
OWN
00000222201000001
22222222201000201
00201110201011211
00201112201000201
00111112000000202
00001111010000002
20002222222222000
20000121001110000
20220021011111200
01111001011112222
STEP 33 P2 MOVE 4 8 4 9
OWN
00000222201000001
22222222201000201
00201110201011211
00201112201000201
00111112220000202
00001111010000002
20002222222222000
20000121001110000
20220021011111200
01111001011112222
STEP 34 P1 MOVE 5 3 7 3
OWN
00000222201000001
22222222201000201
00201110201011211
00201112201000201
00111112220000202
00011111010000002
20012222222222000
20010121001110000
20220021011111200
01111001011112222
STEP 35 P2 MOVE 3 12 4 12
OWN
00000222201000001
22222222201000201
00201110201011211
00201112201020201
00111112220020202
00011111010000002
20012222222222000
20010121001110000
20220021011111200
01111001011112222
STEP 36 P1 MOVE 1 12 5 12
OWN
00000222201000001
22222222201010201
00201110201011211
00201112201010201
00111112220010202
00011111010010002
20012222222222000
20010121001110000
20220021011111200
01111001011112222
STEP 37 P2 MOVE 1 13 3 13
OWN
00000222201000001
22222222201012201
00201110201012211
00201112201012201
00111112220010202
00011111010010002
20012222222222000
20010121001110000
20220021011111200
01111001011112222
STEP 38 P1 MOVE 5 2 6 8
OWN
00000222201000001
22222222201012201
00201110201012211
00201112201012201
00111112220010202
00111111110010002
20111111122222000
20010121001110000
20220021011111200
01111001011112222
STEP 39 P2 MOVE 6 1 6 14
OWN
00000222201000001
22222222201012201
00201110201012211
00201112201012201
00111112220010202
00111111110010002
22222222222222200
20010121001110000
20220021011111200
01111001011112222
STEP 40 P1 MOVE 0 2 7 2
OWN
00100222201000001
22122222201012201
00101110201012211
00101112201012201
00111112220010202
00111111110010002
22122222222222200
20110121001110000
20220021011111200
01111001011112222
STEP 41 P2 MOVE 0 4 0 11
OWN
00102222222200001
22122222201012201
00101110201012211
00101112201012201
00111112220010202
00111111110010002
22122222222222200
20110121001110000
20220021011111200
01111001011112222
STEP 42 P1 MOVE -1 -1 -1 -1
OWN
00102222222200001
22122222201012201
00101110201012211
00101112201012201
00111112220010202
00111111110010002
22122222222222200
20110121001110000
20220021011111200
01111001011112222
STEP 43 P2 MOVE -1 -1 -1 -1
OWN
00102222222200001
22122222201012201
00101110201012211
00101112201012201
00111112220010202
00111111110010002
22122222222222200
20110121001110000
20220021011111200
01111001011112222
RESULT first=59 second=56 winner=1
ANALYSIS winner=P1 score=59-56 reason=탈취우위(+4칸 빼앗음,2배효과) / 선공이점 steal(w/l)=24/20 neu(w/l)=55/60
