BOARD
28198134696333283
95386113661179561
43996569367928172
87448844194497865
88537249827917572
29925466673425321
63423248145839751
37631148213267124
16147282477114762
62459593322838764
STEP 0 P1 MOVE 4 16 8 16
OWN
00000000000000000
00000000000000000
00000000000000000
00000000000000000
00000000000000001
00000000000000001
00000000000000001
00000000000000001
00000000000000001
00000000000000000
STEP 1 P2 MOVE 6 8 9 8
OWN
00000000000000000
00000000000000000
00000000000000000
00000000000000000
00000000000000001
00000000000000001
00000000200000001
00000000200000001
00000000200000001
00000000200000000
STEP 2 P1 MOVE 6 5 9 5
OWN
00000000000000000
00000000000000000
00000000000000000
00000000000000000
00000000000000001
00000000000000001
00000100200000001
00000100200000001
00000100200000001
00000100200000000
STEP 3 P2 MOVE 6 0 8 0
OWN
00000000000000000
00000000000000000
00000000000000000
00000000000000000
00000000000000001
00000000000000001
20000100200000001
20000100200000001
20000100200000001
00000100200000000
STEP 4 P1 MOVE 4 3 4 4
OWN
00000000000000000
00000000000000000
00000000000000000
00000000000000000
00011000000000001
00000000000000001
20000100200000001
20000100200000001
20000100200000001
00000100200000000
STEP 5 P2 MOVE 2 6 3 6
OWN
00000000000000000
00000000000000000
00000020000000000
00000020000000000
00011000000000001
00000000000000001
20000100200000001
20000100200000001
20000100200000001
00000100200000000
STEP 6 P1 MOVE 4 11 4 12
OWN
00000000000000000
00000000000000000
00000020000000000
00000020000000000
00011000000110001
00000000000000001
20000100200000001
20000100200000001
20000100200000001
00000100200000000
STEP 7 P2 MOVE 5 12 5 14
OWN
00000000000000000
00000000000000000
00000020000000000
00000020000000000
00011000000110001
00000000000022201
20000100200000001
20000100200000001
20000100200000001
00000100200000000
STEP 8 P1 MOVE 4 10 5 10
OWN
00000000000000000
00000000000000000
00000020000000000
00000020000000000
00011000001110001
00000000001022201
20000100200000001
20000100200000001
20000100200000001
00000100200000000
STEP 9 P2 MOVE 7 11 8 12
OWN
00000000000000000
00000000000000000
00000020000000000
00000020000000000
00011000001110001
00000000001022201
20000100200000001
20000100200220001
20000100200220001
00000100200000000
STEP 10 P1 MOVE 7 9 9 9
OWN
00000000000000000
00000000000000000
00000020000000000
00000020000000000
00011000001110001
00000000001022201
20000100200000001
20000100210220001
20000100210220001
00000100210000000
STEP 11 P2 MOVE 7 13 7 15
OWN
00000000000000000
00000000000000000
00000020000000000
00000020000000000
00011000001110001
00000000001022201
20000100200000001
20000100210222221
20000100210220001
00000100210000000
STEP 12 P1 MOVE 1 8 3 8
OWN
00000000000000000
00000000100000000
00000020100000000
00000020100000000
00011000001110001
00000000001022201
20000100200000001
20000100210222221
20000100210220001
00000100210000000
STEP 13 P2 MOVE 7 2 7 4
OWN
00000000000000000
00000000100000000
00000020100000000
00000020100000000
00011000001110001
00000000001022201
20000100200000001
20222100210222221
20000100210220001
00000100210000000
STEP 14 P1 MOVE 8 6 8 7
OWN
00000000000000000
00000000100000000
00000020100000000
00000020100000000
00011000001110001
00000000001022201
20000100200000001
20222100210222221
20000111210220001
00000100210000000
STEP 15 P2 MOVE 2 1 3 1
OWN
00000000000000000
00000000100000000
02000020100000000
02000020100000000
00011000001110001
00000000001022201
20000100200000001
20222100210222221
20000111210220001
00000100210000000
STEP 16 P1 MOVE 0 0 0 1
OWN
11000000000000000
00000000100000000
02000020100000000
02000020100000000
00011000001110001
00000000001022201
20000100200000001
20222100210222221
20000111210220001
00000100210000000
STEP 17 P2 MOVE 0 7 0 8
OWN
11000002200000000
00000000100000000
02000020100000000
02000020100000000
00011000001110001
00000000001022201
20000100200000001
20222100210222221
20000111210220001
00000100210000000
STEP 18 P1 MOVE 7 10 8 10
OWN
11000002200000000
00000000100000000
02000020100000000
02000020100000000
00011000001110001
00000000001022201
20000100200000001
20222100211222221
20000111211220001
00000100210000000
STEP 19 P2 MOVE 4 0 5 0
OWN
11000002200000000
00000000100000000
02000020100000000
02000020100000000
20011000001110001
20000000001022201
20000100200000001
20222100211222221
20000111211220001
00000100210000000
STEP 20 P1 MOVE 9 10 9 11
OWN
11000002200000000
00000000100000000
02000020100000000
02000020100000000
20011000001110001
20000000001022201
20000100200000001
20222100211222221
20000111211220001
00000100211100000
STEP 21 P2 MOVE 0 2 0 3
OWN
11220002200000000
00000000100000000
02000020100000000
02000020100000000
20011000001110001
20000000001022201
20000100200000001
20222100211222221
20000111211220001
00000100211100000
STEP 22 P1 MOVE 4 8 4 9
OWN
11220002200000000
00000000100000000
02000020100000000
02000020100000000
20011000111110001
20000000001022201
20000100200000001
20222100211222221
20000111211220001
00000100211100000
STEP 23 P2 MOVE 6 4 8 4
OWN
11220002200000000
00000000100000000
02000020100000000
02000020100000000
20011000111110001
20000000001022201
20002100200000001
20222100211222221
20002111211220001
00000100211100000
STEP 24 P1 MOVE 5 5 5 6
OWN
11220002200000000
00000000100000000
02000020100000000
02000020100000000
20011000111110001
20000110001022201
20002100200000001
20222100211222221
20002111211220001
00000100211100000
STEP 25 P2 MOVE 6 1 7 1
OWN
11220002200000000
00000000100000000
02000020100000000
02000020100000000
20011000111110001
20000110001022201
22002100200000001
22222100211222221
20002111211220001
00000100211100000
STEP 26 P1 MOVE 3 5 4 5
OWN
11220002200000000
00000000100000000
02000020100000000
02000120100000000
20011100111110001
20000110001022201
22002100200000001
22222100211222221
20002111211220001
00000100211100000
STEP 27 P2 MOVE 6 3 7 6
OWN
11220002200000000
00000000100000000
02000020100000000
02000120100000000
20011100111110001
20000110001022201
22022220200000001
22222220211222221
20002111211220001
00000100211100000
STEP 28 P1 MOVE 3 3 8 3
OWN
11220002200000000
00000000100000000
02000020100000000
02010120100000000
20011100111110001
20010110001022201
22012220200000001
22212220211222221
20012111211220001
00000100211100000
STEP 29 P2 MOVE 0 12 1 12
OWN
11220002200020000
00000000100020000
02000020100000000
02010120100000000
20011100111110001
20010110001022201
22012220200000001
22212220211222221
20012111211220001
00000100211100000
STEP 30 P1 MOVE 1 11 1 13
OWN
11220002200020000
00000000100111000
02000020100000000
02010120100000000
20011100111110001
20010110001022201
22012220200000001
22212220211222221
20012111211220001
00000100211100000
STEP 31 P2 MOVE 1 7 1 10
OWN
11220002200020000
00000002222111000
02000020100000000
02010120100000000
20011100111110001
20010110001022201
22012220200000001
22212220211222221
20012111211220001
00000100211100000
STEP 32 P1 MOVE 0 14 0 15
OWN
11220002200020110
00000002222111000
02000020100000000
02010120100000000
20011100111110001
20010110001022201
22012220200000001
22212220211222221
20012111211220001
00000100211100000
STEP 33 P2 MOVE 0 15 1 16
OWN
11220002200020122
00000002222111022
02000020100000000
02010120100000000
20011100111110001
20010110001022201
22012220200000001
22212220211222221
20012111211220001
00000100211100000
STEP 34 P1 MOVE 1 6 2 7
OWN
11220002200020122
00000011222111022
02000011100000000
02010120100000000
20011100111110001
20010110001022201
22012220200000001
22212220211222221
20012111211220001
00000100211100000
STEP 35 P2 MOVE 1 5 3 7
OWN
11220002200020122
00000222222111022
02000222100000000
02010222100000000
20011100111110001
20010110001022201
22012220200000001
22212220211222221
20012111211220001
00000100211100000
STEP 36 P1 MOVE 2 14 2 16
OWN
11220002200020122
00000222222111022
02000222100000111
02010222100000000
20011100111110001
20010110001022201
22012220200000001
22212220211222221
20012111211220001
00000100211100000
STEP 37 P2 MOVE 9 15 9 16
OWN
11220002200020122
00000222222111022
02000222100000111
02010222100000000
20011100111110001
20010110001022201
22012220200000001
22212220211222221
20012111211220001
00000100211100022
STEP 38 P1 MOVE -1 -1 -1 -1
OWN
11220002200020122
00000222222111022
02000222100000111
02010222100000000
20011100111110001
20010110001022201
22012220200000001
22212220211222221
20012111211220001
00000100211100022
STEP 39 P2 MOVE -1 -1 -1 -1
OWN
11220002200020122
00000222222111022
02000222100000111
02010222100000000
20011100111110001
20010110001022201
22012220200000001
22212220211222221
20012111211220001
00000100211100022
RESULT first=43 second=54 winner=2
ANALYSIS winner=P2 score=43-54 reason=Ĺ»ĂëżěŔ§(+4Ä­ »©ľŃŔ˝,2ąčČż°ú) / şóÄ­Ľ±Áˇ(+3) / żŞŔü˝Â steal(w/l)=9/5 neu(w/l)=50/47
