BOARD
14523657544636468
41974869597973338
31961432174917364
19842381647981825
74636975153232562
61556293714235379
35891615514793146
93588852245584433
84716217291918224
34249777481467995
STEP 0 P1 MOVE 0 0 1 1
OWN
11000000000000000
11000000000000000
00000000000000000
00000000000000000
00000000000000000
00000000000000000
00000000000000000
00000000000000000
00000000000000000
00000000000000000
STEP 1 P2 MOVE 3 9 5 9
OWN
11000000000000000
11000000000000000
00000000000000000
00000000020000000
00000000020000000
00000000020000000
00000000000000000
00000000000000000
00000000000000000
00000000000000000
STEP 2 P1 MOVE 4 10 4 13
OWN
11000000000000000
11000000000000000
00000000000000000
00000000020000000
00000000021111000
00000000020000000
00000000000000000
00000000000000000
00000000000000000
00000000000000000
STEP 3 P2 MOVE 8 3 8 6
OWN
11000000000000000
11000000000000000
00000000000000000
00000000020000000
00000000021111000
00000000020000000
00000000000000000
00000000000000000
00022220000000000
00000000000000000
STEP 4 P1 MOVE 0 4 3 4
OWN
11001000000000000
11001000000000000
00001000000000000
00001000020000000
00000000021111000
00000000020000000
00000000000000000
00000000000000000
00022220000000000
00000000000000000
STEP 5 P2 MOVE 2 3 2 5
OWN
11001000000000000
11001000000000000
00022200000000000
00001000020000000
00000000021111000
00000000020000000
00000000000000000
00000000000000000
00022220000000000
00000000000000000
STEP 6 P1 MOVE 0 14 2 14
OWN
11001000000000100
11001000000000100
00022200000000100
00001000020000000
00000000021111000
00000000020000000
00000000000000000
00000000000000000
00022220000000000
00000000000000000
STEP 7 P2 MOVE 4 1 6 1
OWN
11001000000000100
11001000000000100
00022200000000100
00001000020000000
02000000021111000
02000000020000000
02000000000000000
00000000000000000
00022220000000000
00000000000000000
STEP 8 P1 MOVE 6 10 8 10
OWN
11001000000000100
11001000000000100
00022200000000100
00001000020000000
02000000021111000
02000000020000000
02000000001000000
00000000001000000
00022220001000000
00000000000000000
STEP 9 P2 MOVE 5 7 7 7
OWN
11001000000000100
11001000000000100
00022200000000100
00001000020000000
02000000021111000
02000002020000000
02000002001000000
00000002001000000
00022220001000000
00000000000000000
STEP 10 P1 MOVE 2 7 3 8
OWN
11001000000000100
11001000000000100
00022201100000100
00001001120000000
02000000021111000
02000002020000000
02000002001000000
00000002001000000
00022220001000000
00000000000000000
STEP 11 P2 MOVE 2 1 3 1
OWN
11001000000000100
11001000000000100
02022201100000100
02001001120000000
02000000021111000
02000002020000000
02000002001000000
00000002001000000
00022220001000000
00000000000000000
STEP 12 P1 MOVE 5 11 5 13
OWN
11001000000000100
11001000000000100
02022201100000100
02001001120000000
02000000021111000
02000002020111000
02000002001000000
00000002001000000
00022220001000000
00000000000000000
STEP 13 P2 MOVE 9 1 9 3
OWN
11001000000000100
11001000000000100
02022201100000100
02001001120000000
02000000021111000
02000002020111000
02000002001000000
00000002001000000
00022220001000000
02220000000000000
STEP 14 P1 MOVE 5 14 8 14
OWN
11001000000000100
11001000000000100
02022201100000100
02001001120000000
02000000021111000
02000002020111100
02000002001000100
00000002001000100
00022220001000100
02220000000000000
STEP 15 P2 MOVE 7 13 7 16
OWN
11001000000000100
11001000000000100
02022201100000100
02001001120000000
02000000021111000
02000002020111100
02000002001000100
00000002001002222
00022220001000100
02220000000000000
STEP 16 P1 MOVE 6 16 8 16
OWN
11001000000000100
11001000000000100
02022201100000100
02001001120000000
02000000021111000
02000002020111100
02000002001000101
00000002001002221
00022220001000101
02220000000000000
STEP 17 P2 MOVE 0 10 0 11
OWN
11001000002200100
11001000000000100
02022201100000100
02001001120000000
02000000021111000
02000002020111100
02000002001000101
00000002001002221
00022220001000101
02220000000000000
STEP 18 P1 MOVE 0 8 1 8
OWN
11001000102200100
11001000100000100
02022201100000100
02001001120000000
02000000021111000
02000002020111100
02000002001000101
00000002001002221
00022220001000101
02220000000000000
STEP 19 P2 MOVE 1 12 1 13
OWN
11001000102200100
11001000100022100
02022201100000100
02001001120000000
02000000021111000
02000002020111100
02000002001000101
00000002001002221
00022220001000101
02220000000000000
STEP 20 P1 MOVE 3 14 3 15
OWN
11001000102200100
11001000100022100
02022201100000100
02001001120000110
02000000021111000
02000002020111100
02000002001000101
00000002001002221
00022220001000101
02220000000000000
STEP 21 P2 MOVE 2 11 2 12
OWN
11001000102200100
11001000100022100
02022201100220100
02001001120000110
02000000021111000
02000002020111100
02000002001000101
00000002001002221
00022220001000101
02220000000000000
STEP 22 P1 MOVE 5 2 5 3
OWN
11001000102200100
11001000100022100
02022201100220100
02001001120000110
02000000021111000
02110002020111100
02000002001000101
00000002001002221
00022220001000101
02220000000000000
STEP 23 P2 MOVE 5 6 6 6
OWN
11001000102200100
11001000100022100
02022201100220100
02001001120000110
02000000021111000
02110022020111100
02000022001000101
00000002001002221
00022220001000101
02220000000000000
STEP 24 P1 MOVE 6 3 6 4
OWN
11001000102200100
11001000100022100
02022201100220100
02001001120000110
02000000021111000
02110022020111100
02011022001000101
00000002001002221
00022220001000101
02220000000000000
STEP 25 P2 MOVE 9 11 9 12
OWN
11001000102200100
11001000100022100
02022201100220100
02001001120000110
02000000021111000
02110022020111100
02011022001000101
00000002001002221
00022220001000101
02220000000220000
STEP 26 P1 MOVE 8 10 9 11
OWN
11001000102200100
11001000100022100
02022201100220100
02001001120000110
02000000021111000
02110022020111100
02011022001000101
00000002001002221
00022220001100101
02220000001120000
STEP 27 P2 MOVE 2 15 2 16
OWN
11001000102200100
11001000100022100
02022201100220122
02001001120000110
02000000021111000
02110022020111100
02011022001000101
00000002001002221
00022220001100101
02220000001120000
STEP 28 P1 MOVE 8 9 8 12
OWN
11001000102200100
11001000100022100
02022201100220122
02001001120000110
02000000021111000
02110022020111100
02011022001000101
00000002001002221
00022220011110101
02220000001120000
STEP 29 P2 MOVE 2 6 2 9
OWN
11001000102200100
11001000100022100
02022222220220122
02001001120000110
02000000021111000
02110022020111100
02011022001000101
00000002001002221
00022220011110101
02220000001120000
STEP 30 P1 MOVE 1 9 6 9
OWN
11001000102200100
11001000110022100
02022222210220122
02001001110000110
02000000011111000
02110022010111100
02011022011000101
00000002001002221
00022220011110101
02220000001120000
STEP 31 P2 MOVE 8 13 8 15
OWN
11001000102200100
11001000110022100
02022222210220122
02001001110000110
02000000011111000
02110022010111100
02011022011000101
00000002001002221
00022220011112221
02220000001120000
STEP 32 P1 MOVE 6 13 9 13
OWN
11001000102200100
11001000110022100
02022222210220122
02001001110000110
02000000011111000
02110022010111100
02011022011001101
00000002001001221
00022220011111221
02220000001121000
STEP 33 P2 MOVE 1 13 2 15
OWN
11001000102200100
11001000110022220
02022222210222222
02001001110000110
02000000011111000
02110022010111100
02011022011001101
00000002001001221
00022220011111221
02220000001121000
STEP 34 P1 MOVE -1 -1 -1 -1
OWN
11001000102200100
11001000110022220
02022222210222222
02001001110000110
02000000011111000
02110022010111100
02011022011001101
00000002001001221
00022220011111221
02220000001121000
STEP 35 P2 MOVE -1 -1 -1 -1
OWN
11001000102200100
11001000110022220
02022222210222222
02001001110000110
02000000011111000
02110022010111100
02011022011001101
00000002001001221
00022220011111221
02220000001121000
RESULT first=48 second=40 winner=1
ANALYSIS winner=P1 score=48-40 reason=şóÄ­Ľ±Áˇ(+6) steal(w/l)=8/7 neu(w/l)=47/41
