BOARD
94444688119172669
77257976653135841
77639682591171124
57987727637146525
93186459673233255
51125217449645746
95865121811436395
86335263921563582
84832271335862973
56351944967445544
STEP 0 P1 MOVE 5 2 5 5
OWN
00000000000000000
00000000000000000
00000000000000000
00000000000000000
00000000000000000
00111100000000000
00000000000000000
00000000000000000
00000000000000000
00000000000000000
STEP 1 P2 MOVE 3 11 4 12
OWN
00000000000000000
00000000000000000
00000000000000000
00000000000220000
00000000000220000
00111100000000000
00000000000000000
00000000000000000
00000000000000000
00000000000000000
STEP 2 P1 MOVE 2 11 2 14
OWN
00000000000000000
00000000000000000
00000000000111100
00000000000220000
00000000000220000
00111100000000000
00000000000000000
00000000000000000
00000000000000000
00000000000000000
STEP 3 P2 MOVE 0 11 0 13
OWN
00000000000222000
00000000000000000
00000000000111100
00000000000220000
00000000000220000
00111100000000000
00000000000000000
00000000000000000
00000000000000000
00000000000000000
STEP 4 P1 MOVE 5 9 8 9
OWN
00000000000222000
00000000000000000
00000000000111100
00000000000220000
00000000000220000
00111100010000000
00000000010000000
00000000010000000
00000000010000000
00000000000000000
STEP 5 P2 MOVE 3 6 6 6
OWN
00000000000222000
00000000000000000
00000000000111100
00000020000220000
00000020000220000
00111120010000000
00000020010000000
00000000010000000
00000000010000000
00000000000000000
STEP 6 P1 MOVE 0 7 0 9
OWN
00000001110222000
00000000000000000
00000000000111100
00000020000220000
00000020000220000
00111120010000000
00000020010000000
00000000010000000
00000000010000000
00000000000000000
STEP 7 P2 MOVE 1 16 3 16
OWN
00000001110222000
00000000000000002
00000000000111102
00000020000220002
00000020000220000
00111120010000000
00000020010000000
00000000010000000
00000000010000000
00000000000000000
STEP 8 P1 MOVE 4 8 5 8
OWN
00000001110222000
00000000000000002
00000000000111102
00000020000220002
00000020100220000
00111120110000000
00000020010000000
00000000010000000
00000000010000000
00000000000000000
STEP 9 P2 MOVE 6 4 7 4
OWN
00000001110222000
00000000000000002
00000000000111102
00000020000220002
00000020100220000
00111120110000000
00002020010000000
00002000010000000
00000000010000000
00000000000000000
STEP 10 P1 MOVE 7 13 9 13
OWN
00000001110222000
00000000000000002
00000000000111102
00000020000220002
00000020100220000
00111120110000000
00002020010000000
00002000010001000
00000000010001000
00000000000001000
STEP 11 P2 MOVE 4 13 4 15
OWN
00000001110222000
00000000000000002
00000000000111102
00000020000220002
00000020100222220
00111120110000000
00002020010000000
00002000010001000
00000000010001000
00000000000001000
STEP 12 P1 MOVE 4 9 4 10
OWN
00000001110222000
00000000000000002
00000000000111102
00000020000220002
00000020111222220
00111120110000000
00002020010000000
00002000010001000
00000000010001000
00000000000001000
STEP 13 P2 MOVE 8 15 8 16
OWN
00000001110222000
00000000000000002
00000000000111102
00000020000220002
00000020111222220
00111120110000000
00002020010000000
00002000010001000
00000000010001022
00000000000001000
STEP 14 P1 MOVE 6 5 6 8
OWN
00000001110222000
00000000000000002
00000000000111102
00000020000220002
00000020111222220
00111120110000000
00002111110000000
00002000010001000
00000000010001022
00000000000001000
STEP 15 P2 MOVE 0 15 1 15
OWN
00000001110222020
00000000000000022
00000000000111102
00000020000220002
00000020111222220
00111120110000000
00002111110000000
00002000010001000
00000000010001022
00000000000001000
STEP 16 P1 MOVE 1 14 2 15
OWN
00000001110222020
00000000000000112
00000000000111112
00000020000220002
00000020111222220
00111120110000000
00002111110000000
00002000010001000
00000000010001022
00000000000001000
STEP 17 P2 MOVE 3 9 3 10
OWN
00000001110222020
00000000000000112
00000000000111112
00000020022220002
00000020111222220
00111120110000000
00002111110000000
00002000010001000
00000000010001022
00000000000001000
STEP 18 P1 MOVE 8 1 9 1
OWN
00000001110222020
00000000000000112
00000000000111112
00000020022220002
00000020111222220
00111120110000000
00002111110000000
00002000010001000
01000000010001022
01000000000001000
STEP 19 P2 MOVE 5 7 7 7
OWN
00000001110222020
00000000000000112
00000000000111112
00000020022220002
00000020111222220
00111122110000000
00002112110000000
00002002010001000
01000000010001022
01000000000001000
STEP 20 P1 MOVE 5 1 5 10
OWN
00000001110222020
00000000000000112
00000000000111112
00000020022220002
00000020111222220
01111111111000000
00002112110000000
00002002010001000
01000000010001022
01000000000001000
STEP 21 P2 MOVE 1 12 6 12
OWN
00000001110222020
00000000000020112
00000000000121112
00000020022220002
00000020111222220
01111111111020000
00002112110020000
00002002010001000
01000000010001022
01000000000001000
STEP 22 P1 MOVE 1 10 2 13
OWN
00000001110222020
00000000001111112
00000000001111112
00000020022220002
00000020111222220
01111111111020000
00002112110020000
00002002010001000
01000000010001022
01000000000001000
STEP 23 P2 MOVE 4 7 8 7
OWN
00000001110222020
00000000001111112
00000000001111112
00000020022220002
00000022111222220
01111112111020000
00002112110020000
00002002010001000
01000002010001022
01000000000001000
STEP 24 P1 MOVE 4 4 4 5
OWN
00000001110222020
00000000001111112
00000000001111112
00000020022220002
00001122111222220
01111112111020000
00002112110020000
00002002010001000
01000002010001022
01000000000001000
STEP 25 P2 MOVE 0 4 0 5
OWN
00002201110222020
00000000001111112
00000000001111112
00000020022220002
00001122111222220
01111112111020000
00002112110020000
00002002010001000
01000002010001022
01000000000001000
STEP 26 P1 MOVE 7 8 7 10
OWN
00002201110222020
00000000001111112
00000000001111112
00000020022220002
00001122111222220
01111112111020000
00002112110020000
00002002111001000
01000002010001022
01000000000001000
STEP 27 P2 MOVE 0 10 6 10
OWN
00002201112222020
00000000002111112
00000000002111112
00000020022220002
00001122112222220
01111112112020000
00002112112020000
00002002111001000
01000002010001022
01000000000001000
STEP 28 P1 MOVE 6 3 6 11
OWN
00002201112222020
00000000002111112
00000000002111112
00000020022220002
00001122112222220
01111112112020000
00011111111120000
00002002111001000
01000002010001022
01000000000001000
STEP 29 P2 MOVE 2 6 2 7
OWN
00002201112222020
00000000002111112
00000022002111112
00000020022220002
00001122112222220
01111112112020000
00011111111120000
00002002111001000
01000002010001022
01000000000001000
STEP 30 P1 MOVE 9 4 9 5
OWN
00002201112222020
00000000002111112
00000022002111112
00000020022220002
00001122112222220
01111112112020000
00011111111120000
00002002111001000
01000002010001022
01001100000001000
STEP 31 P2 MOVE 3 2 4 2
OWN
00002201112222020
00000000002111112
00000022002111112
00200020022220002
00201122112222220
01111112112020000
00011111111120000
00002002111001000
01000002010001022
01001100000001000
STEP 32 P1 MOVE 7 15 7 16
OWN
00002201112222020
00000000002111112
00000022002111112
00200020022220002
00201122112222220
01111112112020000
00011111111120000
00002002111001011
01000002010001022
01001100000001000
STEP 33 P2 MOVE 3 1 4 1
OWN
00002201112222020
00000000002111112
00000022002111112
02200020022220002
02201122112222220
01111112112020000
00011111111120000
00002002111001011
01000002010001022
01001100000001000
STEP 34 P1 MOVE 8 12 9 12
OWN
00002201112222020
00000000002111112
00000022002111112
02200020022220002
02201122112222220
01111112112020000
00011111111120000
00002002111001011
01000002010011022
01001100000011000
STEP 35 P2 MOVE 8 3 9 4
OWN
00002201112222020
00000000002111112
00000022002111112
02200020022220002
02201122112222220
01111112112020000
00011111111120000
00002002111001011
01022002010011022
01022100000011000
STEP 36 P1 MOVE 8 2 8 5
OWN
00002201112222020
00000000002111112
00000022002111112
02200020022220002
02201122112222220
01111112112020000
00011111111120000
00002002111001011
01111102010011022
01022100000011000
STEP 37 P2 MOVE 8 6 8 8
OWN
00002201112222020
00000000002111112
00000022002111112
02200020022220002
02201122112222220
01111112112020000
00011111111120000
00002002111001011
01111122210011022
01022100000011000
STEP 38 P1 MOVE 7 6 9 6
OWN
00002201112222020
00000000002111112
00000022002111112
02200020022220002
02201122112222220
01111112112020000
00011111111120000
00002012111001011
01111112210011022
01022110000011000
STEP 39 P2 MOVE 7 3 8 10
OWN
00002201112222020
00000000002111112
00000022002111112
02200020022220002
02201122112222220
01111112112020000
00011111111120000
00022222222001011
01122222222011022
01022110000011000
STEP 40 P1 MOVE 7 2 9 7
OWN
00002201112222020
00000000002111112
00000022002111112
02200020022220002
02201122112222220
01111112112020000
00011111111120000
00111111222001011
01111111222011022
01111111000011000
STEP 41 P2 MOVE -1 -1 -1 -1
OWN
00002201112222020
00000000002111112
00000022002111112
02200020022220002
02201122112222220
01111112112020000
00011111111120000
00111111222001011
01111111222011022
01111111000011000
STEP 42 P1 MOVE -1 -1 -1 -1
OWN
00002201112222020
00000000002111112
00000022002111112
02200020022220002
02201122112222220
01111112112020000
00011111111120000
00111111222001011
01111111222011022
01111111000011000
RESULT first=61 second=43 winner=1
ANALYSIS winner=P1 score=61-43 reason=Ĺ»ĂëżěŔ§(+7Ä­ »©ľŃŔ˝,2ąčČż°ú) / şóÄ­Ľ±Áˇ(+4) steal(w/l)=24/17 neu(w/l)=54/50
