BOARD
11795839174732372
97299875766598321
47798397135415634
18386617254465897
78456539578253234
96318349542412396
58135624511111736
97762139274846179
44375779456128492
32376951617722235
STEP 0 P1 MOVE 6 8 6 13
OWN
00000000000000000
00000000000000000
00000000000000000
00000000000000000
00000000000000000
00000000000000000
00000000111111000
00000000000000000
00000000000000000
00000000000000000
STEP 1 P2 MOVE 1 15 2 16
OWN
00000000000000000
00000000000000022
00000000000000022
00000000000000000
00000000000000000
00000000000000000
00000000111111000
00000000000000000
00000000000000000
00000000000000000
STEP 2 P1 MOVE 2 11 2 13
OWN
00000000000000000
00000000000000022
00000000000111022
00000000000000000
00000000000000000
00000000000000000
00000000111111000
00000000000000000
00000000000000000
00000000000000000
STEP 3 P2 MOVE 5 1 5 3
OWN
00000000000000000
00000000000000022
00000000000111022
00000000000000000
00000000000000000
02220000000000000
00000000111111000
00000000000000000
00000000000000000
00000000000000000
STEP 4 P1 MOVE 3 6 3 8
OWN
00000000000000000
00000000000000022
00000000000111022
00000011100000000
00000000000000000
02220000000000000
00000000111111000
00000000000000000
00000000000000000
00000000000000000
STEP 5 P2 MOVE 3 11 5 11
OWN
00000000000000000
00000000000000022
00000000000111022
00000011100200000
00000000000200000
02220000000200000
00000000111111000
00000000000000000
00000000000000000
00000000000000000
STEP 6 P1 MOVE 4 12 4 14
OWN
00000000000000000
00000000000000022
00000000000111022
00000011100200000
00000000000211100
02220000000200000
00000000111111000
00000000000000000
00000000000000000
00000000000000000
STEP 7 P2 MOVE 9 14 9 16
OWN
00000000000000000
00000000000000022
00000000000111022
00000011100200000
00000000000211100
02220000000200000
00000000111111000
00000000000000000
00000000000000000
00000000000000222
STEP 8 P1 MOVE 5 5 7 5
OWN
00000000000000000
00000000000000022
00000000000111022
00000011100200000
00000000000211100
02220100000200000
00000100111111000
00000100000000000
00000000000000000
00000000000000222
STEP 9 P2 MOVE 5 14 6 14
OWN
00000000000000000
00000000000000022
00000000000111022
00000011100200000
00000000000211100
02220100000200200
00000100111111200
00000100000000000
00000000000000000
00000000000000222
STEP 10 P1 MOVE 8 13 9 13
OWN
00000000000000000
00000000000000022
00000000000111022
00000011100200000
00000000000211100
02220100000200200
00000100111111200
00000100000000000
00000000000001000
00000000000001222
STEP 11 P2 MOVE 0 10 1 10
OWN
00000000002000000
00000000002000022
00000000000111022
00000011100200000
00000000000211100
02220100000200200
00000100111111200
00000100000000000
00000000000001000
00000000000001222
STEP 12 P1 MOVE 9 2 9 3
OWN
00000000002000000
00000000002000022
00000000000111022
00000011100200000
00000000000211100
02220100000200200
00000100111111200
00000100000000000
00000000000001000
00110000000001222
STEP 13 P2 MOVE 2 2 3 2
OWN
00000000002000000
00000000002000022
00200000000111022
00200011100200000
00000000000211100
02220100000200200
00000100111111200
00000100000000000
00000000000001000
00110000000001222
STEP 14 P1 MOVE 7 6 8 6
OWN
00000000002000000
00000000002000022
00200000000111022
00200011100200000
00000000000211100
02220100000200200
00000100111111200
00000110000000000
00000010000001000
00110000000001222
STEP 15 P2 MOVE 0 0 1 0
OWN
20000000002000000
20000000002000022
00200000000111022
00200011100200000
00000000000211100
02220100000200200
00000100111111200
00000110000000000
00000010000001000
00110000000001222
STEP 16 P1 MOVE 8 2 8 3
OWN
20000000002000000
20000000002000022
00200000000111022
00200011100200000
00000000000211100
02220100000200200
00000100111111200
00000110000000000
00110010000001000
00110000000001222
STEP 17 P2 MOVE 0 6 1 6
OWN
20000020002000000
20000020002000022
00200000000111022
00200011100200000
00000000000211100
02220100000200200
00000100111111200
00000110000000000
00110010000001000
00110000000001222
STEP 18 P1 MOVE 0 7 0 8
OWN
20000021102000000
20000020002000022
00200000000111022
00200011100200000
00000000000211100
02220100000200200
00000100111111200
00000110000000000
00110010000001000
00110000000001222
STEP 19 P2 MOVE 8 7 9 7
OWN
20000021102000000
20000020002000022
00200000000111022
00200011100200000
00000000000211100
02220100000200200
00000100111111200
00000110000000000
00110012000001000
00110002000001222
STEP 20 P1 MOVE 8 8 9 8
OWN
20000021102000000
20000020002000022
00200000000111022
00200011100200000
00000000000211100
02220100000200200
00000100111111200
00000110000000000
00110012100001000
00110002100001222
STEP 21 P2 MOVE 7 10 8 10
OWN
20000021102000000
20000020002000022
00200000000111022
00200011100200000
00000000000211100
02220100000200200
00000100111111200
00000110002000000
00110012102001000
00110002100001222
STEP 22 P1 MOVE 6 3 6 6
OWN
20000021102000000
20000020002000022
00200000000111022
00200011100200000
00000000000211100
02220100000200200
00011110111111200
00000110002000000
00110012102001000
00110002100001222
STEP 23 P2 MOVE 4 2 6 3
OWN
20000021102000000
20000020002000022
00200000000111022
00200011100200000
00220000000211100
02220100000200200
00221110111111200
00000110002000000
00110012102001000
00110002100001222
STEP 24 P1 MOVE 0 11 0 12
OWN
20000021102110000
20000020002000022
00200000000111022
00200011100200000
00220000000211100
02220100000200200
00221110111111200
00000110002000000
00110012102001000
00110002100001222
STEP 25 P2 MOVE 0 14 0 15
OWN
20000021102110220
20000020002000022
00200000000111022
00200011100200000
00220000000211100
02220100000200200
00221110111111200
00000110002000000
00110012102001000
00110002100001222
STEP 26 P1 MOVE 0 13 1 13
OWN
20000021102111220
20000020002001022
00200000000111022
00200011100200000
00220000000211100
02220100000200200
00221110111111200
00000110002000000
00110012102001000
00110002100001222
STEP 27 P2 MOVE 6 15 7 15
OWN
20000021102111220
20000020002001022
00200000000111022
00200011100200000
00220000000211100
02220100000200200
00221110111111220
00000110002000020
00110012102001000
00110002100001222
STEP 28 P1 MOVE 6 7 6 16
OWN
20000021102111220
20000020002001022
00200000000111022
00200011100200000
00220000000211100
02220100000200200
00221111111111111
00000110002000020
00110012102001000
00110002100001222
STEP 29 P2 MOVE 5 14 7 15
OWN
20000021102111220
20000020002001022
00200000000111022
00200011100200000
00220000000211100
02220100000200220
00221111111111221
00000110002000220
00110012102001000
00110002100001222
STEP 30 P1 MOVE 7 12 7 13
OWN
20000021102111220
20000020002001022
00200000000111022
00200011100200000
00220000000211100
02220100000200220
00221111111111221
00000110002011220
00110012102001000
00110002100001222
STEP 31 P2 MOVE 4 16 5 16
OWN
20000021102111220
20000020002001022
00200000000111022
00200011100200000
00220000000211102
02220100000200222
00221111111111221
00000110002011220
00110012102001000
00110002100001222
STEP 32 P1 MOVE -1 -1 -1 -1
OWN
20000021102111220
20000020002001022
00200000000111022
00200011100200000
00220000000211102
02220100000200222
00221111111111221
00000110002011220
00110012102001000
00110002100001222
STEP 33 P2 MOVE 1 10 2 11
OWN
20000021102111220
20000020002201022
00200000002211022
00200011100200000
00220000000211102
02220100000200222
00221111111111221
00000110002011220
00110012102001000
00110002100001222
STEP 34 P1 MOVE 2 8 2 14
OWN
20000021102111220
20000020002201022
00200000111111122
00200011100200000
00220000000211102
02220100000200222
00221111111111221
00000110002011220
00110012102001000
00110002100001222
STEP 35 P2 MOVE 4 8 5 8
OWN
20000021102111220
20000020002201022
00200000111111122
00200011100200000
00220000200211102
02220100200200222
00221111111111221
00000110002011220
00110012102001000
00110002100001222
STEP 36 P1 MOVE -1 -1 -1 -1
OWN
20000021102111220
20000020002201022
00200000111111122
00200011100200000
00220000200211102
02220100200200222
00221111111111221
00000110002011220
00110012102001000
00110002100001222
STEP 37 P2 MOVE 4 10 5 10
OWN
20000021102111220
20000020002201022
00200000111111122
00200011100200000
00220000202211102
02220100202200222
00221111111111221
00000110002011220
00110012102001000
00110002100001222
STEP 38 P1 MOVE 4 9 4 15
OWN
20000021102111220
20000020002201022
00200000111111122
00200011100200000
00220000211111112
02220100202200222
00221111111111221
00000110002011220
00110012102001000
00110002100001222
STEP 39 P2 MOVE 3 10 3 12
OWN
20000021102111220
20000020002201022
00200000111111122
00200011102220000
00220000211111112
02220100202200222
00221111111111221
00000110002011220
00110012102001000
00110002100001222
STEP 40 P1 MOVE 3 12 8 13
OWN
20000021102111220
20000020002201022
00200000111111122
00200011102211000
00220000211111112
02220100202211222
00221111111111221
00000110002011220
00110012102011000
00110002100001222
STEP 41 P2 MOVE 8 9 8 14
OWN
20000021102111220
20000020002201022
00200000111111122
00200011102211000
00220000211111112
02220100202211222
00221111111111221
00000110002011220
00110012122222200
00110002100001222
STEP 42 P1 MOVE 3 12 9 14
OWN
20000021102111220
20000020002201022
00200000111111122
00200011102211100
00220000211111112
02220100202211122
00221111111111121
00000110002011120
00110012122211100
00110002100011122
STEP 43 P2 MOVE 7 8 9 9
OWN
20000021102111220
20000020002201022
00200000111111122
00200011102211100
00220000211111112
02220100202211122
00221111111111121
00000110222011120
00110012222211100
00110002220011122
STEP 44 P1 MOVE -1 -1 -1 -1
OWN
20000021102111220
20000020002201022
00200000111111122
00200011102211100
00220000211111112
02220100202211122
00221111111111121
00000110222011120
00110012222211100
00110002220011122
STEP 45 P2 MOVE -1 -1 -1 -1
OWN
20000021102111220
20000020002201022
00200000111111122
00200011102211100
00220000211111112
02220100202211122
00221111111111121
00000110222011120
00110012222211100
00110002220011122
RESULT first=58 second=46 winner=1
ANALYSIS winner=P1 score=58-46 reason=Ĺ»ĂëżěŔ§(+6Ä­ »©ľŃŔ˝,2ąčČż°ú) steal(w/l)=14/8 neu(w/l)=52/52
