BOARD
25361354454378295
91345957373438659
18224512945755289
81124634741426831
64875983723485187
37694846614416753
35575153934978612
26473367931764773
43554962844857529
13585433765863853
STEP 0 P1 MOVE 6 0 9 0
OWN
00000000000000000
00000000000000000
00000000000000000
00000000000000000
00000000000000000
00000000000000000
10000000000000000
10000000000000000
10000000000000000
10000000000000000
STEP 1 P2 MOVE 5 9 5 12
OWN
00000000000000000
00000000000000000
00000000000000000
00000000000000000
00000000000000000
00000000022220000
10000000000000000
10000000000000000
10000000000000000
10000000000000000
STEP 2 P1 MOVE 2 6 3 7
OWN
00000000000000000
00000000000000000
00000011000000000
00000011000000000
00000000000000000
00000000022220000
10000000000000000
10000000000000000
10000000000000000
10000000000000000
STEP 3 P2 MOVE 5 6 5 7
OWN
00000000000000000
00000000000000000
00000011000000000
00000011000000000
00000000000000000
00000022022220000
10000000000000000
10000000000000000
10000000000000000
10000000000000000
STEP 4 P1 MOVE 1 7 4 7
OWN
00000000000000000
00000001000000000
00000011000000000
00000011000000000
00000001000000000
00000022022220000
10000000000000000
10000000000000000
10000000000000000
10000000000000000
STEP 5 P2 MOVE 0 14 2 14
OWN
00000000000000200
00000001000000200
00000011000000200
00000011000000000
00000001000000000
00000022022220000
10000000000000000
10000000000000000
10000000000000000
10000000000000000
STEP 6 P1 MOVE 0 0 0 2
OWN
11100000000000200
00000001000000200
00000011000000200
00000011000000000
00000001000000000
00000022022220000
10000000000000000
10000000000000000
10000000000000000
10000000000000000
STEP 7 P2 MOVE 0 3 0 5
OWN
11122200000000200
00000001000000200
00000011000000200
00000011000000000
00000001000000000
00000022022220000
10000000000000000
10000000000000000
10000000000000000
10000000000000000
STEP 8 P1 MOVE 1 1 3 1
OWN
11122200000000200
01000001000000200
01000011000000200
01000011000000000
00000001000000000
00000022022220000
10000000000000000
10000000000000000
10000000000000000
10000000000000000
STEP 9 P2 MOVE 9 5 9 7
OWN
11122200000000200
01000001000000200
01000011000000200
01000011000000000
00000001000000000
00000022022220000
10000000000000000
10000000000000000
10000000000000000
10000222000000000
STEP 10 P1 MOVE 0 12 1 12
OWN
11122200000010200
01000001000010200
01000011000000200
01000011000000000
00000001000000000
00000022022220000
10000000000000000
10000000000000000
10000000000000000
10000222000000000
STEP 11 P2 MOVE 7 12 7 13
OWN
11122200000010200
01000001000010200
01000011000000200
01000011000000000
00000001000000000
00000022022220000
10000000000000000
10000000000022000
10000000000000000
10000222000000000
STEP 12 P1 MOVE 8 2 9 2
OWN
11122200000010200
01000001000010200
01000011000000200
01000011000000000
00000001000000000
00000022022220000
10000000000000000
10000000000022000
10100000000000000
10100222000000000
STEP 13 P2 MOVE 2 12 2 13
OWN
11122200000010200
01000001000010200
01000011000022200
01000011000000000
00000001000000000
00000022022220000
10000000000000000
10000000000022000
10100000000000000
10100222000000000
STEP 14 P1 MOVE 1 8 1 9
OWN
11122200000010200
01000001110010200
01000011000022200
01000011000000000
00000001000000000
00000022022220000
10000000000000000
10000000000022000
10100000000000000
10100222000000000
STEP 15 P2 MOVE 7 10 9 10
OWN
11122200000010200
01000001110010200
01000011000022200
01000011000000000
00000001000000000
00000022022220000
10000000000000000
10000000002022000
10100000002000000
10100222002000000
STEP 16 P1 MOVE 6 9 7 10
OWN
11122200000010200
01000001110010200
01000011000022200
01000011000000000
00000001000000000
00000022022220000
10000000011000000
10000000011022000
10100000002000000
10100222002000000
STEP 17 P2 MOVE 3 9 4 10
OWN
11122200000010200
01000001110010200
01000011000022200
01000011022000000
00000001022000000
00000022022220000
10000000011000000
10000000011022000
10100000002000000
10100222002000000
STEP 18 P1 MOVE 0 6 1 6
OWN
11122210000010200
01000011110010200
01000011000022200
01000011022000000
00000001022000000
00000022022220000
10000000011000000
10000000011022000
10100000002000000
10100222002000000
STEP 19 P2 MOVE 1 0 2 0
OWN
11122210000010200
21000011110010200
21000011000022200
01000011022000000
00000001022000000
00000022022220000
10000000011000000
10000000011022000
10100000002000000
10100222002000000
STEP 20 P1 MOVE 8 13 9 13
OWN
11122210000010200
21000011110010200
21000011000022200
01000011022000000
00000001022000000
00000022022220000
10000000011000000
10000000011022000
10100000002001000
10100222002001000
STEP 21 P2 MOVE 7 15 7 16
OWN
11122210000010200
21000011110010200
21000011000022200
01000011022000000
00000001022000000
00000022022220000
10000000011000000
10000000011022022
10100000002001000
10100222002001000
STEP 22 P1 MOVE 8 7 8 8
OWN
11122210000010200
21000011110010200
21000011000022200
01000011022000000
00000001022000000
00000022022220000
10000000011000000
10000000011022022
10100001102001000
10100222002001000
STEP 23 P2 MOVE 5 0 5 1
OWN
11122210000010200
21000011110010200
21000011000022200
01000011022000000
00000001022000000
22000022022220000
10000000011000000
10000000011022022
10100001102001000
10100222002001000
STEP 24 P1 MOVE 2 16 3 16
OWN
11122210000010200
21000011110010200
21000011000022201
01000011022000001
00000001022000000
22000022022220000
10000000011000000
10000000011022022
10100001102001000
10100222002001000
STEP 25 P2 MOVE 4 16 5 16
OWN
11122210000010200
21000011110010200
21000011000022201
01000011022000001
00000001022000002
22000022022220002
10000000011000000
10000000011022022
10100001102001000
10100222002001000
STEP 26 P1 MOVE 4 0 4 1
OWN
11122210000010200
21000011110010200
21000011000022201
01000011022000001
11000001022000002
22000022022220002
10000000011000000
10000000011022022
10100001102001000
10100222002001000
STEP 27 P2 MOVE 7 1 7 2
OWN
11122210000010200
21000011110010200
21000011000022201
01000011022000001
11000001022000002
22000022022220002
10000000011000000
12200000011022022
10100001102001000
10100222002001000
STEP 28 P1 MOVE 8 9 9 9
OWN
11122210000010200
21000011110010200
21000011000022201
01000011022000001
11000001022000002
22000022022220002
10000000011000000
12200000011022022
10100001112001000
10100222012001000
STEP 29 P2 MOVE 6 1 6 2
OWN
11122210000010200
21000011110010200
21000011000022201
01000011022000001
11000001022000002
22000022022220002
12200000011000000
12200000011022022
10100001112001000
10100222012001000
STEP 30 P1 MOVE 6 7 7 7
OWN
11122210000010200
21000011110010200
21000011000022201
01000011022000001
11000001022000002
22000022022220002
12200001011000000
12200001011022022
10100001112001000
10100222012001000
STEP 31 P2 MOVE 7 3 7 4
OWN
11122210000010200
21000011110010200
21000011000022201
01000011022000001
11000001022000002
22000022022220002
12200001011000000
12222001011022022
10100001112001000
10100222012001000
STEP 32 P1 MOVE 3 4 3 5
OWN
11122210000010200
21000011110010200
21000011000022201
01001111022000001
11000001022000002
22000022022220002
12200001011000000
12222001011022022
10100001112001000
10100222012001000
STEP 33 P2 MOVE 3 2 3 8
OWN
11122210000010200
21000011110010200
21000011000022201
01222222222000001
11000001022000002
22000022022220002
12200001011000000
12222001011022022
10100001112001000
10100222012001000
STEP 34 P1 MOVE 2 0 3 2
OWN
11122210000010200
21000011110010200
11100011000022201
11122222222000001
11000001022000002
22000022022220002
12200001011000000
12222001011022022
10100001112001000
10100222012001000
STEP 35 P2 MOVE 3 12 4 12
OWN
11122210000010200
21000011110010200
11100011000022201
11122222222020001
11000001022020002
22000022022220002
12200001011000000
12222001011022022
10100001112001000
10100222012001000
STEP 36 P1 MOVE 4 11 4 14
OWN
11122210000010200
21000011110010200
11100011000022201
11122222222020001
11000001022111102
22000022022220002
12200001011000000
12222001011022022
10100001112001000
10100222012001000
STEP 37 P2 MOVE 3 11 3 13
OWN
11122210000010200
21000011110010200
11100011000022201
11122222222222001
11000001022111102
22000022022220002
12200001011000000
12222001011022022
10100001112001000
10100222012001000
STEP 38 P1 MOVE -1 -1 -1 -1
OWN
11122210000010200
21000011110010200
11100011000022201
11122222222222001
11000001022111102
22000022022220002
12200001011000000
12222001011022022
10100001112001000
10100222012001000
STEP 39 P2 MOVE -1 -1 -1 -1
OWN
11122210000010200
21000011110010200
11100011000022201
11122222222222001
11000001022111102
22000022022220002
12200001011000000
12222001011022022
10100001112001000
10100222012001000
RESULT first=46 second=47 winner=2
ANALYSIS winner=P2 score=46-47 reason=żŞŔü˝Â steal(w/l)=4/4 neu(w/l)=47/46
