BOARD
22171119451756318
53746667343178317
63233883119632697
81615177749375879
31499124296298359
98278261682327227
87159461845164252
46132576155761137
85123415185949237
76981231965347635
STEP 0 P1 MOVE 4 14 8 14
OWN
00000000000000000
00000000000000000
00000000000000000
00000000000000000
00000000000000100
00000000000000100
00000000000000100
00000000000000100
00000000000000100
00000000000000000
STEP 1 P2 MOVE 0 1 4 1
OWN
02000000000000000
02000000000000000
02000000000000000
02000000000000000
02000000000000100
00000000000000100
00000000000000100
00000000000000100
00000000000000100
00000000000000000
STEP 2 P1 MOVE 0 0 0 3
OWN
11110000000000000
02000000000000000
02000000000000000
02000000000000000
02000000000000100
00000000000000100
00000000000000100
00000000000000100
00000000000000100
00000000000000000
STEP 3 P2 MOVE 6 2 7 3
OWN
11110000000000000
02000000000000000
02000000000000000
02000000000000000
02000000000000100
00000000000000100
00220000000000100
00220000000000100
00000000000000100
00000000000000000
STEP 4 P1 MOVE 5 15 7 15
OWN
11110000000000000
02000000000000000
02000000000000000
02000000000000000
02000000000000100
00000000000000110
00220000000000110
00220000000000110
00000000000000100
00000000000000000
STEP 5 P2 MOVE 0 9 2 9
OWN
11110000020000000
02000000020000000
02000000020000000
02000000000000000
02000000000000100
00000000000000110
00220000000000110
00220000000000110
00000000000000100
00000000000000000
STEP 6 P1 MOVE 2 8 2 10
OWN
11110000020000000
02000000020000000
02000000111000000
02000000000000000
02000000000000100
00000000000000110
00220000000000110
00220000000000110
00000000000000100
00000000000000000
STEP 7 P2 MOVE 1 8 3 8
OWN
11110000020000000
02000000220000000
02000000211000000
02000000200000000
02000000000000100
00000000000000110
00220000000000110
00220000000000110
00000000000000100
00000000000000000
STEP 8 P1 MOVE 1 12 2 12
OWN
11110000020000000
02000000220010000
02000000211010000
02000000200000000
02000000000000100
00000000000000110
00220000000000110
00220000000000110
00000000000000100
00000000000000000
STEP 9 P2 MOVE 3 11 3 12
OWN
11110000020000000
02000000220010000
02000000211010000
02000000200220000
02000000000000100
00000000000000110
00220000000000110
00220000000000110
00000000000000100
00000000000000000
STEP 10 P1 MOVE 2 7 3 7
OWN
11110000020000000
02000000220010000
02000001211010000
02000001200220000
02000000000000100
00000000000000110
00220000000000110
00220000000000110
00000000000000100
00000000000000000
STEP 11 P2 MOVE 1 7 1 10
OWN
11110000020000000
02000002222010000
02000001211010000
02000001200220000
02000000000000100
00000000000000110
00220000000000110
00220000000000110
00000000000000100
00000000000000000
STEP 12 P1 MOVE 0 13 0 15
OWN
11110000020001110
02000002222010000
02000001211010000
02000001200220000
02000000000000100
00000000000000110
00220000000000110
00220000000000110
00000000000000100
00000000000000000
STEP 13 P2 MOVE 6 8 8 8
OWN
11110000020001110
02000002222010000
02000001211010000
02000001200220000
02000000000000100
00000000000000110
00220000200000110
00220000200000110
00000000200000100
00000000000000000
STEP 14 P1 MOVE 6 7 6 10
OWN
11110000020001110
02000002222010000
02000001211010000
02000001200220000
02000000000000100
00000000000000110
00220001111000110
00220000200000110
00000000200000100
00000000000000000
STEP 15 P2 MOVE 8 6 9 7
OWN
11110000020001110
02000002222010000
02000001211010000
02000001200220000
02000000000000100
00000000000000110
00220001111000110
00220000200000110
00000022200000100
00000022000000000
STEP 16 P1 MOVE 3 2 4 2
OWN
11110000020001110
02000002222010000
02000001211010000
02100001200220000
02100000000000100
00000000000000110
00220001111000110
00220000200000110
00000022200000100
00000022000000000
STEP 17 P2 MOVE 0 10 3 10
OWN
11110000022001110
02000002222010000
02000001212010000
02100001202220000
02100000000000100
00000000000000110
00220001111000110
00220000200000110
00000022200000100
00000022000000000
STEP 18 P1 MOVE 1 3 1 4
OWN
11110000022001110
02011002222010000
02000001212010000
02100001202220000
02100000000000100
00000000000000110
00220001111000110
00220000200000110
00000022200000100
00000022000000000
STEP 19 P2 MOVE 7 10 8 10
OWN
11110000022001110
02011002222010000
02000001212010000
02100001202220000
02100000000000100
00000000000000110
00220001111000110
00220000202000110
00000022202000100
00000022000000000
STEP 20 P1 MOVE 8 3 9 3
OWN
11110000022001110
02011002222010000
02000001212010000
02100001202220000
02100000000000100
00000000000000110
00220001111000110
00220000202000110
00010022202000100
00010022000000000
STEP 21 P2 MOVE 8 4 9 5
OWN
11110000022001110
02011002222010000
02000001212010000
02100001202220000
02100000000000100
00000000000000110
00220001111000110
00220000202000110
00012222202000100
00012222000000000
STEP 22 P1 MOVE 5 2 8 3
OWN
11110000022001110
02011002222010000
02000001212010000
02100001202220000
02100000000000100
00110000000000110
00110001111000110
00110000202000110
00112222202000100
00012222000000000
STEP 23 P2 MOVE 2 1 5 2
OWN
11110000022001110
02011002222010000
02200001212010000
02200001202220000
02200000000000100
02210000000000110
00110001111000110
00110000202000110
00112222202000100
00012222000000000
STEP 24 P1 MOVE 4 4 4 5
OWN
11110000022001110
02011002222010000
02200001212010000
02200001202220000
02201100000000100
02210000000000110
00110001111000110
00110000202000110
00112222202000100
00012222000000000
STEP 25 P2 MOVE 7 0 7 1
OWN
11110000022001110
02011002222010000
02200001212010000
02200001202220000
02201100000000100
02210000000000110
00110001111000110
22110000202000110
00112222202000100
00012222000000000
STEP 26 P1 MOVE 7 13 8 13
OWN
11110000022001110
02011002222010000
02200001212010000
02200001202220000
02201100000000100
02210000000000110
00110001111000110
22110000202001110
00112222202001100
00012222000000000
STEP 27 P2 MOVE 5 9 5 10
OWN
11110000022001110
02011002222010000
02200001212010000
02200001202220000
02201100000000100
02210000022000110
00110001111000110
22110000202001110
00112222202001100
00012222000000000
STEP 28 P1 MOVE 5 8 6 11
OWN
11110000022001110
02011002222010000
02200001212010000
02200001202220000
02201100000000100
02210000111100110
00110001111100110
22110000202001110
00112222202001100
00012222000000000
STEP 29 P2 MOVE 5 7 5 13
OWN
11110000022001110
02011002222010000
02200001212010000
02200001202220000
02201100000000100
02210002222222110
00110001111100110
22110000202001110
00112222202001100
00012222000000000
STEP 30 P1 MOVE 8 15 8 16
OWN
11110000022001110
02011002222010000
02200001212010000
02200001202220000
02201100000000100
02210002222222110
00110001111100110
22110000202001110
00112222202001111
00012222000000000
STEP 31 P2 MOVE 6 5 6 6
OWN
11110000022001110
02011002222010000
02200001212010000
02200001202220000
02201100000000100
02210002222222110
00110221111100110
22110000202001110
00112222202001111
00012222000000000
STEP 32 P1 MOVE 4 5 5 6
OWN
11110000022001110
02011002222010000
02200001212010000
02200001202220000
02201110000000100
02210112222222110
00110221111100110
22110000202001110
00112222202001111
00012222000000000
STEP 33 P2 MOVE 2 9 3 11
OWN
11110000022001110
02011002222010000
02200001222210000
02200001222220000
02201110000000100
02210112222222110
00110221111100110
22110000202001110
00112222202001111
00012222000000000
STEP 34 P1 MOVE 2 6 2 13
OWN
11110000022001110
02011002222010000
02200011111111000
02200001222220000
02201110000000100
02210112222222110
00110221111100110
22110000202001110
00112222202001111
00012222000000000
STEP 35 P2 MOVE 1 11 7 11
OWN
11110000022001110
02011002222210000
02200011111211000
02200001222220000
02201110000200100
02210112222222110
00110221111200110
22110000202201110
00112222202001111
00012222000000000
STEP 36 P1 MOVE 1 2 2 3
OWN
11110000022001110
02111002222210000
02110011111211000
02200001222220000
02201110000200100
02210112222222110
00110221111200110
22110000202201110
00112222202001111
00012222000000000
STEP 37 P2 MOVE 0 3 3 4
OWN
11122000022001110
02122002222210000
02122011111211000
02222001222220000
02201110000200100
02210112222222110
00110221111200110
22110000202201110
00112222202001111
00012222000000000
STEP 38 P1 MOVE 3 3 4 5
OWN
11122000022001110
02122002222210000
02122011111211000
02211101222220000
02211110000200100
02210112222222110
00110221111200110
22110000202201110
00112222202001111
00012222000000000
STEP 39 P2 MOVE 6 12 6 13
OWN
11122000022001110
02122002222210000
02122011111211000
02211101222220000
02211110000200100
02210112222222110
00110221111222110
22110000202201110
00112222202001111
00012222000000000
STEP 40 P1 MOVE 7 12 8 12
OWN
11122000022001110
02122002222210000
02122011111211000
02211101222220000
02211110000200100
02210112222222110
00110221111222110
22110000202211110
00112222202011111
00012222000000000
STEP 41 P2 MOVE -1 -1 -1 -1
OWN
11122000022001110
02122002222210000
02122011111211000
02211101222220000
02211110000200100
02210112222222110
00110221111222110
22110000202211110
00112222202011111
00012222000000000
STEP 42 P1 MOVE 4 7 7 7
OWN
11122000022001110
02122002222210000
02122011111211000
02211101222220000
02211111000200100
02210111222222110
00110221111222110
22110001202211110
00112222202011111
00012222000000000
STEP 43 P2 MOVE 4 4 5 8
OWN
11122000022001110
02122002222210000
02122011111211000
02211101222220000
02212222200200100
02212222222222110
00110221111222110
22110001202211110
00112222202011111
00012222000000000
STEP 44 P1 MOVE -1 -1 -1 -1
OWN
11122000022001110
02122002222210000
02122011111211000
02211101222220000
02212222200200100
02212222222222110
00110221111222110
22110001202211110
00112222202011111
00012222000000000
STEP 45 P2 MOVE -1 -1 -1 -1
OWN
11122000022001110
02122002222210000
02122011111211000
02211101222220000
02212222200200100
02212222222222110
00110221111222110
22110001202211110
00112222202011111
00012222000000000
RESULT first=48 second=63 winner=2
ANALYSIS winner=P2 score=48-63 reason=Ĺ»ĂëżěŔ§(+6Ä­ »©ľŃŔ˝,2ąčČż°ú) / şóÄ­Ľ±Áˇ(+3) / żŞŔü˝Â steal(w/l)=23/17 neu(w/l)=57/54
