BOARD
73738596532241959
87448845268697355
76421237728889316
88175285838195122
43436969753162175
85726761321955587
69181899546156434
39933418113396642
47514358994774585
48847586328343329
STEP 0 P1 MOVE 2 14 5 14
OWN
00000000000000000
00000000000000000
00000000000000100
00000000000000100
00000000000000100
00000000000000100
00000000000000000
00000000000000000
00000000000000000
00000000000000000
STEP 1 P2 MOVE 2 4 3 5
OWN
00000000000000000
00000000000000000
00002200000000100
00002200000000100
00000000000000100
00000000000000100
00000000000000000
00000000000000000
00000000000000000
00000000000000000
STEP 2 P1 MOVE 9 11 9 13
OWN
00000000000000000
00000000000000000
00002200000000100
00002200000000100
00000000000000100
00000000000000100
00000000000000000
00000000000000000
00000000000000000
00000000000111000
STEP 3 P2 MOVE 0 8 0 10
OWN
00000000222000000
00000000000000000
00002200000000100
00002200000000100
00000000000000100
00000000000000100
00000000000000000
00000000000000000
00000000000000000
00000000000111000
STEP 4 P1 MOVE 2 15 4 15
OWN
00000000222000000
00000000000000000
00002200000000110
00002200000000110
00000000000000110
00000000000000100
00000000000000000
00000000000000000
00000000000000000
00000000000111000
STEP 5 P2 MOVE 1 15 1 16
OWN
00000000222000000
00000000000000022
00002200000000110
00002200000000110
00000000000000110
00000000000000100
00000000000000000
00000000000000000
00000000000000000
00000000000111000
STEP 6 P1 MOVE 6 1 6 2
OWN
00000000222000000
00000000000000022
00002200000000110
00002200000000110
00000000000000110
00000000000000100
01100000000000000
00000000000000000
00000000000000000
00000000000111000
STEP 7 P2 MOVE 3 9 5 9
OWN
00000000222000000
00000000000000022
00002200000000110
00002200020000110
00000000020000110
00000000020000100
01100000000000000
00000000000000000
00000000000000000
00000000000111000
STEP 8 P1 MOVE 7 7 7 9
OWN
00000000222000000
00000000000000022
00002200000000110
00002200020000110
00000000020000110
00000000020000100
01100000000000000
00000001110000000
00000000000000000
00000000000111000
STEP 9 P2 MOVE 5 6 5 8
OWN
00000000222000000
00000000000000022
00002200000000110
00002200020000110
00000000020000110
00000022220000100
01100000000000000
00000001110000000
00000000000000000
00000000000111000
STEP 10 P1 MOVE 2 11 4 11
OWN
00000000222000000
00000000000000022
00002200000100110
00002200020100110
00000000020100110
00000022220000100
01100000000000000
00000001110000000
00000000000000000
00000000000111000
STEP 11 P2 MOVE 9 9 9 10
OWN
00000000222000000
00000000000000022
00002200000100110
00002200020100110
00000000020100110
00000022220000100
01100000000000000
00000001110000000
00000000000000000
00000000022111000
STEP 12 P1 MOVE 3 3 4 3
OWN
00000000222000000
00000000000000022
00002200000100110
00012200020100110
00010000020100110
00000022220000100
01100000000000000
00000001110000000
00000000000000000
00000000022111000
STEP 13 P2 MOVE 7 14 7 15
OWN
00000000222000000
00000000000000022
00002200000100110
00012200020100110
00010000020100110
00000022220000100
01100000000000000
00000001110000220
00000000000000000
00000000022111000
STEP 14 P1 MOVE 0 2 0 3
OWN
00110000222000000
00000000000000022
00002200000100110
00012200020100110
00010000020100110
00000022220000100
01100000000000000
00000001110000220
00000000000000000
00000000022111000
STEP 15 P2 MOVE 5 12 5 13
OWN
00110000222000000
00000000000000022
00002200000100110
00012200020100110
00010000020100110
00000022220022100
01100000000000000
00000001110000220
00000000000000000
00000000022111000
STEP 16 P1 MOVE 0 1 1 1
OWN
01110000222000000
01000000000000022
00002200000100110
00012200020100110
00010000020100110
00000022220022100
01100000000000000
00000001110000220
00000000000000000
00000000022111000
STEP 17 P2 MOVE 0 13 0 14
OWN
01110000222002200
01000000000000022
00002200000100110
00012200020100110
00010000020100110
00000022220022100
01100000000000000
00000001110000220
00000000000000000
00000000022111000
STEP 18 P1 MOVE 5 10 7 10
OWN
01110000222002200
01000000000000022
00002200000100110
00012200020100110
00010000020100110
00000022221022100
01100000001000000
00000001111000220
00000000000000000
00000000022111000
STEP 19 P2 MOVE 8 15 9 15
OWN
01110000222002200
01000000000000022
00002200000100110
00012200020100110
00010000020100110
00000022221022100
01100000001000000
00000001111000220
00000000000000020
00000000022111020
STEP 20 P1 MOVE 6 8 6 11
OWN
01110000222002200
01000000000000022
00002200000100110
00012200020100110
00010000020100110
00000022221022100
01100000111100000
00000001111000220
00000000000000020
00000000022111020
STEP 21 P2 MOVE 4 13 5 15
OWN
01110000222002200
01000000000000022
00002200000100110
00012200020100110
00010000020102220
00000022221022220
01100000111100000
00000001111000220
00000000000000020
00000000022111020
STEP 22 P1 MOVE 2 6 2 7
OWN
01110000222002200
01000000000000022
00002211000100110
00012200020100110
00010000020102220
00000022221022220
01100000111100000
00000001111000220
00000000000000020
00000000022111020
STEP 23 P2 MOVE 4 8 4 10
OWN
01110000222002200
01000000000000022
00002211000100110
00012200020100110
00010000222102220
00000022221022220
01100000111100000
00000001111000220
00000000000000020
00000000022111020
STEP 24 P1 MOVE 6 13 6 14
OWN
01110000222002200
01000000000000022
00002211000100110
00012200020100110
00010000222102220
00000022221022220
01100000111101100
00000001111000220
00000000000000020
00000000022111020
STEP 25 P2 MOVE 8 14 8 16
OWN
01110000222002200
01000000000000022
00002211000100110
00012200020100110
00010000222102220
00000022221022220
01100000111101100
00000001111000220
00000000000000222
00000000022111020
STEP 26 P1 MOVE 8 2 8 4
OWN
01110000222002200
01000000000000022
00002211000100110
00012200020100110
00010000222102220
00000022221022220
01100000111101100
00000001111000220
00111000000000222
00000000022111020
STEP 27 P2 MOVE 7 11 8 11
OWN
01110000222002200
01000000000000022
00002211000100110
00012200020100110
00010000222102220
00000022221022220
01100000111101100
00000001111200220
00111000000200222
00000000022111020
STEP 28 P1 MOVE 8 1 8 5
OWN
01110000222002200
01000000000000022
00002211000100110
00012200020100110
00010000222102220
00000022221022220
01100000111101100
00000001111200220
01111100000200222
00000000022111020
STEP 29 P2 MOVE 7 6 7 12
OWN
01110000222002200
01000000000000022
00002211000100110
00012200020100110
00010000222102220
00000022221022220
01100000111101100
00000022222220220
01111100000200222
00000000022111020
STEP 30 P1 MOVE 7 4 9 4
OWN
01110000222002200
01000000000000022
00002211000100110
00012200020100110
00010000222102220
00000022221022220
01100000111101100
00001022222220220
01111100000200222
00001000022111020
STEP 31 P2 MOVE 7 13 8 13
OWN
01110000222002200
01000000000000022
00002211000100110
00012200020100110
00010000222102220
00000022221022220
01100000111101100
00001022222222220
01111100000202222
00001000022111020
STEP 32 P1 MOVE 8 12 9 14
OWN
01110000222002200
01000000000000022
00002211000100110
00012200020100110
00010000222102220
00000022221022220
01100000111101100
00001022222222220
01111100000211122
00001000022111120
STEP 33 P2 MOVE 1 13 1 14
OWN
01110000222002200
01000000000002222
00002211000100110
00012200020100110
00010000222102220
00000022221022220
01100000111101100
00001022222222220
01111100000211122
00001000022111120
STEP 34 P1 MOVE 2 9 2 10
OWN
01110000222002200
01000000000002222
00002211011100110
00012200020100110
00010000222102220
00000022221022220
01100000111101100
00001022222222220
01111100000211122
00001000022111120
STEP 35 P2 MOVE 5 3 6 3
OWN
01110000222002200
01000000000002222
00002211011100110
00012200020100110
00010000222102220
00020022221022220
01120000111101100
00001022222222220
01111100000211122
00001000022111120
STEP 36 P1 MOVE 1 7 3 7
OWN
01110000222002200
01000001000002222
00002211011100110
00012201020100110
00010000222102220
00020022221022220
01120000111101100
00001022222222220
01111100000211122
00001000022111120
STEP 37 P2 MOVE 2 3 3 6
OWN
01110000222002200
01000001000002222
00022221011100110
00022221020100110
00010000222102220
00020022221022220
01120000111101100
00001022222222220
01111100000211122
00001000022111120
STEP 38 P1 MOVE 2 1 2 2
OWN
01110000222002200
01000001000002222
01122221011100110
00022221020100110
00010000222102220
00020022221022220
01120000111101100
00001022222222220
01111100000211122
00001000022111120
STEP 39 P2 MOVE 1 6 4 6
OWN
01110000222002200
01000021000002222
01122221011100110
00022221020100110
00010020222102220
00020022221022220
01120000111101100
00001022222222220
01111100000211122
00001000022111120
STEP 40 P1 MOVE 1 5 1 8
OWN
01110000222002200
01000111100002222
01122221011100110
00022221020100110
00010020222102220
00020022221022220
01120000111101100
00001022222222220
01111100000211122
00001000022111120
STEP 41 P2 MOVE -1 -1 -1 -1
OWN
01110000222002200
01000111100002222
01122221011100110
00022221020100110
00010020222102220
00020022221022220
01120000111101100
00001022222222220
01111100000211122
00001000022111120
STEP 42 P1 MOVE 4 2 4 4
OWN
01110000222002200
01000111100002222
01122221011100110
00022221020100110
00111020222102220
00020022221022220
01120000111101100
00001022222222220
01111100000211122
00001000022111120
STEP 43 P2 MOVE 3 2 4 5
OWN
01110000222002200
01000111100002222
01122221011100110
00222221020100110
00222220222102220
00020022221022220
01120000111101100
00001022222222220
01111100000211122
00001000022111120
STEP 44 P1 MOVE 5 3 7 4
OWN
01110000222002200
01000111100002222
01122221011100110
00222221020100110
00222220222102220
00011022221022220
01111000111101100
00011022222222220
01111100000211122
00001000022111120
STEP 45 P2 MOVE -1 -1 -1 -1
OWN
01110000222002200
01000111100002222
01122221011100110
00222221020100110
00222220222102220
00011022221022220
01111000111101100
00011022222222220
01111100000211122
00001000022111120
STEP 46 P1 MOVE -1 -1 -1 -1
OWN
01110000222002200
01000111100002222
01122221011100110
00222221020100110
00222220222102220
00011022221022220
01111000111101100
00011022222222220
01111100000211122
00001000022111120
RESULT first=49 second=54 winner=2
ANALYSIS winner=P2 score=49-54 reason=Ĺ»ĂëżěŔ§(+7Ä­ »©ľŃŔ˝,2ąčČż°ú) steal(w/l)=12/5 neu(w/l)=47/56
