BOARD
82883998874744534
13976595426236844
17115223858242354
54829638711236658
29542843932914786
28399957842326228
27794364631148542
24316848539172959
34286197154261352
37973614573772825
STEP 0 P1 MOVE 2 0 2 3
OWN
00000000000000000
00000000000000000
11110000000000000
00000000000000000
00000000000000000
00000000000000000
00000000000000000
00000000000000000
00000000000000000
00000000000000000
STEP 1 P2 MOVE 5 9 6 10
OWN
00000000000000000
00000000000000000
11110000000000000
00000000000000000
00000000000000000
00000000022000000
00000000022000000
00000000000000000
00000000000000000
00000000000000000
STEP 2 P1 MOVE 9 4 9 6
OWN
00000000000000000
00000000000000000
11110000000000000
00000000000000000
00000000000000000
00000000022000000
00000000022000000
00000000000000000
00000000000000000
00001110000000000
STEP 3 P2 MOVE 5 12 5 14
OWN
00000000000000000
00000000000000000
11110000000000000
00000000000000000
00000000000000000
00000000022022200
00000000022000000
00000000000000000
00000000000000000
00001110000000000
STEP 4 P1 MOVE 1 9 1 11
OWN
00000000000000000
00000000011100000
11110000000000000
00000000000000000
00000000000000000
00000000022022200
00000000022000000
00000000000000000
00000000000000000
00001110000000000
STEP 5 P2 MOVE 8 14 8 16
OWN
00000000000000000
00000000011100000
11110000000000000
00000000000000000
00000000000000000
00000000022022200
00000000022000000
00000000000000000
00000000000000222
00001110000000000
STEP 6 P1 MOVE 9 9 9 10
OWN
00000000000000000
00000000011100000
11110000000000000
00000000000000000
00000000000000000
00000000022022200
00000000022000000
00000000000000000
00000000000000222
00001110011000000
STEP 7 P2 MOVE 9 13 9 14
OWN
00000000000000000
00000000011100000
11110000000000000
00000000000000000
00000000000000000
00000000022022200
00000000022000000
00000000000000000
00000000000000222
00001110011002200
STEP 8 P1 MOVE 7 11 9 11
OWN
00000000000000000
00000000011100000
11110000000000000
00000000000000000
00000000000000000
00000000022022200
00000000022000000
00000000000100000
00000000000100222
00001110011102200
STEP 9 P2 MOVE 5 15 5 16
OWN
00000000000000000
00000000011100000
11110000000000000
00000000000000000
00000000000000000
00000000022022222
00000000022000000
00000000000100000
00000000000100222
00001110011102200
STEP 10 P1 MOVE 6 3 7 3
OWN
00000000000000000
00000000011100000
11110000000000000
00000000000000000
00000000000000000
00000000022022222
00010000022000000
00010000000100000
00000000000100222
00001110011102200
STEP 11 P2 MOVE 9 0 9 1
OWN
00000000000000000
00000000011100000
11110000000000000
00000000000000000
00000000000000000
00000000022022222
00010000022000000
00010000000100000
00000000000100222
22001110011102200
STEP 12 P1 MOVE 0 1 0 2
OWN
01100000000000000
00000000011100000
11110000000000000
00000000000000000
00000000000000000
00000000022022222
00010000022000000
00010000000100000
00000000000100222
22001110011102200
STEP 13 P2 MOVE 2 15 3 15
OWN
01100000000000000
00000000011100000
11110000000000020
00000000000000020
00000000000000000
00000000022022222
00010000022000000
00010000000100000
00000000000100222
22001110011102200
STEP 14 P1 MOVE 8 5 8 6
OWN
01100000000000000
00000000011100000
11110000000000020
00000000000000020
00000000000000000
00000000022022222
00010000022000000
00010000000100000
00000110000100222
22001110011102200
STEP 15 P2 MOVE 6 6 7 6
OWN
01100000000000000
00000000011100000
11110000000000020
00000000000000020
00000000000000000
00000000022022222
00010020022000000
00010020000100000
00000110000100222
22001110011102200
STEP 16 P1 MOVE 6 7 6 8
OWN
01100000000000000
00000000011100000
11110000000000020
00000000000000020
00000000000000000
00000000022022222
00010021122000000
00010020000100000
00000110000100222
22001110011102200
STEP 17 P2 MOVE 3 2 3 3
OWN
01100000000000000
00000000011100000
11110000000000020
00220000000000020
00000000000000000
00000000022022222
00010021122000000
00010020000100000
00000110000100222
22001110011102200
STEP 18 P1 MOVE 4 7 5 7
OWN
01100000000000000
00000000011100000
11110000000000020
00220000000000020
00000001000000000
00000001022022222
00010021122000000
00010020000100000
00000110000100222
22001110011102200
STEP 19 P2 MOVE 8 2 8 3
OWN
01100000000000000
00000000011100000
11110000000000020
00220000000000020
00000001000000000
00000001022022222
00010021122000000
00010020000100000
00220110000100222
22001110011102200
STEP 20 P1 MOVE 6 2 7 2
OWN
01100000000000000
00000000011100000
11110000000000020
00220000000000020
00000001000000000
00000001022022222
00110021122000000
00110020000100000
00220110000100222
22001110011102200
STEP 21 P2 MOVE 5 0 5 1
OWN
01100000000000000
00000000011100000
11110000000000020
00220000000000020
00000001000000000
22000001022022222
00110021122000000
00110020000100000
00220110000100222
22001110011102200
STEP 22 P1 MOVE 4 4 4 5
OWN
01100000000000000
00000000011100000
11110000000000020
00220000000000020
00001101000000000
22000001022022222
00110021122000000
00110020000100000
00220110000100222
22001110011102200
STEP 23 P2 MOVE 0 13 1 13
OWN
01100000000002000
00000000011102000
11110000000000020
00220000000000020
00001101000000000
22000001022022222
00110021122000000
00110020000100000
00220110000100222
22001110011102200
STEP 24 P1 MOVE 4 11 4 12
OWN
01100000000002000
00000000011102000
11110000000000020
00220000000000020
00001101000110000
22000001022022222
00110021122000000
00110020000100000
00220110000100222
22001110011102200
STEP 25 P2 MOVE 6 4 7 4
OWN
01100000000002000
00000000011102000
11110000000000020
00220000000000020
00001101000110000
22000001022022222
00112021122000000
00112020000100000
00220110000100222
22001110011102200
STEP 26 P1 MOVE 6 1 6 5
OWN
01100000000002000
00000000011102000
11110000000000020
00220000000000020
00001101000110000
22000001022022222
01111121122000000
00112020000100000
00220110000100222
22001110011102200
STEP 27 P2 MOVE 1 12 3 12
OWN
01100000000002000
00000000011122000
11110000000020020
00220000000020020
00001101000110000
22000001022022222
01111121122000000
00112020000100000
00220110000100222
22001110011102200
STEP 28 P1 MOVE 3 9 3 13
OWN
01100000000002000
00000000011122000
11110000000020020
00220000011111020
00001101000110000
22000001022022222
01111121122000000
00112020000100000
00220110000100222
22001110011102200
STEP 29 P2 MOVE 0 12 4 13
OWN
01100000000022000
00000000011122000
11110000000022020
00220000011122020
00001101000122000
22000001022022222
01111121122000000
00112020000100000
00220110000100222
22001110011102200
STEP 30 P1 MOVE 4 11 5 14
OWN
01100000000022000
00000000011122000
11110000000022020
00220000011122020
00001101000111100
22000001022111122
01111121122000000
00112020000100000
00220110000100222
22001110011102200
STEP 31 P2 MOVE 0 11 6 11
OWN
01100000000222000
00000000011222000
11110000000222020
00220000011222020
00001101000211100
22000001022211122
01111121122200000
00112020000100000
00220110000100222
22001110011102200
STEP 32 P1 MOVE 4 10 4 15
OWN
01100000000222000
00000000011222000
11110000000222020
00220000011222020
00001101001111110
22000001022211122
01111121122200000
00112020000100000
00220110000100222
22001110011102200
STEP 33 P2 MOVE 8 1 8 4
OWN
01100000000222000
00000000011222000
11110000000222020
00220000011222020
00001101001111110
22000001022211122
01111121122200000
00112020000100000
02222110000100222
22001110011102200
STEP 34 P1 MOVE 8 0 8 7
OWN
01100000000222000
00000000011222000
11110000000222020
00220000011222020
00001101001111110
22000001022211122
01111121122200000
00112020000100000
11111111000100222
22001110011102200
STEP 35 P2 MOVE 8 7 9 8
OWN
01100000000222000
00000000011222000
11110000000222020
00220000011222020
00001101001111110
22000001022211122
01111121122200000
00112020000100000
11111112200100222
22001112211102200
STEP 36 P1 MOVE 6 13 7 13
OWN
01100000000222000
00000000011222000
11110000000222020
00220000011222020
00001101001111110
22000001022211122
01111121122201000
00112020000101000
11111112200100222
22001112211102200
STEP 37 P2 MOVE 7 13 8 14
OWN
01100000000222000
00000000011222000
11110000000222020
00220000011222020
00001101001111110
22000001022211122
01111121122201000
00112020000102200
11111112200102222
22001112211102200
STEP 38 P1 MOVE 8 10 8 12
OWN
01100000000222000
00000000011222000
11110000000222020
00220000011222020
00001101001111110
22000001022211122
01111121122201000
00112020000102200
11111112201112222
22001112211102200
STEP 39 P2 MOVE -1 -1 -1 -1
OWN
01100000000222000
00000000011222000
11110000000222020
00220000011222020
00001101001111110
22000001022211122
01111121122201000
00112020000102200
11111112201112222
22001112211102200
STEP 40 P1 MOVE -1 -1 -1 -1
OWN
01100000000222000
00000000011222000
11110000000222020
00220000011222020
00001101001111110
22000001022211122
01111121122201000
00112020000102200
11111112201112222
22001112211102200
RESULT first=50 second=43 winner=1
ANALYSIS winner=P1 score=50-43 reason=Ĺ»ĂëżěŔ§(+3Ä­ »©ľŃŔ˝,2ąčČż°ú) steal(w/l)=12/9 neu(w/l)=47/46
