BOARD
38685695126253923
63524348743613383
38186686338642756
65349691988828364
93899956617553439
76781497679839828
67256438519377155
55428513299837182
17216898437826397
89861354192177471
STEP 0 P1 MOVE 1 12 2 13
OWN
00000000000000000
00000000000011000
00000000000011000
00000000000000000
00000000000000000
00000000000000000
00000000000000000
00000000000000000
00000000000000000
00000000000000000
STEP 1 P2 MOVE 0 11 0 13
OWN
00000000000222000
00000000000011000
00000000000011000
00000000000000000
00000000000000000
00000000000000000
00000000000000000
00000000000000000
00000000000000000
00000000000000000
STEP 2 P1 MOVE 3 12 5 12
OWN
00000000000222000
00000000000011000
00000000000011000
00000000000010000
00000000000010000
00000000000010000
00000000000000000
00000000000000000
00000000000000000
00000000000000000
STEP 3 P2 MOVE 4 13 4 15
OWN
00000000000222000
00000000000011000
00000000000011000
00000000000010000
00000000000012220
00000000000010000
00000000000000000
00000000000000000
00000000000000000
00000000000000000
STEP 4 P1 MOVE 7 16 9 16
OWN
00000000000222000
00000000000011000
00000000000011000
00000000000010000
00000000000012220
00000000000010000
00000000000000000
00000000000000001
00000000000000001
00000000000000001
STEP 5 P2 MOVE 8 0 8 2
OWN
00000000000222000
00000000000011000
00000000000011000
00000000000010000
00000000000012220
00000000000010000
00000000000000000
00000000000000001
22200000000000001
00000000000000001
STEP 6 P1 MOVE 9 6 9 8
OWN
00000000000222000
00000000000011000
00000000000011000
00000000000010000
00000000000012220
00000000000010000
00000000000000000
00000000000000001
22200000000000001
00000011100000001
STEP 7 P2 MOVE 9 3 9 5
OWN
00000000000222000
00000000000011000
00000000000011000
00000000000010000
00000000000012220
00000000000010000
00000000000000000
00000000000000001
22200000000000001
00022211100000001
STEP 8 P1 MOVE 9 10 9 12
OWN
00000000000222000
00000000000011000
00000000000011000
00000000000010000
00000000000012220
00000000000010000
00000000000000000
00000000000000001
22200000000000001
00022211101110001
STEP 9 P2 MOVE 0 3 1 3
OWN
00020000000222000
00020000000011000
00000000000011000
00000000000010000
00000000000012220
00000000000010000
00000000000000000
00000000000000001
22200000000000001
00022211101110001
STEP 10 P1 MOVE 6 11 6 12
OWN
00020000000222000
00020000000011000
00000000000011000
00000000000010000
00000000000012220
00000000000010000
00000000000110000
00000000000000001
22200000000000001
00022211101110001
STEP 11 P2 MOVE 5 14 5 15
OWN
00020000000222000
00020000000011000
00000000000011000
00000000000010000
00000000000012220
00000000000010220
00000000000110000
00000000000000001
22200000000000001
00022211101110001
STEP 12 P1 MOVE 1 14 2 14
OWN
00020000000222000
00020000000011100
00000000000011100
00000000000010000
00000000000012220
00000000000010220
00000000000110000
00000000000000001
22200000000000001
00022211101110001
STEP 13 P2 MOVE 6 9 6 10
OWN
00020000000222000
00020000000011100
00000000000011100
00000000000010000
00000000000012220
00000000000010220
00000000022110000
00000000000000001
22200000000000001
00022211101110001
STEP 14 P1 MOVE 2 16 3 16
OWN
00020000000222000
00020000000011100
00000000000011101
00000000000010001
00000000000012220
00000000000010220
00000000022110000
00000000000000001
22200000000000001
00022211101110001
STEP 15 P2 MOVE 7 12 7 13
OWN
00020000000222000
00020000000011100
00000000000011101
00000000000010001
00000000000012220
00000000000010220
00000000022110000
00000000000022001
22200000000000001
00022211101110001
STEP 16 P1 MOVE 0 15 1 15
OWN
00020000000222010
00020000000011110
00000000000011101
00000000000010001
00000000000012220
00000000000010220
00000000022110000
00000000000022001
22200000000000001
00022211101110001
STEP 17 P2 MOVE 7 6 8 6
OWN
00020000000222010
00020000000011110
00000000000011101
00000000000010001
00000000000012220
00000000000010220
00000000022110000
00000020000022001
22200020000000001
00022211101110001
STEP 18 P1 MOVE 7 5 7 8
OWN
00020000000222010
00020000000011110
00000000000011101
00000000000010001
00000000000012220
00000000000010220
00000000022110000
00000111100022001
22200020000000001
00022211101110001
STEP 19 P2 MOVE 1 4 2 4
OWN
00020000000222010
00022000000011110
00002000000011101
00000000000010001
00000000000012220
00000000000010220
00000000022110000
00000111100022001
22200020000000001
00022211101110001
STEP 20 P1 MOVE 3 6 3 7
OWN
00020000000222010
00022000000011110
00002000000011101
00000011000010001
00000000000012220
00000000000010220
00000000022110000
00000111100022001
22200020000000001
00022211101110001
STEP 21 P2 MOVE 4 4 5 4
OWN
00020000000222010
00022000000011110
00002000000011101
00000011000010001
00002000000012220
00002000000010220
00000000022110000
00000111100022001
22200020000000001
00022211101110001
STEP 22 P1 MOVE 7 0 7 1
OWN
00020000000222010
00022000000011110
00002000000011101
00000011000010001
00002000000012220
00002000000010220
00000000022110000
11000111100022001
22200020000000001
00022211101110001
STEP 23 P2 MOVE 7 3 7 4
OWN
00020000000222010
00022000000011110
00002000000011101
00000011000010001
00002000000012220
00002000000010220
00000000022110000
11022111100022001
22200020000000001
00022211101110001
STEP 24 P1 MOVE 8 9 8 10
OWN
00020000000222010
00022000000011110
00002000000011101
00000011000010001
00002000000012220
00002000000010220
00000000022110000
11022111100022001
22200020011000001
00022211101110001
STEP 25 P2 MOVE 6 15 6 16
OWN
00020000000222010
00022000000011110
00002000000011101
00000011000010001
00002000000012220
00002000000010220
00000000022110022
11022111100022001
22200020011000001
00022211101110001
STEP 26 P1 MOVE -1 -1 -1 -1
OWN
00020000000222010
00022000000011110
00002000000011101
00000011000010001
00002000000012220
00002000000010220
00000000022110022
11022111100022001
22200020011000001
00022211101110001
STEP 27 P2 MOVE 3 14 6 15
OWN
00020000000222010
00022000000011110
00002000000011101
00000011000010221
00002000000012220
00002000000010220
00000000022110222
11022111100022001
22200020011000001
00022211101110001
STEP 28 P1 MOVE 7 13 8 14
OWN
00020000000222010
00022000000011110
00002000000011101
00000011000010221
00002000000012220
00002000000010220
00000000022110222
11022111100021101
22200020011001101
00022211101110001
STEP 29 P2 MOVE 8 11 8 12
OWN
00020000000222010
00022000000011110
00002000000011101
00000011000010221
00002000000012220
00002000000010220
00000000022110222
11022111100021101
22200020011221101
00022211101110001
STEP 30 P1 MOVE -1 -1 -1 -1
OWN
00020000000222010
00022000000011110
00002000000011101
00000011000010221
00002000000012220
00002000000010220
00000000022110222
11022111100021101
22200020011221101
00022211101110001
STEP 31 P2 MOVE -1 -1 -1 -1
OWN
00020000000222010
00022000000011110
00002000000011101
00000011000010221
00002000000012220
00002000000010220
00000000022110222
11022111100021101
22200020011221101
00022211101110001
RESULT first=38 second=33 winner=1
ANALYSIS winner=P1 score=38-33 reason=±ŮĽŇşąÇŐżěŔ§ steal(w/l)=2/0 neu(w/l)=36/35
