BOARD
26894983684457836
23368345685822546
47584173173888699
12581733239524472
42689532587532997
34554255543746174
32454637141897825
71189419627667869
75238583754239322
81334819793435728
STEP 0 P1 MOVE 6 2 9 2
OWN
00000000000000000
00000000000000000
00000000000000000
00000000000000000
00000000000000000
00000000000000000
00100000000000000
00100000000000000
00100000000000000
00100000000000000
STEP 1 P2 MOVE 7 6 9 6
OWN
00000000000000000
00000000000000000
00000000000000000
00000000000000000
00000000000000000
00000000000000000
00100000000000000
00100020000000000
00100020000000000
00100020000000000
STEP 2 P1 MOVE 3 1 6 1
OWN
00000000000000000
00000000000000000
00000000000000000
01000000000000000
01000000000000000
01000000000000000
01100000000000000
00100020000000000
00100020000000000
00100020000000000
STEP 3 P2 MOVE 3 12 3 14
OWN
00000000000000000
00000000000000000
00000000000000000
01000000000022200
01000000000000000
01000000000000000
01100000000000000
00100020000000000
00100020000000000
00100020000000000
STEP 4 P1 MOVE 4 0 6 0
OWN
00000000000000000
00000000000000000
00000000000000000
01000000000022200
11000000000000000
11000000000000000
11100000000000000
00100020000000000
00100020000000000
00100020000000000
STEP 5 P2 MOVE 4 11 4 13
OWN
00000000000000000
00000000000000000
00000000000000000
01000000000022200
11000000000222000
11000000000000000
11100000000000000
00100020000000000
00100020000000000
00100020000000000
STEP 6 P1 MOVE 6 15 8 15
OWN
00000000000000000
00000000000000000
00000000000000000
01000000000022200
11000000000222000
11000000000000000
11100000000000010
00100020000000010
00100020000000010
00100020000000000
STEP 7 P2 MOVE 9 10 9 12
OWN
00000000000000000
00000000000000000
00000000000000000
01000000000022200
11000000000222000
11000000000000000
11100000000000010
00100020000000010
00100020000000010
00100020002220000
STEP 8 P1 MOVE 4 6 4 8
OWN
00000000000000000
00000000000000000
00000000000000000
01000000000022200
11000011100222000
11000000000000000
11100000000000010
00100020000000010
00100020000000010
00100020002220000
STEP 9 P2 MOVE 5 10 5 11
OWN
00000000000000000
00000000000000000
00000000000000000
01000000000022200
11000011100222000
11000000002200000
11100000000000010
00100020000000010
00100020000000010
00100020002220000
STEP 10 P1 MOVE 8 16 9 16
OWN
00000000000000000
00000000000000000
00000000000000000
01000000000022200
11000011100222000
11000000002200000
11100000000000010
00100020000000010
00100020000000011
00100020002220001
STEP 11 P2 MOVE 1 13 2 13
OWN
00000000000000000
00000000000002000
00000000000002000
01000000000022200
11000011100222000
11000000002200000
11100000000000010
00100020000000010
00100020000000011
00100020002220001
STEP 12 P1 MOVE 5 3 6 3
OWN
00000000000000000
00000000000002000
00000000000002000
01000000000022200
11000011100222000
11010000002200000
11110000000000010
00100020000000010
00100020000000011
00100020002220001
STEP 13 P2 MOVE 1 12 2 12
OWN
00000000000000000
00000000000022000
00000000000022000
01000000000022200
11000011100222000
11010000002200000
11110000000000010
00100020000000010
00100020000000011
00100020002220001
STEP 14 P1 MOVE 1 15 1 16
OWN
00000000000000000
00000000000022011
00000000000022000
01000000000022200
11000011100222000
11010000002200000
11110000000000010
00100020000000010
00100020000000011
00100020002220001
STEP 15 P2 MOVE 3 4 4 4
OWN
00000000000000000
00000000000022011
00000000000022000
01002000000022200
11002011100222000
11010000002200000
11110000000000010
00100020000000010
00100020000000011
00100020002220001
STEP 16 P1 MOVE 2 9 2 10
OWN
00000000000000000
00000000000022011
00000000011022000
01002000000022200
11002011100222000
11010000002200000
11110000000000010
00100020000000010
00100020000000011
00100020002220001
STEP 17 P2 MOVE 6 6 6 7
OWN
00000000000000000
00000000000022011
00000000011022000
01002000000022200
11002011100222000
11010000002200000
11110022000000010
00100020000000010
00100020000000011
00100020002220001
STEP 18 P1 MOVE 2 2 3 2
OWN
00000000000000000
00000000000022011
00100000011022000
01102000000022200
11002011100222000
11010000002200000
11110022000000010
00100020000000010
00100020000000011
00100020002220001
STEP 19 P2 MOVE 2 6 2 7
OWN
00000000000000000
00000000000022011
00100022011022000
01102000000022200
11002011100222000
11010000002200000
11110022000000010
00100020000000010
00100020000000011
00100020002220001
STEP 20 P1 MOVE 6 4 6 5
OWN
00000000000000000
00000000000022011
00100022011022000
01102000000022200
11002011100222000
11010000002200000
11111122000000010
00100020000000010
00100020000000011
00100020002220001
STEP 21 P2 MOVE 5 9 7 9
OWN
00000000000000000
00000000000022011
00100022011022000
01102000000022200
11002011100222000
11010000022200000
11111122020000010
00100020020000010
00100020000000011
00100020002220001
STEP 22 P1 MOVE 6 8 6 11
OWN
00000000000000000
00000000000022011
00100022011022000
01102000000022200
11002011100222000
11010000022200000
11111122111100010
00100020020000010
00100020000000011
00100020002220001
STEP 23 P2 MOVE 5 7 5 8
OWN
00000000000000000
00000000000022011
00100022011022000
01102000000022200
11002011100222000
11010002222200000
11111122111100010
00100020020000010
00100020000000011
00100020002220001
STEP 24 P1 MOVE 4 14 5 14
OWN
00000000000000000
00000000000022011
00100022011022000
01102000000022200
11002011100222100
11010002222200100
11111122111100010
00100020020000010
00100020000000011
00100020002220001
STEP 25 P2 MOVE 5 12 5 13
OWN
00000000000000000
00000000000022011
00100022011022000
01102000000022200
11002011100222100
11010002222222100
11111122111100010
00100020020000010
00100020000000011
00100020002220001
STEP 26 P1 MOVE -1 -1 -1 -1
OWN
00000000000000000
00000000000022011
00100022011022000
01102000000022200
11002011100222100
11010002222222100
11111122111100010
00100020020000010
00100020000000011
00100020002220001
STEP 27 P2 MOVE 3 5 3 6
OWN
00000000000000000
00000000000022011
00100022011022000
01102220000022200
11002011100222100
11010002222222100
11111122111100010
00100020020000010
00100020000000011
00100020002220001
STEP 28 P1 MOVE 2 5 3 9
OWN
00000000000000000
00000000000022011
00100111111022000
01102111110022200
11002011100222100
11010002222222100
11111122111100010
00100020020000010
00100020000000011
00100020002220001
STEP 29 P2 MOVE 1 5 5 5
OWN
00000000000000000
00000200000022011
00100211111022000
01102211110022200
11002211100222100
11010202222222100
11111122111100010
00100020020000010
00100020000000011
00100020002220001
STEP 30 P1 MOVE -1 -1 -1 -1
OWN
00000000000000000
00000200000022011
00100211111022000
01102211110022200
11002211100222100
11010202222222100
11111122111100010
00100020020000010
00100020000000011
00100020002220001
STEP 31 P2 MOVE 8 14 9 14
OWN
00000000000000000
00000200000022011
00100211111022000
01102211110022200
11002211100222100
11010202222222100
11111122111100010
00100020020000010
00100020000000211
00100020002220201
STEP 32 P1 MOVE 7 14 9 15
OWN
00000000000000000
00000200000022011
00100211111022000
01102211110022200
11002211100222100
11010202222222100
11111122111100010
00100020020000110
00100020000000111
00100020002220111
STEP 33 P2 MOVE -1 -1 -1 -1
OWN
00000000000000000
00000200000022011
00100211111022000
01102211110022200
11002211100222100
11010202222222100
11111122111100010
00100020020000110
00100020000000111
00100020002220111
STEP 34 P1 MOVE -1 -1 -1 -1
OWN
00000000000000000
00000200000022011
00100211111022000
01102211110022200
11002211100222100
11010202222222100
11111122111100010
00100020020000110
00100020000000111
00100020002220111
RESULT first=46 second=33 winner=1
ANALYSIS winner=P1 score=46-33 reason=Ĺ»ĂëżěŔ§(+5Ä­ »©ľŃŔ˝,2ąčČż°ú) / şóÄ­Ľ±Áˇ(+3) steal(w/l)=7/2 neu(w/l)=41/38
