BOARD
66884932265836325
22919664144397698
53451392631429678
55249322442225834
84664889993471267
77246827368293465
49472589878591557
34689154433293223
28733867429336173
85683111471975658
STEP 0 P1 MOVE 9 4 9 8
OWN
00000000000000000
00000000000000000
00000000000000000
00000000000000000
00000000000000000
00000000000000000
00000000000000000
00000000000000000
00000000000000000
00001111100000000
STEP 1 P2 MOVE 1 3 3 3
OWN
00000000000000000
00020000000000000
00020000000000000
00020000000000000
00000000000000000
00000000000000000
00000000000000000
00000000000000000
00000000000000000
00001111100000000
STEP 2 P1 MOVE 2 9 2 12
OWN
00000000000000000
00020000000000000
00020000011110000
00020000000000000
00000000000000000
00000000000000000
00000000000000000
00000000000000000
00000000000000000
00001111100000000
STEP 3 P2 MOVE 3 9 3 12
OWN
00000000000000000
00020000000000000
00020000011110000
00020000022220000
00000000000000000
00000000000000000
00000000000000000
00000000000000000
00000000000000000
00001111100000000
STEP 4 P1 MOVE 4 13 5 14
OWN
00000000000000000
00020000000000000
00020000011110000
00020000022220000
00000000000001100
00000000000001100
00000000000000000
00000000000000000
00000000000000000
00001111100000000
STEP 5 P2 MOVE 0 7 3 7
OWN
00000002000000000
00020002000000000
00020002011110000
00020002022220000
00000000000001100
00000000000001100
00000000000000000
00000000000000000
00000000000000000
00001111100000000
STEP 6 P1 MOVE 7 13 7 16
OWN
00000002000000000
00020002000000000
00020002011110000
00020002022220000
00000000000001100
00000000000001100
00000000000000000
00000000000001111
00000000000000000
00001111100000000
STEP 7 P2 MOVE 0 14 0 16
OWN
00000002000000222
00020002000000000
00020002011110000
00020002022220000
00000000000001100
00000000000001100
00000000000000000
00000000000001111
00000000000000000
00001111100000000
STEP 8 P1 MOVE 6 16 8 16
OWN
00000002000000222
00020002000000000
00020002011110000
00020002022220000
00000000000001100
00000000000001100
00000000000000001
00000000000001111
00000000000000001
00001111100000000
STEP 9 P2 MOVE 6 11 8 11
OWN
00000002000000222
00020002000000000
00020002011110000
00020002022220000
00000000000001100
00000000000001100
00000000000200001
00000000000201111
00000000000200001
00001111100000000
STEP 10 P1 MOVE 7 5 7 7
OWN
00000002000000222
00020002000000000
00020002011110000
00020002022220000
00000000000001100
00000000000001100
00000000000200001
00000111000201111
00000000000200001
00001111100000000
STEP 11 P2 MOVE 5 6 6 6
OWN
00000002000000222
00020002000000000
00020002011110000
00020002022220000
00000000000001100
00000020000001100
00000020000200001
00000111000201111
00000000000200001
00001111100000000
STEP 12 P1 MOVE 4 4 5 4
OWN
00000002000000222
00020002000000000
00020002011110000
00020002022220000
00001000000001100
00001020000001100
00000020000200001
00000111000201111
00000000000200001
00001111100000000
STEP 13 P2 MOVE 3 0 3 1
OWN
00000002000000222
00020002000000000
00020002011110000
22020002022220000
00001000000001100
00001020000001100
00000020000200001
00000111000201111
00000000000200001
00001111100000000
STEP 14 P1 MOVE 7 8 7 10
OWN
00000002000000222
00020002000000000
00020002011110000
22020002022220000
00001000000001100
00001020000001100
00000020000200001
00000111111201111
00000000000200001
00001111100000000
STEP 15 P2 MOVE 8 12 8 14
OWN
00000002000000222
00020002000000000
00020002011110000
22020002022220000
00001000000001100
00001020000001100
00000020000200001
00000111111201111
00000000000222201
00001111100000000
STEP 16 P1 MOVE 2 4 3 4
OWN
00000002000000222
00020002000000000
00021002011110000
22021002022220000
00001000000001100
00001020000001100
00000020000200001
00000111111201111
00000000000222201
00001111100000000
STEP 17 P2 MOVE 4 3 5 3
OWN
00000002000000222
00020002000000000
00021002011110000
22021002022220000
00021000000001100
00021020000001100
00000020000200001
00000111111201111
00000000000222201
00001111100000000
STEP 18 P1 MOVE 9 10 9 11
OWN
00000002000000222
00020002000000000
00021002011110000
22021002022220000
00021000000001100
00021020000001100
00000020000200001
00000111111201111
00000000000222201
00001111101100000
STEP 19 P2 MOVE 5 2 5 5
OWN
00000002000000222
00020002000000000
00021002011110000
22021002022220000
00021000000001100
00222220000001100
00000020000200001
00000111111201111
00000000000222201
00001111101100000
STEP 20 P1 MOVE 4 2 6 2
OWN
00000002000000222
00020002000000000
00021002011110000
22021002022220000
00121000000001100
00122220000001100
00100020000200001
00000111111201111
00000000000222201
00001111101100000
STEP 21 P2 MOVE 8 0 8 1
OWN
00000002000000222
00020002000000000
00021002011110000
22021002022220000
00121000000001100
00122220000001100
00100020000200001
00000111111201111
22000000000222201
00001111101100000
STEP 22 P1 MOVE 5 7 5 8
OWN
00000002000000222
00020002000000000
00021002011110000
22021002022220000
00121000000001100
00122221100001100
00100020000200001
00000111111201111
22000000000222201
00001111101100000
STEP 23 P2 MOVE 2 8 3 8
OWN
00000002000000222
00020002000000000
00021002211110000
22021002222220000
00121000000001100
00122221100001100
00100020000200001
00000111111201111
22000000000222201
00001111101100000
STEP 24 P1 MOVE 2 15 3 15
OWN
00000002000000222
00020002000000000
00021002211110010
22021002222220010
00121000000001100
00122221100001100
00100020000200001
00000111111201111
22000000000222201
00001111101100000
STEP 25 P2 MOVE 8 2 8 3
OWN
00000002000000222
00020002000000000
00021002211110010
22021002222220010
00121000000001100
00122221100001100
00100020000200001
00000111111201111
22220000000222201
00001111101100000
STEP 26 P1 MOVE 5 10 5 11
OWN
00000002000000222
00020002000000000
00021002211110010
22021002222220010
00121000000001100
00122221101101100
00100020000200001
00000111111201111
22220000000222201
00001111101100000
STEP 27 P2 MOVE 6 14 6 15
OWN
00000002000000222
00020002000000000
00021002211110010
22021002222220010
00121000000001100
00122221101101100
00100020000200221
00000111111201111
22220000000222201
00001111101100000
STEP 28 P1 MOVE 7 1 7 2
OWN
00000002000000222
00020002000000000
00021002211110010
22021002222220010
00121000000001100
00122221101101100
00100020000200221
01100111111201111
22220000000222201
00001111101100000
STEP 29 P2 MOVE 6 12 6 13
OWN
00000002000000222
00020002000000000
00021002211110010
22021002222220010
00121000000001100
00122221101101100
00100020000222221
01100111111201111
22220000000222201
00001111101100000
STEP 30 P1 MOVE 3 13 9 13
OWN
00000002000000222
00020002000000000
00021002211110010
22021002222221010
00121000000001100
00122221101101100
00100020000221221
01100111111201111
22220000000221201
00001111101101000
STEP 31 P2 MOVE 3 6 3 14
OWN
00000002000000222
00020002000000000
00021002211110010
22021022222222210
00121000000001100
00122221101101100
00100020000221221
01100111111201111
22220000000221201
00001111101101000
STEP 32 P1 MOVE 0 9 1 9
OWN
00000002010000222
00020002010000000
00021002211110010
22021022222222210
00121000000001100
00122221101101100
00100020000221221
01100111111201111
22220000000221201
00001111101101000
STEP 33 P2 MOVE 0 6 0 10
OWN
00000022222000222
00020002010000000
00021002211110010
22021022222222210
00121000000001100
00122221101101100
00100020000221221
01100111111201111
22220000000221201
00001111101101000
STEP 34 P1 MOVE 1 8 4 8
OWN
00000022222000222
00020002110000000
00021002111110010
22021022122222210
00121000100001100
00122221101101100
00100020000221221
01100111111201111
22220000000221201
00001111101101000
STEP 35 P2 MOVE 1 6 1 10
OWN
00000022222000222
00020022222000000
00021002111110010
22021022122222210
00121000100001100
00122221101101100
00100020000221221
01100111111201111
22220000000221201
00001111101101000
STEP 36 P1 MOVE 1 10 4 11
OWN
00000022222000222
00020022221100000
00021002111110010
22021022121122210
00121000101101100
00122221101101100
00100020000221221
01100111111201111
22220000000221201
00001111101101000
STEP 37 P2 MOVE -1 -1 -1 -1
OWN
00000022222000222
00020022221100000
00021002111110010
22021022121122210
00121000101101100
00122221101101100
00100020000221221
01100111111201111
22220000000221201
00001111101101000
STEP 38 P1 MOVE -1 -1 -1 -1
OWN
00000022222000222
00020022221100000
00021002111110010
22021022121122210
00121000101101100
00122221101101100
00100020000221221
01100111111201111
22220000000221201
00001111101101000
RESULT first=53 second=42 winner=1
ANALYSIS winner=P1 score=53-42 reason=Ĺ»ĂëżěŔ§(+3Ä­ »©ľŃŔ˝,2ąčČż°ú) / şóÄ­Ľ±Áˇ(+5) steal(w/l)=8/5 neu(w/l)=50/45
