BOARD
92593444323438133
51981138995534148
17929311477199133
64484358989291999
63557717432147496
62883183752599526
77969554298587889
53648217654154133
11984574526434653
71529851823843928
STEP 0 P1 MOVE 4 10 5 11
OWN
00000000000000000
00000000000000000
00000000000000000
00000000000000000
00000000001100000
00000000001100000
00000000000000000
00000000000000000
00000000000000000
00000000000000000
STEP 1 P2 MOVE 8 0 9 1
OWN
00000000000000000
00000000000000000
00000000000000000
00000000000000000
00000000001100000
00000000001100000
00000000000000000
00000000000000000
22000000000000000
22000000000000000
STEP 2 P1 MOVE 0 11 2 11
OWN
00000000000100000
00000000000100000
00000000000100000
00000000000000000
00000000001100000
00000000001100000
00000000000000000
00000000000000000
22000000000000000
22000000000000000
STEP 3 P2 MOVE 7 15 9 15
OWN
00000000000100000
00000000000100000
00000000000100000
00000000000000000
00000000001100000
00000000001100000
00000000000000000
00000000000000020
22000000000000020
22000000000000020
STEP 4 P1 MOVE 0 15 2 15
OWN
00000000000100010
00000000000100010
00000000000100010
00000000000000000
00000000001100000
00000000001100000
00000000000000000
00000000000000020
22000000000000020
22000000000000020
STEP 5 P2 MOVE 3 12 3 13
OWN
00000000000100010
00000000000100010
00000000000100010
00000000000022000
00000000001100000
00000000001100000
00000000000000000
00000000000000020
22000000000000020
22000000000000020
STEP 6 P1 MOVE 7 9 7 11
OWN
00000000000100010
00000000000100010
00000000000100010
00000000000022000
00000000001100000
00000000001100000
00000000000000000
00000000011100020
22000000000000020
22000000000000020
STEP 7 P2 MOVE 7 12 7 14
OWN
00000000000100010
00000000000100010
00000000000100010
00000000000022000
00000000001100000
00000000001100000
00000000000000000
00000000011122220
22000000000000020
22000000000000020
STEP 8 P1 MOVE 1 3 1 5
OWN
00000000000100010
00011100000100010
00000000000100010
00000000000022000
00000000001100000
00000000001100000
00000000000000000
00000000011122220
22000000000000020
22000000000000020
STEP 9 P2 MOVE 1 6 4 6
OWN
00000000000100010
00011120000100010
00000020000100010
00000020000022000
00000020001100000
00000000001100000
00000000000000000
00000000011122220
22000000000000020
22000000000000020
STEP 10 P1 MOVE 0 5 3 5
OWN
00000100000100010
00011120000100010
00000120000100010
00000120000022000
00000020001100000
00000000001100000
00000000000000000
00000000011122220
22000000000000020
22000000000000020
STEP 11 P2 MOVE 8 3 9 3
OWN
00000100000100010
00011120000100010
00000120000100010
00000120000022000
00000020001100000
00000000001100000
00000000000000000
00000000011122220
22020000000000020
22020000000000020
STEP 12 P1 MOVE 7 2 7 3
OWN
00000100000100010
00011120000100010
00000120000100010
00000120000022000
00000020001100000
00000000001100000
00000000000000000
00110000011122220
22020000000000020
22020000000000020
STEP 13 P2 MOVE 2 13 2 14
OWN
00000100000100010
00011120000100010
00000120000102210
00000120000022000
00000020001100000
00000000001100000
00000000000000000
00110000011122220
22020000000000020
22020000000000020
STEP 14 P1 MOVE 4 7 5 7
OWN
00000100000100010
00011120000100010
00000120000102210
00000120000022000
00000021001100000
00000001001100000
00000000000000000
00110000011122220
22020000000000020
22020000000000020
STEP 15 P2 MOVE 1 1 1 2
OWN
00000100000100010
02211120000100010
00000120000102210
00000120000022000
00000021001100000
00000001001100000
00000000000000000
00110000011122220
22020000000000020
22020000000000020
STEP 16 P1 MOVE 5 15 6 15
OWN
00000100000100010
02211120000100010
00000120000102210
00000120000022000
00000021001100000
00000001001100010
00000000000000010
00110000011122220
22020000000000020
22020000000000020
STEP 17 P2 MOVE 7 5 7 7
OWN
00000100000100010
02211120000100010
00000120000102210
00000120000022000
00000021001100000
00000001001100010
00000000000000010
00110222011122220
22020000000000020
22020000000000020
STEP 18 P1 MOVE 6 5 8 5
OWN
00000100000100010
02211120000100010
00000120000102210
00000120000022000
00000021001100000
00000001001100010
00000100000000010
00110122011122220
22020100000000020
22020000000000020
STEP 19 P2 MOVE 3 0 3 1
OWN
00000100000100010
02211120000100010
00000120000102210
22000120000022000
00000021001100000
00000001001100010
00000100000000010
00110122011122220
22020100000000020
22020000000000020
STEP 20 P1 MOVE 6 1 7 1
OWN
00000100000100010
02211120000100010
00000120000102210
22000120000022000
00000021001100000
00000001001100010
01000100000000010
01110122011122220
22020100000000020
22020000000000020
STEP 21 P2 MOVE 8 10 8 11
OWN
00000100000100010
02211120000100010
00000120000102210
22000120000022000
00000021001100000
00000001001100010
01000100000000010
01110122011122220
22020100002200020
22020000000000020
STEP 22 P1 MOVE 8 13 8 14
OWN
00000100000100010
02211120000100010
00000120000102210
22000120000022000
00000021001100000
00000001001100010
01000100000000010
01110122011122220
22020100002201120
22020000000000020
STEP 23 P2 MOVE 8 8 8 12
OWN
00000100000100010
02211120000100010
00000120000102210
22000120000022000
00000021001100000
00000001001100010
01000100000000010
01110122011122220
22020100222221120
22020000000000020
STEP 24 P1 MOVE 7 7 8 8
OWN
00000100000100010
02211120000100010
00000120000102210
22000120000022000
00000021001100000
00000001001100010
01000100000000010
01110121111122220
22020101122221120
22020000000000020
STEP 25 P2 MOVE 8 6 8 16
OWN
00000100000100010
02211120000100010
00000120000102210
22000120000022000
00000021001100000
00000001001100010
01000100000000010
01110121111122220
22020122222222222
22020000000000020
STEP 26 P1 MOVE 6 6 9 6
OWN
00000100000100010
02211120000100010
00000120000102210
22000120000022000
00000021001100000
00000001001100010
01000110000000010
01110111111122220
22020112222222222
22020010000000020
STEP 27 P2 MOVE 6 8 9 8
OWN
00000100000100010
02211120000100010
00000120000102210
22000120000022000
00000021001100000
00000001001100010
01000110200000010
01110111211122220
22020112222222222
22020010200000020
STEP 28 P1 MOVE 6 13 9 13
OWN
00000100000100010
02211120000100010
00000120000102210
22000120000022000
00000021001100000
00000001001100010
01000110200001010
01110111211121220
22020112222221222
22020010200001020
STEP 29 P2 MOVE 5 1 5 2
OWN
00000100000100010
02211120000100010
00000120000102210
22000120000022000
00000021001100000
02200001001100010
01000110200001010
01110111211121220
22020112222221222
22020010200001020
STEP 30 P1 MOVE 4 2 4 3
OWN
00000100000100010
02211120000100010
00000120000102210
22000120000022000
00110021001100000
02200001001100010
01000110200001010
01110111211121220
22020112222221222
22020010200001020
STEP 31 P2 MOVE 4 4 5 4
OWN
00000100000100010
02211120000100010
00000120000102210
22000120000022000
00112021001100000
02202001001100010
01000110200001010
01110111211121220
22020112222221222
22020010200001020
STEP 32 P1 MOVE 5 4 6 5
OWN
00000100000100010
02211120000100010
00000120000102210
22000120000022000
00112021001100000
02201101001100010
01001110200001010
01110111211121220
22020112222221222
22020010200001020
STEP 33 P2 MOVE 4 1 4 5
OWN
00000100000100010
02211120000100010
00000120000102210
22000120000022000
02222221001100000
02201101001100010
01001110200001010
01110111211121220
22020112222221222
22020010200001020
STEP 34 P1 MOVE 3 0 4 2
OWN
00000100000100010
02211120000100010
00000120000102210
11100120000022000
11122221001100000
02201101001100010
01001110200001010
01110111211121220
22020112222221222
22020010200001020
STEP 35 P2 MOVE 6 3 6 7
OWN
00000100000100010
02211120000100010
00000120000102210
11100120000022000
11122221001100000
02201101001100010
01022222200001010
01110111211121220
22020112222221222
22020010200001020
STEP 36 P1 MOVE 2 7 9 7
OWN
00000100000100010
02211120000100010
00000121000102210
11100121000022000
11122221001100000
02201101001100010
01022221200001010
01110111211121220
22020111222221222
22020011200001020
STEP 37 P2 MOVE 9 5 9 9
OWN
00000100000100010
02211120000100010
00000121000102210
11100121000022000
11122221001100000
02201101001100010
01022221200001010
01110111211121220
22020111222221222
22020222220001020
STEP 38 P1 MOVE 2 3 3 3
OWN
00000100000100010
02211120000100010
00010121000102210
11110121000022000
11122221001100000
02201101001100010
01022221200001010
01110111211121220
22020111222221222
22020222220001020
STEP 39 P2 MOVE -1 -1 -1 -1
OWN
00000100000100010
02211120000100010
00010121000102210
11110121000022000
11122221001100000
02201101001100010
01022221200001010
01110111211121220
22020111222221222
22020222220001020
STEP 40 P1 MOVE -1 -1 -1 -1
OWN
00000100000100010
02211120000100010
00010121000102210
11110121000022000
11122221001100000
02201101001100010
01022221200001010
01110111211121220
22020111222221222
22020222220001020
RESULT first=50 second=44 winner=1
ANALYSIS winner=P1 score=50-44 reason=斬模犒м辦嬪 steal(w/l)=14/12 neu(w/l)=48/46
