BOARD
67167669175338946
22928828166334326
11561168577639893
93285221345683798
55479428594332292
41469127739546478
73998923947148537
39159778455692467
15256466366491315
41577583478846982
STEP 0 P1 MOVE 2 1 5 1
OWN
00000000000000000
00000000000000000
01000000000000000
01000000000000000
01000000000000000
01000000000000000
00000000000000000
00000000000000000
00000000000000000
00000000000000000
STEP 1 P2 MOVE 4 11 4 14
OWN
00000000000000000
00000000000000000
01000000000000000
01000000000000000
01000000000222200
01000000000000000
00000000000000000
00000000000000000
00000000000000000
00000000000000000
STEP 2 P1 MOVE 6 15 8 15
OWN
00000000000000000
00000000000000000
01000000000000000
01000000000000000
01000000000222200
01000000000000000
00000000000000010
00000000000000010
00000000000000010
00000000000000000
STEP 3 P2 MOVE 7 13 8 14
OWN
00000000000000000
00000000000000000
01000000000000000
01000000000000000
01000000000222200
01000000000000000
00000000000000010
00000000000002210
00000000000002210
00000000000000000
STEP 4 P1 MOVE 0 8 3 8
OWN
00000000100000000
00000000100000000
01000000100000000
01000000100000000
01000000000222200
01000000000000000
00000000000000010
00000000000002210
00000000000002210
00000000000000000
STEP 5 P2 MOVE 9 0 9 2
OWN
00000000100000000
00000000100000000
01000000100000000
01000000100000000
01000000000222200
01000000000000000
00000000000000010
00000000000002210
00000000000002210
22200000000000000
STEP 6 P1 MOVE 1 11 1 13
OWN
00000000100000000
00000000100111000
01000000100000000
01000000100000000
01000000000222200
01000000000000000
00000000000000010
00000000000002210
00000000000002210
22200000000000000
STEP 7 P2 MOVE 3 4 3 7
OWN
00000000100000000
00000000100111000
01000000100000000
01002222100000000
01000000000222200
01000000000000000
00000000000000010
00000000000002210
00000000000002210
22200000000000000
STEP 8 P1 MOVE 5 4 5 5
OWN
00000000100000000
00000000100111000
01000000100000000
01002222100000000
01000000000222200
01001100000000000
00000000000000010
00000000000002210
00000000000002210
22200000000000000
STEP 9 P2 MOVE 2 4 4 4
OWN
00000000100000000
00000000100111000
01002000100000000
01002222100000000
01002000000222200
01001100000000000
00000000000000010
00000000000002210
00000000000002210
22200000000000000
STEP 10 P1 MOVE 3 2 3 3
OWN
00000000100000000
00000000100111000
01002000100000000
01112222100000000
01002000000222200
01001100000000000
00000000000000010
00000000000002210
00000000000002210
22200000000000000
STEP 11 P2 MOVE 9 15 9 16
OWN
00000000100000000
00000000100111000
01002000100000000
01112222100000000
01002000000222200
01001100000000000
00000000000000010
00000000000002210
00000000000002210
22200000000000022
STEP 12 P1 MOVE 4 16 5 16
OWN
00000000100000000
00000000100111000
01002000100000000
01112222100000000
01002000000222201
01001100000000001
00000000000000010
00000000000002210
00000000000002210
22200000000000022
STEP 13 P2 MOVE 6 0 6 1
OWN
00000000100000000
00000000100111000
01002000100000000
01112222100000000
01002000000222201
01001100000000001
22000000000000010
00000000000002210
00000000000002210
22200000000000022
STEP 14 P1 MOVE 5 8 5 9
OWN
00000000100000000
00000000100111000
01002000100000000
01112222100000000
01002000000222201
01001100110000001
22000000000000010
00000000000002210
00000000000002210
22200000000000022
STEP 15 P2 MOVE 5 7 6 7
OWN
00000000100000000
00000000100111000
01002000100000000
01112222100000000
01002000000222201
01001102110000001
22000002000000010
00000000000002210
00000000000002210
22200000000000022
STEP 16 P1 MOVE 9 12 9 13
OWN
00000000100000000
00000000100111000
01002000100000000
01112222100000000
01002000000222201
01001102110000001
22000002000000010
00000000000002210
00000000000002210
22200000000011022
STEP 17 P2 MOVE 3 13 3 14
OWN
00000000100000000
00000000100111000
01002000100000000
01112222100002200
01002000000222201
01001102110000001
22000002000000010
00000000000002210
00000000000002210
22200000000011022
STEP 18 P1 MOVE 1 5 1 6
OWN
00000000100000000
00000110100111000
01002000100000000
01112222100002200
01002000000222201
01001102110000001
22000002000000010
00000000000002210
00000000000002210
22200000000011022
STEP 19 P2 MOVE 5 13 5 14
OWN
00000000100000000
00000110100111000
01002000100000000
01112222100002200
01002000000222201
01001102110002201
22000002000000010
00000000000002210
00000000000002210
22200000000011022
STEP 20 P1 MOVE 7 11 8 11
OWN
00000000100000000
00000110100111000
01002000100000000
01112222100002200
01002000000222201
01001102110002201
22000002000000010
00000000000102210
00000000000102210
22200000000011022
STEP 21 P2 MOVE 8 4 8 5
OWN
00000000100000000
00000110100111000
01002000100000000
01112222100002200
01002000000222201
01001102110002201
22000002000000010
00000000000102210
00002200000102210
22200000000011022
STEP 22 P1 MOVE 0 15 0 16
OWN
00000000100000011
00000110100111000
01002000100000000
01112222100002200
01002000000222201
01001102110002201
22000002000000010
00000000000102210
00002200000102210
22200000000011022
STEP 23 P2 MOVE 1 3 1 4
OWN
00000000100000011
00022110100111000
01002000100000000
01112222100002200
01002000000222201
01001102110002201
22000002000000010
00000000000102210
00002200000102210
22200000000011022
STEP 24 P1 MOVE 2 0 3 0
OWN
00000000100000011
00022110100111000
11002000100000000
11112222100002200
01002000000222201
01001102110002201
22000002000000010
00000000000102210
00002200000102210
22200000000011022
STEP 25 P2 MOVE 5 2 5 3
OWN
00000000100000011
00022110100111000
11002000100000000
11112222100002200
01002000000222201
01221102110002201
22000002000000010
00000000000102210
00002200000102210
22200000000011022
STEP 26 P1 MOVE 2 6 5 6
OWN
00000000100000011
00022110100111000
11002010100000000
11112212100002200
01002010000222201
01221112110002201
22000002000000010
00000000000102210
00002200000102210
22200000000011022
STEP 27 P2 MOVE 4 6 6 7
OWN
00000000100000011
00022110100111000
11002010100000000
11112212100002200
01002022000222201
01221122110002201
22000022000000010
00000000000102210
00002200000102210
22200000000011022
STEP 28 P1 MOVE 6 2 7 2
OWN
00000000100000011
00022110100111000
11002010100000000
11112212100002200
01002022000222201
01221122110002201
22100022000000010
00100000000102210
00002200000102210
22200000000011022
STEP 29 P2 MOVE 7 3 8 3
OWN
00000000100000011
00022110100111000
11002010100000000
11112212100002200
01002022000222201
01221122110002201
22100022000000010
00120000000102210
00022200000102210
22200000000011022
STEP 30 P1 MOVE -1 -1 -1 -1
OWN
00000000100000011
00022110100111000
11002010100000000
11112212100002200
01002022000222201
01221122110002201
22100022000000010
00120000000102210
00022200000102210
22200000000011022
STEP 31 P2 MOVE -1 -1 -1 -1
OWN
00000000100000011
00022110100111000
11002010100000000
11112212100002200
01002022000222201
01221122110002201
22100022000000010
00120000000102210
00022200000102210
22200000000011022
RESULT first=36 second=38 winner=2
ANALYSIS winner=P2 score=36-38 reason=żŞŔü˝Â steal(w/l)=2/1 neu(w/l)=37/37
