BOARD
74438891137193166
17898287595352885
97275937158714894
87833879432314817
26524551968453191
95768298568745214
85526745474449516
31278958659633214
34888835684813184
44161347753279971
STEP 0 P1 MOVE 7 12 8 13
OWN
00000000000000000
00000000000000000
00000000000000000
00000000000000000
00000000000000000
00000000000000000
00000000000000000
00000000000011000
00000000000011000
00000000000000000
STEP 1 P2 MOVE 6 1 8 1
OWN
00000000000000000
00000000000000000
00000000000000000
00000000000000000
00000000000000000
00000000000000000
02000000000000000
02000000000011000
02000000000011000
00000000000000000
STEP 2 P1 MOVE 3 10 3 13
OWN
00000000000000000
00000000000000000
00000000000000000
00000000001111000
00000000000000000
00000000000000000
02000000000000000
02000000000011000
02000000000011000
00000000000000000
STEP 3 P2 MOVE 2 12 5 12
OWN
00000000000000000
00000000000000000
00000000000020000
00000000001121000
00000000000020000
00000000000020000
02000000000000000
02000000000011000
02000000000011000
00000000000000000
STEP 4 P1 MOVE 0 13 0 15
OWN
00000000000001110
00000000000000000
00000000000020000
00000000001121000
00000000000020000
00000000000020000
02000000000000000
02000000000011000
02000000000011000
00000000000000000
STEP 5 P2 MOVE 1 11 1 13
OWN
00000000000001110
00000000000222000
00000000000020000
00000000001121000
00000000000020000
00000000000020000
02000000000000000
02000000000011000
02000000000011000
00000000000000000
STEP 6 P1 MOVE 7 0 9 0
OWN
00000000000001110
00000000000222000
00000000000020000
00000000001121000
00000000000020000
00000000000020000
02000000000000000
12000000000011000
12000000000011000
10000000000000000
STEP 7 P2 MOVE 1 5 1 6
OWN
00000000000001110
00000220000222000
00000000000020000
00000000001121000
00000000000020000
00000000000020000
02000000000000000
12000000000011000
12000000000011000
10000000000000000
STEP 8 P1 MOVE 2 6 3 6
OWN
00000000000001110
00000220000222000
00000010000020000
00000010001121000
00000000000020000
00000000000020000
02000000000000000
12000000000011000
12000000000011000
10000000000000000
STEP 9 P2 MOVE 3 7 4 7
OWN
00000000000001110
00000220000222000
00000010000020000
00000012001121000
00000002000020000
00000000000020000
02000000000000000
12000000000011000
12000000000011000
10000000000000000
STEP 10 P1 MOVE 4 5 4 6
OWN
00000000000001110
00000220000222000
00000010000020000
00000012001121000
00000112000020000
00000000000020000
02000000000000000
12000000000011000
12000000000011000
10000000000000000
STEP 11 P2 MOVE 9 3 9 5
OWN
00000000000001110
00000220000222000
00000010000020000
00000012001121000
00000112000020000
00000000000020000
02000000000000000
12000000000011000
12000000000011000
10022200000000000
STEP 12 P1 MOVE 9 9 9 11
OWN
00000000000001110
00000220000222000
00000010000020000
00000012001121000
00000112000020000
00000000000020000
02000000000000000
12000000000011000
12000000000011000
10022200011100000
STEP 13 P2 MOVE 2 15 3 15
OWN
00000000000001110
00000220000222000
00000010000020020
00000012001121020
00000112000020000
00000000000020000
02000000000000000
12000000000011000
12000000000011000
10022200011100000
STEP 14 P1 MOVE 8 14 9 14
OWN
00000000000001110
00000220000222000
00000010000020020
00000012001121020
00000112000020000
00000000000020000
02000000000000000
12000000000011000
12000000000011100
10022200011100100
STEP 15 P2 MOVE 1 2 2 2
OWN
00000000000001110
00200220000222000
00200010000020020
00000012001121020
00000112000020000
00000000000020000
02000000000000000
12000000000011000
12000000000011100
10022200011100100
STEP 16 P1 MOVE 6 8 7 8
OWN
00000000000001110
00200220000222000
00200010000020020
00000012001121020
00000112000020000
00000000000020000
02000000100000000
12000000100011000
12000000000011100
10022200011100100
STEP 17 P2 MOVE 4 14 7 14
OWN
00000000000001110
00200220000222000
00200010000020020
00000012001121020
00000112000020200
00000000000020200
02000000100000200
12000000100011200
12000000000011100
10022200011100100
STEP 18 P1 MOVE 5 13 5 16
OWN
00000000000001110
00200220000222000
00200010000020020
00000012001121020
00000112000020200
00000000000021111
02000000100000200
12000000100011200
12000000000011100
10022200011100100
STEP 19 P2 MOVE 4 15 6 15
OWN
00000000000001110
00200220000222000
00200010000020020
00000012001121020
00000112000020220
00000000000021121
02000000100000220
12000000100011200
12000000000011100
10022200011100100
STEP 20 P1 MOVE 0 6 0 7
OWN
00000011000001110
00200220000222000
00200010000020020
00000012001121020
00000112000020220
00000000000021121
02000000100000220
12000000100011200
12000000000011100
10022200011100100
STEP 21 P2 MOVE 0 11 0 12
OWN
00000011000221110
00200220000222000
00200010000020020
00000012001121020
00000112000020220
00000000000021121
02000000100000220
12000000100011200
12000000000011100
10022200011100100
STEP 22 P1 MOVE 0 9 0 10
OWN
00000011011221110
00200220000222000
00200010000020020
00000012001121020
00000112000020220
00000000000021121
02000000100000220
12000000100011200
12000000000011100
10022200011100100
STEP 23 P2 MOVE 1 0 2 0
OWN
00000011011221110
20200220000222000
20200010000020020
00000012001121020
00000112000020220
00000000000021121
02000000100000220
12000000100011200
12000000000011100
10022200011100100
STEP 24 P1 MOVE 3 0 4 0
OWN
00000011011221110
20200220000222000
20200010000020020
10000012001121020
10000112000020220
00000000000021121
02000000100000220
12000000100011200
12000000000011100
10022200011100100
STEP 25 P2 MOVE 2 3 3 3
OWN
00000011011221110
20200220000222000
20220010000020020
10020012001121020
10000112000020220
00000000000021121
02000000100000220
12000000100011200
12000000000011100
10022200011100100
STEP 26 P1 MOVE 4 3 6 3
OWN
00000011011221110
20200220000222000
20220010000020020
10020012001121020
10010112000020220
00010000000021121
02010000100000220
12000000100011200
12000000000011100
10022200011100100
STEP 27 P2 MOVE 5 4 5 5
OWN
00000011011221110
20200220000222000
20220010000020020
10020012001121020
10010112000020220
00012200000021121
02010000100000220
12000000100011200
12000000000011100
10022200011100100
STEP 28 P1 MOVE 4 4 6 4
OWN
00000011011221110
20200220000222000
20220010000020020
10020012001121020
10011112000020220
00011200000021121
02011000100000220
12000000100011200
12000000000011100
10022200011100100
STEP 29 P2 MOVE 1 8 3 8
OWN
00000011011221110
20200220200222000
20220010200020020
10020012201121020
10011112000020220
00011200000021121
02011000100000220
12000000100011200
12000000000011100
10022200011100100
STEP 30 P1 MOVE 0 8 4 8
OWN
00000011111221110
20200220100222000
20220010100020020
10020012101121020
10011112100020220
00011200000021121
02011000100000220
12000000100011200
12000000000011100
10022200011100100
STEP 31 P2 MOVE 6 11 7 11
OWN
00000011111221110
20200220100222000
20220010100020020
10020012101121020
10011112100020220
00011200000021121
02011000100200220
12000000100211200
12000000000011100
10022200011100100
STEP 32 P1 MOVE 7 10 7 15
OWN
00000011111221110
20200220100222000
20220010100020020
10020012101121020
10011112100020220
00011200000021121
02011000100200220
12000000101111110
12000000000011100
10022200011100100
STEP 33 P2 MOVE 6 16 7 16
OWN
00000011111221110
20200220100222000
20220010100020020
10020012101121020
10011112100020220
00011200000021121
02011000100200222
12000000101111112
12000000000011100
10022200011100100
STEP 34 P1 MOVE -1 -1 -1 -1
OWN
00000011111221110
20200220100222000
20220010100020020
10020012101121020
10011112100020220
00011200000021121
02011000100200222
12000000101111112
12000000000011100
10022200011100100
STEP 35 P2 MOVE -1 -1 -1 -1
OWN
00000011111221110
20200220100222000
20220010100020020
10020012101121020
10011112100020220
00011200000021121
02011000100200222
12000000101111112
12000000000011100
10022200011100100
RESULT first=48 second=36 winner=1
ANALYSIS winner=P1 score=48-36 reason=Ĺ»ĂëżěŔ§(+5Ä­ »©ľŃŔ˝,2ąčČż°ú) steal(w/l)=7/2 neu(w/l)=43/41
