BOARD
39629359762474835
89164275939363953
56884497424689562
16752967982217671
51794828321489526
24311719656452343
33869237596569827
75175212477725272
55729926523622928
11587338796867223
STEP 0 P1 MOVE 5 6 9 6
OWN
00000000000000000
00000000000000000
00000000000000000
00000000000000000
00000000000000000
00000010000000000
00000010000000000
00000010000000000
00000010000000000
00000010000000000
STEP 1 P2 MOVE 4 8 4 11
OWN
00000000000000000
00000000000000000
00000000000000000
00000000000000000
00000000222200000
00000010000000000
00000010000000000
00000010000000000
00000010000000000
00000010000000000
STEP 2 P1 MOVE 5 14 5 16
OWN
00000000000000000
00000000000000000
00000000000000000
00000000000000000
00000000222200000
00000010000000111
00000010000000000
00000010000000000
00000010000000000
00000010000000000
STEP 3 P2 MOVE 6 12 8 12
OWN
00000000000000000
00000000000000000
00000000000000000
00000000000000000
00000000222200000
00000010000000111
00000010000020000
00000010000020000
00000010000020000
00000010000000000
STEP 4 P1 MOVE 0 16 2 16
OWN
00000000000000001
00000000000000001
00000000000000001
00000000000000000
00000000222200000
00000010000000111
00000010000020000
00000010000020000
00000010000020000
00000010000000000
STEP 5 P2 MOVE 4 0 6 0
OWN
00000000000000001
00000000000000001
00000000000000001
00000000000000000
20000000222200000
20000010000000111
20000010000020000
00000010000020000
00000010000020000
00000010000000000
STEP 6 P1 MOVE 8 8 8 10
OWN
00000000000000001
00000000000000001
00000000000000001
00000000000000000
20000000222200000
20000010000000111
20000010000020000
00000010000020000
00000010111020000
00000010000000000
STEP 7 P2 MOVE 1 4 3 4
OWN
00000000000000001
00002000000000001
00002000000000001
00002000000000000
20000000222200000
20000010000000111
20000010000020000
00000010000020000
00000010111020000
00000010000000000
STEP 8 P1 MOVE 7 1 8 1
OWN
00000000000000001
00002000000000001
00002000000000001
00002000000000000
20000000222200000
20000010000000111
20000010000020000
01000010000020000
01000010111020000
00000010000000000
STEP 9 P2 MOVE 2 9 3 9
OWN
00000000000000001
00002000000000001
00002000020000001
00002000020000000
20000000222200000
20000010000000111
20000010000020000
01000010000020000
01000010111020000
00000010000000000
STEP 10 P1 MOVE 1 1 1 2
OWN
00000000000000001
01102000000000001
00002000020000001
00002000020000000
20000000222200000
20000010000000111
20000010000020000
01000010000020000
01000010111020000
00000010000000000
STEP 11 P2 MOVE 4 5 4 6
OWN
00000000000000001
01102000000000001
00002000020000001
00002000020000000
20000220222200000
20000010000000111
20000010000020000
01000010000020000
01000010111020000
00000010000000000
STEP 12 P1 MOVE 8 3 9 3
OWN
00000000000000001
01102000000000001
00002000020000001
00002000020000000
20000220222200000
20000010000000111
20000010000020000
01000010000020000
01010010111020000
00010010000000000
STEP 13 P2 MOVE 2 10 2 11
OWN
00000000000000001
01102000000000001
00002000022200001
00002000020000000
20000220222200000
20000010000000111
20000010000020000
01000010000020000
01010010111020000
00010010000000000
STEP 14 P1 MOVE 6 14 6 15
OWN
00000000000000001
01102000000000001
00002000022200001
00002000020000000
20000220222200000
20000010000000111
20000010000020110
01000010000020000
01010010111020000
00010010000000000
STEP 15 P2 MOVE 4 3 5 3
OWN
00000000000000001
01102000000000001
00002000022200001
00002000020000000
20020220222200000
20020010000000111
20000010000020110
01000010000020000
01010010111020000
00010010000000000
STEP 16 P1 MOVE 3 3 5 4
OWN
00000000000000001
01102000000000001
00002000022200001
00011000020000000
20011220222200000
20011010000000111
20000010000020110
01000010000020000
01010010111020000
00010010000000000
STEP 17 P2 MOVE 5 2 5 5
OWN
00000000000000001
01102000000000001
00002000022200001
00011000020000000
20011220222200000
20222210000000111
20000010000020110
01000010000020000
01010010111020000
00010010000000000
STEP 18 P1 MOVE 8 15 8 16
OWN
00000000000000001
01102000000000001
00002000022200001
00011000020000000
20011220222200000
20222210000000111
20000010000020110
01000010000020000
01010010111020011
00010010000000000
STEP 19 P2 MOVE 9 4 9 5
OWN
00000000000000001
01102000000000001
00002000022200001
00011000020000000
20011220222200000
20222210000000111
20000010000020110
01000010000020000
01010010111020011
00012210000000000
STEP 20 P1 MOVE -1 -1 -1 -1
OWN
00000000000000001
01102000000000001
00002000022200001
00011000020000000
20011220222200000
20222210000000111
20000010000020110
01000010000020000
01010010111020011
00012210000000000
STEP 21 P2 MOVE 6 0 7 1
OWN
00000000000000001
01102000000000001
00002000022200001
00011000020000000
20011220222200000
20222210000000111
22000010000020110
22000010000020000
01010010111020011
00012210000000000
STEP 22 P1 MOVE 4 0 8 1
OWN
00000000000000001
01102000000000001
00002000022200001
00011000020000000
11011220222200000
11222210000000111
11000010000020110
11000010000020000
11010010111020011
00012210000000000
STEP 23 P2 MOVE -1 -1 -1 -1
OWN
00000000000000001
01102000000000001
00002000022200001
00011000020000000
11011220222200000
11222210000000111
11000010000020110
11000010000020000
11010010111020011
00012210000000000
STEP 24 P1 MOVE -1 -1 -1 -1
OWN
00000000000000001
01102000000000001
00002000022200001
00011000020000000
11011220222200000
11222210000000111
11000010000020110
11000010000020000
11010010111020011
00012210000000000
RESULT first=36 second=21 winner=1
ANALYSIS winner=P1 score=36-21 reason=Ĺ»ĂëżěŔ§(+6Ä­ »©ľŃŔ˝,2ąčČż°ú) / şóÄ­Ľ±Áˇ(+3) steal(w/l)=9/3 neu(w/l)=30/27
