BOARD
45559856276986663
92615275442199488
21233671623628194
62859899652631449
88332369741377874
58515376457987781
99859396984387893
96675631217344295
57477978488294434
77469844715349586
STEP 0 P1 MOVE 7 5 7 7
OWN
00000000000000000
00000000000000000
00000000000000000
00000000000000000
00000000000000000
00000000000000000
00000000000000000
00000111000000000
00000000000000000
00000000000000000
STEP 1 P2 MOVE 0 1 0 2
OWN
02200000000000000
00000000000000000
00000000000000000
00000000000000000
00000000000000000
00000000000000000
00000000000000000
00000111000000000
00000000000000000
00000000000000000
STEP 2 P1 MOVE 7 9 9 9
OWN
02200000000000000
00000000000000000
00000000000000000
00000000000000000
00000000000000000
00000000000000000
00000000000000000
00000111010000000
00000000010000000
00000000010000000
STEP 3 P2 MOVE 7 12 7 14
OWN
02200000000000000
00000000000000000
00000000000000000
00000000000000000
00000000000000000
00000000000000000
00000000000000000
00000111010022200
00000000010000000
00000000010000000
STEP 4 P1 MOVE 4 11 4 12
OWN
02200000000000000
00000000000000000
00000000000000000
00000000000000000
00000000000110000
00000000000000000
00000000000000000
00000111010022200
00000000010000000
00000000010000000
STEP 5 P2 MOVE 0 11 1 11
OWN
02200000000200000
00000000000200000
00000000000000000
00000000000000000
00000000000110000
00000000000000000
00000000000000000
00000111010022200
00000000010000000
00000000010000000
STEP 6 P1 MOVE 1 8 1 10
OWN
02200000000200000
00000000111200000
00000000000000000
00000000000000000
00000000000110000
00000000000000000
00000000000000000
00000111010022200
00000000010000000
00000000010000000
STEP 7 P2 MOVE 3 10 5 10
OWN
02200000000200000
00000000111200000
00000000000000000
00000000002000000
00000000002110000
00000000002000000
00000000000000000
00000111010022200
00000000010000000
00000000010000000
STEP 8 P1 MOVE 0 5 1 5
OWN
02200100000200000
00000100111200000
00000000000000000
00000000002000000
00000000002110000
00000000002000000
00000000000000000
00000111010022200
00000000010000000
00000000010000000
STEP 9 P2 MOVE 0 14 1 14
OWN
02200100000200200
00000100111200200
00000000000000000
00000000002000000
00000000002110000
00000000002000000
00000000000000000
00000111010022200
00000000010000000
00000000010000000
STEP 10 P1 MOVE 7 2 8 2
OWN
02200100000200200
00000100111200200
00000000000000000
00000000002000000
00000000002110000
00000000002000000
00000000000000000
00100111010022200
00100000010000000
00000000010000000
STEP 11 P2 MOVE 7 10 7 11
OWN
02200100000200200
00000100111200200
00000000000000000
00000000002000000
00000000002110000
00000000002000000
00000000000000000
00100111012222200
00100000010000000
00000000010000000
STEP 12 P1 MOVE 8 10 8 11
OWN
02200100000200200
00000100111200200
00000000000000000
00000000002000000
00000000002110000
00000000002000000
00000000000000000
00100111012222200
00100000011100000
00000000010000000
STEP 13 P2 MOVE 8 16 9 16
OWN
02200100000200200
00000100111200200
00000000000000000
00000000002000000
00000000002110000
00000000002000000
00000000000000000
00100111012222200
00100000011100002
00000000010000002
STEP 14 P1 MOVE 9 2 9 3
OWN
02200100000200200
00000100111200200
00000000000000000
00000000002000000
00000000002110000
00000000002000000
00000000000000000
00100111012222200
00100000011100002
00110000010000002
STEP 15 P2 MOVE 5 5 5 6
OWN
02200100000200200
00000100111200200
00000000000000000
00000000002000000
00000000002110000
00000220002000000
00000000000000000
00100111012222200
00100000011100002
00110000010000002
STEP 16 P1 MOVE 5 7 5 8
OWN
02200100000200200
00000100111200200
00000000000000000
00000000002000000
00000000002110000
00000221102000000
00000000000000000
00100111012222200
00100000011100002
00110000010000002
STEP 17 P2 MOVE 2 2 3 2
OWN
02200100000200200
00000100111200200
00200000000000000
00200000002000000
00000000002110000
00000221102000000
00000000000000000
00100111012222200
00100000011100002
00110000010000002
STEP 18 P1 MOVE 3 1 4 1
OWN
02200100000200200
00000100111200200
00200000000000000
01200000002000000
01000000002110000
00000221102000000
00000000000000000
00100111012222200
00100000011100002
00110000010000002
STEP 19 P2 MOVE 2 7 3 7
OWN
02200100000200200
00000100111200200
00200002000000000
01200002002000000
01000000002110000
00000221102000000
00000000000000000
00100111012222200
00100000011100002
00110000010000002
STEP 20 P1 MOVE 2 14 2 15
OWN
02200100000200200
00000100111200200
00200002000000110
01200002002000000
01000000002110000
00000221102000000
00000000000000000
00100111012222200
00100000011100002
00110000010000002
STEP 21 P2 MOVE 1 2 2 3
OWN
02200100000200200
00220100111200200
00220002000000110
01200002002000000
01000000002110000
00000221102000000
00000000000000000
00100111012222200
00100000011100002
00110000010000002
STEP 22 P1 MOVE 2 1 2 5
OWN
02200100000200200
00220100111200200
01111102000000110
01200002002000000
01000000002110000
00000221102000000
00000000000000000
00100111012222200
00100000011100002
00110000010000002
STEP 23 P2 MOVE 0 3 3 3
OWN
02220100000200200
00220100111200200
01121102000000110
01220002002000000
01000000002110000
00000221102000000
00000000000000000
00100111012222200
00100000011100002
00110000010000002
STEP 24 P1 MOVE 1 1 5 1
OWN
02220100000200200
01220100111200200
01121102000000110
01220002002000000
01000000002110000
01000221102000000
00000000000000000
00100111012222200
00100000011100002
00110000010000002
STEP 25 P2 MOVE 5 0 5 2
OWN
02220100000200200
01220100111200200
01121102000000110
01220002002000000
01000000002110000
22200221102000000
00000000000000000
00100111012222200
00100000011100002
00110000010000002
STEP 26 P1 MOVE -1 -1 -1 -1
OWN
02220100000200200
01220100111200200
01121102000000110
01220002002000000
01000000002110000
22200221102000000
00000000000000000
00100111012222200
00100000011100002
00110000010000002
STEP 27 P2 MOVE 2 9 3 10
OWN
02220100000200200
01220100111200200
01121102022000110
01220002022000000
01000000002110000
22200221102000000
00000000000000000
00100111012222200
00100000011100002
00110000010000002
STEP 28 P1 MOVE 0 10 6 10
OWN
02220100001200200
01220100111200200
01121102021000110
01220002021000000
01000000001110000
22200221101000000
00000000001000000
00100111012222200
00100000011100002
00110000010000002
STEP 29 P2 MOVE 2 12 2 13
OWN
02220100001200200
01220100111200200
01121102021022110
01220002021000000
01000000001110000
22200221101000000
00000000001000000
00100111012222200
00100000011100002
00110000010000002
STEP 30 P1 MOVE 2 11 2 16
OWN
02220100001200200
01220100111200200
01121102021111111
01220002021000000
01000000001110000
22200221101000000
00000000001000000
00100111012222200
00100000011100002
00110000010000002
STEP 31 P2 MOVE 3 9 4 11
OWN
02220100001200200
01220100111200200
01121102021111111
01220002022200000
01000000022210000
22200221101000000
00000000001000000
00100111012222200
00100000011100002
00110000010000002
STEP 32 P1 MOVE -1 -1 -1 -1
OWN
02220100001200200
01220100111200200
01121102021111111
01220002022200000
01000000022210000
22200221101000000
00000000001000000
00100111012222200
00100000011100002
00110000010000002
STEP 33 P2 MOVE 5 4 5 9
OWN
02220100001200200
01220100111200200
01121102021111111
01220002022200000
01000000022210000
22202222221000000
00000000001000000
00100111012222200
00100000011100002
00110000010000002
STEP 34 P1 MOVE 5 3 5 11
OWN
02220100001200200
01220100111200200
01121102021111111
01220002022200000
01000000022210000
22211111111100000
00000000001000000
00100111012222200
00100000011100002
00110000010000002
STEP 35 P2 MOVE -1 -1 -1 -1
OWN
02220100001200200
01220100111200200
01121102021111111
01220002022200000
01000000022210000
22211111111100000
00000000001000000
00100111012222200
00100000011100002
00110000010000002
STEP 36 P1 MOVE -1 -1 -1 -1
OWN
02220100001200200
01220100111200200
01121102021111111
01220002022200000
01000000022210000
22211111111100000
00000000001000000
00100111012222200
00100000011100002
00110000010000002
RESULT first=43 second=31 winner=1
ANALYSIS winner=P1 score=43-31 reason=Ĺ»ĂëżěŔ§(+7Ä­ »©ľŃŔ˝,2ąčČż°ú) steal(w/l)=14/7 neu(w/l)=36/38
