BOARD
61158919363127368
49318321731673185
35554385394444725
83412979922692175
47976875419552897
42786198342621572
19478743434481149
83921478719482677
92235844461516656
42754181261128839
STEP 0 P1 MOVE 2 13 6 13
OWN
00000000000000000
00000000000000000
00000000000001000
00000000000001000
00000000000001000
00000000000001000
00000000000001000
00000000000000000
00000000000000000
00000000000000000
STEP 1 P2 MOVE 1 6 1 8
OWN
00000000000000000
00000022200000000
00000000000001000
00000000000001000
00000000000001000
00000000000001000
00000000000001000
00000000000000000
00000000000000000
00000000000000000
STEP 2 P1 MOVE 0 11 0 13
OWN
00000000000111000
00000022200000000
00000000000001000
00000000000001000
00000000000001000
00000000000001000
00000000000001000
00000000000000000
00000000000000000
00000000000000000
STEP 3 P2 MOVE 0 2 1 3
OWN
00220000000111000
00220022200000000
00000000000001000
00000000000001000
00000000000001000
00000000000001000
00000000000001000
00000000000000000
00000000000000000
00000000000000000
STEP 4 P1 MOVE 0 10 3 10
OWN
00220000001111000
00220022201000000
00000000001001000
00000000001001000
00000000000001000
00000000000001000
00000000000001000
00000000000000000
00000000000000000
00000000000000000
STEP 5 P2 MOVE 9 8 9 11
OWN
00220000001111000
00220022201000000
00000000001001000
00000000001001000
00000000000001000
00000000000001000
00000000000001000
00000000000000000
00000000000000000
00000000222200000
STEP 6 P1 MOVE 3 12 3 14
OWN
00220000001111000
00220022201000000
00000000001001000
00000000001011100
00000000000001000
00000000000001000
00000000000001000
00000000000000000
00000000000000000
00000000222200000
STEP 7 P2 MOVE 7 4 9 4
OWN
00220000001111000
00220022201000000
00000000001001000
00000000001011100
00000000000001000
00000000000001000
00000000000001000
00002000000000000
00002000000000000
00002000222200000
STEP 8 P1 MOVE 3 1 3 4
OWN
00220000001111000
00220022201000000
00000000001001000
01111000001011100
00000000000001000
00000000000001000
00000000000001000
00002000000000000
00002000000000000
00002000222200000
STEP 9 P2 MOVE 2 4 4 4
OWN
00220000001111000
00220022201000000
00002000001001000
01112000001011100
00002000000001000
00000000000001000
00000000000001000
00002000000000000
00002000000000000
00002000222200000
STEP 10 P1 MOVE 5 10 5 12
OWN
00220000001111000
00220022201000000
00002000001001000
01112000001011100
00002000000001000
00000000001111000
00000000000001000
00002000000000000
00002000000000000
00002000222200000
STEP 11 P2 MOVE 9 5 9 7
OWN
00220000001111000
00220022201000000
00002000001001000
01112000001011100
00002000000001000
00000000001111000
00000000000001000
00002000000000000
00002000000000000
00002222222200000
STEP 12 P1 MOVE 7 3 9 3
OWN
00220000001111000
00220022201000000
00002000001001000
01112000001011100
00002000000001000
00000000001111000
00000000000001000
00012000000000000
00012000000000000
00012222222200000
STEP 13 P2 MOVE 6 9 8 9
OWN
00220000001111000
00220022201000000
00002000001001000
01112000001011100
00002000000001000
00000000001111000
00000000020001000
00012000020000000
00012000020000000
00012222222200000
STEP 14 P1 MOVE 8 8 8 11
OWN
00220000001111000
00220022201000000
00002000001001000
01112000001011100
00002000000001000
00000000001111000
00000000020001000
00012000020000000
00012000111100000
00012222222200000
STEP 15 P2 MOVE 4 7 4 9
OWN
00220000001111000
00220022201000000
00002000001001000
01112000001011100
00002002220001000
00000000001111000
00000000020001000
00012000020000000
00012000111100000
00012222222200000
STEP 16 P1 MOVE 2 1 2 2
OWN
00220000001111000
00220022201000000
01102000001001000
01112000001011100
00002002220001000
00000000001111000
00000000020001000
00012000020000000
00012000111100000
00012222222200000
STEP 17 P2 MOVE 0 0 1 0
OWN
20220000001111000
20220022201000000
01102000001001000
01112000001011100
00002002220001000
00000000001111000
00000000020001000
00012000020000000
00012000111100000
00012222222200000
STEP 18 P1 MOVE 5 5 5 6
OWN
20220000001111000
20220022201000000
01102000001001000
01112000001011100
00002002220001000
00000110001111000
00000000020001000
00012000020000000
00012000111100000
00012222222200000
STEP 19 P2 MOVE 0 1 1 1
OWN
22220000001111000
22220022201000000
01102000001001000
01112000001011100
00002002220001000
00000110001111000
00000000020001000
00012000020000000
00012000111100000
00012222222200000
STEP 20 P1 MOVE 8 2 8 5
OWN
22220000001111000
22220022201000000
01102000001001000
01112000001011100
00002002220001000
00000110001111000
00000000020001000
00012000020000000
00111100111100000
00012222222200000
STEP 21 P2 MOVE 9 12 9 13
OWN
22220000001111000
22220022201000000
01102000001001000
01112000001011100
00002002220001000
00000110001111000
00000000020001000
00012000020000000
00111100111100000
00012222222222000
STEP 22 P1 MOVE 0 5 0 6
OWN
22220110001111000
22220022201000000
01102000001001000
01112000001011100
00002002220001000
00000110001111000
00000000020001000
00012000020000000
00111100111100000
00012222222222000
STEP 23 P2 MOVE 1 16 2 16
OWN
22220110001111000
22220022201000002
01102000001001002
01112000001011100
00002002220001000
00000110001111000
00000000020001000
00012000020000000
00111100111100000
00012222222222000
STEP 24 P1 MOVE 6 0 6 1
OWN
22220110001111000
22220022201000002
01102000001001002
01112000001011100
00002002220001000
00000110001111000
11000000020001000
00012000020000000
00111100111100000
00012222222222000
STEP 25 P2 MOVE 7 12 7 13
OWN
22220110001111000
22220022201000002
01102000001001002
01112000001011100
00002002220001000
00000110001111000
11000000020001000
00012000020022000
00111100111100000
00012222222222000
STEP 26 P1 MOVE 7 11 7 14
OWN
22220110001111000
22220022201000002
01102000001001002
01112000001011100
00002002220001000
00000110001111000
11000000020001000
00012000020111100
00111100111100000
00012222222222000
STEP 27 P2 MOVE 7 10 8 12
OWN
22220110001111000
22220022201000002
01102000001001002
01112000001011100
00002002220001000
00000110001111000
11000000020001000
00012000022221100
00111100112220000
00012222222222000
STEP 28 P1 MOVE 8 1 8 7
OWN
22220110001111000
22220022201000002
01102000001001002
01112000001011100
00002002220001000
00000110001111000
11000000020001000
00012000022221100
01111111112220000
00012222222222000
STEP 29 P2 MOVE 1 15 2 15
OWN
22220110001111000
22220022201000022
01102000001001022
01112000001011100
00002002220001000
00000110001111000
11000000020001000
00012000022221100
01111111112220000
00012222222222000
STEP 30 P1 MOVE 0 14 1 15
OWN
22220110001111110
22220022201000112
01102000001001022
01112000001011100
00002002220001000
00000110001111000
11000000020001000
00012000022221100
01111111112220000
00012222222222000
STEP 31 P2 MOVE 1 13 2 14
OWN
22220110001111110
22220022201002212
01102000001002222
01112000001011100
00002002220001000
00000110001111000
11000000020001000
00012000022221100
01111111112220000
00012222222222000
STEP 32 P1 MOVE 2 11 3 11
OWN
22220110001111110
22220022201002212
01102000001102222
01112000001111100
00002002220001000
00000110001111000
11000000020001000
00012000022221100
01111111112220000
00012222222222000
STEP 33 P2 MOVE 4 11 4 12
OWN
22220110001111110
22220022201002212
01102000001102222
01112000001111100
00002002220221000
00000110001111000
11000000020001000
00012000022221100
01111111112220000
00012222222222000
STEP 34 P1 MOVE 1 11 6 11
OWN
22220110001111110
22220022201102212
01102000001102222
01112000001111100
00002002220121000
00000110001111000
11000000020101000
00012000022221100
01111111112220000
00012222222222000
STEP 35 P2 MOVE 1 9 1 12
OWN
22220110001111110
22220022222222212
01102000001102222
01112000001111100
00002002220121000
00000110001111000
11000000020101000
00012000022221100
01111111112220000
00012222222222000
STEP 36 P1 MOVE -1 -1 -1 -1
OWN
22220110001111110
22220022222222212
01102000001102222
01112000001111100
00002002220121000
00000110001111000
11000000020101000
00012000022221100
01111111112220000
00012222222222000
STEP 37 P2 MOVE -1 -1 -1 -1
OWN
22220110001111110
22220022222222212
01102000001102222
01112000001111100
00002002220121000
00000110001111000
11000000020101000
00012000022221100
01111111112220000
00012222222222000
RESULT first=46 second=48 winner=2
ANALYSIS winner=P2 score=46-48 reason=Ĺ»ĂëżěŔ§(+3Ä­ »©ľŃŔ˝,2ąčČż°ú) / żŞŔü˝Â steal(w/l)=9/6 neu(w/l)=45/49
