BOARD
11699294178822155
32559635367551681
61866484329241564
22152413199181642
49173636813171277
38873596283693638
69631267277593125
45637656512714664
39819627795676252
84582129849691922
STEP 0 P1 MOVE 1 13 6 13
OWN
00000000000000000
00000000000001000
00000000000001000
00000000000001000
00000000000001000
00000000000001000
00000000000001000
00000000000000000
00000000000000000
00000000000000000
STEP 1 P2 MOVE 0 12 0 15
OWN
00000000000022220
00000000000001000
00000000000001000
00000000000001000
00000000000001000
00000000000001000
00000000000001000
00000000000000000
00000000000000000
00000000000000000
STEP 2 P1 MOVE 6 12 7 12
OWN
00000000000022220
00000000000001000
00000000000001000
00000000000001000
00000000000001000
00000000000001000
00000000000011000
00000000000010000
00000000000000000
00000000000000000
STEP 3 P2 MOVE 3 2 5 2
OWN
00000000000022220
00000000000001000
00000000000001000
00200000000001000
00200000000001000
00200000000001000
00000000000011000
00000000000010000
00000000000000000
00000000000000000
STEP 4 P1 MOVE 0 16 2 16
OWN
00000000000022221
00000000000001001
00000000000001001
00200000000001000
00200000000001000
00200000000001000
00000000000011000
00000000000010000
00000000000000000
00000000000000000
STEP 5 P2 MOVE 1 0 1 2
OWN
00000000000022221
22200000000001001
00000000000001001
00200000000001000
00200000000001000
00200000000001000
00000000000011000
00000000000010000
00000000000000000
00000000000000000
STEP 6 P1 MOVE 7 9 7 11
OWN
00000000000022221
22200000000001001
00000000000001001
00200000000001000
00200000000001000
00200000000001000
00000000000011000
00000000011110000
00000000000000000
00000000000000000
STEP 7 P2 MOVE 3 10 3 11
OWN
00000000000022221
22200000000001001
00000000000001001
00200000002201000
00200000000001000
00200000000001000
00000000000011000
00000000011110000
00000000000000000
00000000000000000
STEP 8 P1 MOVE 1 5 2 5
OWN
00000000000022221
22200100000001001
00000100000001001
00200000002201000
00200000000001000
00200000000001000
00000000000011000
00000000011110000
00000000000000000
00000000000000000
STEP 9 P2 MOVE 4 15 5 15
OWN
00000000000022221
22200100000001001
00000100000001001
00200000002201000
00200000000001020
00200000000001020
00000000000011000
00000000011110000
00000000000000000
00000000000000000
STEP 10 P1 MOVE 8 3 8 4
OWN
00000000000022221
22200100000001001
00000100000001001
00200000002201000
00200000000001020
00200000000001020
00000000000011000
00000000011110000
00011000000000000
00000000000000000
STEP 11 P2 MOVE 4 3 4 4
OWN
00000000000022221
22200100000001001
00000100000001001
00200000002201000
00222000000001020
00200000000001020
00000000000011000
00000000011110000
00011000000000000
00000000000000000
STEP 12 P1 MOVE 9 13 9 14
OWN
00000000000022221
22200100000001001
00000100000001001
00200000002201000
00222000000001020
00200000000001020
00000000000011000
00000000011110000
00011000000000000
00000000000001100
STEP 13 P2 MOVE 6 4 9 4
OWN
00000000000022221
22200100000001001
00000100000001001
00200000002201000
00222000000001020
00200000000001020
00002000000011000
00002000011110000
00012000000000000
00002000000001100
STEP 14 P1 MOVE 5 4 6 5
OWN
00000000000022221
22200100000001001
00000100000001001
00200000002201000
00222000000001020
00201100000001020
00001100000011000
00002000011110000
00012000000000000
00002000000001100
STEP 15 P2 MOVE 7 13 7 14
OWN
00000000000022221
22200100000001001
00000100000001001
00200000002201000
00222000000001020
00201100000001020
00001100000011000
00002000011112200
00012000000000000
00002000000001100
STEP 16 P1 MOVE 3 8 3 9
OWN
00000000000022221
22200100000001001
00000100000001001
00200000112201000
00222000000001020
00201100000001020
00001100000011000
00002000011112200
00012000000000000
00002000000001100
STEP 17 P2 MOVE 5 10 6 10
OWN
00000000000022221
22200100000001001
00000100000001001
00200000112201000
00222000000001020
00201100002001020
00001100002011000
00002000011112200
00012000000000000
00002000000001100
STEP 18 P1 MOVE 7 15 7 16
OWN
00000000000022221
22200100000001001
00000100000001001
00200000112201000
00222000000001020
00201100002001020
00001100002011000
00002000011112211
00012000000000000
00002000000001100
STEP 19 P2 MOVE 6 0 7 0
OWN
00000000000022221
22200100000001001
00000100000001001
00200000112201000
00222000000001020
00201100002001020
20001100002011000
20002000011112211
00012000000000000
00002000000001100
STEP 20 P1 MOVE 3 4 3 7
OWN
00000000000022221
22200100000001001
00000100000001001
00201111112201000
00222000000001020
00201100002001020
20001100002011000
20002000011112211
00012000000000000
00002000000001100
STEP 21 P2 MOVE 4 8 5 8
OWN
00000000000022221
22200100000001001
00000100000001001
00201111112201000
00222000200001020
00201100202001020
20001100002011000
20002000011112211
00012000000000000
00002000000001100
STEP 22 P1 MOVE 4 10 5 11
OWN
00000000000022221
22200100000001001
00000100000001001
00201111112201000
00222000201101020
00201100201101020
20001100002011000
20002000011112211
00012000000000000
00002000000001100
STEP 23 P2 MOVE 4 9 4 14
OWN
00000000000022221
22200100000001001
00000100000001001
00201111112201000
00222000222222220
00201100201101020
20001100002011000
20002000011112211
00012000000000000
00002000000001100
STEP 24 P1 MOVE 2 9 5 9
OWN
00000000000022221
22200100000001001
00000100010001001
00201111112201000
00222000212222220
00201100211101020
20001100002011000
20002000011112211
00012000000000000
00002000000001100
STEP 25 P2 MOVE 5 3 6 3
OWN
00000000000022221
22200100000001001
00000100010001001
00201111112201000
00222000212222220
00221100211101020
20021100002011000
20002000011112211
00012000000000000
00002000000001100
STEP 26 P1 MOVE -1 -1 -1 -1
OWN
00000000000022221
22200100000001001
00000100010001001
00201111112201000
00222000212222220
00221100211101020
20021100002011000
20002000011112211
00012000000000000
00002000000001100
STEP 27 P2 MOVE 1 11 1 12
OWN
00000000000022221
22200100000221001
00000100010001001
00201111112201000
00222000212222220
00221100211101020
20021100002011000
20002000011112211
00012000000000000
00002000000001100
STEP 28 P1 MOVE 0 11 2 11
OWN
00000000000122221
22200100000121001
00000100010101001
00201111112201000
00222000212222220
00221100211101020
20021100002011000
20002000011112211
00012000000000000
00002000000001100
STEP 29 P2 MOVE 2 8 7 8
OWN
00000000000122221
22200100000121001
00000100210101001
00201111212201000
00222000212222220
00221100211101020
20021100202011000
20002000211112211
00012000000000000
00002000000001100
STEP 30 P1 MOVE 1 8 8 8
OWN
00000000000122221
22200100100121001
00000100110101001
00201111112201000
00222000112222220
00221100111101020
20021100102011000
20002000111112211
00012000100000000
00002000000001100
STEP 31 P2 MOVE 0 7 1 8
OWN
00000002200122221
22200102200121001
00000100110101001
00201111112201000
00222000112222220
00221100111101020
20021100102011000
20002000111112211
00012000100000000
00002000000001100
STEP 32 P1 MOVE -1 -1 -1 -1
OWN
00000002200122221
22200102200121001
00000100110101001
00201111112201000
00222000112222220
00221100111101020
20021100102011000
20002000111112211
00012000100000000
00002000000001100
STEP 33 P2 MOVE 1 7 2 9
OWN
00000002200122221
22200102220121001
00000102220101001
00201111112201000
00222000112222220
00221100111101020
20021100102011000
20002000111112211
00012000100000000
00002000000001100
STEP 34 P1 MOVE 1 6 1 10
OWN
00000002200122221
22200111111121001
00000102220101001
00201111112201000
00222000112222220
00221100111101020
20021100102011000
20002000111112211
00012000100000000
00002000000001100
STEP 35 P2 MOVE 6 14 8 15
OWN
00000002200122221
22200111111121001
00000102220101001
00201111112201000
00222000112222220
00221100111101020
20021100102011220
20002000111112221
00012000100000220
00002000000001100
STEP 36 P1 MOVE 6 11 6 16
OWN
00000002200122221
22200111111121001
00000102220101001
00201111112201000
00222000112222220
00221100111101020
20021100102111111
20002000111112221
00012000100000220
00002000000001100
STEP 37 P2 MOVE 5 16 8 16
OWN
00000002200122221
22200111111121001
00000102220101001
00201111112201000
00222000112222220
00221100111101022
20021100102111112
20002000111112222
00012000100000222
00002000000001100
STEP 38 P1 MOVE 5 14 9 16
OWN
00000002200122221
22200111111121001
00000102220101001
00201111112201000
00222000112222220
00221100111101111
20021100102111111
20002000111112111
00012000100000111
00002000000001111
STEP 39 P2 MOVE -1 -1 -1 -1
OWN
00000002200122221
22200111111121001
00000102220101001
00201111112201000
00222000112222220
00221100111101111
20021100102111111
20002000111112111
00012000100000111
00002000000001111
STEP 40 P1 MOVE -1 -1 -1 -1
OWN
00000002200122221
22200111111121001
00000102220101001
00201111112201000
00222000112222220
00221100111101111
20021100102111111
20002000111112111
00012000100000111
00002000000001111
RESULT first=60 second=35 winner=1
ANALYSIS winner=P1 score=60-35 reason=Ĺ»ĂëżěŔ§(+13Ä­ »©ľŃŔ˝,2ąčČż°ú) steal(w/l)=24/11 neu(w/l)=47/48
