BOARD
45643997758947385
46993477916879978
51199345244232751
52297592198625616
54399354521123755
41237435719139694
26196694222697768
61222485257149542
52782623739127194
46297589965216265
STEP 0 P1 MOVE 2 7 3 8
OWN
00000000000000000
00000000000000000
00000001100000000
00000001100000000
00000000000000000
00000000000000000
00000000000000000
00000000000000000
00000000000000000
00000000000000000
STEP 1 P2 MOVE 6 11 9 11
OWN
00000000000000000
00000000000000000
00000001100000000
00000001100000000
00000000000000000
00000000000000000
00000000000200000
00000000000200000
00000000000200000
00000000000200000
STEP 2 P1 MOVE 5 0 5 3
OWN
00000000000000000
00000000000000000
00000001100000000
00000001100000000
00000000000000000
11110000000000000
00000000000200000
00000000000200000
00000000000200000
00000000000200000
STEP 3 P2 MOVE 6 7 6 10
OWN
00000000000000000
00000000000000000
00000001100000000
00000001100000000
00000000000000000
11110000000000000
00000002222200000
00000000000200000
00000000000200000
00000000000200000
STEP 4 P1 MOVE 2 12 5 12
OWN
00000000000000000
00000000000000000
00000001100010000
00000001100010000
00000000000010000
11110000000010000
00000002222200000
00000000000200000
00000000000200000
00000000000200000
STEP 5 P2 MOVE 5 11 6 12
OWN
00000000000000000
00000000000000000
00000001100010000
00000001100010000
00000000000010000
11110000000220000
00000002222220000
00000000000200000
00000000000200000
00000000000200000
STEP 6 P1 MOVE 8 4 8 6
OWN
00000000000000000
00000000000000000
00000001100010000
00000001100010000
00000000000010000
11110000000220000
00000002222220000
00000000000200000
00001110000200000
00000000000200000
STEP 7 P2 MOVE 8 12 8 14
OWN
00000000000000000
00000000000000000
00000001100010000
00000001100010000
00000000000010000
11110000000220000
00000002222220000
00000000000200000
00001110000222200
00000000000200000
STEP 8 P1 MOVE 7 2 7 5
OWN
00000000000000000
00000000000000000
00000001100010000
00000001100010000
00000000000010000
11110000000220000
00000002222220000
00111100000200000
00001110000222200
00000000000200000
STEP 9 P2 MOVE 7 1 8 2
OWN
00000000000000000
00000000000000000
00000001100010000
00000001100010000
00000000000010000
11110000000220000
00000002222220000
02211100000200000
02201110000222200
00000000000200000
STEP 10 P1 MOVE 4 10 5 10
OWN
00000000000000000
00000000000000000
00000001100010000
00000001100010000
00000000001010000
11110000001220000
00000002222220000
02211100000200000
02201110000222200
00000000000200000
STEP 11 P2 MOVE 2 0 3 0
OWN
00000000000000000
00000000000000000
20000001100010000
20000001100010000
00000000001010000
11110000001220000
00000002222220000
02211100000200000
02201110000222200
00000000000200000
STEP 12 P1 MOVE 8 7 8 8
OWN
00000000000000000
00000000000000000
20000001100010000
20000001100010000
00000000001010000
11110000001220000
00000002222220000
02211100000200000
02201111100222200
00000000000200000
STEP 13 P2 MOVE 6 2 6 3
OWN
00000000000000000
00000000000000000
20000001100010000
20000001100010000
00000000001010000
11110000001220000
00220002222220000
02211100000200000
02201111100222200
00000000000200000
STEP 14 P1 MOVE 1 8 1 9
OWN
00000000000000000
00000000110000000
20000001100010000
20000001100010000
00000000001010000
11110000001220000
00220002222220000
02211100000200000
02201111100222200
00000000000200000
STEP 15 P2 MOVE 2 9 2 11
OWN
00000000000000000
00000000110000000
20000001122210000
20000001100010000
00000000001010000
11110000001220000
00220002222220000
02211100000200000
02201111100222200
00000000000200000
STEP 16 P1 MOVE 5 7 7 7
OWN
00000000000000000
00000000110000000
20000001122210000
20000001100010000
00000000001010000
11110001001220000
00220001222220000
02211101000200000
02201111100222200
00000000000200000
STEP 17 P2 MOVE 7 6 7 8
OWN
00000000000000000
00000000110000000
20000001122210000
20000001100010000
00000000001010000
11110001001220000
00220001222220000
02211122200200000
02201111100222200
00000000000200000
STEP 18 P1 MOVE 5 9 5 13
OWN
00000000000000000
00000000110000000
20000001122210000
20000001100010000
00000000001010000
11110001011111000
00220001222220000
02211122200200000
02201111100222200
00000000000200000
STEP 19 P2 MOVE 4 9 8 9
OWN
00000000000000000
00000000110000000
20000001122210000
20000001100010000
00000000021010000
11110001021111000
00220001222220000
02211122220200000
02201111120222200
00000000000200000
STEP 20 P1 MOVE 2 13 4 13
OWN
00000000000000000
00000000110000000
20000001122211000
20000001100011000
00000000021011000
11110001021111000
00220001222220000
02211122220200000
02201111120222200
00000000000200000
STEP 21 P2 MOVE 1 2 2 2
OWN
00000000000000000
00200000110000000
20200001122211000
20000001100011000
00000000021011000
11110001021111000
00220001222220000
02211122220200000
02201111120222200
00000000000200000
STEP 22 P1 MOVE 1 0 1 1
OWN
00000000000000000
11200000110000000
20200001122211000
20000001100011000
00000000021011000
11110001021111000
00220001222220000
02211122220200000
02201111120222200
00000000000200000
STEP 23 P2 MOVE 2 1 2 3
OWN
00000000000000000
11200000110000000
22220001122211000
20000001100011000
00000000021011000
11110001021111000
00220001222220000
02211122220200000
02201111120222200
00000000000200000
STEP 24 P1 MOVE 4 1 6 1
OWN
00000000000000000
11200000110000000
22220001122211000
20000001100011000
01000000021011000
11110001021111000
01220001222220000
02211122220200000
02201111120222200
00000000000200000
STEP 25 P2 MOVE 0 2 0 3
OWN
00220000000000000
11200000110000000
22220001122211000
20000001100011000
01000000021011000
11110001021111000
01220001222220000
02211122220200000
02201111120222200
00000000000200000
STEP 26 P1 MOVE 0 13 0 14
OWN
00220000000001100
11200000110000000
22220001122211000
20000001100011000
01000000021011000
11110001021111000
01220001222220000
02211122220200000
02201111120222200
00000000000200000
STEP 27 P2 MOVE 6 15 7 15
OWN
00220000000001100
11200000110000000
22220001122211000
20000001100011000
01000000021011000
11110001021111000
01220001222220020
02211122220200020
02201111120222200
00000000000200000
STEP 28 P1 MOVE 4 15 4 16
OWN
00220000000001100
11200000110000000
22220001122211000
20000001100011000
01000000021011011
11110001021111000
01220001222220020
02211122220200020
02201111120222200
00000000000200000
STEP 29 P2 MOVE 3 16 5 16
OWN
00220000000001100
11200000110000000
22220001122211000
20000001100011002
01000000021011012
11110001021111002
01220001222220020
02211122220200020
02201111120222200
00000000000200000
STEP 30 P1 MOVE 5 5 6 5
OWN
00220000000001100
11200000110000000
22220001122211000
20000001100011002
01000000021011012
11110101021111002
01220101222220020
02211122220200020
02201111120222200
00000000000200000
STEP 31 P2 MOVE 3 15 5 15
OWN
00220000000001100
11200000110000000
22220001122211000
20000001100011022
01000000021011022
11110101021111022
01220101222220020
02211122220200020
02201111120222200
00000000000200000
STEP 32 P1 MOVE 4 7 4 11
OWN
00220000000001100
11200000110000000
22220001122211000
20000001100011022
01000001111111022
11110101021111022
01220101222220020
02211122220200020
02201111120222200
00000000000200000
STEP 33 P2 MOVE 3 11 7 12
OWN
00220000000001100
11200000110000000
22220001122211000
20000001100221022
01000001111221022
11110101021221022
01220101222220020
02211122220220020
02201111120222200
00000000000200000
STEP 34 P1 MOVE 4 0 6 2
OWN
00220000000001100
11200000110000000
22220001122211000
20000001100221022
11100001111221022
11110101021221022
11120101222220020
02211122220220020
02201111120222200
00000000000200000
STEP 35 P2 MOVE 3 0 7 2
OWN
00220000000001100
11200000110000000
22220001122211000
22200001100221022
22200001111221022
22210101021221022
22220101222220020
22211122220220020
02201111120222200
00000000000200000
STEP 36 P1 MOVE 5 4 5 6
OWN
00220000000001100
11200000110000000
22220001122211000
22200001100221022
22200001111221022
22211111021221022
22220101222220020
22211122220220020
02201111120222200
00000000000200000
STEP 37 P2 MOVE 9 0 9 1
OWN
00220000000001100
11200000110000000
22220001122211000
22200001100221022
22200001111221022
22211111021221022
22220101222220020
22211122220220020
02201111120222200
22000000000200000
STEP 38 P1 MOVE -1 -1 -1 -1
OWN
00220000000001100
11200000110000000
22220001122211000
22200001100221022
22200001111221022
22211111021221022
22220101222220020
22211122220220020
02201111120222200
22000000000200000
STEP 39 P2 MOVE -1 -1 -1 -1
OWN
00220000000001100
11200000110000000
22220001122211000
22200001100221022
22200001111221022
22211111021221022
22220101222220020
22211122220220020
02201111120222200
22000000000200000
RESULT first=35 second=62 winner=2
ANALYSIS winner=P2 score=35-62 reason=Ĺ»ĂëżěŔ§(+15Ä­ »©ľŃŔ˝,2ąčČż°ú) / żŞŔü˝Â steal(w/l)=20/5 neu(w/l)=47/50
