BOARD
45911529393121727
94557853353378829
85711936395594997
41223349883139883
69436595259517533
53873787844557143
58955928842555189
87868847198476268
82542951842265374
56836664255549158
STEP 0 P1 MOVE 0 10 1 11
OWN
00000000001100000
00000000001100000
00000000000000000
00000000000000000
00000000000000000
00000000000000000
00000000000000000
00000000000000000
00000000000000000
00000000000000000
STEP 1 P2 MOVE 0 6 2 6
OWN
00000020001100000
00000020001100000
00000020000000000
00000000000000000
00000000000000000
00000000000000000
00000000000000000
00000000000000000
00000000000000000
00000000000000000
STEP 2 P1 MOVE 0 12 0 14
OWN
00000020001111100
00000020001100000
00000020000000000
00000000000000000
00000000000000000
00000000000000000
00000000000000000
00000000000000000
00000000000000000
00000000000000000
STEP 3 P2 MOVE 1 1 3 1
OWN
00000020001111100
02000020001100000
02000020000000000
02000000000000000
00000000000000000
00000000000000000
00000000000000000
00000000000000000
00000000000000000
00000000000000000
STEP 4 P1 MOVE 8 10 8 12
OWN
00000020001111100
02000020001100000
02000020000000000
02000000000000000
00000000000000000
00000000000000000
00000000000000000
00000000000000000
00000000001110000
00000000000000000
STEP 5 P2 MOVE 6 11 6 12
OWN
00000020001111100
02000020001100000
02000020000000000
02000000000000000
00000000000000000
00000000000000000
00000000000220000
00000000000000000
00000000001110000
00000000000000000
STEP 6 P1 MOVE 3 4 3 6
OWN
00000020001111100
02000020001100000
02000020000000000
02001110000000000
00000000000000000
00000000000000000
00000000000220000
00000000000000000
00000000001110000
00000000000000000
STEP 7 P2 MOVE 5 6 6 6
OWN
00000020001111100
02000020001100000
02000020000000000
02001110000000000
00000000000000000
00000020000000000
00000020000220000
00000000000000000
00000000001110000
00000000000000000
STEP 8 P1 MOVE 5 4 5 5
OWN
00000020001111100
02000020001100000
02000020000000000
02001110000000000
00000000000000000
00001120000000000
00000020000220000
00000000000000000
00000000001110000
00000000000000000
STEP 9 P2 MOVE 9 13 9 14
OWN
00000020001111100
02000020001100000
02000020000000000
02001110000000000
00000000000000000
00001120000000000
00000020000220000
00000000000000000
00000000001110000
00000000000002200
STEP 10 P1 MOVE 5 0 6 0
OWN
00000020001111100
02000020001100000
02000020000000000
02001110000000000
00000000000000000
10001120000000000
10000020000220000
00000000000000000
00000000001110000
00000000000002200
STEP 11 P2 MOVE 9 10 9 11
OWN
00000020001111100
02000020001100000
02000020000000000
02001110000000000
00000000000000000
10001120000000000
10000020000220000
00000000000000000
00000000001110000
00000000002202200
STEP 12 P1 MOVE 7 8 7 9
OWN
00000020001111100
02000020001100000
02000020000000000
02001110000000000
00000000000000000
10001120000000000
10000020000220000
00000000110000000
00000000001110000
00000000002202200
STEP 13 P2 MOVE 1 2 1 3
OWN
00000020001111100
02220020001100000
02000020000000000
02001110000000000
00000000000000000
10001120000000000
10000020000220000
00000000110000000
00000000001110000
00000000002202200
STEP 14 P1 MOVE 9 6 9 7
OWN
00000020001111100
02220020001100000
02000020000000000
02001110000000000
00000000000000000
10001120000000000
10000020000220000
00000000110000000
00000000001110000
00000011002202200
STEP 15 P2 MOVE 8 0 8 1
OWN
00000020001111100
02220020001100000
02000020000000000
02001110000000000
00000000000000000
10001120000000000
10000020000220000
00000000110000000
22000000001110000
00000011002202200
STEP 16 P1 MOVE 2 16 3 16
OWN
00000020001111100
02220020001100000
02000020000000001
02001110000000001
00000000000000000
10001120000000000
10000020000220000
00000000110000000
22000000001110000
00000011002202200
STEP 17 P2 MOVE 3 11 4 12
OWN
00000020001111100
02220020001100000
02000020000000001
02001110000220001
00000000000220000
10001120000000000
10000020000220000
00000000110000000
22000000001110000
00000011002202200
STEP 18 P1 MOVE 2 11 5 11
OWN
00000020001111100
02220020001100000
02000020000100001
02001110000120001
00000000000120000
10001120000100000
10000020000220000
00000000110000000
22000000001110000
00000011002202200
STEP 19 P2 MOVE 7 4 8 4
OWN
00000020001111100
02220020001100000
02000020000100001
02001110000120001
00000000000120000
10001120000100000
10000020000220000
00002000110000000
22002000001110000
00000011002202200
STEP 20 P1 MOVE 3 0 4 0
OWN
00000020001111100
02220020001100000
02000020000100001
12001110000120001
10000000000120000
10001120000100000
10000020000220000
00002000110000000
22002000001110000
00000011002202200
STEP 21 P2 MOVE 8 8 9 8
OWN
00000020001111100
02220020001100000
02000020000100001
12001110000120001
10000000000120000
10001120000100000
10000020000220000
00002000110000000
22002000201110000
00000011202202200
STEP 22 P1 MOVE 8 6 8 9
OWN
00000020001111100
02220020001100000
02000020000100001
12001110000120001
10000000000120000
10001120000100000
10000020000220000
00002000110000000
22002011111110000
00000011202202200
STEP 23 P2 MOVE 7 3 8 3
OWN
00000020001111100
02220020001100000
02000020000100001
12001110000120001
10000000000120000
10001120000100000
10000020000220000
00022000110000000
22022011111110000
00000011202202200
STEP 24 P1 MOVE -1 -1 -1 -1
OWN
00000020001111100
02220020001100000
02000020000100001
12001110000120001
10000000000120000
10001120000100000
10000020000220000
00022000110000000
22022011111110000
00000011202202200
STEP 25 P2 MOVE 4 3 5 3
OWN
00000020001111100
02220020001100000
02000020000100001
12001110000120001
10020000000120000
10021120000100000
10000020000220000
00022000110000000
22022011111110000
00000011202202200
STEP 26 P1 MOVE 3 3 9 3
OWN
00000020001111100
02220020001100000
02000020000100001
12011110000120001
10010000000120000
10011120000100000
10010020000220000
00012000110000000
22012011111110000
00010011202202200
STEP 27 P2 MOVE 0 2 0 3
OWN
00220020001111100
02220020001100000
02000020000100001
12011110000120001
10010000000120000
10011120000100000
10010020000220000
00012000110000000
22012011111110000
00010011202202200
STEP 28 P1 MOVE 0 3 2 4
OWN
00211020001111100
02211020001100000
02011020000100001
12011110000120001
10010000000120000
10011120000100000
10010020000220000
00012000110000000
22012011111110000
00010011202202200
STEP 29 P2 MOVE 0 1 0 5
OWN
02222220001111100
02211020001100000
02011020000100001
12011110000120001
10010000000120000
10011120000100000
10010020000220000
00012000110000000
22012011111110000
00010011202202200
STEP 30 P1 MOVE 4 2 4 4
OWN
02222220001111100
02211020001100000
02011020000100001
12011110000120001
10111000000120000
10011120000100000
10010020000220000
00012000110000000
22012011111110000
00010011202202200
STEP 31 P2 MOVE 3 2 5 2
OWN
02222220001111100
02211020001100000
02011020000100001
12211110000120001
10211000000120000
10211120000100000
10010020000220000
00012000110000000
22012011111110000
00010011202202200
STEP 32 P1 MOVE 5 1 5 7
OWN
02222220001111100
02211020001100000
02011020000100001
12211110000120001
10211000000120000
11111111000100000
10010020000220000
00012000110000000
22012011111110000
00010011202202200
STEP 33 P2 MOVE 3 8 4 8
OWN
02222220001111100
02211020001100000
02011020000100001
12211110200120001
10211000200120000
11111111000100000
10010020000220000
00012000110000000
22012011111110000
00010011202202200
STEP 34 P1 MOVE 4 7 4 9
OWN
02222220001111100
02211020001100000
02011020000100001
12211110200120001
10211001110120000
11111111000100000
10010020000220000
00012000110000000
22012011111110000
00010011202202200
STEP 35 P2 MOVE 1 14 1 15
OWN
02222220001111100
02211020001100220
02011020000100001
12211110200120001
10211001110120000
11111111000100000
10010020000220000
00012000110000000
22012011111110000
00010011202202200
STEP 36 P1 MOVE 0 13 1 15
OWN
02222220001111110
02211020001101110
02011020000100001
12211110200120001
10211001110120000
11111111000100000
10010020000220000
00012000110000000
22012011111110000
00010011202202200
STEP 37 P2 MOVE -1 -1 -1 -1
OWN
02222220001111110
02211020001101110
02011020000100001
12211110200120001
10211001110120000
11111111000100000
10010020000220000
00012000110000000
22012011111110000
00010011202202200
STEP 38 P1 MOVE -1 -1 -1 -1
OWN
02222220001111110
02211020001101110
02011020000100001
12211110200120001
10211001110120000
11111111000100000
10010020000220000
00012000110000000
22012011111110000
00010011202202200
RESULT first=56 second=29 winner=1
ANALYSIS winner=P1 score=56-29 reason=Ĺ»ĂëżěŔ§(+11Ä­ »©ľŃŔ˝,2ąčČż°ú) / şóÄ­Ľ±Áˇ(+5) steal(w/l)=14/3 neu(w/l)=45/40
