BOARD
37678268795248766
24247239637751967
55235915561228859
53311953598531455
74521237716561184
84633919272742845
58114932912815434
63261138127933885
84421995225225854
98455375511431937
STEP 0 P1 MOVE 9 9 9 13
OWN
00000000000000000
00000000000000000
00000000000000000
00000000000000000
00000000000000000
00000000000000000
00000000000000000
00000000000000000
00000000000000000
00000000011111000
STEP 1 P2 MOVE 2 6 5 6
OWN
00000000000000000
00000000000000000
00000020000000000
00000020000000000
00000020000000000
00000020000000000
00000000000000000
00000000000000000
00000000000000000
00000000011111000
STEP 2 P1 MOVE 3 4 7 4
OWN
00000000000000000
00000000000000000
00000020000000000
00001020000000000
00001020000000000
00001020000000000
00001000000000000
00001000000000000
00000000000000000
00000000011111000
STEP 3 P2 MOVE 5 12 8 12
OWN
00000000000000000
00000000000000000
00000020000000000
00001020000000000
00001020000000000
00001020000020000
00001000000020000
00001000000020000
00000000000020000
00000000011111000
STEP 4 P1 MOVE 2 13 4 13
OWN
00000000000000000
00000000000000000
00000020000001000
00001020000001000
00001020000001000
00001020000020000
00001000000020000
00001000000020000
00000000000020000
00000000011111000
STEP 5 P2 MOVE 0 0 2 0
OWN
20000000000000000
20000000000000000
20000020000001000
00001020000001000
00001020000001000
00001020000020000
00001000000020000
00001000000020000
00000000000020000
00000000011111000
STEP 6 P1 MOVE 4 10 6 10
OWN
20000000000000000
20000000000000000
20000020000001000
00001020000001000
00001020001001000
00001020001020000
00001000001020000
00001000000020000
00000000000020000
00000000011111000
STEP 7 P2 MOVE 0 2 2 2
OWN
20200000000000000
20200000000000000
20200020000001000
00001020000001000
00001020001001000
00001020001020000
00001000001020000
00001000000020000
00000000000020000
00000000011111000
STEP 8 P1 MOVE 5 13 7 13
OWN
20200000000000000
20200000000000000
20200020000001000
00001020000001000
00001020001001000
00001020001021000
00001000001021000
00001000000021000
00000000000020000
00000000011111000
STEP 9 P2 MOVE 3 11 4 11
OWN
20200000000000000
20200000000000000
20200020000001000
00001020000201000
00001020001201000
00001020001021000
00001000001021000
00001000000021000
00000000000020000
00000000011111000
STEP 10 P1 MOVE 2 12 2 14
OWN
20200000000000000
20200000000000000
20200020000011100
00001020000201000
00001020001201000
00001020001021000
00001000001021000
00001000000021000
00000000000020000
00000000011111000
STEP 11 P2 MOVE 8 1 8 3
OWN
20200000000000000
20200000000000000
20200020000011100
00001020000201000
00001020001201000
00001020001021000
00001000001021000
00001000000021000
02220000000020000
00000000011111000
STEP 12 P1 MOVE 2 7 2 8
OWN
20200000000000000
20200000000000000
20200021100011100
00001020000201000
00001020001201000
00001020001021000
00001000001021000
00001000000021000
02220000000020000
00000000011111000
STEP 13 P2 MOVE 9 7 9 8
OWN
20200000000000000
20200000000000000
20200021100011100
00001020000201000
00001020001201000
00001020001021000
00001000001021000
00001000000021000
02220000000020000
00000002211111000
STEP 14 P1 MOVE 2 15 3 15
OWN
20200000000000000
20200000000000000
20200021100011110
00001020000201010
00001020001201000
00001020001021000
00001000001021000
00001000000021000
02220000000020000
00000002211111000
STEP 15 P2 MOVE 6 1 6 3
OWN
20200000000000000
20200000000000000
20200021100011110
00001020000201010
00001020001201000
00001020001021000
02221000001021000
00001000000021000
02220000000020000
00000002211111000
STEP 16 P1 MOVE 7 3 7 6
OWN
20200000000000000
20200000000000000
20200021100011110
00001020000201010
00001020001201000
00001020001021000
02221000001021000
00011110000021000
02220000000020000
00000002211111000
STEP 17 P2 MOVE 9 15 9 16
OWN
20200000000000000
20200000000000000
20200021100011110
00001020000201010
00001020001201000
00001020001021000
02221000001021000
00011110000021000
02220000000020000
00000002211111022
STEP 18 P1 MOVE 5 9 7 9
OWN
20200000000000000
20200000000000000
20200021100011110
00001020000201010
00001020001201000
00001020011021000
02221000011021000
00011110010021000
02220000000020000
00000002211111022
STEP 19 P2 MOVE 4 8 5 9
OWN
20200000000000000
20200000000000000
20200021100011110
00001020000201010
00001020221201000
00001020221021000
02221000011021000
00011110010021000
02220000000020000
00000002211111022
STEP 20 P1 MOVE 0 4 0 5
OWN
20201100000000000
20200000000000000
20200021100011110
00001020000201010
00001020221201000
00001020221021000
02221000011021000
00011110010021000
02220000000020000
00000002211111022
STEP 21 P2 MOVE 8 4 8 5
OWN
20201100000000000
20200000000000000
20200021100011110
00001020000201010
00001020221201000
00001020221021000
02221000011021000
00011110010021000
02222200000020000
00000002211111022
STEP 22 P1 MOVE 2 4 9 4
OWN
20201100000000000
20200000000000000
20201021100011110
00001020000201010
00001020221201000
00001020221021000
02221000011021000
00011110010021000
02221200000020000
00001002211111022
STEP 23 P2 MOVE 4 3 9 3
OWN
20201100000000000
20200000000000000
20201021100011110
00001020000201010
00021020221201000
00021020221021000
02221000011021000
00021110010021000
02221200000020000
00021002211111022
STEP 24 P1 MOVE 6 8 7 8
OWN
20201100000000000
20200000000000000
20201021100011110
00001020000201010
00021020221201000
00021020221021000
02221000111021000
00021110110021000
02221200000020000
00021002211111022
STEP 25 P2 MOVE 1 13 1 14
OWN
20201100000000000
20200000000002200
20201021100011110
00001020000201010
00021020221201000
00021020221021000
02221000111021000
00021110110021000
02221200000020000
00021002211111022
STEP 26 P1 MOVE 1 14 3 15
OWN
20201100000000000
20200000000002110
20201021100011110
00001020000201110
00021020221201000
00021020221021000
02221000111021000
00021110110021000
02221200000020000
00021002211111022
STEP 27 P2 MOVE 3 12 4 14
OWN
20201100000000000
20200000000002110
20201021100011110
00001020000222210
00021020221222200
00021020221021000
02221000111021000
00021110110021000
02221200000020000
00021002211111022
STEP 28 P1 MOVE 1 12 8 13
OWN
20201100000000000
20200000000011110
20201021100011110
00001020000211210
00021020221211200
00021020221011000
02221000111011000
00021110110011000
02221200000011000
00021002211111022
STEP 29 P2 MOVE 2 11 4 15
OWN
20201100000000000
20200000000011110
20201021100222220
00001020000222220
00021020221222220
00021020221011000
02221000111011000
00021110110011000
02221200000011000
00021002211111022
STEP 30 P1 MOVE 2 10 2 16
OWN
20201100000000000
20200000000011110
20201021101111111
00001020000222220
00021020221222220
00021020221011000
02221000111011000
00021110110011000
02221200000011000
00021002211111022
STEP 31 P2 MOVE 0 15 5 15
OWN
20201100000000020
20200000000011120
20201021101111121
00001020000222220
00021020221222220
00021020221011020
02221000111011000
00021110110011000
02221200000011000
00021002211111022
STEP 32 P1 MOVE 1 9 1 10
OWN
20201100000000020
20200000011011120
20201021101111121
00001020000222220
00021020221222220
00021020221011020
02221000111011000
00021110110011000
02221200000011000
00021002211111022
STEP 33 P2 MOVE 9 5 9 6
OWN
20201100000000020
20200000011011120
20201021101111121
00001020000222220
00021020221222220
00021020221011020
02221000111011000
00021110110011000
02221200000011000
00021222211111022
STEP 34 P1 MOVE 3 7 4 7
OWN
20201100000000020
20200000011011120
20201021101111121
00001021000222220
00021021221222220
00021020221011020
02221000111011000
00021110110011000
02221200000011000
00021222211111022
STEP 35 P2 MOVE 5 1 5 2
OWN
20201100000000020
20200000011011120
20201021101111121
00001021000222220
00021021221222220
02221020221011020
02221000111011000
00021110110011000
02221200000011000
00021222211111022
STEP 36 P1 MOVE 3 1 7 1
OWN
20201100000000020
20200000011011120
20201021101111121
01001021000222220
01021021221222220
01221020221011020
01221000111011000
01021110110011000
02221200000011000
00021222211111022
STEP 37 P2 MOVE 7 2 7 7
OWN
20201100000000020
20200000011011120
20201021101111121
01001021000222220
01021021221222220
01221020221011020
01221000111011000
01222222110011000
02221200000011000
00021222211111022
STEP 38 P1 MOVE 2 0 3 1
OWN
20201100000000020
20200000011011120
11201021101111121
11001021000222220
01021021221222220
01221020221011020
01221000111011000
01222222110011000
02221200000011000
00021222211111022
STEP 39 P2 MOVE 6 7 6 11
OWN
20201100000000020
20200000011011120
11201021101111121
11001021000222220
01021021221222220
01221020221011020
01221002222211000
01222222110011000
02221200000011000
00021222211111022
STEP 40 P1 MOVE 6 6 7 10
OWN
20201100000000020
20200000011011120
11201021101111121
11001021000222220
01021021221222220
01221020221011020
01221011111211000
01222211111011000
02221200000011000
00021222211111022
STEP 41 P2 MOVE -1 -1 -1 -1
OWN
20201100000000020
20200000011011120
11201021101111121
11001021000222220
01021021221222220
01221020221011020
01221011111211000
01222211111011000
02221200000011000
00021222211111022
STEP 42 P1 MOVE -1 -1 -1 -1
OWN
20201100000000020
20200000011011120
11201021101111121
11001021000222220
01021021221222220
01221020221011020
01221011111211000
01222211111011000
02221200000011000
00021222211111022
RESULT first=57 second=48 winner=1
ANALYSIS winner=P1 score=57-48 reason=Ĺ»ĂëżěŔ§(+3Ä­ »©ľŃŔ˝,2ąčČż°ú) / şóÄ­Ľ±Áˇ(+3) steal(w/l)=25/22 neu(w/l)=54/51
