BOARD
71649775237666172
42633574626836887
82487547218527859
58793224737488891
29396181453657822
19225467368569116
38517776658173515
81785553525117226
35538969422982959
93983313262392361
STEP 0 P1 MOVE 6 11 7 12
OWN
00000000000000000
00000000000000000
00000000000000000
00000000000000000
00000000000000000
00000000000000000
00000000000110000
00000000000110000
00000000000000000
00000000000000000
STEP 1 P2 MOVE 0 8 2 8
OWN
00000000200000000
00000000200000000
00000000200000000
00000000000000000
00000000000000000
00000000000000000
00000000000110000
00000000000110000
00000000000000000
00000000000000000
STEP 2 P1 MOVE 7 14 7 16
OWN
00000000200000000
00000000200000000
00000000200000000
00000000000000000
00000000000000000
00000000000000000
00000000000110000
00000000000110111
00000000000000000
00000000000000000
STEP 3 P2 MOVE 4 2 6 2
OWN
00000000200000000
00000000200000000
00000000200000000
00000000000000000
00200000000000000
00200000000000000
00200000000110000
00000000000110111
00000000000000000
00000000000000000
STEP 4 P1 MOVE 0 14 0 16
OWN
00000000200000111
00000000200000000
00000000200000000
00000000000000000
00200000000000000
00200000000000000
00200000000110000
00000000000110111
00000000000000000
00000000000000000
STEP 5 P2 MOVE 9 14 9 16
OWN
00000000200000111
00000000200000000
00000000200000000
00000000000000000
00200000000000000
00200000000000000
00200000000110000
00000000000110111
00000000000000000
00000000000000222
STEP 6 P1 MOVE 2 4 3 4
OWN
00000000200000111
00000000200000000
00001000200000000
00001000000000000
00200000000000000
00200000000000000
00200000000110000
00000000000110111
00000000000000000
00000000000000222
STEP 7 P2 MOVE 2 16 3 16
OWN
00000000200000111
00000000200000000
00001000200000002
00001000000000002
00200000000000000
00200000000000000
00200000000110000
00000000000110111
00000000000000000
00000000000000222
STEP 8 P1 MOVE 3 10 4 10
OWN
00000000200000111
00000000200000000
00001000200000002
00001000001000002
00200000001000000
00200000000000000
00200000000110000
00000000000110111
00000000000000000
00000000000000222
STEP 9 P2 MOVE 2 1 3 1
OWN
00000000200000111
00000000200000000
02001000200000002
02001000001000002
00200000001000000
00200000000000000
00200000000110000
00000000000110111
00000000000000000
00000000000000222
STEP 10 P1 MOVE 8 1 8 2
OWN
00000000200000111
00000000200000000
02001000200000002
02001000001000002
00200000001000000
00200000000000000
00200000000110000
00000000000110111
01100000000000000
00000000000000222
STEP 11 P2 MOVE 4 7 4 9
OWN
00000000200000111
00000000200000000
02001000200000002
02001000001000002
00200002221000000
00200000000000000
00200000000110000
00000000000110111
01100000000000000
00000000000000222
STEP 12 P1 MOVE 0 9 0 10
OWN
00000000211000111
00000000200000000
02001000200000002
02001000001000002
00200002221000000
00200000000000000
00200000000110000
00000000000110111
01100000000000000
00000000000000222
STEP 13 P2 MOVE 2 9 5 9
OWN
00000000211000111
00000000200000000
02001000220000002
02001000021000002
00200002221000000
00200000020000000
00200000000110000
00000000000110111
01100000000000000
00000000000000222
STEP 14 P1 MOVE 3 8 5 8
OWN
00000000211000111
00000000200000000
02001000220000002
02001000121000002
00200002121000000
00200000120000000
00200000000110000
00000000000110111
01100000000000000
00000000000000222
STEP 15 P2 MOVE 1 5 2 5
OWN
00000000211000111
00000200200000000
02001200220000002
02001000121000002
00200002121000000
00200000120000000
00200000000110000
00000000000110111
01100000000000000
00000000000000222
STEP 16 P1 MOVE 1 4 1 6
OWN
00000000211000111
00001110200000000
02001200220000002
02001000121000002
00200002121000000
00200000120000000
00200000000110000
00000000000110111
01100000000000000
00000000000000222
STEP 17 P2 MOVE 5 5 5 6
OWN
00000000211000111
00001110200000000
02001200220000002
02001000121000002
00200002121000000
00200220120000000
00200000000110000
00000000000110111
01100000000000000
00000000000000222
STEP 18 P1 MOVE 7 5 7 6
OWN
00000000211000111
00001110200000000
02001200220000002
02001000121000002
00200002121000000
00200220120000000
00200000000110000
00000110000110111
01100000000000000
00000000000000222
STEP 19 P2 MOVE 7 9 9 9
OWN
00000000211000111
00001110200000000
02001200220000002
02001000121000002
00200002121000000
00200220120000000
00200000000110000
00000110020110111
01100000020000000
00000000020000222
STEP 20 P1 MOVE 1 2 2 2
OWN
00000000211000111
00101110200000000
02101200220000002
02001000121000002
00200002121000000
00200220120000000
00200000000110000
00000110020110111
01100000020000000
00000000020000222
STEP 21 P2 MOVE 0 5 4 5
OWN
00000200211000111
00101210200000000
02101200220000002
02001200121000002
00200202121000000
00200220120000000
00200000000110000
00000110020110111
01100000020000000
00000000020000222
STEP 22 P1 MOVE 3 6 3 11
OWN
00000200211000111
00101210200000000
02101200220000002
02001211111100002
00200202121000000
00200220120000000
00200000000110000
00000110020110111
01100000020000000
00000000020000222
STEP 23 P2 MOVE 2 12 3 12
OWN
00000200211000111
00101210200000000
02101200220020002
02001211111120002
00200202121000000
00200220120000000
00200000000110000
00000110020110111
01100000020000000
00000000020000222
STEP 24 P1 MOVE 6 13 7 13
OWN
00000200211000111
00101210200000000
02101200220020002
02001211111120002
00200202121000000
00200220120000000
00200000000111000
00000110020111111
01100000020000000
00000000020000222
STEP 25 P2 MOVE 5 0 5 1
OWN
00000200211000111
00101210200000000
02101200220020002
02001211111120002
00200202121000000
22200220120000000
00200000000111000
00000110020111111
01100000020000000
00000000020000222
STEP 26 P1 MOVE 3 0 6 0
OWN
00000200211000111
00101210200000000
02101200220020002
12001211111120002
10200202121000000
12200220120000000
10200000000111000
00000110020111111
01100000020000000
00000000020000222
STEP 27 P2 MOVE 5 13 5 14
OWN
00000200211000111
00101210200000000
02101200220020002
12001211111120002
10200202121000000
12200220120002200
10200000000111000
00000110020111111
01100000020000000
00000000020000222
STEP 28 P1 MOVE 4 14 4 15
OWN
00000200211000111
00101210200000000
02101200220020002
12001211111120002
10200202121000110
12200220120002200
10200000000111000
00000110020111111
01100000020000000
00000000020000222
STEP 29 P2 MOVE 7 8 7 10
OWN
00000200211000111
00101210200000000
02101200220020002
12001211111120002
10200202121000110
12200220120002200
10200000000111000
00000110222111111
01100000020000000
00000000020000222
STEP 30 P1 MOVE 6 8 8 8
OWN
00000200211000111
00101210200000000
02101200220020002
12001211111120002
10200202121000110
12200220120002200
10200000100111000
00000110122111111
01100000120000000
00000000020000222
STEP 31 P2 MOVE 8 12 8 13
OWN
00000200211000111
00101210200000000
02101200220020002
12001211111120002
10200202121000110
12200220120002200
10200000100111000
00000110122111111
01100000120022000
00000000020000222
STEP 32 P1 MOVE -1 -1 -1 -1
OWN
00000200211000111
00101210200000000
02101200220020002
12001211111120002
10200202121000110
12200220120002200
10200000100111000
00000110122111111
01100000120022000
00000000020000222
STEP 33 P2 MOVE 6 10 8 10
OWN
00000200211000111
00101210200000000
02101200220020002
12001211111120002
10200202121000110
12200220120002200
10200000102111000
00000110122111111
01100000122022000
00000000020000222
STEP 34 P1 MOVE 5 10 9 10
OWN
00000200211000111
00101210200000000
02101200220020002
12001211111120002
10200202121000110
12200220121002200
10200000101111000
00000110121111111
01100000121022000
00000000021000222
STEP 35 P2 MOVE 3 15 5 15
OWN
00000200211000111
00101210200000000
02101200220020002
12001211111120022
10200202121000120
12200220121002220
10200000101111000
00000110121111111
01100000121022000
00000000021000222
STEP 36 P1 MOVE 9 4 9 7
OWN
00000200211000111
00101210200000000
02101200220020002
12001211111120022
10200202121000120
12200220121002220
10200000101111000
00000110121111111
01100000121022000
00001111021000222
STEP 37 P2 MOVE 6 9 6 14
OWN
00000200211000111
00101210200000000
02101200220020002
12001211111120022
10200202121000120
12200220121002220
10200000122222200
00000110121111111
01100000121022000
00001111021000222
STEP 38 P1 MOVE 2 8 9 10
OWN
00000200211000111
00101210200000000
02101200111020002
12001211111120022
10200202111000120
12200220111002220
10200000111222200
00000110111111111
01100000111022000
00001111111000222
STEP 39 P2 MOVE 6 7 7 15
OWN
00000200211000111
00101210200000000
02101200111020002
12001211111120022
10200202111000120
12200220111002220
10200002222222220
00000112222222221
01100000111022000
00001111111000222
STEP 40 P1 MOVE 2 15 8 15
OWN
00000200211000111
00101210200000000
02101200111020012
12001211111120012
10200202111000110
12200220111002210
10200002222222210
00000112222222211
01100000111022010
00001111111000222
STEP 41 P2 MOVE 3 14 4 16
OWN
00000200211000111
00101210200000000
02101200111020012
12001211111120222
10200202111000222
12200220111002210
10200002222222210
00000112222222211
01100000111022010
00001111111000222
STEP 42 P1 MOVE -1 -1 -1 -1
OWN
00000200211000111
00101210200000000
02101200111020012
12001211111120222
10200202111000222
12200220111002210
10200002222222210
00000112222222211
01100000111022010
00001111111000222
STEP 43 P2 MOVE -1 -1 -1 -1
OWN
00000200211000111
00101210200000000
02101200111020012
12001211111120222
10200202111000222
12200220111002210
10200002222222210
00000112222222211
01100000111022010
00001111111000222
RESULT first=50 second=48 winner=1
ANALYSIS winner=P1 score=50-48 reason=摹奢檜薄 steal(w/l)=22/20 neu(w/l)=48/50
