BOARD
22341293232488537
14291166499273477
28576938994984328
32572342168217886
31178579566486912
49866171621133288
63769248851245259
91839335446262156
15529956395159527
76316684733991744
STEP 0 P1 MOVE 5 9 5 13
OWN
00000000000000000
00000000000000000
00000000000000000
00000000000000000
00000000000000000
00000000011111000
00000000000000000
00000000000000000
00000000000000000
00000000000000000
STEP 1 P2 MOVE 0 1 0 4
OWN
02222000000000000
00000000000000000
00000000000000000
00000000000000000
00000000000000000
00000000011111000
00000000000000000
00000000000000000
00000000000000000
00000000000000000
STEP 2 P1 MOVE 6 13 7 14
OWN
02222000000000000
00000000000000000
00000000000000000
00000000000000000
00000000000000000
00000000011111000
00000000000001100
00000000000001100
00000000000000000
00000000000000000
STEP 3 P2 MOVE 0 7 0 10
OWN
02222002222000000
00000000000000000
00000000000000000
00000000000000000
00000000000000000
00000000011111000
00000000000001100
00000000000001100
00000000000000000
00000000000000000
STEP 4 P1 MOVE 3 5 3 8
OWN
02222002222000000
00000000000000000
00000000000000000
00000111100000000
00000000000000000
00000000011111000
00000000000001100
00000000000001100
00000000000000000
00000000000000000
STEP 5 P2 MOVE 3 0 5 0
OWN
02222002222000000
00000000000000000
00000000000000000
20000111100000000
20000000000000000
20000000011111000
00000000000001100
00000000000001100
00000000000000000
00000000000000000
STEP 6 P1 MOVE 9 1 9 3
OWN
02222002222000000
00000000000000000
00000000000000000
20000111100000000
20000000000000000
20000000011111000
00000000000001100
00000000000001100
00000000000000000
01110000000000000
STEP 7 P2 MOVE 2 15 3 15
OWN
02222002222000000
00000000000000000
00000000000000020
20000111100000020
20000000000000000
20000000011111000
00000000000001100
00000000000001100
00000000000000000
01110000000000000
STEP 8 P1 MOVE 2 6 4 6
OWN
02222002222000000
00000000000000000
00000010000000020
20000111100000020
20000010000000000
20000000011111000
00000000000001100
00000000000001100
00000000000000000
01110000000000000
STEP 9 P2 MOVE 0 15 0 16
OWN
02222002222000022
00000000000000000
00000010000000020
20000111100000020
20000010000000000
20000000011111000
00000000000001100
00000000000001100
00000000000000000
01110000000000000
STEP 10 P1 MOVE 3 10 3 11
OWN
02222002222000022
00000000000000000
00000010000000020
20000111101100020
20000010000000000
20000000011111000
00000000000001100
00000000000001100
00000000000000000
01110000000000000
STEP 11 P2 MOVE 4 16 5 16
OWN
02222002222000022
00000000000000000
00000010000000020
20000111101100020
20000010000000002
20000000011111002
00000000000001100
00000000000001100
00000000000000000
01110000000000000
STEP 12 P1 MOVE 9 12 9 13
OWN
02222002222000022
00000000000000000
00000010000000020
20000111101100020
20000010000000002
20000000011111002
00000000000001100
00000000000001100
00000000000000000
01110000000011000
STEP 13 P2 MOVE 5 14 5 15
OWN
02222002222000022
00000000000000000
00000010000000020
20000111101100020
20000010000000002
20000000011111222
00000000000001100
00000000000001100
00000000000000000
01110000000011000
STEP 14 P1 MOVE 1 3 1 4
OWN
02222002222000022
00011000000000000
00000010000000020
20000111101100020
20000010000000002
20000000011111222
00000000000001100
00000000000001100
00000000000000000
01110000000011000
STEP 15 P2 MOVE 4 10 4 11
OWN
02222002222000022
00011000000000000
00000010000000020
20000111101100020
20000010002200002
20000000011111222
00000000000001100
00000000000001100
00000000000000000
01110000000011000
STEP 16 P1 MOVE 1 7 1 8
OWN
02222002222000022
00011001100000000
00000010000000020
20000111101100020
20000010002200002
20000000011111222
00000000000001100
00000000000001100
00000000000000000
01110000000011000
STEP 17 P2 MOVE 1 12 1 13
OWN
02222002222000022
00011001100022000
00000010000000020
20000111101100020
20000010002200002
20000000011111222
00000000000001100
00000000000001100
00000000000000000
01110000000011000
STEP 18 P1 MOVE 9 8 9 9
OWN
02222002222000022
00011001100022000
00000010000000020
20000111101100020
20000010002200002
20000000011111222
00000000000001100
00000000000001100
00000000000000000
01110000110011000
STEP 19 P2 MOVE 2 2 3 2
OWN
02222002222000022
00011001100022000
00200010000000020
20200111101100020
20000010002200002
20000000011111222
00000000000001100
00000000000001100
00000000000000000
01110000110011000
STEP 20 P1 MOVE 4 1 5 1
OWN
02222002222000022
00011001100022000
00200010000000020
20200111101100020
21000010002200002
21000000011111222
00000000000001100
00000000000001100
00000000000000000
01110000110011000
STEP 21 P2 MOVE 4 7 5 7
OWN
02222002222000022
00011001100022000
00200010000000020
20200111101100020
21000012002200002
21000002011111222
00000000000001100
00000000000001100
00000000000000000
01110000110011000
STEP 22 P1 MOVE 4 5 4 8
OWN
02222002222000022
00011001100022000
00200010000000020
20200111101100020
21000111102200002
21000002011111222
00000000000001100
00000000000001100
00000000000000000
01110000110011000
STEP 23 P2 MOVE 2 5 5 5
OWN
02222002222000022
00011001100022000
00200210000000020
20200211101100020
21000211102200002
21000202011111222
00000000000001100
00000000000001100
00000000000000000
01110000110011000
STEP 24 P1 MOVE 7 0 8 0
OWN
02222002222000022
00011001100022000
00200210000000020
20200211101100020
21000211102200002
21000202011111222
00000000000001100
10000000000001100
10000000000000000
01110000110011000
STEP 25 P2 MOVE 6 1 6 2
OWN
02222002222000022
00011001100022000
00200210000000020
20200211101100020
21000211102200002
21000202011111222
02200000000001100
10000000000001100
10000000000000000
01110000110011000
STEP 26 P1 MOVE 2 0 2 1
OWN
02222002222000022
00011001100022000
11200210000000020
20200211101100020
21000211102200002
21000202011111222
02200000000001100
10000000000001100
10000000000000000
01110000110011000
STEP 27 P2 MOVE 4 14 4 15
OWN
02222002222000022
00011001100022000
11200210000000020
20200211101100020
21000211102200222
21000202011111222
02200000000001100
10000000000001100
10000000000000000
01110000110011000
STEP 28 P1 MOVE 3 4 4 4
OWN
02222002222000022
00011001100022000
11200210000000020
20201211101100020
21001211102200222
21000202011111222
02200000000001100
10000000000001100
10000000000000000
01110000110011000
STEP 29 P2 MOVE 8 1 8 2
OWN
02222002222000022
00011001100022000
11200210000000020
20201211101100020
21001211102200222
21000202011111222
02200000000001100
10000000000001100
12200000000000000
01110000110011000
STEP 30 P1 MOVE 6 15 7 15
OWN
02222002222000022
00011001100022000
11200210000000020
20201211101100020
21001211102200222
21000202011111222
02200000000001110
10000000000001110
12200000000000000
01110000110011000
STEP 31 P2 MOVE 8 7 9 7
OWN
02222002222000022
00011001100022000
11200210000000020
20201211101100020
21001211102200222
21000202011111222
02200000000001110
10000000000001110
12200002000000000
01110002110011000
STEP 32 P1 MOVE 6 12 7 12
OWN
02222002222000022
00011001100022000
11200210000000020
20201211101100020
21001211102200222
21000202011111222
02200000000011110
10000000000011110
12200002000000000
01110002110011000
STEP 33 P2 MOVE 7 9 7 10
OWN
02222002222000022
00011001100022000
11200210000000020
20201211101100020
21001211102200222
21000202011111222
02200000000011110
10000000022011110
12200002000000000
01110002110011000
STEP 34 P1 MOVE 2 10 8 10
OWN
02222002222000022
00011001100022000
11200210001000020
20201211101100020
21001211101200222
21000202011111222
02200000001011110
10000000021011110
12200002001000000
01110002110011000
STEP 35 P2 MOVE 4 11 6 12
OWN
02222002222000022
00011001100022000
11200210001000020
20201211101100020
21001211101220222
21000202011221222
02200000001221110
10000000021011110
12200002001000000
01110002110011000
STEP 36 P1 MOVE 8 9 8 11
OWN
02222002222000022
00011001100022000
11200210001000020
20201211101100020
21001211101220222
21000202011221222
02200000001221110
10000000021011110
12200002011100000
01110002110011000
STEP 37 P2 MOVE 7 8 9 10
OWN
02222002222000022
00011001100022000
11200210001000020
20201211101100020
21001211101220222
21000202011221222
02200000001221110
10000000222011110
12200002222100000
01110002222011000
STEP 38 P1 MOVE 1 0 4 2
OWN
02222002222000022
11111001100022000
11100210001000020
11101211101100020
11101211101220222
21000202011221222
02200000001221110
10000000222011110
12200002222100000
01110002222011000
STEP 39 P2 MOVE 0 0 5 2
OWN
22222002222000022
22211001100022000
22200210001000020
22201211101100020
22201211101220222
22200202011221222
02200000001221110
10000000222011110
12200002222100000
01110002222011000
STEP 40 P1 MOVE 8 6 8 12
OWN
22222002222000022
22211001100022000
22200210001000020
22201211101100020
22201211101220222
22200202011221222
02200000001221110
10000000222011110
12200011111110000
01110002222011000
STEP 41 P2 MOVE -1 -1 -1 -1
OWN
22222002222000022
22211001100022000
22200210001000020
22201211101100020
22201211101220222
22200202011221222
02200000001221110
10000000222011110
12200011111110000
01110002222011000
STEP 42 P1 MOVE -1 -1 -1 -1
OWN
22222002222000022
22211001100022000
22200210001000020
22201211101100020
22201211101220222
22200202011221222
02200000001221110
10000000222011110
12200011111110000
01110002222011000
RESULT first=42 second=58 winner=2
ANALYSIS winner=P2 score=42-58 reason=Ĺ»ĂëżěŔ§(+12Ä­ »©ľŃŔ˝,2ąčČż°ú) / żŞŔü˝Â steal(w/l)=23/11 neu(w/l)=46/54
