BOARD
68186562461841637
26373464758137696
37979671249492371
32171133154754769
75341766534751978
52718137872754812
92956412116832191
99166545875924251
16537724145888773
43514484271356637
STEP 0 P1 MOVE 9 8 9 10
OWN
00000000000000000
00000000000000000
00000000000000000
00000000000000000
00000000000000000
00000000000000000
00000000000000000
00000000000000000
00000000000000000
00000000111000000
STEP 1 P2 MOVE 9 2 9 4
OWN
00000000000000000
00000000000000000
00000000000000000
00000000000000000
00000000000000000
00000000000000000
00000000000000000
00000000000000000
00000000000000000
00222000111000000
STEP 2 P1 MOVE 0 13 0 15
OWN
00000000000001110
00000000000000000
00000000000000000
00000000000000000
00000000000000000
00000000000000000
00000000000000000
00000000000000000
00000000000000000
00222000111000000
STEP 3 P2 MOVE 8 8 8 10
OWN
00000000000001110
00000000000000000
00000000000000000
00000000000000000
00000000000000000
00000000000000000
00000000000000000
00000000000000000
00000000222000000
00222000111000000
STEP 4 P1 MOVE 5 1 5 3
OWN
00000000000001110
00000000000000000
00000000000000000
00000000000000000
00000000000000000
01110000000000000
00000000000000000
00000000000000000
00000000222000000
00222000111000000
STEP 5 P2 MOVE 5 6 8 6
OWN
00000000000001110
00000000000000000
00000000000000000
00000000000000000
00000000000000000
01110020000000000
00000020000000000
00000020000000000
00000020222000000
00222000111000000
STEP 6 P1 MOVE 6 7 6 10
OWN
00000000000001110
00000000000000000
00000000000000000
00000000000000000
00000000000000000
01110020000000000
00000021111000000
00000020000000000
00000020222000000
00222000111000000
STEP 7 P2 MOVE 5 5 7 5
OWN
00000000000001110
00000000000000000
00000000000000000
00000000000000000
00000000000000000
01110220000000000
00000221111000000
00000220000000000
00000020222000000
00222000111000000
STEP 8 P1 MOVE 3 4 5 4
OWN
00000000000001110
00000000000000000
00000000000000000
00001000000000000
00001000000000000
01111220000000000
00000221111000000
00000220000000000
00000020222000000
00222000111000000
STEP 9 P2 MOVE 3 10 5 10
OWN
00000000000001110
00000000000000000
00000000000000000
00001000002000000
00001000002000000
01111220002000000
00000221111000000
00000220000000000
00000020222000000
00222000111000000
STEP 10 P1 MOVE 1 8 3 8
OWN
00000000000001110
00000000100000000
00000000100000000
00001000102000000
00001000002000000
01111220002000000
00000221111000000
00000220000000000
00000020222000000
00222000111000000
STEP 11 P2 MOVE 2 7 4 7
OWN
00000000000001110
00000000100000000
00000002100000000
00001002102000000
00001002002000000
01111220002000000
00000221111000000
00000220000000000
00000020222000000
00222000111000000
STEP 12 P1 MOVE 0 7 1 8
OWN
00000001100001110
00000001100000000
00000002100000000
00001002102000000
00001002002000000
01111220002000000
00000221111000000
00000220000000000
00000020222000000
00222000111000000
STEP 13 P2 MOVE 3 1 3 3
OWN
00000001100001110
00000001100000000
00000002100000000
02221002102000000
00001002002000000
01111220002000000
00000221111000000
00000220000000000
00000020222000000
00222000111000000
STEP 14 P1 MOVE 7 12 8 12
OWN
00000001100001110
00000001100000000
00000002100000000
02221002102000000
00001002002000000
01111220002000000
00000221111000000
00000220000010000
00000020222010000
00222000111000000
STEP 15 P2 MOVE 5 13 7 13
OWN
00000001100001110
00000001100000000
00000002100000000
02221002102000000
00001002002000000
01111220002002000
00000221111002000
00000220000012000
00000020222010000
00222000111000000
STEP 16 P1 MOVE 6 14 8 14
OWN
00000001100001110
00000001100000000
00000002100000000
02221002102000000
00001002002000000
01111220002002000
00000221111002100
00000220000012100
00000020222010100
00222000111000000
STEP 17 P2 MOVE 6 15 6 16
OWN
00000001100001110
00000001100000000
00000002100000000
02221002102000000
00001002002000000
01111220002002000
00000221111002122
00000220000012100
00000020222010100
00222000111000000
STEP 18 P1 MOVE 4 12 5 12
OWN
00000001100001110
00000001100000000
00000002100000000
02221002102000000
00001002002010000
01111220002012000
00000221111002122
00000220000012100
00000020222010100
00222000111000000
STEP 19 P2 MOVE 4 13 4 14
OWN
00000001100001110
00000001100000000
00000002100000000
02221002102000000
00001002002012200
01111220002012000
00000221111002122
00000220000012100
00000020222010100
00222000111000000
STEP 20 P1 MOVE 4 9 4 11
OWN
00000001100001110
00000001100000000
00000002100000000
02221002102000000
00001002011112200
01111220002012000
00000221111002122
00000220000012100
00000020222010100
00222000111000000
STEP 21 P2 MOVE 9 15 9 16
OWN
00000001100001110
00000001100000000
00000002100000000
02221002102000000
00001002011112200
01111220002012000
00000221111002122
00000220000012100
00000020222010100
00222000111000022
STEP 22 P1 MOVE 3 8 4 9
OWN
00000001100001110
00000001100000000
00000002100000000
02221002112000000
00001002111112200
01111220002012000
00000221111002122
00000220000012100
00000020222010100
00222000111000022
STEP 23 P2 MOVE 7 1 7 2
OWN
00000001100001110
00000001100000000
00000002100000000
02221002112000000
00001002111112200
01111220002012000
00000221111002122
02200220000012100
00000020222010100
00222000111000022
STEP 24 P1 MOVE 1 5 1 6
OWN
00000001100001110
00000111100000000
00000002100000000
02221002112000000
00001002111112200
01111220002012000
00000221111002122
02200220000012100
00000020222010100
00222000111000022
STEP 25 P2 MOVE 7 0 8 0
OWN
00000001100001110
00000111100000000
00000002100000000
02221002112000000
00001002111112200
01111220002012000
00000221111002122
22200220000012100
20000020222010100
00222000111000022
STEP 26 P1 MOVE 3 6 3 11
OWN
00000001100001110
00000111100000000
00000002100000000
02221011111100000
00001002111112200
01111220002012000
00000221111002122
22200220000012100
20000020222010100
00222000111000022
STEP 27 P2 MOVE 2 14 2 15
OWN
00000001100001110
00000111100000000
00000002100000220
02221011111100000
00001002111112200
01111220002012000
00000221111002122
22200220000012100
20000020222010100
00222000111000022
STEP 28 P1 MOVE 4 16 5 16
OWN
00000001100001110
00000111100000000
00000002100000220
02221011111100000
00001002111112201
01111220002012001
00000221111002122
22200220000012100
20000020222010100
00222000111000022
STEP 29 P2 MOVE 1 12 1 13
OWN
00000001100001110
00000111100022000
00000002100000220
02221011111100000
00001002111112201
01111220002012001
00000221111002122
22200220000012100
20000020222010100
00222000111000022
STEP 30 P1 MOVE 8 3 8 4
OWN
00000001100001110
00000111100022000
00000002100000220
02221011111100000
00001002111112201
01111220002012001
00000221111002122
22200220000012100
20011020222010100
00222000111000022
STEP 31 P2 MOVE 0 12 1 14
OWN
00000001100022210
00000111100022200
00000002100000220
02221011111100000
00001002111112201
01111220002012001
00000221111002122
22200220000012100
20011020222010100
00222000111000022
STEP 32 P1 MOVE 1 11 1 15
OWN
00000001100022210
00000111100111110
00000002100000220
02221011111100000
00001002111112201
01111220002012001
00000221111002122
22200220000012100
20011020222010100
00222000111000022
STEP 33 P2 MOVE 1 3 1 4
OWN
00000001100022210
00022111100111110
00000002100000220
02221011111100000
00001002111112201
01111220002012001
00000221111002122
22200220000012100
20011020222010100
00222000111000022
STEP 34 P1 MOVE 2 0 2 1
OWN
00000001100022210
00022111100111110
11000002100000220
02221011111100000
00001002111112201
01111220002012001
00000221111002122
22200220000012100
20011020222010100
00222000111000022
STEP 35 P2 MOVE 8 15 8 16
OWN
00000001100022210
00022111100111110
11000002100000220
02221011111100000
00001002111112201
01111220002012001
00000221111002122
22200220000012100
20011020222010122
00222000111000022
STEP 36 P1 MOVE 3 16 7 16
OWN
00000001100022210
00022111100111110
11000002100000220
02221011111100001
00001002111112201
01111220002012001
00000221111002121
22200220000012101
20011020222010122
00222000111000022
STEP 37 P2 MOVE 3 0 4 0
OWN
00000001100022210
00022111100111110
11000002100000220
22221011111100001
20001002111112201
01111220002012001
00000221111002121
22200220000012101
20011020222010122
00222000111000022
STEP 38 P1 MOVE 3 5 3 13
OWN
00000001100022210
00022111100111110
11000002100000220
22221111111111001
20001002111112201
01111220002012001
00000221111002121
22200220000012101
20011020222010122
00222000111000022
STEP 39 P2 MOVE 2 13 8 13
OWN
00000001100022210
00022111100111110
11000002100002220
22221111111112001
20001002111112201
01111220002012001
00000221111002121
22200220000012101
20011020222012122
00222000111000022
STEP 40 P1 MOVE 4 0 5 1
OWN
00000001100022210
00022111100111110
11000002100002220
22221111111112001
11001002111112201
11111220002012001
00000221111002121
22200220000012101
20011020222012122
00222000111000022
STEP 41 P2 MOVE -1 -1 -1 -1
OWN
00000001100022210
00022111100111110
11000002100002220
22221111111112001
11001002111112201
11111220002012001
00000221111002121
22200220000012101
20011020222012122
00222000111000022
STEP 42 P1 MOVE -1 -1 -1 -1
OWN
00000001100022210
00022111100111110
11000002100002220
22221111111112001
11001002111112201
11111220002012001
00000221111002121
22200220000012101
20011020222012122
00222000111000022
RESULT first=57 second=44 winner=1
ANALYSIS winner=P1 score=57-44 reason=Ĺ»ĂëżěŔ§(+5Ä­ »©ľŃŔ˝,2ąčČż°ú) / şóÄ­Ľ±Áˇ(+3) steal(w/l)=8/3 neu(w/l)=52/49
