BOARD
56789466219637492
16299856488386621
13756699456861922
99828265294234184
51222691966415398
56287759841811989
28683545665665911
66578552675739539
13748881574175282
47597458644463632
STEP 0 P1 MOVE 3 11 4 12
OWN
00000000000000000
00000000000000000
00000000000000000
00000000000110000
00000000000110000
00000000000000000
00000000000000000
00000000000000000
00000000000000000
00000000000000000
STEP 1 P2 MOVE 0 8 2 8
OWN
00000000200000000
00000000200000000
00000000200000000
00000000000110000
00000000000110000
00000000000000000
00000000000000000
00000000000000000
00000000000000000
00000000000000000
STEP 2 P1 MOVE 4 6 4 7
OWN
00000000200000000
00000000200000000
00000000200000000
00000000000110000
00000011000110000
00000000000000000
00000000000000000
00000000000000000
00000000000000000
00000000000000000
STEP 3 P2 MOVE 3 10 4 10
OWN
00000000200000000
00000000200000000
00000000200000000
00000000002110000
00000011002110000
00000000000000000
00000000000000000
00000000000000000
00000000000000000
00000000000000000
STEP 4 P1 MOVE 5 10 5 12
OWN
00000000200000000
00000000200000000
00000000200000000
00000000002110000
00000011002110000
00000000001110000
00000000000000000
00000000000000000
00000000000000000
00000000000000000
STEP 5 P2 MOVE 5 9 6 9
OWN
00000000200000000
00000000200000000
00000000200000000
00000000002110000
00000011002110000
00000000021110000
00000000020000000
00000000000000000
00000000000000000
00000000000000000
STEP 6 P1 MOVE 8 14 8 15
OWN
00000000200000000
00000000200000000
00000000200000000
00000000002110000
00000011002110000
00000000021110000
00000000020000000
00000000000000000
00000000000000110
00000000000000000
STEP 7 P2 MOVE 5 16 6 16
OWN
00000000200000000
00000000200000000
00000000200000000
00000000002110000
00000011002110000
00000000021110002
00000000020000002
00000000000000000
00000000000000110
00000000000000000
STEP 8 P1 MOVE 9 11 9 12
OWN
00000000200000000
00000000200000000
00000000200000000
00000000002110000
00000011002110000
00000000021110002
00000000020000002
00000000000000000
00000000000000110
00000000000110000
STEP 9 P2 MOVE 8 1 9 1
OWN
00000000200000000
00000000200000000
00000000200000000
00000000002110000
00000011002110000
00000000021110002
00000000020000002
00000000000000000
02000000000000110
02000000000110000
STEP 10 P1 MOVE 6 0 6 1
OWN
00000000200000000
00000000200000000
00000000200000000
00000000002110000
00000011002110000
00000000021110002
11000000020000002
00000000000000000
02000000000000110
02000000000110000
STEP 11 P2 MOVE 0 14 1 14
OWN
00000000200000200
00000000200000200
00000000200000000
00000000002110000
00000011002110000
00000000021110002
11000000020000002
00000000000000000
02000000000000110
02000000000110000
STEP 12 P1 MOVE 0 12 0 13
OWN
00000000200011200
00000000200000200
00000000200000000
00000000002110000
00000011002110000
00000000021110002
11000000020000002
00000000000000000
02000000000000110
02000000000110000
STEP 13 P2 MOVE 6 5 7 5
OWN
00000000200011200
00000000200000200
00000000200000000
00000000002110000
00000011002110000
00000000021110002
11000200020000002
00000200000000000
02000000000000110
02000000000110000
STEP 14 P1 MOVE 6 14 6 15
OWN
00000000200011200
00000000200000200
00000000200000000
00000000002110000
00000011002110000
00000000021110002
11000200020000112
00000200000000000
02000000000000110
02000000000110000
STEP 15 P2 MOVE 2 13 4 13
OWN
00000000200011200
00000000200000200
00000000200002000
00000000002112000
00000011002112000
00000000021110002
11000200020000112
00000200000000000
02000000000000110
02000000000110000
STEP 16 P1 MOVE 0 9 0 10
OWN
00000000211011200
00000000200000200
00000000200002000
00000000002112000
00000011002112000
00000000021110002
11000200020000112
00000200000000000
02000000000000110
02000000000110000
STEP 17 P2 MOVE 0 5 0 6
OWN
00000220211011200
00000000200000200
00000000200002000
00000000002112000
00000011002112000
00000000021110002
11000200020000112
00000200000000000
02000000000000110
02000000000110000
STEP 18 P1 MOVE 3 4 3 5
OWN
00000220211011200
00000000200000200
00000000200002000
00001100002112000
00000011002112000
00000000021110002
11000200020000112
00000200000000000
02000000000000110
02000000000110000
STEP 19 P2 MOVE 2 0 3 0
OWN
00000220211011200
00000000200000200
20000000200002000
20001100002112000
00000011002112000
00000000021110002
11000200020000112
00000200000000000
02000000000000110
02000000000110000
STEP 20 P1 MOVE 9 8 9 9
OWN
00000220211011200
00000000200000200
20000000200002000
20001100002112000
00000011002112000
00000000021110002
11000200020000112
00000200000000000
02000000000000110
02000000110110000
STEP 21 P2 MOVE 5 13 5 14
OWN
00000220211011200
00000000200000200
20000000200002000
20001100002112000
00000011002112000
00000000021112202
11000200020000112
00000200000000000
02000000000000110
02000000110110000
STEP 22 P1 MOVE 1 0 2 1
OWN
00000220211011200
11000000200000200
11000000200002000
20001100002112000
00000011002112000
00000000021112202
11000200020000112
00000200000000000
02000000000000110
02000000110110000
STEP 23 P2 MOVE 0 0 4 0
OWN
20000220211011200
21000000200000200
21000000200002000
20001100002112000
20000011002112000
00000000021112202
11000200020000112
00000200000000000
02000000000000110
02000000110110000
STEP 24 P1 MOVE 4 2 6 2
OWN
20000220211011200
21000000200000200
21000000200002000
20001100002112000
20100011002112000
00100000021112202
11100200020000112
00000200000000000
02000000000000110
02000000110110000
STEP 25 P2 MOVE 3 1 4 1
OWN
20000220211011200
21000000200000200
21000000200002000
22001100002112000
22100011002112000
00100000021112202
11100200020000112
00000200000000000
02000000000000110
02000000110110000
STEP 26 P1 MOVE 4 3 4 5
OWN
20000220211011200
21000000200000200
21000000200002000
22001100002112000
22111111002112000
00100000021112202
11100200020000112
00000200000000000
02000000000000110
02000000110110000
STEP 27 P2 MOVE 3 3 5 3
OWN
20000220211011200
21000000200000200
21000000200002000
22021100002112000
22121111002112000
00120000021112202
11100200020000112
00000200000000000
02000000000000110
02000000110110000
STEP 28 P1 MOVE 5 4 6 4
OWN
20000220211011200
21000000200000200
21000000200002000
22021100002112000
22121111002112000
00121000021112202
11101200020000112
00000200000000000
02000000000000110
02000000110110000
STEP 29 P2 MOVE 7 12 8 12
OWN
20000220211011200
21000000200000200
21000000200002000
22021100002112000
22121111002112000
00121000021112202
11101200020000112
00000200000020000
02000000000020110
02000000110110000
STEP 30 P1 MOVE 8 10 8 13
OWN
20000220211011200
21000000200000200
21000000200002000
22021100002112000
22121111002112000
00121000021112202
11101200020000112
00000200000020000
02000000001111110
02000000110110000
STEP 31 P2 MOVE 2 15 3 15
OWN
20000220211011200
21000000200000200
21000000200002020
22021100002112020
22121111002112000
00121000021112202
11101200020000112
00000200000020000
02000000001111110
02000000110110000
STEP 32 P1 MOVE 3 9 3 14
OWN
20000220211011200
21000000200000200
21000000200002020
22021100011111120
22121111002112000
00121000021112202
11101200020000112
00000200000020000
02000000001111110
02000000110110000
STEP 33 P2 MOVE 6 10 7 10
OWN
20000220211011200
21000000200000200
21000000200002020
22021100011111120
22121111002112000
00121000021112202
11101200022000112
00000200002020000
02000000001111110
02000000110110000
STEP 34 P1 MOVE -1 -1 -1 -1
OWN
20000220211011200
21000000200000200
21000000200002020
22021100011111120
22121111002112000
00121000021112202
11101200022000112
00000200002020000
02000000001111110
02000000110110000
STEP 35 P2 MOVE 2 10 9 10
OWN
20000220211011200
21000000200000200
21000000202002020
22021100012111120
22121111002112000
00121000022112202
11101200022000112
00000200002020000
02000000002111110
02000000112110000
STEP 36 P1 MOVE 8 9 9 13
OWN
20000220211011200
21000000200000200
21000000202002020
22021100012111120
22121111002112000
00121000022112202
11101200022000112
00000200002020000
02000000011111110
02000000111111000
STEP 37 P2 MOVE -1 -1 -1 -1
OWN
20000220211011200
21000000200000200
21000000202002020
22021100012111120
22121111002112000
00121000022112202
11101200022000112
00000200002020000
02000000011111110
02000000111111000
STEP 38 P1 MOVE -1 -1 -1 -1
OWN
20000220211011200
21000000200000200
21000000202002020
22021100012111120
22121111002112000
00121000022112202
11101200022000112
00000200002020000
02000000011111110
02000000111111000
RESULT first=43 second=38 winner=1
ANALYSIS winner=P1 score=43-38 reason=綴蘊摹薄(+5) steal(w/l)=6/6 neu(w/l)=43/38
