BOARD
51787993934474185
86461155632642925
25544821326399471
61199676422647821
51623135187614813
52642243862567358
47492286796155285
89737929669324636
65788978273429383
79441259461984582
STEP 0 P1 MOVE 1 16 4 16
OWN
00000000000000000
00000000000000001
00000000000000001
00000000000000001
00000000000000001
00000000000000000
00000000000000000
00000000000000000
00000000000000000
00000000000000000
STEP 1 P2 MOVE 3 9 3 11
OWN
00000000000000000
00000000000000001
00000000000000001
00000000022200001
00000000000000001
00000000000000000
00000000000000000
00000000000000000
00000000000000000
00000000000000000
STEP 2 P1 MOVE 2 15 4 15
OWN
00000000000000000
00000000000000001
00000000000000011
00000000022200011
00000000000000011
00000000000000000
00000000000000000
00000000000000000
00000000000000000
00000000000000000
STEP 3 P2 MOVE 1 2 1 3
OWN
00000000000000000
00220000000000001
00000000000000011
00000000022200011
00000000000000011
00000000000000000
00000000000000000
00000000000000000
00000000000000000
00000000000000000
STEP 4 P1 MOVE 8 12 9 12
OWN
00000000000000000
00220000000000001
00000000000000011
00000000022200011
00000000000000011
00000000000000000
00000000000000000
00000000000000000
00000000000010000
00000000000010000
STEP 5 P2 MOVE 0 11 1 11
OWN
00000000000200000
00220000000200001
00000000000000011
00000000022200011
00000000000000011
00000000000000000
00000000000000000
00000000000000000
00000000000010000
00000000000010000
STEP 6 P1 MOVE 1 0 2 0
OWN
00000000000200000
10220000000200001
10000000000000011
00000000022200011
00000000000000011
00000000000000000
00000000000000000
00000000000000000
00000000000010000
00000000000010000
STEP 7 P2 MOVE 7 2 7 3
OWN
00000000000200000
10220000000200001
10000000000000011
00000000022200011
00000000000000011
00000000000000000
00000000000000000
00220000000000000
00000000000010000
00000000000010000
STEP 8 P1 MOVE 4 1 6 1
OWN
00000000000200000
10220000000200001
10000000000000011
00000000022200011
01000000000000011
01000000000000000
01000000000000000
00220000000000000
00000000000010000
00000000000010000
STEP 9 P2 MOVE 5 2 6 2
OWN
00000000000200000
10220000000200001
10000000000000011
00000000022200011
01000000000000011
01200000000000000
01200000000000000
00220000000000000
00000000000010000
00000000000010000
STEP 10 P1 MOVE 9 15 9 16
OWN
00000000000200000
10220000000200001
10000000000000011
00000000022200011
01000000000000011
01200000000000000
01200000000000000
00220000000000000
00000000000010000
00000000000010011
STEP 11 P2 MOVE 8 9 8 10
OWN
00000000000200000
10220000000200001
10000000000000011
00000000022200011
01000000000000011
01200000000000000
01200000000000000
00220000000000000
00000000022010000
00000000000010011
STEP 12 P1 MOVE 3 6 4 6
OWN
00000000000200000
10220000000200001
10000000000000011
00000010022200011
01000010000000011
01200000000000000
01200000000000000
00220000000000000
00000000022010000
00000000000010011
STEP 13 P2 MOVE 0 5 1 5
OWN
00000200000200000
10220200000200001
10000000000000011
00000010022200011
01000010000000011
01200000000000000
01200000000000000
00220000000000000
00000000022010000
00000000000010011
STEP 14 P1 MOVE 2 5 2 6
OWN
00000200000200000
10220200000200001
10000110000000011
00000010022200011
01000010000000011
01200000000000000
01200000000000000
00220000000000000
00000000022010000
00000000000010011
STEP 15 P2 MOVE 2 9 4 9
OWN
00000200000200000
10220200000200001
10000110020000011
00000010022200011
01000010020000011
01200000000000000
01200000000000000
00220000000000000
00000000022010000
00000000000010011
STEP 16 P1 MOVE 4 4 4 8
OWN
00000200000200000
10220200000200001
10000110020000011
00000010022200011
01001111120000011
01200000000000000
01200000000000000
00220000000000000
00000000022010000
00000000000010011
STEP 17 P2 MOVE 2 7 5 7
OWN
00000200000200000
10220200000200001
10000112020000011
00000012022200011
01001112120000011
01200002000000000
01200000000000000
00220000000000000
00000000022010000
00000000000010011
STEP 18 P1 MOVE 1 4 2 6
OWN
00000200000200000
10221110000200001
10001112020000011
00000012022200011
01001112120000011
01200002000000000
01200000000000000
00220000000000000
00000000022010000
00000000000010011
STEP 19 P2 MOVE 3 5 3 8
OWN
00000200000200000
10221110000200001
10001112020000011
00000222222200011
01001112120000011
01200002000000000
01200000000000000
00220000000000000
00000000022010000
00000000000010011
STEP 20 P1 MOVE -1 -1 -1 -1
OWN
00000200000200000
10221110000200001
10001112020000011
00000222222200011
01001112120000011
01200002000000000
01200000000000000
00220000000000000
00000000022010000
00000000000010011
STEP 21 P2 MOVE 3 2 3 3
OWN
00000200000200000
10221110000200001
10001112020000011
00220222222200011
01001112120000011
01200002000000000
01200000000000000
00220000000000000
00000000022010000
00000000000010011
STEP 22 P1 MOVE 7 10 9 10
OWN
00000200000200000
10221110000200001
10001112020000011
00220222222200011
01001112120000011
01200002000000000
01200000000000000
00220000001000000
00000000021010000
00000000001010011
STEP 23 P2 MOVE 6 10 7 11
OWN
00000200000200000
10221110000200001
10001112020000011
00220222222200011
01001112120000011
01200002000000000
01200000002200000
00220000002200000
00000000021010000
00000000001010011
STEP 24 P1 MOVE 9 8 9 9
OWN
00000200000200000
10221110000200001
10001112020000011
00220222222200011
01001112120000011
01200002000000000
01200000002200000
00220000002200000
00000000021010000
00000000111010011
STEP 25 P2 MOVE 4 3 5 5
OWN
00000200000200000
10221110000200001
10001112020000011
00220222222200011
01022212120000011
01222202000000000
01200000002200000
00220000002200000
00000000021010000
00000000111010011
STEP 26 P1 MOVE 6 12 6 13
OWN
00000200000200000
10221110000200001
10001112020000011
00220222222200011
01022212120000011
01222202000000000
01200000002211000
00220000002200000
00000000021010000
00000000111010011
STEP 27 P2 MOVE 6 5 6 6
OWN
00000200000200000
10221110000200001
10001112020000011
00220222222200011
01022212120000011
01222202000000000
01200220002211000
00220000002200000
00000000021010000
00000000111010011
STEP 28 P1 MOVE 5 13 5 14
OWN
00000200000200000
10221110000200001
10001112020000011
00220222222200011
01022212120000011
01222202000001100
01200220002211000
00220000002200000
00000000021010000
00000000111010011
STEP 29 P2 MOVE 5 6 6 7
OWN
00000200000200000
10221110000200001
10001112020000011
00220222222200011
01022212120000011
01222222000001100
01200222002211000
00220000002200000
00000000021010000
00000000111010011
STEP 30 P1 MOVE 4 14 6 14
OWN
00000200000200000
10221110000200001
10001112020000011
00220222222200011
01022212120000111
01222222000001100
01200222002211100
00220000002200000
00000000021010000
00000000111010011
STEP 31 P2 MOVE 7 13 7 14
OWN
00000200000200000
10221110000200001
10001112020000011
00220222222200011
01022212120000111
01222222000001100
01200222002211100
00220000002202200
00000000021010000
00000000111010011
STEP 32 P1 MOVE 3 1 3 4
OWN
00000200000200000
10221110000200001
10001112020000011
01111222222200011
01022212120000111
01222222000001100
01200222002211100
00220000002202200
00000000021010000
00000000111010011
STEP 33 P2 MOVE 3 0 3 12
OWN
00000200000200000
10221110000200001
10001112020000011
22222222222220011
01022212120000111
01222222000001100
01200222002211100
00220000002202200
00000000021010000
00000000111010011
STEP 34 P1 MOVE 2 0 4 1
OWN
00000200000200000
10221110000200001
11001112020000011
11222222222220011
11022212120000111
01222222000001100
01200222002211100
00220000002202200
00000000021010000
00000000111010011
STEP 35 P2 MOVE 0 14 1 14
OWN
00000200000200200
10221110000200201
11001112020000011
11222222222220011
11022212120000111
01222222000001100
01200222002211100
00220000002202200
00000000021010000
00000000111010011
STEP 36 P1 MOVE 2 12 4 12
OWN
00000200000200200
10221110000200201
11001112020010011
11222222222210011
11022212120010111
01222222000001100
01200222002211100
00220000002202200
00000000021010000
00000000111010011
STEP 37 P2 MOVE 0 15 1 15
OWN
00000200000200220
10221110000200221
11001112020010011
11222222222210011
11022212120010111
01222222000001100
01200222002211100
00220000002202200
00000000021010000
00000000111010011
STEP 38 P1 MOVE 1 12 5 12
OWN
00000200000200220
10221110000210221
11001112020010011
11222222222210011
11022212120010111
01222222000011100
01200222002211100
00220000002202200
00000000021010000
00000000111010011
STEP 39 P2 MOVE 0 11 2 12
OWN
00000200000220220
10221110000220221
11001112020220011
11222222222210011
11022212120010111
01222222000011100
01200222002211100
00220000002202200
00000000021010000
00000000111010011
STEP 40 P1 MOVE 4 11 4 13
OWN
00000200000220220
10221110000220221
11001112020220011
11222222222210011
11022212120111111
01222222000011100
01200222002211100
00220000002202200
00000000021010000
00000000111010011
STEP 41 P2 MOVE -1 -1 -1 -1
OWN
00000200000220220
10221110000220221
11001112020220011
11222222222210011
11022212120111111
01222222000011100
01200222002211100
00220000002202200
00000000021010000
00000000111010011
STEP 42 P1 MOVE 7 9 8 11
OWN
00000200000220220
10221110000220221
11001112020220011
11222222222210011
11022212120111111
01222222000011100
01200222002211100
00220000011102200
00000000011110000
00000000111010011
STEP 43 P2 MOVE 7 8 8 12
OWN
00000200000220220
10221110000220221
11001112020220011
11222222222210011
11022212120111111
01222222000011100
01200222002211100
00220000222222200
00000000222220000
00000000111010011
STEP 44 P1 MOVE 0 0 5 0
OWN
10000200000220220
10221110000220221
11001112020220011
11222222222210011
11022212120111111
11222222000011100
01200222002211100
00220000222222200
00000000222220000
00000000111010011
STEP 45 P2 MOVE 4 0 6 2
OWN
10000200000220220
10221110000220221
11001112020220011
11222222222210011
22222212120111111
22222222000011100
22200222002211100
00220000222222200
00000000222220000
00000000111010011
STEP 46 P1 MOVE 5 11 5 15
OWN
10000200000220220
10221110000220221
11001112020220011
11222222222210011
22222212120111111
22222222000111110
22200222002211100
00220000222222200
00000000222220000
00000000111010011
STEP 47 P2 MOVE 5 10 5 16
OWN
10000200000220220
10221110000220221
11001112020220011
11222222222210011
22222212120111111
22222222002222222
22200222002211100
00220000222222200
00000000222220000
00000000111010011
STEP 48 P1 MOVE 0 16 6 16
OWN
10000200000220221
10221110000220221
11001112020220011
11222222222210011
22222212120111111
22222222002222221
22200222002211101
00220000222222200
00000000222220000
00000000111010011
STEP 49 P2 MOVE -1 -1 -1 -1
OWN
10000200000220221
10221110000220221
11001112020220011
11222222222210011
22222212120111111
22222222002222221
22200222002211101
00220000222222200
00000000222220000
00000000111010011
STEP 50 P1 MOVE -1 -1 -1 -1
OWN
10000200000220221
10221110000220221
11001112020220011
11222222222210011
22222212120111111
22222222002222221
22200222002211101
00220000222222200
00000000222220000
00000000111010011
RESULT first=38 second=69 winner=2
ANALYSIS winner=P2 score=38-69 reason=Ĺ»ĂëżěŔ§(+17Ä­ »©ľŃŔ˝,2ąčČż°ú) steal(w/l)=28/11 neu(w/l)=52/55
