BOARD
11993978733428486
16218528941741638
84814644613169261
86481347675389279
21221647599262972
71824614558846868
94375588494614332
78827429734987321
17257163472282273
51411933951158396
STEP 0 P1 MOVE 5 6 5 8
OWN
00000000000000000
00000000000000000
00000000000000000
00000000000000000
00000000000000000
00000011100000000
00000000000000000
00000000000000000
00000000000000000
00000000000000000
STEP 1 P2 MOVE 6 5 8 5
OWN
00000000000000000
00000000000000000
00000000000000000
00000000000000000
00000000000000000
00000011100000000
00000200000000000
00000200000000000
00000200000000000
00000000000000000
STEP 2 P1 MOVE 9 0 9 2
OWN
00000000000000000
00000000000000000
00000000000000000
00000000000000000
00000000000000000
00000011100000000
00000200000000000
00000200000000000
00000200000000000
11100000000000000
STEP 3 P2 MOVE 1 0 1 3
OWN
00000000000000000
22220000000000000
00000000000000000
00000000000000000
00000000000000000
00000011100000000
00000200000000000
00000200000000000
00000200000000000
11100000000000000
STEP 4 P1 MOVE 2 4 5 4
OWN
00000000000000000
22220000000000000
00001000000000000
00001000000000000
00001000000000000
00001011100000000
00000200000000000
00000200000000000
00000200000000000
11100000000000000
STEP 5 P2 MOVE 1 13 1 15
OWN
00000000000000000
22220000000002220
00001000000000000
00001000000000000
00001000000000000
00001011100000000
00000200000000000
00000200000000000
00000200000000000
11100000000000000
STEP 6 P1 MOVE 4 11 4 13
OWN
00000000000000000
22220000000002220
00001000000000000
00001000000000000
00001000000111000
00001011100000000
00000200000000000
00000200000000000
00000200000000000
11100000000000000
STEP 7 P2 MOVE 0 9 0 11
OWN
00000000022200000
22220000000002220
00001000000000000
00001000000000000
00001000000111000
00001011100000000
00000200000000000
00000200000000000
00000200000000000
11100000000000000
STEP 8 P1 MOVE 0 3 2 3
OWN
00010000022200000
22210000000002220
00011000000000000
00001000000000000
00001000000111000
00001011100000000
00000200000000000
00000200000000000
00000200000000000
11100000000000000
STEP 9 P2 MOVE 2 8 2 10
OWN
00010000022200000
22210000000002220
00011000222000000
00001000000000000
00001000000111000
00001011100000000
00000200000000000
00000200000000000
00000200000000000
11100000000000000
STEP 10 P1 MOVE 6 10 8 10
OWN
00010000022200000
22210000000002220
00011000222000000
00001000000000000
00001000000111000
00001011100000000
00000200001000000
00000200001000000
00000200001000000
11100000000000000
STEP 11 P2 MOVE 6 13 6 15
OWN
00010000022200000
22210000000002220
00011000222000000
00001000000000000
00001000000111000
00001011100000000
00000200001002220
00000200001000000
00000200001000000
11100000000000000
STEP 12 P1 MOVE 7 16 9 16
OWN
00010000022200000
22210000000002220
00011000222000000
00001000000000000
00001000000111000
00001011100000000
00000200001002220
00000200001000001
00000200001000001
11100000000000001
STEP 13 P2 MOVE 8 0 8 2
OWN
00010000022200000
22210000000002220
00011000222000000
00001000000000000
00001000000111000
00001011100000000
00000200001002220
00000200001000001
22200200001000001
11100000000000001
STEP 14 P1 MOVE 5 16 6 16
OWN
00010000022200000
22210000000002220
00011000222000000
00001000000000000
00001000000111000
00001011100000001
00000200001002221
00000200001000001
22200200001000001
11100000000000001
STEP 15 P2 MOVE 5 12 5 13
OWN
00010000022200000
22210000000002220
00011000222000000
00001000000000000
00001000000111000
00001011100022001
00000200001002221
00000200001000001
22200200001000001
11100000000000001
STEP 16 P1 MOVE 8 12 8 13
OWN
00010000022200000
22210000000002220
00011000222000000
00001000000000000
00001000000111000
00001011100022001
00000200001002221
00000200001000001
22200200001011001
11100000000000001
STEP 17 P2 MOVE 4 2 4 5
OWN
00010000022200000
22210000000002220
00011000222000000
00001000000000000
00222200000111000
00001011100022001
00000200001002221
00000200001000001
22200200001011001
11100000000000001
STEP 18 P1 MOVE 3 3 5 3
OWN
00010000022200000
22210000000002220
00011000222000000
00011000000000000
00212200000111000
00011011100022001
00000200001002221
00000200001000001
22200200001011001
11100000000000001
STEP 19 P2 MOVE 0 1 0 2
OWN
02210000022200000
22210000000002220
00011000222000000
00011000000000000
00212200000111000
00011011100022001
00000200001002221
00000200001000001
22200200001011001
11100000000000001
STEP 20 P1 MOVE 7 9 8 9
OWN
02210000022200000
22210000000002220
00011000222000000
00011000000000000
00212200000111000
00011011100022001
00000200001002221
00000200011000001
22200200011011001
11100000000000001
STEP 21 P2 MOVE 4 1 5 2
OWN
02210000022200000
22210000000002220
00011000222000000
00011000000000000
02212200000111000
02211011100022001
00000200001002221
00000200011000001
22200200011011001
11100000000000001
STEP 22 P1 MOVE 3 1 6 1
OWN
02210000022200000
22210000000002220
00011000222000000
01011000000000000
01212200000111000
01211011100022001
01000200001002221
00000200011000001
22200200011011001
11100000000000001
STEP 23 P2 MOVE 4 5 5 6
OWN
02210000022200000
22210000000002220
00011000222000000
01011000000000000
01212220000111000
01211221100022001
01000200001002221
00000200011000001
22200200011011001
11100000000000001
STEP 24 P1 MOVE 1 6 1 7
OWN
02210000022200000
22210011000002220
00011000222000000
01011000000000000
01212220000111000
01211221100022001
01000200001002221
00000200011000001
22200200011011001
11100000000000001
STEP 25 P2 MOVE 9 4 9 5
OWN
02210000022200000
22210011000002220
00011000222000000
01011000000000000
01212220000111000
01211221100022001
01000200001002221
00000200011000001
22200200011011001
11102200000000001
STEP 26 P1 MOVE 0 12 0 13
OWN
02210000022211000
22210011000002220
00011000222000000
01011000000000000
01212220000111000
01211221100022001
01000200001002221
00000200011000001
22200200011011001
11102200000000001
STEP 27 P2 MOVE 7 13 7 14
OWN
02210000022211000
22210011000002220
00011000222000000
01011000000000000
01212220000111000
01211221100022001
01000200001002221
00000200011002201
22200200011011001
11102200000000001
STEP 28 P1 MOVE 3 0 4 0
OWN
02210000022211000
22210011000002220
00011000222000000
11011000000000000
11212220000111000
01211221100022001
01000200001002221
00000200011002201
22200200011011001
11102200000000001
STEP 29 P2 MOVE 2 5 2 6
OWN
02210000022211000
22210011000002220
00011220222000000
11011000000000000
11212220000111000
01211221100022001
01000200001002221
00000200011002201
22200200011011001
11102200000000001
STEP 30 P1 MOVE 6 6 7 6
OWN
02210000022211000
22210011000002220
00011220222000000
11011000000000000
11212220000111000
01211221100022001
01000210001002221
00000210011002201
22200200011011001
11102200000000001
STEP 31 P2 MOVE 6 2 6 3
OWN
02210000022211000
22210011000002220
00011220222000000
11011000000000000
11212220000111000
01211221100022001
01220210001002221
00000210011002201
22200200011011001
11102200000000001
STEP 32 P1 MOVE 7 2 7 3
OWN
02210000022211000
22210011000002220
00011220222000000
11011000000000000
11212220000111000
01211221100022001
01220210001002221
00110210011002201
22200200011011001
11102200000000001
STEP 33 P2 MOVE 1 12 2 12
OWN
02210000022211000
22210011000022220
00011220222020000
11011000000000000
11212220000111000
01211221100022001
01220210001002221
00110210011002201
22200200011011001
11102200000000001
STEP 34 P1 MOVE 2 11 2 13
OWN
02210000022211000
22210011000022220
00011220222111000
11011000000000000
11212220000111000
01211221100022001
01220210001002221
00110210011002201
22200200011011001
11102200000000001
STEP 35 P2 MOVE 3 6 8 6
OWN
02210000022211000
22210011000022220
00011220222111000
11011020000000000
11212220000111000
01211221100022001
01220220001002221
00110220011002201
22200220011011001
11102200000000001
STEP 36 P1 MOVE 0 6 9 6
OWN
02210010022211000
22210011000022220
00011210222111000
11011010000000000
11212210000111000
01211211100022001
01220210001002221
00110210011002201
22200210011011001
11102210000000001
STEP 37 P2 MOVE 3 2 9 3
OWN
02210010022211000
22210011000022220
00011210222111000
11221010000000000
11222210000111000
01221211100022001
01220210001002221
00220210011002201
22220210011011001
11222210000000001
STEP 38 P1 MOVE 3 0 5 5
OWN
02210010022211000
22210011000022220
00011210222111000
11111110000000000
11111110000111000
11111111100022001
01220210001002221
00220210011002201
22220210011011001
11222210000000001
STEP 39 P2 MOVE 8 4 8 7
OWN
02210010022211000
22210011000022220
00011210222111000
11111110000000000
11111110000111000
11111111100022001
01220210001002221
00220210011002201
22222222011011001
11222210000000001
STEP 40 P1 MOVE 1 11 3 11
OWN
02210010022211000
22210011000122220
00011210222111000
11111110000100000
11111110000111000
11111111100022001
01220210001002221
00220210011002201
22222222011011001
11222210000000001
STEP 41 P2 MOVE 5 14 8 14
OWN
02210010022211000
22210011000122220
00011210222111000
11111110000100000
11111110000111000
11111111100022201
01220210001002221
00220210011002201
22222222011011201
11222210000000001
STEP 42 P1 MOVE 4 12 6 14
OWN
02210010022211000
22210011000122220
00011210222111000
11111110000100000
11111110000111100
11111111100011101
01220210001011121
00220210011002201
22222222011011201
11222210000000001
STEP 43 P2 MOVE 7 12 7 15
OWN
02210010022211000
22210011000122220
00011210222111000
11111110000100000
11111110000111100
11111111100011101
01220210001011121
00220210011022221
22222222011011201
11222210000000001
STEP 44 P1 MOVE -1 -1 -1 -1
OWN
02210010022211000
22210011000122220
00011210222111000
11111110000100000
11111110000111100
11111111100011101
01220210001011121
00220210011022221
22222222011011201
11222210000000001
STEP 45 P2 MOVE -1 -1 -1 -1
OWN
02210010022211000
22210011000122220
00011210222111000
11111110000100000
11111110000111100
11111111100011101
01220210001011121
00220210011022221
22222222011011201
11222210000000001
RESULT first=66 second=40 winner=1
ANALYSIS winner=P1 score=66-40 reason=Ĺ»ĂëżěŔ§(+15Ä­ »©ľŃŔ˝,2ąčČż°ú) steal(w/l)=26/11 neu(w/l)=51/55
