BOARD
91421733396628678
51249638653774221
37717866541766378
81992834648941916
15126545534512997
71193796366198327
97661915619546963
58679723839976845
99323672647342696
77942545448664992
STEP 0 P1 MOVE 0 10 2 10
OWN
00000000001000000
00000000001000000
00000000001000000
00000000000000000
00000000000000000
00000000000000000
00000000000000000
00000000000000000
00000000000000000
00000000000000000
STEP 1 P2 MOVE 0 1 3 1
OWN
02000000001000000
02000000001000000
02000000001000000
02000000000000000
00000000000000000
00000000000000000
00000000000000000
00000000000000000
00000000000000000
00000000000000000
STEP 2 P1 MOVE 2 0 2 2
OWN
02000000001000000
02000000001000000
11100000001000000
02000000000000000
00000000000000000
00000000000000000
00000000000000000
00000000000000000
00000000000000000
00000000000000000
STEP 3 P2 MOVE 1 15 3 15
OWN
02000000001000000
02000000001000020
11100000001000020
02000000000000020
00000000000000000
00000000000000000
00000000000000000
00000000000000000
00000000000000000
00000000000000000
STEP 4 P1 MOVE 4 4 6 4
OWN
02000000001000000
02000000001000020
11100000001000020
02000000000000020
00001000000000000
00001000000000000
00001000000000000
00000000000000000
00000000000000000
00000000000000000
STEP 5 P2 MOVE 6 7 8 7
OWN
02000000001000000
02000000001000020
11100000001000020
02000000000000020
00001000000000000
00001000000000000
00001002000000000
00000002000000000
00000002000000000
00000000000000000
STEP 6 P1 MOVE 6 6 8 6
OWN
02000000001000000
02000000001000020
11100000001000020
02000000000000020
00001000000000000
00001000000000000
00001012000000000
00000012000000000
00000012000000000
00000000000000000
STEP 7 P2 MOVE 2 7 3 7
OWN
02000000001000000
02000000001000020
11100002001000020
02000002000000020
00001000000000000
00001000000000000
00001012000000000
00000012000000000
00000012000000000
00000000000000000
STEP 8 P1 MOVE 6 9 6 10
OWN
02000000001000000
02000000001000020
11100002001000020
02000002000000020
00001000000000000
00001000000000000
00001012011000000
00000012000000000
00000012000000000
00000000000000000
STEP 9 P2 MOVE 3 2 4 2
OWN
02000000001000000
02000000001000020
11100002001000020
02200002000000020
00201000000000000
00001000000000000
00001012011000000
00000012000000000
00000012000000000
00000000000000000
STEP 10 P1 MOVE 0 12 0 13
OWN
02000000001011000
02000000001000020
11100002001000020
02200002000000020
00201000000000000
00001000000000000
00001012011000000
00000012000000000
00000012000000000
00000000000000000
STEP 11 P2 MOVE 6 15 7 15
OWN
02000000001011000
02000000001000020
11100002001000020
02200002000000020
00201000000000000
00001000000000000
00001012011000020
00000012000000020
00000012000000000
00000000000000000
STEP 12 P1 MOVE 6 12 6 13
OWN
02000000001011000
02000000001000020
11100002001000020
02200002000000020
00201000000000000
00001000000000000
00001012011011020
00000012000000020
00000012000000000
00000000000000000
STEP 13 P2 MOVE 3 4 3 5
OWN
02000000001011000
02000000001000020
11100002001000020
02202202000000020
00201000000000000
00001000000000000
00001012011011020
00000012000000020
00000012000000000
00000000000000000
STEP 14 P1 MOVE 2 3 3 3
OWN
02000000001011000
02000000001000020
11110002001000020
02212202000000020
00201000000000000
00001000000000000
00001012011011020
00000012000000020
00000012000000000
00000000000000000
STEP 15 P2 MOVE 8 8 9 8
OWN
02000000001011000
02000000001000020
11110002001000020
02212202000000020
00201000000000000
00001000000000000
00001012011011020
00000012000000020
00000012200000000
00000000200000000
STEP 16 P1 MOVE 0 4 1 4
OWN
02001000001011000
02001000001000020
11110002001000020
02212202000000020
00201000000000000
00001000000000000
00001012011011020
00000012000000020
00000012200000000
00000000200000000
STEP 17 P2 MOVE 0 5 0 6
OWN
02001220001011000
02001000001000020
11110002001000020
02212202000000020
00201000000000000
00001000000000000
00001012011011020
00000012000000020
00000012200000000
00000000200000000
STEP 18 P1 MOVE 9 12 9 13
OWN
02001220001011000
02001000001000020
11110002001000020
02212202000000020
00201000000000000
00001000000000000
00001012011011020
00000012000000020
00000012200000000
00000000200011000
STEP 19 P2 MOVE 5 2 5 3
OWN
02001220001011000
02001000001000020
11110002001000020
02212202000000020
00201000000000000
00221000000000000
00001012011011020
00000012000000020
00000012200000000
00000000200011000
STEP 20 P1 MOVE 5 11 5 12
OWN
02001220001011000
02001000001000020
11110002001000020
02212202000000020
00201000000000000
00221000000110000
00001012011011020
00000012000000020
00000012200000000
00000000200011000
STEP 21 P2 MOVE 4 11 6 11
OWN
02001220001011000
02001000001000020
11110002001000020
02212202000000020
00201000000200000
00221000000210000
00001012011211020
00000012000000020
00000012200000000
00000000200011000
STEP 22 P1 MOVE 4 9 4 13
OWN
02001220001011000
02001000001000020
11110002001000020
02212202000000020
00201000011111000
00221000000210000
00001012011211020
00000012000000020
00000012200000000
00000000200011000
STEP 23 P2 MOVE 3 9 5 9
OWN
02001220001011000
02001000001000020
11110002001000020
02212202020000020
00201000021111000
00221000020210000
00001012011211020
00000012000000020
00000012200000000
00000000200011000
STEP 24 P1 MOVE 4 7 4 8
OWN
02001220001011000
02001000001000020
11110002001000020
02212202020000020
00201001121111000
00221000020210000
00001012011211020
00000012000000020
00000012200000000
00000000200011000
STEP 25 P2 MOVE 5 16 6 16
OWN
02001220001011000
02001000001000020
11110002001000020
02212202020000020
00201001121111000
00221000020210002
00001012011211022
00000012000000020
00000012200000000
00000000200011000
STEP 26 P1 MOVE -1 -1 -1 -1
OWN
02001220001011000
02001000001000020
11110002001000020
02212202020000020
00201001121111000
00221000020210002
00001012011211022
00000012000000020
00000012200000000
00000000200011000
STEP 27 P2 MOVE 2 12 3 12
OWN
02001220001011000
02001000001000020
11110002001020020
02212202020020020
00201001121111000
00221000020210002
00001012011211022
00000012000000020
00000012200000000
00000000200011000
STEP 28 P1 MOVE 3 11 3 13
OWN
02001220001011000
02001000001000020
11110002001020020
02212202020111020
00201001121111000
00221000020210002
00001012011211022
00000012000000020
00000012200000000
00000000200011000
STEP 29 P2 MOVE 8 10 8 11
OWN
02001220001011000
02001000001000020
11110002001020020
02212202020111020
00201001121111000
00221000020210002
00001012011211022
00000012000000020
00000012202200000
00000000200011000
STEP 30 P1 MOVE 8 9 8 13
OWN
02001220001011000
02001000001000020
11110002001020020
02212202020111020
00201001121111000
00221000020210002
00001012011211022
00000012000000020
00000012211111000
00000000200011000
STEP 31 P2 MOVE 1 13 2 13
OWN
02001220001011000
02001000001002020
11110002001022020
02212202020111020
00201001121111000
00221000020210002
00001012011211022
00000012000000020
00000012211111000
00000000200011000
STEP 32 P1 MOVE 1 12 1 16
OWN
02001220001011000
02001000001011111
11110002001022020
02212202020111020
00201001121111000
00221000020210002
00001012011211022
00000012000000020
00000012211111000
00000000200011000
STEP 33 P2 MOVE 2 11 2 14
OWN
02001220001011000
02001000001011111
11110002001222220
02212202020111020
00201001121111000
00221000020210002
00001012011211022
00000012000000020
00000012211111000
00000000200011000
STEP 34 P1 MOVE -1 -1 -1 -1
OWN
02001220001011000
02001000001011111
11110002001222220
02212202020111020
00201001121111000
00221000020210002
00001012011211022
00000012000000020
00000012211111000
00000000200011000
STEP 35 P2 MOVE -1 -1 -1 -1
OWN
02001220001011000
02001000001011111
11110002001222220
02212202020111020
00201001121111000
00221000020210002
00001012011211022
00000012000000020
00000012211111000
00000000200011000
RESULT first=44 second=33 winner=1
ANALYSIS winner=P1 score=44-33 reason=Ĺ»ĂëżěŔ§(+5Ä­ »©ľŃŔ˝,2ąčČż°ú) steal(w/l)=7/2 neu(w/l)=39/38
