BOARD
44259525878942774
16878315571695574
44445167198625654
24847171745146715
98512644563157847
79359468381291833
53331532146364749
13159768236464357
73862862282381512
27985937565459697
STEP 0 P1 MOVE 7 0 7 3
OWN
00000000000000000
00000000000000000
00000000000000000
00000000000000000
00000000000000000
00000000000000000
00000000000000000
11110000000000000
00000000000000000
00000000000000000
STEP 1 P2 MOVE 0 5 3 5
OWN
00000200000000000
00000200000000000
00000200000000000
00000200000000000
00000000000000000
00000000000000000
00000000000000000
11110000000000000
00000000000000000
00000000000000000
STEP 2 P1 MOVE 5 13 8 13
OWN
00000200000000000
00000200000000000
00000200000000000
00000200000000000
00000000000000000
00000000000001000
00000000000001000
11110000000001000
00000000000001000
00000000000000000
STEP 3 P2 MOVE 6 6 6 9
OWN
00000200000000000
00000200000000000
00000200000000000
00000200000000000
00000000000000000
00000000000001000
00000022220001000
11110000000001000
00000000000001000
00000000000000000
STEP 4 P1 MOVE 0 0 0 2
OWN
11100200000000000
00000200000000000
00000200000000000
00000200000000000
00000000000000000
00000000000001000
00000022220001000
11110000000001000
00000000000001000
00000000000000000
STEP 5 P2 MOVE 3 3 5 3
OWN
11100200000000000
00000200000000000
00000200000000000
00020200000000000
00020000000000000
00020000000001000
00000022220001000
11110000000001000
00000000000001000
00000000000000000
STEP 6 P1 MOVE 4 10 6 10
OWN
11100200000000000
00000200000000000
00000200000000000
00020200000000000
00020000001000000
00020000001001000
00000022221001000
11110000000001000
00000000000001000
00000000000000000
STEP 7 P2 MOVE 2 11 5 11
OWN
11100200000000000
00000200000000000
00000200000200000
00020200000200000
00020000001200000
00020000001201000
00000022221001000
11110000000001000
00000000000001000
00000000000000000
STEP 8 P1 MOVE 2 10 2 12
OWN
11100200000000000
00000200000000000
00000200001110000
00020200000200000
00020000001200000
00020000001201000
00000022221001000
11110000000001000
00000000000001000
00000000000000000
STEP 9 P2 MOVE 1 7 1 8
OWN
11100200000000000
00000202200000000
00000200001110000
00020200000200000
00020000001200000
00020000001201000
00000022221001000
11110000000001000
00000000000001000
00000000000000000
STEP 10 P1 MOVE 6 4 7 4
OWN
11100200000000000
00000202200000000
00000200001110000
00020200000200000
00020000001200000
00020000001201000
00001022221001000
11111000000001000
00000000000001000
00000000000000000
STEP 11 P2 MOVE 9 6 9 7
OWN
11100200000000000
00000202200000000
00000200001110000
00020200000200000
00020000001200000
00020000001201000
00001022221001000
11111000000001000
00000000000001000
00000022000000000
STEP 12 P1 MOVE 8 1 9 1
OWN
11100200000000000
00000202200000000
00000200001110000
00020200000200000
00020000001200000
00020000001201000
00001022221001000
11111000000001000
01000000000001000
01000022000000000
STEP 13 P2 MOVE 4 5 4 6
OWN
11100200000000000
00000202200000000
00000200001110000
00020200000200000
00020220001200000
00020000001201000
00001022221001000
11111000000001000
01000000000001000
01000022000000000
STEP 14 P1 MOVE 8 15 9 15
OWN
11100200000000000
00000202200000000
00000200001110000
00020200000200000
00020220001200000
00020000001201000
00001022221001000
11111000000001000
01000000000001010
01000022000000010
STEP 15 P2 MOVE 8 9 8 10
OWN
11100200000000000
00000202200000000
00000200001110000
00020200000200000
00020220001200000
00020000001201000
00001022221001000
11111000000001000
01000000022001010
01000022000000010
STEP 16 P1 MOVE 1 13 1 14
OWN
11100200000000000
00000202200001100
00000200001110000
00020200000200000
00020220001200000
00020000001201000
00001022221001000
11111000000001000
01000000022001010
01000022000000010
STEP 17 P2 MOVE 5 5 5 6
OWN
11100200000000000
00000202200001100
00000200001110000
00020200000200000
00020220001200000
00020220001201000
00001022221001000
11111000000001000
01000000022001010
01000022000000010
STEP 18 P1 MOVE 8 4 8 5
OWN
11100200000000000
00000202200001100
00000200001110000
00020200000200000
00020220001200000
00020220001201000
00001022221001000
11111000000001000
01001100022001010
01000022000000010
STEP 19 P2 MOVE 1 1 2 1
OWN
11100200000000000
02000202200001100
02000200001110000
00020200000200000
00020220001200000
00020220001201000
00001022221001000
11111000000001000
01001100022001010
01000022000000010
STEP 20 P1 MOVE 7 7 8 7
OWN
11100200000000000
02000202200001100
02000200001110000
00020200000200000
00020220001200000
00020220001201000
00001022221001000
11111001000001000
01001101022001010
01000022000000010
STEP 21 P2 MOVE 6 14 7 14
OWN
11100200000000000
02000202200001100
02000200001110000
00020200000200000
00020220001200000
00020220001201000
00001022221001200
11111001000001200
01001101022001010
01000022000000010
STEP 22 P1 MOVE 6 12 6 15
OWN
11100200000000000
02000202200001100
02000200001110000
00020200000200000
00020220001200000
00020220001201000
00001022221011110
11111001000001200
01001101022001010
01000022000000010
STEP 23 P2 MOVE 2 8 2 9
OWN
11100200000000000
02000202200001100
02000200221110000
00020200000200000
00020220001200000
00020220001201000
00001022221011110
11111001000001200
01001101022001010
01000022000000010
STEP 24 P1 MOVE 3 12 3 13
OWN
11100200000000000
02000202200001100
02000200221110000
00020200000211000
00020220001200000
00020220001201000
00001022221011110
11111001000001200
01001101022001010
01000022000000010
STEP 25 P2 MOVE 7 11 7 12
OWN
11100200000000000
02000202200001100
02000200221110000
00020200000211000
00020220001200000
00020220001201000
00001022221011110
11111001000221200
01001101022001010
01000022000000010
STEP 26 P1 MOVE 7 14 8 15
OWN
11100200000000000
02000202200001100
02000200221110000
00020200000211000
00020220001200000
00020220001201000
00001022221011110
11111001000221110
01001101022001110
01000022000000010
STEP 27 P2 MOVE 2 15 4 15
OWN
11100200000000000
02000202200001100
02000200221110020
00020200000211020
00020220001200020
00020220001201000
00001022221011110
11111001000221110
01001101022001110
01000022000000010
STEP 28 P1 MOVE 1 15 5 15
OWN
11100200000000000
02000202200001110
02000200221110010
00020200000211010
00020220001200010
00020220001201010
00001022221011110
11111001000221110
01001101022001110
01000022000000010
STEP 29 P2 MOVE 2 14 2 16
OWN
11100200000000000
02000202200001110
02000200221110222
00020200000211010
00020220001200010
00020220001201010
00001022221011110
11111001000221110
01001101022001110
01000022000000010
STEP 30 P1 MOVE 4 16 5 16
OWN
11100200000000000
02000202200001110
02000200221110222
00020200000211010
00020220001200011
00020220001201011
00001022221011110
11111001000221110
01001101022001110
01000022000000010
STEP 31 P2 MOVE 6 11 9 11
OWN
11100200000000000
02000202200001110
02000200221110222
00020200000211010
00020220001200011
00020220001201011
00001022221211110
11111001000221110
01001101022201110
01000022000200010
STEP 32 P1 MOVE 2 10 3 13
OWN
11100200000000000
02000202200001110
02000200221111222
00020200001111010
00020220001200011
00020220001201011
00001022221211110
11111001000221110
01001101022201110
01000022000200010
STEP 33 P2 MOVE 8 12 8 16
OWN
11100200000000000
02000202200001110
02000200221111222
00020200001111010
00020220001200011
00020220001201011
00001022221211110
11111001000221110
01001101022222222
01000022000200010
STEP 34 P1 MOVE 9 10 9 12
OWN
11100200000000000
02000202200001110
02000200221111222
00020200001111010
00020220001200011
00020220001201011
00001022221211110
11111001000221110
01001101022222222
01000022001110010
STEP 35 P2 MOVE 4 8 7 8
OWN
11100200000000000
02000202200001110
02000200221111222
00020200001111010
00020220201200011
00020220201201011
00001022221211110
11111001200221110
01001101022222222
01000022001110010
STEP 36 P1 MOVE 4 7 4 9
OWN
11100200000000000
02000202200001110
02000200221111222
00020200001111010
00020221111200011
00020220201201011
00001022221211110
11111001200221110
01001101022222222
01000022001110010
STEP 37 P2 MOVE 5 7 8 8
OWN
11100200000000000
02000202200001110
02000200221111222
00020200001111010
00020221111200011
00020222201201011
00001022221211110
11111002200221110
01001102222222222
01000022001110010
STEP 38 P1 MOVE -1 -1 -1 -1
OWN
11100200000000000
02000202200001110
02000200221111222
00020200001111010
00020221111200011
00020222201201011
00001022221211110
11111002200221110
01001102222222222
01000022001110010
STEP 39 P2 MOVE -1 -1 -1 -1
OWN
11100200000000000
02000202200001110
02000200221111222
00020200001111010
00020221111200011
00020222201201011
00001022221211110
11111002200221110
01001102222222222
01000022001110010
RESULT first=47 second=45 winner=1
ANALYSIS winner=P1 score=47-45 reason=Ĺ»ĂëżěŔ§(+3Ä­ »©ľŃŔ˝,2ąčČż°ú) / Ľ±°řŔĚÁˇ steal(w/l)=9/6 neu(w/l)=44/48
