BOARD
44365847623169592
46635825355295632
49782963659466261
22313755127493977
11833117997616791
65589658869141956
85798339758862557
57365465573632964
29977588526868274
71549355591446353
STEP 0 P1 MOVE 1 4 3 4
OWN
00000000000000000
00001000000000000
00001000000000000
00001000000000000
00000000000000000
00000000000000000
00000000000000000
00000000000000000
00000000000000000
00000000000000000
STEP 1 P2 MOVE 3 8 3 10
OWN
00000000000000000
00001000000000000
00001000000000000
00001000222000000
00000000000000000
00000000000000000
00000000000000000
00000000000000000
00000000000000000
00000000000000000
STEP 2 P1 MOVE 0 10 0 12
OWN
00000000001110000
00001000000000000
00001000000000000
00001000222000000
00000000000000000
00000000000000000
00000000000000000
00000000000000000
00000000000000000
00000000000000000
STEP 3 P2 MOVE 1 11 3 11
OWN
00000000001110000
00001000000200000
00001000000200000
00001000222200000
00000000000000000
00000000000000000
00000000000000000
00000000000000000
00000000000000000
00000000000000000
STEP 4 P1 MOVE 1 16 3 16
OWN
00000000001110000
00001000000200001
00001000000200001
00001000222200001
00000000000000000
00000000000000000
00000000000000000
00000000000000000
00000000000000000
00000000000000000
STEP 5 P2 MOVE 9 1 9 3
OWN
00000000001110000
00001000000200001
00001000000200001
00001000222200001
00000000000000000
00000000000000000
00000000000000000
00000000000000000
00000000000000000
02220000000000000
STEP 6 P1 MOVE 7 13 8 13
OWN
00000000001110000
00001000000200001
00001000000200001
00001000222200001
00000000000000000
00000000000000000
00000000000000000
00000000000001000
00000000000001000
02220000000000000
STEP 7 P2 MOVE 3 13 5 13
OWN
00000000001110000
00001000000200001
00001000000200001
00001000222202001
00000000000002000
00000000000002000
00000000000000000
00000000000001000
00000000000001000
02220000000000000
STEP 8 P1 MOVE 9 7 9 8
OWN
00000000001110000
00001000000200001
00001000000200001
00001000222202001
00000000000002000
00000000000002000
00000000000000000
00000000000001000
00000000000001000
02220001100000000
STEP 9 P2 MOVE 4 5 6 5
OWN
00000000001110000
00001000000200001
00001000000200001
00001000222202001
00000200000002000
00000200000002000
00000200000000000
00000000000001000
00000000000001000
02220001100000000
STEP 10 P1 MOVE 9 9 9 10
OWN
00000000001110000
00001000000200001
00001000000200001
00001000222202001
00000200000002000
00000200000002000
00000200000000000
00000000000001000
00000000000001000
02220001111000000
STEP 11 P2 MOVE 5 1 5 2
OWN
00000000001110000
00001000000200001
00001000000200001
00001000222202001
00000200000002000
02200200000002000
00000200000000000
00000000000001000
00000000000001000
02220001111000000
STEP 12 P1 MOVE 9 12 9 13
OWN
00000000001110000
00001000000200001
00001000000200001
00001000222202001
00000200000002000
02200200000002000
00000200000000000
00000000000001000
00000000000001000
02220001111011000
STEP 13 P2 MOVE 7 7 7 8
OWN
00000000001110000
00001000000200001
00001000000200001
00001000222202001
00000200000002000
02200200000002000
00000200000000000
00000002200001000
00000000000001000
02220001111011000
STEP 14 P1 MOVE 7 15 7 16
OWN
00000000001110000
00001000000200001
00001000000200001
00001000222202001
00000200000002000
02200200000002000
00000200000000000
00000002200001011
00000000000001000
02220001111011000
STEP 15 P2 MOVE 1 9 1 10
OWN
00000000001110000
00001000022200001
00001000000200001
00001000222202001
00000200000002000
02200200000002000
00000200000000000
00000002200001011
00000000000001000
02220001111011000
STEP 16 P1 MOVE 7 1 7 2
OWN
00000000001110000
00001000022200001
00001000000200001
00001000222202001
00000200000002000
02200200000002000
00000200000000000
01100002200001011
00000000000001000
02220001111011000
STEP 17 P2 MOVE 6 14 6 15
OWN
00000000001110000
00001000022200001
00001000000200001
00001000222202001
00000200000002000
02200200000002000
00000200000000220
01100002200001011
00000000000001000
02220001111011000
STEP 18 P1 MOVE 4 15 4 16
OWN
00000000001110000
00001000022200001
00001000000200001
00001000222202001
00000200000002011
02200200000002000
00000200000000220
01100002200001011
00000000000001000
02220001111011000
STEP 19 P2 MOVE 7 5 7 6
OWN
00000000001110000
00001000022200001
00001000000200001
00001000222202001
00000200000002011
02200200000002000
00000200000000220
01100222200001011
00000000000001000
02220001111011000
STEP 20 P1 MOVE 7 9 7 10
OWN
00000000001110000
00001000022200001
00001000000200001
00001000222202001
00000200000002011
02200200000002000
00000200000000220
01100222211001011
00000000000001000
02220001111011000
STEP 21 P2 MOVE 1 0 1 1
OWN
00000000001110000
22001000022200001
00001000000200001
00001000222202001
00000200000002011
02200200000002000
00000200000000220
01100222211001011
00000000000001000
02220001111011000
STEP 22 P1 MOVE 5 12 6 12
OWN
00000000001110000
22001000022200001
00001000000200001
00001000222202001
00000200000002011
02200200000012000
00000200000010220
01100222211001011
00000000000001000
02220001111011000
STEP 23 P2 MOVE 5 10 5 11
OWN
00000000001110000
22001000022200001
00001000000200001
00001000222202001
00000200000002011
02200200002212000
00000200000010220
01100222211001011
00000000000001000
02220001111011000
STEP 24 P1 MOVE 3 12 4 12
OWN
00000000001110000
22001000022200001
00001000000200001
00001000222212001
00000200000012011
02200200002212000
00000200000010220
01100222211001011
00000000000001000
02220001111011000
STEP 25 P2 MOVE 6 11 6 13
OWN
00000000001110000
22001000022200001
00001000000200001
00001000222212001
00000200000012011
02200200002212000
00000200000222220
01100222211001011
00000000000001000
02220001111011000
STEP 26 P1 MOVE 0 0 3 0
OWN
10000000001110000
12001000022200001
10001000000200001
10001000222212001
00000200000012011
02200200002212000
00000200000222220
01100222211001011
00000000000001000
02220001111011000
STEP 27 P2 MOVE 3 0 5 1
OWN
10000000001110000
12001000022200001
10001000000200001
22001000222212001
22000200000012011
22200200002212000
00000200000222220
01100222211001011
00000000000001000
02220001111011000
STEP 28 P1 MOVE 1 6 1 8
OWN
10000000001110000
12001011122200001
10001000000200001
22001000222212001
22000200000012011
22200200002212000
00000200000222220
01100222211001011
00000000000001000
02220001111011000
STEP 29 P2 MOVE 0 6 2 6
OWN
10000020001110000
12001021122200001
10001020000200001
22001000222212001
22000200000012011
22200200002212000
00000200000222220
01100222211001011
00000000000001000
02220001111011000
STEP 30 P1 MOVE 0 7 2 7
OWN
10000021001110000
12001021122200001
10001021000200001
22001000222212001
22000200000012011
22200200002212000
00000200000222220
01100222211001011
00000000000001000
02220001111011000
STEP 31 P2 MOVE 2 2 3 2
OWN
10000021001110000
12001021122200001
10201021000200001
22201000222212001
22000200000012011
22200200002212000
00000200000222220
01100222211001011
00000000000001000
02220001111011000
STEP 32 P1 MOVE 3 6 3 7
OWN
10000021001110000
12001021122200001
10201021000200001
22201011222212001
22000200000012011
22200200002212000
00000200000222220
01100222211001011
00000000000001000
02220001111011000
STEP 33 P2 MOVE -1 -1 -1 -1
OWN
10000021001110000
12001021122200001
10201021000200001
22201011222212001
22000200000012011
22200200002212000
00000200000222220
01100222211001011
00000000000001000
02220001111011000
STEP 34 P1 MOVE -1 -1 -1 -1
OWN
10000021001110000
12001021122200001
10201021000200001
22201011222212001
22000200000012011
22200200002212000
00000200000222220
01100222211001011
00000000000001000
02220001111011000
RESULT first=37 second=41 winner=2
ANALYSIS winner=P2 score=37-41 reason=±ŮĽŇşąÇŐżěŔ§ steal(w/l)=3/1 neu(w/l)=39/39
