BOARD
75194818582798745
31494517789655347
99335243891625272
35752243443259452
26372285635944111
97653977552686779
68181685288835778
15146271593763654
87924773451792331
82882558772847335
STEP 0 P1 MOVE 6 2 6 4
OWN
00000000000000000
00000000000000000
00000000000000000
00000000000000000
00000000000000000
00000000000000000
00111000000000000
00000000000000000
00000000000000000
00000000000000000
STEP 1 P2 MOVE 4 2 7 2
OWN
00000000000000000
00000000000000000
00000000000000000
00000000000000000
00200000000000000
00200000000000000
00211000000000000
00200000000000000
00000000000000000
00000000000000000
STEP 2 P1 MOVE 7 0 7 3
OWN
00000000000000000
00000000000000000
00000000000000000
00000000000000000
00200000000000000
00200000000000000
00211000000000000
11110000000000000
00000000000000000
00000000000000000
STEP 3 P2 MOVE 5 10 6 10
OWN
00000000000000000
00000000000000000
00000000000000000
00000000000000000
00200000000000000
00200000002000000
00211000002000000
11110000000000000
00000000000000000
00000000000000000
STEP 4 P1 MOVE 9 3 9 4
OWN
00000000000000000
00000000000000000
00000000000000000
00000000000000000
00200000000000000
00200000002000000
00211000002000000
11110000000000000
00000000000000000
00011000000000000
STEP 5 P2 MOVE 9 1 9 2
OWN
00000000000000000
00000000000000000
00000000000000000
00000000000000000
00200000000000000
00200000002000000
00211000002000000
11110000000000000
00000000000000000
02211000000000000
STEP 6 P1 MOVE 2 9 2 10
OWN
00000000000000000
00000000000000000
00000000011000000
00000000000000000
00200000000000000
00200000002000000
00211000002000000
11110000000000000
00000000000000000
02211000000000000
STEP 7 P2 MOVE 7 5 7 7
OWN
00000000000000000
00000000000000000
00000000011000000
00000000000000000
00200000000000000
00200000002000000
00211000002000000
11110222000000000
00000000000000000
02211000000000000
STEP 8 P1 MOVE 7 16 9 16
OWN
00000000000000000
00000000000000000
00000000011000000
00000000000000000
00200000000000000
00200000002000000
00211000002000000
11110222000000001
00000000000000001
02211000000000001
STEP 9 P2 MOVE 9 13 9 14
OWN
00000000000000000
00000000000000000
00000000011000000
00000000000000000
00200000000000000
00200000002000000
00211000002000000
11110222000000001
00000000000000001
02211000000002201
STEP 10 P1 MOVE 8 6 8 7
OWN
00000000000000000
00000000000000000
00000000011000000
00000000000000000
00200000000000000
00200000002000000
00211000002000000
11110222000000001
00000011000000001
02211000000002201
STEP 11 P2 MOVE 9 5 9 6
OWN
00000000000000000
00000000000000000
00000000011000000
00000000000000000
00200000000000000
00200000002000000
00211000002000000
11110222000000001
00000011000000001
02211220000002201
STEP 12 P1 MOVE 8 8 8 10
OWN
00000000000000000
00000000000000000
00000000011000000
00000000000000000
00200000000000000
00200000002000000
00211000002000000
11110222000000001
00000011111000001
02211220000002201
STEP 13 P2 MOVE 4 10 9 10
OWN
00000000000000000
00000000000000000
00000000011000000
00000000000000000
00200000002000000
00200000002000000
00211000002000000
11110222002000001
00000011112000001
02211220002002201
STEP 14 P1 MOVE 3 9 4 10
OWN
00000000000000000
00000000000000000
00000000011000000
00000000011000000
00200000011000000
00200000002000000
00211000002000000
11110222002000001
00000011112000001
02211220002002201
STEP 15 P2 MOVE 5 8 5 9
OWN
00000000000000000
00000000000000000
00000000011000000
00000000011000000
00200000011000000
00200000222000000
00211000002000000
11110222002000001
00000011112000001
02211220002002201
STEP 16 P1 MOVE 0 0 1 0
OWN
10000000000000000
10000000000000000
00000000011000000
00000000011000000
00200000011000000
00200000222000000
00211000002000000
11110222002000001
00000011112000001
02211220002002201
STEP 17 P2 MOVE 0 9 0 10
OWN
10000000022000000
10000000000000000
00000000011000000
00000000011000000
00200000011000000
00200000222000000
00211000002000000
11110222002000001
00000011112000001
02211220002002201
STEP 18 P1 MOVE 1 13 2 13
OWN
10000000022000000
10000000000001000
00000000011001000
00000000011000000
00200000011000000
00200000222000000
00211000002000000
11110222002000001
00000011112000001
02211220002002201
STEP 19 P2 MOVE 2 11 2 14
OWN
10000000022000000
10000000000001000
00000000011222200
00000000011000000
00200000011000000
00200000222000000
00211000002000000
11110222002000001
00000011112000001
02211220002002201
STEP 20 P1 MOVE 1 12 3 12
OWN
10000000022000000
10000000000011000
00000000011212200
00000000011010000
00200000011000000
00200000222000000
00211000002000000
11110222002000001
00000011112000001
02211220002002201
STEP 21 P2 MOVE 1 4 1 6
OWN
10000000022000000
10002220000011000
00000000011212200
00000000011010000
00200000011000000
00200000222000000
00211000002000000
11110222002000001
00000011112000001
02211220002002201
STEP 22 P1 MOVE 0 5 2 5
OWN
10000100022000000
10002120000011000
00000100011212200
00000000011010000
00200000011000000
00200000222000000
00211000002000000
11110222002000001
00000011112000001
02211220002002201
STEP 23 P2 MOVE 4 13 5 13
OWN
10000100022000000
10002120000011000
00000100011212200
00000000011010000
00200000011002000
00200000222002000
00211000002000000
11110222002000001
00000011112000001
02211220002002201
STEP 24 P1 MOVE 6 8 6 9
OWN
10000100022000000
10002120000011000
00000100011212200
00000000011010000
00200000011002000
00200000222002000
00211000112000000
11110222002000001
00000011112000001
02211220002002201
STEP 25 P2 MOVE 6 7 7 8
OWN
10000100022000000
10002120000011000
00000100011212200
00000000011010000
00200000011002000
00200000222002000
00211002212000000
11110222202000001
00000011112000001
02211220002002201
STEP 26 P1 MOVE 3 8 4 8
OWN
10000100022000000
10002120000011000
00000100011212200
00000000111010000
00200000111002000
00200000222002000
00211002212000000
11110222202000001
00000011112000001
02211220002002201
STEP 27 P2 MOVE 2 8 3 11
OWN
10000100022000000
10002120000011000
00000100222212200
00000000222210000
00200000111002000
00200000222002000
00211002212000000
11110222202000001
00000011112000001
02211220002002201
STEP 28 P1 MOVE 2 7 2 15
OWN
10000100022000000
10002120000011000
00000101111111110
00000000222210000
00200000111002000
00200000222002000
00211002212000000
11110222202000001
00000011112000001
02211220002002201
STEP 29 P2 MOVE 1 7 3 7
OWN
10000100022000000
10002122000011000
00000102111111110
00000002222210000
00200000111002000
00200000222002000
00211002212000000
11110222202000001
00000011112000001
02211220002002201
STEP 30 P1 MOVE 1 15 4 15
OWN
10000100022000000
10002122000011010
00000102111111110
00000002222210010
00200000111002010
00200000222002000
00211002212000000
11110222202000001
00000011112000001
02211220002002201
STEP 31 P2 MOVE 2 14 4 16
OWN
10000100022000000
10002122000011010
00000102111111222
00000002222210222
00200000111002222
00200000222002000
00211002212000000
11110222202000001
00000011112000001
02211220002002201
STEP 32 P1 MOVE 1 14 5 14
OWN
10000100022000000
10002122000011110
00000102111111122
00000002222210122
00200000111002122
00200000222002100
00211002212000000
11110222202000001
00000011112000001
02211220002002201
STEP 33 P2 MOVE 2 5 3 6
OWN
10000100022000000
10002122000011110
00000222111111122
00000222222210122
00200000111002122
00200000222002100
00211002212000000
11110222202000001
00000011112000001
02211220002002201
STEP 34 P1 MOVE 6 13 8 13
OWN
10000100022000000
10002122000011110
00000222111111122
00000222222210122
00200000111002122
00200000222002100
00211002212001000
11110222202001001
00000011112001001
02211220002002201
STEP 35 P2 MOVE 6 12 6 14
OWN
10000100022000000
10002122000011110
00000222111111122
00000222222210122
00200000111002122
00200000222002100
00211002212022200
11110222202001001
00000011112001001
02211220002002201
STEP 36 P1 MOVE 4 5 4 6
OWN
10000100022000000
10002122000011110
00000222111111122
00000222222210122
00200110111002122
00200000222002100
00211002212022200
11110222202001001
00000011112001001
02211220002002201
STEP 37 P2 MOVE 2 2 3 2
OWN
10000100022000000
10002122000011110
00200222111111122
00200222222210122
00200110111002122
00200000222002100
00211002212022200
11110222202001001
00000011112001001
02211220002002201
STEP 38 P1 MOVE 0 4 2 6
OWN
10001110022000000
10001112000011110
00201112111111122
00200222222210122
00200110111002122
00200000222002100
00211002212022200
11110222202001001
00000011112001001
02211220002002201
STEP 39 P2 MOVE 2 3 3 4
OWN
10001110022000000
10001112000011110
00222112111111122
00222222222210122
00200110111002122
00200000222002100
00211002212022200
11110222202001001
00000011112001001
02211220002002201
STEP 40 P1 MOVE -1 -1 -1 -1
OWN
10001110022000000
10001112000011110
00222112111111122
00222222222210122
00200110111002122
00200000222002100
00211002212022200
11110222202001001
00000011112001001
02211220002002201
STEP 41 P2 MOVE -1 -1 -1 -1
OWN
10001110022000000
10001112000011110
00222112111111122
00222222222210122
00200110111002122
00200000222002100
00211002212022200
11110222202001001
00000011112001001
02211220002002201
RESULT first=48 second=50 winner=2
ANALYSIS winner=P2 score=48-50 reason=±ŮĽŇşąÇŐżěŔ§ steal(w/l)=17/17 neu(w/l)=50/48
