BOARD
22244684647396432
55157911123754937
88842146673491573
53757837418585757
92686311556662458
48422916745255816
65115452979468374
45574665413248744
94679274888552188
68992137888352198
STEP 0 P1 MOVE 7 9 7 12
OWN
00000000000000000
00000000000000000
00000000000000000
00000000000000000
00000000000000000
00000000000000000
00000000000000000
00000000011110000
00000000000000000
00000000000000000
STEP 1 P2 MOVE 1 6 5 6
OWN
00000000000000000
00000020000000000
00000020000000000
00000020000000000
00000020000000000
00000020000000000
00000000000000000
00000000011110000
00000000000000000
00000000000000000
STEP 2 P1 MOVE 4 4 4 7
OWN
00000000000000000
00000020000000000
00000020000000000
00000020000000000
00001111000000000
00000020000000000
00000000000000000
00000000011110000
00000000000000000
00000000000000000
STEP 3 P2 MOVE 0 0 0 3
OWN
22220000000000000
00000020000000000
00000020000000000
00000020000000000
00001111000000000
00000020000000000
00000000000000000
00000000011110000
00000000000000000
00000000000000000
STEP 4 P1 MOVE 1 9 3 9
OWN
22220000000000000
00000020010000000
00000020010000000
00000020010000000
00001111000000000
00000020000000000
00000000000000000
00000000011110000
00000000000000000
00000000000000000
STEP 5 P2 MOVE 6 3 6 5
OWN
22220000000000000
00000020010000000
00000020010000000
00000020010000000
00001111000000000
00000020000000000
00022200000000000
00000000011110000
00000000000000000
00000000000000000
STEP 6 P1 MOVE 1 5 1 7
OWN
22220000000000000
00000111010000000
00000020010000000
00000020010000000
00001111000000000
00000020000000000
00022200000000000
00000000011110000
00000000000000000
00000000000000000
STEP 7 P2 MOVE 2 15 2 16
OWN
22220000000000000
00000111010000000
00000020010000022
00000020010000000
00001111000000000
00000020000000000
00022200000000000
00000000011110000
00000000000000000
00000000000000000
STEP 8 P1 MOVE 9 11 9 13
OWN
22220000000000000
00000111010000000
00000020010000022
00000020010000000
00001111000000000
00000020000000000
00022200000000000
00000000011110000
00000000000000000
00000000000111000
STEP 9 P2 MOVE 1 13 3 13
OWN
22220000000000000
00000111010002000
00000020010002022
00000020010002000
00001111000000000
00000020000000000
00022200000000000
00000000011110000
00000000000000000
00000000000111000
STEP 10 P1 MOVE 6 0 7 0
OWN
22220000000000000
00000111010002000
00000020010002022
00000020010002000
00001111000000000
00000020000000000
10022200000000000
10000000011110000
00000000000000000
00000000000111000
STEP 11 P2 MOVE 0 13 0 14
OWN
22220000000002200
00000111010002000
00000020010002022
00000020010002000
00001111000000000
00000020000000000
10022200000000000
10000000011110000
00000000000000000
00000000000111000
STEP 12 P1 MOVE 9 14 9 15
OWN
22220000000002200
00000111010002000
00000020010002022
00000020010002000
00001111000000000
00000020000000000
10022200000000000
10000000011110000
00000000000000000
00000000000111110
STEP 13 P2 MOVE 6 14 7 14
OWN
22220000000002200
00000111010002000
00000020010002022
00000020010002000
00001111000000000
00000020000000000
10022200000000200
10000000011110200
00000000000000000
00000000000111110
STEP 14 P1 MOVE 7 13 8 13
OWN
22220000000002200
00000111010002000
00000020010002022
00000020010002000
00001111000000000
00000020000000000
10022200000000200
10000000011111200
00000000000001000
00000000000111110
STEP 15 P2 MOVE 0 7 2 7
OWN
22220002000002200
00000112010002000
00000022010002022
00000020010002000
00001111000000000
00000020000000000
10022200000000200
10000000011111200
00000000000001000
00000000000111110
STEP 16 P1 MOVE 7 1 7 2
OWN
22220002000002200
00000112010002000
00000022010002022
00000020010002000
00001111000000000
00000020000000000
10022200000000200
11100000011111200
00000000000001000
00000000000111110
STEP 17 P2 MOVE 0 4 0 5
OWN
22222202000002200
00000112010002000
00000022010002022
00000020010002000
00001111000000000
00000020000000000
10022200000000200
11100000011111200
00000000000001000
00000000000111110
STEP 18 P1 MOVE 7 4 7 5
OWN
22222202000002200
00000112010002000
00000022010002022
00000020010002000
00001111000000000
00000020000000000
10022200000000200
11101100011111200
00000000000001000
00000000000111110
STEP 19 P2 MOVE 0 10 1 10
OWN
22222202002002200
00000112012002000
00000022010002022
00000020010002000
00001111000000000
00000020000000000
10022200000000200
11101100011111200
00000000000001000
00000000000111110
STEP 20 P1 MOVE 1 4 2 5
OWN
22222202002002200
00001112012002000
00001122010002022
00000020010002000
00001111000000000
00000020000000000
10022200000000200
11101100011111200
00000000000001000
00000000000111110
STEP 21 P2 MOVE 1 8 2 10
OWN
22222202002002200
00001112222002000
00001122222002022
00000020010002000
00001111000000000
00000020000000000
10022200000000200
11101100011111200
00000000000001000
00000000000111110
STEP 22 P1 MOVE 0 8 3 8
OWN
22222202102002200
00001112122002000
00001122122002022
00000020110002000
00001111000000000
00000020000000000
10022200000000200
11101100011111200
00000000000001000
00000000000111110
STEP 23 P2 MOVE 1 0 1 1
OWN
22222202102002200
22001112122002000
00001122122002022
00000020110002000
00001111000000000
00000020000000000
10022200000000200
11101100011111200
00000000000001000
00000000000111110
STEP 24 P1 MOVE 1 15 1 16
OWN
22222202102002200
22001112122002011
00001122122002022
00000020110002000
00001111000000000
00000020000000000
10022200000000200
11101100011111200
00000000000001000
00000000000111110
STEP 25 P2 MOVE 8 11 8 12
OWN
22222202102002200
22001112122002011
00001122122002022
00000020110002000
00001111000000000
00000020000000000
10022200000000200
11101100011111200
00000000000221000
00000000000111110
STEP 26 P1 MOVE 5 16 6 16
OWN
22222202102002200
22001112122002011
00001122122002022
00000020110002000
00001111000000000
00000020000000001
10022200000000201
11101100011111200
00000000000221000
00000000000111110
STEP 27 P2 MOVE 6 11 6 12
OWN
22222202102002200
22001112122002011
00001122122002022
00000020110002000
00001111000000000
00000020000000001
10022200000220201
11101100011111200
00000000000221000
00000000000111110
STEP 28 P1 MOVE 3 15 4 15
OWN
22222202102002200
22001112122002011
00001122122002022
00000020110002010
00001111000000010
00000020000000001
10022200000220201
11101100011111200
00000000000221000
00000000000111110
STEP 29 P2 MOVE 9 6 9 7
OWN
22222202102002200
22001112122002011
00001122122002022
00000020110002010
00001111000000010
00000020000000001
10022200000220201
11101100011111200
00000000000221000
00000022000111110
STEP 30 P1 MOVE 4 8 4 9
OWN
22222202102002200
22001112122002011
00001122122002022
00000020110002010
00001111110000010
00000020000000001
10022200000220201
11101100011111200
00000000000221000
00000022000111110
STEP 31 P2 MOVE 8 1 8 2
OWN
22222202102002200
22001112122002011
00001122122002022
00000020110002010
00001111110000010
00000020000000001
10022200000220201
11101100011111200
02200000000221000
00000022000111110
STEP 32 P1 MOVE 8 5 9 6
OWN
22222202102002200
22001112122002011
00001122122002022
00000020110002010
00001111110000010
00000020000000001
10022200000220201
11101100011111200
02200110000221000
00000112000111110
STEP 33 P2 MOVE 9 4 9 8
OWN
22222202102002200
22001112122002011
00001122122002022
00000020110002010
00001111110000010
00000020000000001
10022200000220201
11101100011111200
02200110000221000
00002222200111110
STEP 34 P1 MOVE 4 3 5 3
OWN
22222202102002200
22001112122002011
00001122122002022
00000020110002010
00011111110000010
00010020000000001
10022200000220201
11101100011111200
02200110000221000
00002222200111110
STEP 35 P2 MOVE 4 2 5 2
OWN
22222202102002200
22001112122002011
00001122122002022
00000020110002010
00211111110000010
00210020000000001
10022200000220201
11101100011111200
02200110000221000
00002222200111110
STEP 36 P1 MOVE 5 2 7 4
OWN
22222202102002200
22001112122002011
00001122122002022
00000020110002010
00211111110000010
00111020000000001
10111200000220201
11111100011111200
02200110000221000
00002222200111110
STEP 37 P2 MOVE 6 1 6 6
OWN
22222202102002200
22001112122002011
00001122122002022
00000020110002010
00211111110000010
00111020000000001
12222220000220201
11111100011111200
02200110000221000
00002222200111110
STEP 38 P1 MOVE 4 1 5 1
OWN
22222202102002200
22001112122002011
00001122122002022
00000020110002010
01211111110000010
01111020000000001
12222220000220201
11111100011111200
02200110000221000
00002222200111110
STEP 39 P2 MOVE 0 11 1 11
OWN
22222202102202200
22001112122202011
00001122122002022
00000020110002010
01211111110000010
01111020000000001
12222220000220201
11111100011111200
02200110000221000
00002222200111110
STEP 40 P1 MOVE 1 3 1 12
OWN
22222202102202200
22011111111112011
00001122122002022
00000020110002010
01211111110000010
01111020000000001
12222220000220201
11111100011111200
02200110000221000
00002222200111110
STEP 41 P2 MOVE 1 2 1 14
OWN
22222202102202200
22222222222222211
00001122122002022
00000020110002010
01211111110000010
01111020000000001
12222220000220201
11111100011111200
02200110000221000
00002222200111110
STEP 42 P1 MOVE 0 14 2 16
OWN
22222202102202111
22222222222222111
00001122122002111
00000020110002010
01211111110000010
01111020000000001
12222220000220201
11111100011111200
02200110000221000
00002222200111110
STEP 43 P2 MOVE -1 -1 -1 -1
OWN
22222202102202111
22222222222222111
00001122122002111
00000020110002010
01211111110000010
01111020000000001
12222220000220201
11111100011111200
02200110000221000
00002222200111110
STEP 44 P1 MOVE -1 -1 -1 -1
OWN
22222202102202111
22222222222222111
00001122122002111
00000020110002010
01211111110000010
01111020000000001
12222220000220201
11111100011111200
02200110000221000
00002222200111110
RESULT first=51 second=52 winner=2
ANALYSIS winner=P2 score=51-52 reason=żŞŔü˝Â steal(w/l)=18/16 neu(w/l)=50/53
