BOARD
23122128519637315
89341375466683958
78978567374346239
47321884368758139
72952524679186449
67981793561772751
61573111782441454
24536275865679235
57742227118774749
52157957426364841
STEP 0 P1 MOVE 0 0 0 4
OWN
11111000000000000
00000000000000000
00000000000000000
00000000000000000
00000000000000000
00000000000000000
00000000000000000
00000000000000000
00000000000000000
00000000000000000
STEP 1 P2 MOVE 8 3 8 6
OWN
11111000000000000
00000000000000000
00000000000000000
00000000000000000
00000000000000000
00000000000000000
00000000000000000
00000000000000000
00022220000000000
00000000000000000
STEP 2 P1 MOVE 6 5 6 8
OWN
11111000000000000
00000000000000000
00000000000000000
00000000000000000
00000000000000000
00000000000000000
00000111100000000
00000000000000000
00022220000000000
00000000000000000
STEP 3 P2 MOVE 5 16 7 16
OWN
11111000000000000
00000000000000000
00000000000000000
00000000000000000
00000000000000000
00000000000000002
00000111100000002
00000000000000002
00022220000000000
00000000000000000
STEP 4 P1 MOVE 4 1 6 1
OWN
11111000000000000
00000000000000000
00000000000000000
00000000000000000
01000000000000000
01000000000000002
01000111100000002
00000000000000002
00022220000000000
00000000000000000
STEP 5 P2 MOVE 6 13 6 15
OWN
11111000000000000
00000000000000000
00000000000000000
00000000000000000
01000000000000000
01000000000000002
01000111100002222
00000000000000002
00022220000000000
00000000000000000
STEP 6 P1 MOVE 6 10 6 12
OWN
11111000000000000
00000000000000000
00000000000000000
00000000000000000
01000000000000000
01000000000000002
01000111101112222
00000000000000002
00022220000000000
00000000000000000
STEP 7 P2 MOVE 8 8 8 10
OWN
11111000000000000
00000000000000000
00000000000000000
00000000000000000
01000000000000000
01000000000000002
01000111101112222
00000000000000002
00022220222000000
00000000000000000
STEP 8 P1 MOVE 2 8 2 9
OWN
11111000000000000
00000000000000000
00000000110000000
00000000000000000
01000000000000000
01000000000000002
01000111101112222
00000000000000002
00022220222000000
00000000000000000
STEP 9 P2 MOVE 6 3 7 3
OWN
11111000000000000
00000000000000000
00000000110000000
00000000000000000
01000000000000000
01000000000000002
01020111101112222
00020000000000002
00022220222000000
00000000000000000
STEP 10 P1 MOVE 9 12 9 13
OWN
11111000000000000
00000000000000000
00000000110000000
00000000000000000
01000000000000000
01000000000000002
01020111101112222
00020000000000002
00022220222000000
00000000000011000
STEP 11 P2 MOVE 0 13 1 13
OWN
11111000000002000
00000000000002000
00000000110000000
00000000000000000
01000000000000000
01000000000000002
01020111101112222
00020000000000002
00022220222000000
00000000000011000
STEP 12 P1 MOVE 1 4 3 4
OWN
11111000000002000
00001000000002000
00001000110000000
00001000000000000
01000000000000000
01000000000000002
01020111101112222
00020000000000002
00022220222000000
00000000000011000
STEP 13 P2 MOVE 5 4 7 4
OWN
11111000000002000
00001000000002000
00001000110000000
00001000000000000
01000000000000000
01002000000000002
01022111101112222
00022000000000002
00022220222000000
00000000000011000
STEP 14 P1 MOVE 3 3 3 5
OWN
11111000000002000
00001000000002000
00001000110000000
00011100000000000
01000000000000000
01002000000000002
01022111101112222
00022000000000002
00022220222000000
00000000000011000
STEP 15 P2 MOVE 1 10 2 10
OWN
11111000000002000
00001000002002000
00001000112000000
00011100000000000
01000000000000000
01002000000000002
01022111101112222
00022000000000002
00022220222000000
00000000000011000
STEP 16 P1 MOVE 8 16 9 16
OWN
11111000000002000
00001000002002000
00001000112000000
00011100000000000
01000000000000000
01002000000000002
01022111101112222
00022000000000002
00022220222000001
00000000000011001
STEP 17 P2 MOVE 8 11 9 11
OWN
11111000000002000
00001000002002000
00001000112000000
00011100000000000
01000000000000000
01002000000000002
01022111101112222
00022000000000002
00022220222200001
00000000000211001
STEP 18 P1 MOVE 8 0 9 0
OWN
11111000000002000
00001000002002000
00001000112000000
00011100000000000
01000000000000000
01002000000000002
01022111101112222
00022000000000002
10022220222200001
10000000000211001
STEP 19 P2 MOVE 2 11 3 11
OWN
11111000000002000
00001000002002000
00001000112200000
00011100000200000
01000000000000000
01002000000000002
01022111101112222
00022000000000002
10022220222200001
10000000000211001
STEP 20 P1 MOVE 4 10 4 11
OWN
11111000000002000
00001000002002000
00001000112200000
00011100000200000
01000000001100000
01002000000000002
01022111101112222
00022000000000002
10022220222200001
10000000000211001
STEP 21 P2 MOVE 2 12 2 13
OWN
11111000000002000
00001000002002000
00001000112222000
00011100000200000
01000000001100000
01002000000000002
01022111101112222
00022000000000002
10022220222200001
10000000000211001
STEP 22 P1 MOVE 0 9 0 10
OWN
11111000011002000
00001000002002000
00001000112222000
00011100000200000
01000000001100000
01002000000000002
01022111101112222
00022000000000002
10022220222200001
10000000000211001
STEP 23 P2 MOVE 3 1 3 2
OWN
11111000011002000
00001000002002000
00001000112222000
02211100000200000
01000000001100000
01002000000000002
01022111101112222
00022000000000002
10022220222200001
10000000000211001
STEP 24 P1 MOVE 6 2 7 2
OWN
11111000011002000
00001000002002000
00001000112222000
02211100000200000
01000000001100000
01002000000000002
01122111101112222
00122000000000002
10022220222200001
10000000000211001
STEP 25 P2 MOVE 1 8 1 9
OWN
11111000011002000
00001000222002000
00001000112222000
02211100000200000
01000000001100000
01002000000000002
01122111101112222
00122000000000002
10022220222200001
10000000000211001
STEP 26 P1 MOVE 3 6 4 6
OWN
11111000011002000
00001000222002000
00001000112222000
02211110000200000
01000010001100000
01002000000000002
01122111101112222
00122000000000002
10022220222200001
10000000000211001
STEP 27 P2 MOVE 4 7 4 8
OWN
11111000011002000
00001000222002000
00001000112222000
02211110000200000
01000012201100000
01002000000000002
01122111101112222
00122000000000002
10022220222200001
10000000000211001
STEP 28 P1 MOVE 0 6 0 7
OWN
11111011011002000
00001000222002000
00001000112222000
02211110000200000
01000012201100000
01002000000000002
01122111101112222
00122000000000002
10022220222200001
10000000000211001
STEP 29 P2 MOVE 2 15 4 15
OWN
11111011011002000
00001000222002000
00001000112222020
02211110000200020
01000012201100020
01002000000000002
01122111101112222
00122000000000002
10022220222200001
10000000000211001
STEP 30 P1 MOVE 1 15 5 15
OWN
11111011011002000
00001000222002010
00001000112222010
02211110000200010
01000012201100010
01002000000000012
01122111101112222
00122000000000002
10022220222200001
10000000000211001
STEP 31 P2 MOVE 3 14 3 16
OWN
11111011011002000
00001000222002010
00001000112222010
02211110000200222
01000012201100010
01002000000000012
01122111101112222
00122000000000002
10022220222200001
10000000000211001
STEP 32 P1 MOVE 2 13 3 14
OWN
11111011011002000
00001000222002010
00001000112221110
02211110000201122
01000012201100010
01002000000000012
01122111101112222
00122000000000002
10022220222200001
10000000000211001
STEP 33 P2 MOVE 0 7 1 8
OWN
11111012211002000
00001002222002010
00001000112221110
02211110000201122
01000012201100010
01002000000000012
01122111101112222
00122000000000002
10022220222200001
10000000000211001
STEP 34 P1 MOVE 0 5 0 12
OWN
11111111111112000
00001002222002010
00001000112221110
02211110000201122
01000012201100010
01002000000000012
01122111101112222
00122000000000002
10022220222200001
10000000000211001
STEP 35 P2 MOVE 1 2 1 5
OWN
11111111111112000
00222202222002010
00001000112221110
02211110000201122
01000012201100010
01002000000000012
01122111101112222
00122000000000002
10022220222200001
10000000000211001
STEP 36 P1 MOVE 2 5 4 5
OWN
11111111111112000
00222202222002010
00001100112221110
02211110000201122
01000112201100010
01002000000000012
01122111101112222
00122000000000002
10022220222200001
10000000000211001
STEP 37 P2 MOVE 4 13 4 14
OWN
11111111111112000
00222202222002010
00001100112221110
02211110000201122
01000112201102210
01002000000000012
01122111101112222
00122000000000002
10022220222200001
10000000000211001
STEP 38 P1 MOVE -1 -1 -1 -1
OWN
11111111111112000
00222202222002010
00001100112221110
02211110000201122
01000112201102210
01002000000000012
01122111101112222
00122000000000002
10022220222200001
10000000000211001
STEP 39 P2 MOVE -1 -1 -1 -1
OWN
11111111111112000
00222202222002010
00001100112221110
02211110000201122
01000112201102210
01002000000000012
01122111101112222
00122000000000002
10022220222200001
10000000000211001
RESULT first=51 second=42 winner=1
ANALYSIS winner=P1 score=51-42 reason=Ĺ»ĂëżěŔ§(+4Ä­ »©ľŃŔ˝,2ąčČż°ú) steal(w/l)=7/3 neu(w/l)=47/46
