BOARD
47671813457538338
18545475493738774
11637217837236693
65664843393893367
68154777341111433
63989811996935811
42394798974163988
92983245463392672
75869127836679564
94954535279131676
STEP 0 P1 MOVE 4 8 4 12
OWN
00000000000000000
00000000000000000
00000000000000000
00000000000000000
00000000111110000
00000000000000000
00000000000000000
00000000000000000
00000000000000000
00000000000000000
STEP 1 P2 MOVE 2 5 2 7
OWN
00000000000000000
00000000000000000
00000222000000000
00000000000000000
00000000111110000
00000000000000000
00000000000000000
00000000000000000
00000000000000000
00000000000000000
STEP 2 P1 MOVE 5 5 5 7
OWN
00000000000000000
00000000000000000
00000222000000000
00000000000000000
00000000111110000
00000111000000000
00000000000000000
00000000000000000
00000000000000000
00000000000000000
STEP 3 P2 MOVE 9 12 9 14
OWN
00000000000000000
00000000000000000
00000222000000000
00000000000000000
00000000111110000
00000111000000000
00000000000000000
00000000000000000
00000000000000000
00000000000022200
STEP 4 P1 MOVE 3 6 3 8
OWN
00000000000000000
00000000000000000
00000222000000000
00000011100000000
00000000111110000
00000111000000000
00000000000000000
00000000000000000
00000000000000000
00000000000022200
STEP 5 P2 MOVE 4 2 4 4
OWN
00000000000000000
00000000000000000
00000222000000000
00000011100000000
00222000111110000
00000111000000000
00000000000000000
00000000000000000
00000000000000000
00000000000022200
STEP 6 P1 MOVE 9 6 9 8
OWN
00000000000000000
00000000000000000
00000222000000000
00000011100000000
00222000111110000
00000111000000000
00000000000000000
00000000000000000
00000000000000000
00000011100022200
STEP 7 P2 MOVE 3 15 5 15
OWN
00000000000000000
00000000000000000
00000222000000000
00000011100000020
00222000111110020
00000111000000020
00000000000000000
00000000000000000
00000000000000000
00000011100022200
STEP 8 P1 MOVE 7 11 9 11
OWN
00000000000000000
00000000000000000
00000222000000000
00000011100000020
00222000111110020
00000111000000020
00000000000000000
00000000000100000
00000000000100000
00000011100122200
STEP 9 P2 MOVE 6 5 8 5
OWN
00000000000000000
00000000000000000
00000222000000000
00000011100000020
00222000111110020
00000111000000020
00000200000000000
00000200000100000
00000200000100000
00000011100122200
STEP 10 P1 MOVE 6 11 6 13
OWN
00000000000000000
00000000000000000
00000222000000000
00000011100000020
00222000111110020
00000111000000020
00000200000111000
00000200000100000
00000200000100000
00000011100122200
STEP 11 P2 MOVE 2 13 4 13
OWN
00000000000000000
00000000000000000
00000222000002000
00000011100002020
00222000111112020
00000111000000020
00000200000111000
00000200000100000
00000200000100000
00000011100122200
STEP 12 P1 MOVE 3 14 3 16
OWN
00000000000000000
00000000000000000
00000222000002000
00000011100002111
00222000111112020
00000111000000020
00000200000111000
00000200000100000
00000200000100000
00000011100122200
STEP 13 P2 MOVE 1 10 1 11
OWN
00000000000000000
00000000002200000
00000222000002000
00000011100002111
00222000111112020
00000111000000020
00000200000111000
00000200000100000
00000200000100000
00000011100122200
STEP 14 P1 MOVE 2 1 2 3
OWN
00000000000000000
00000000002200000
01110222000002000
00000011100002111
00222000111112020
00000111000000020
00000200000111000
00000200000100000
00000200000100000
00000011100122200
STEP 15 P2 MOVE 0 14 1 14
OWN
00000000000000200
00000000002200200
01110222000002000
00000011100002111
00222000111112020
00000111000000020
00000200000111000
00000200000100000
00000200000100000
00000011100122200
STEP 16 P1 MOVE 5 10 6 10
OWN
00000000000000200
00000000002200200
01110222000002000
00000011100002111
00222000111112020
00000111001000020
00000200001111000
00000200000100000
00000200000100000
00000011100122200
STEP 17 P2 MOVE 8 15 8 16
OWN
00000000000000200
00000000002200200
01110222000002000
00000011100002111
00222000111112020
00000111001000020
00000200001111000
00000200000100000
00000200000100022
00000011100122200
STEP 18 P1 MOVE 0 4 0 6
OWN
00001110000000200
00000000002200200
01110222000002000
00000011100002111
00222000111112020
00000111001000020
00000200001111000
00000200000100000
00000200000100022
00000011100122200
STEP 19 P2 MOVE 2 11 3 11
OWN
00001110000000200
00000000002200200
01110222000202000
00000011100202111
00222000111112020
00000111001000020
00000200001111000
00000200000100000
00000200000100022
00000011100122200
STEP 20 P1 MOVE 0 15 1 15
OWN
00001110000000210
00000000002200210
01110222000202000
00000011100202111
00222000111112020
00000111001000020
00000200001111000
00000200000100000
00000200000100022
00000011100122200
STEP 21 P2 MOVE 8 9 9 9
OWN
00001110000000210
00000000002200210
01110222000202000
00000011100202111
00222000111112020
00000111001000020
00000200001111000
00000200000100000
00000200020100022
00000011120122200
STEP 22 P1 MOVE 2 10 2 12
OWN
00001110000000210
00000000002200210
01110222001112000
00000011100202111
00222000111112020
00000111001000020
00000200001111000
00000200000100000
00000200020100022
00000011120122200
STEP 23 P2 MOVE 0 10 3 10
OWN
00001110002000210
00000000002200210
01110222002112000
00000011102202111
00222000111112020
00000111001000020
00000200001111000
00000200000100000
00000200020100022
00000011120122200
STEP 24 P1 MOVE 3 3 3 4
OWN
00001110002000210
00000000002200210
01110222002112000
00011011102202111
00222000111112020
00000111001000020
00000200001111000
00000200000100000
00000200020100022
00000011120122200
STEP 25 P2 MOVE 5 0 6 0
OWN
00001110002000210
00000000002200210
01110222002112000
00011011102202111
00222000111112020
20000111001000020
20000200001111000
00000200000100000
00000200020100022
00000011120122200
STEP 26 P1 MOVE -1 -1 -1 -1
OWN
00001110002000210
00000000002200210
01110222002112000
00011011102202111
00222000111112020
20000111001000020
20000200001111000
00000200000100000
00000200020100022
00000011120122200
STEP 27 P2 MOVE 6 16 7 16
OWN
00001110002000210
00000000002200210
01110222002112000
00011011102202111
00222000111112020
20000111001000020
20000200001111002
00000200000100002
00000200020100022
00000011120122200
STEP 28 P1 MOVE 4 16 9 16
OWN
00001110002000210
00000000002200210
01110222002112000
00011011102202111
00222000111112021
20000111001000021
20000200001111001
00000200000100001
00000200020100021
00000011120122201
STEP 29 P2 MOVE 1 0 2 1
OWN
00001110002000210
22000000002200210
22110222002112000
00011011102202111
00222000111112021
20000111001000021
20000200001111001
00000200000100001
00000200020100021
00000011120122201
STEP 30 P1 MOVE 0 0 3 0
OWN
10001110002000210
12000000002200210
12110222002112000
10011011102202111
00222000111112021
20000111001000021
20000200001111001
00000200000100001
00000200020100021
00000011120122201
STEP 31 P2 MOVE 0 3 0 7
OWN
10022222002000210
12000000002200210
12110222002112000
10011011102202111
00222000111112021
20000111001000021
20000200001111001
00000200000100001
00000200020100021
00000011120122201
STEP 32 P1 MOVE 0 2 0 8
OWN
10111111102000210
12000000002200210
12110222002112000
10011011102202111
00222000111112021
20000111001000021
20000200001111001
00000200000100001
00000200020100021
00000011120122201
STEP 33 P2 MOVE 2 14 4 14
OWN
10111111102000210
12000000002200210
12110222002112200
10011011102202211
00222000111112221
20000111001000021
20000200001111001
00000200000100001
00000200020100021
00000011120122201
STEP 34 P1 MOVE -1 -1 -1 -1
OWN
10111111102000210
12000000002200210
12110222002112200
10011011102202211
00222000111112221
20000111001000021
20000200001111001
00000200000100001
00000200020100021
00000011120122201
STEP 35 P2 MOVE -1 -1 -1 -1
OWN
10111111102000210
12000000002200210
12110222002112200
10011011102202211
00222000111112221
20000111001000021
20000200001111001
00000200000100001
00000200020100021
00000011120122201
RESULT first=49 second=35 winner=1
ANALYSIS winner=P1 score=49-35 reason=Ĺ»ĂëżěŔ§(+6Ä­ »©ľŃŔ˝,2ąčČż°ú) steal(w/l)=12/6 neu(w/l)=43/41
