BOARD
67869178218825437
46363345952553668
32243327872879396
75475663781147683
87389689745784558
93673271326218916
24445167872196224
38283357883264762
57141942163149166
92538933972149389
STEP 0 P1 MOVE 4 11 6 11
OWN
00000000000000000
00000000000000000
00000000000000000
00000000000000000
00000000000100000
00000000000100000
00000000000100000
00000000000000000
00000000000000000
00000000000000000
STEP 1 P2 MOVE 3 9 3 11
OWN
00000000000000000
00000000000000000
00000000000000000
00000000022200000
00000000000100000
00000000000100000
00000000000100000
00000000000000000
00000000000000000
00000000000000000
STEP 2 P1 MOVE 2 11 7 11
OWN
00000000000000000
00000000000000000
00000000000100000
00000000022100000
00000000000100000
00000000000100000
00000000000100000
00000000000100000
00000000000000000
00000000000000000
STEP 3 P2 MOVE 7 10 9 11
OWN
00000000000000000
00000000000000000
00000000000100000
00000000022100000
00000000000100000
00000000000100000
00000000000100000
00000000002200000
00000000002200000
00000000002200000
STEP 4 P1 MOVE 6 0 6 2
OWN
00000000000000000
00000000000000000
00000000000100000
00000000022100000
00000000000100000
00000000000100000
11100000000100000
00000000002200000
00000000002200000
00000000002200000
STEP 5 P2 MOVE 6 3 6 5
OWN
00000000000000000
00000000000000000
00000000000100000
00000000022100000
00000000000100000
00000000000100000
11122200000100000
00000000002200000
00000000002200000
00000000002200000
STEP 6 P1 MOVE 5 5 5 7
OWN
00000000000000000
00000000000000000
00000000000100000
00000000022100000
00000000000100000
00000111000100000
11122200000100000
00000000002200000
00000000002200000
00000000002200000
STEP 7 P2 MOVE 4 1 5 1
OWN
00000000000000000
00000000000000000
00000000000100000
00000000022100000
02000000000100000
02000111000100000
11122200000100000
00000000002200000
00000000002200000
00000000002200000
STEP 8 P1 MOVE 6 13 6 15
OWN
00000000000000000
00000000000000000
00000000000100000
00000000022100000
02000000000100000
02000111000100000
11122200000101110
00000000002200000
00000000002200000
00000000002200000
STEP 9 P2 MOVE 9 1 9 3
OWN
00000000000000000
00000000000000000
00000000000100000
00000000022100000
02000000000100000
02000111000100000
11122200000101110
00000000002200000
00000000002200000
02220000002200000
STEP 10 P1 MOVE 7 12 7 13
OWN
00000000000000000
00000000000000000
00000000000100000
00000000022100000
02000000000100000
02000111000100000
11122200000101110
00000000002211000
00000000002200000
02220000002200000
STEP 11 P2 MOVE 0 0 1 0
OWN
20000000000000000
20000000000000000
00000000000100000
00000000022100000
02000000000100000
02000111000100000
11122200000101110
00000000002211000
00000000002200000
02220000002200000
STEP 12 P1 MOVE 2 7 3 7
OWN
20000000000000000
20000000000000000
00000001000100000
00000001022100000
02000000000100000
02000111000100000
11122200000101110
00000000002211000
00000000002200000
02220000002200000
STEP 13 P2 MOVE 0 4 0 5
OWN
20002200000000000
20000000000000000
00000001000100000
00000001022100000
02000000000100000
02000111000100000
11122200000101110
00000000002211000
00000000002200000
02220000002200000
STEP 14 P1 MOVE 2 3 2 5
OWN
20002200000000000
20000000000000000
00011101000100000
00000001022100000
02000000000100000
02000111000100000
11122200000101110
00000000002211000
00000000002200000
02220000002200000
STEP 15 P2 MOVE 1 4 1 6
OWN
20002200000000000
20002220000000000
00011101000100000
00000001022100000
02000000000100000
02000111000100000
11122200000101110
00000000002211000
00000000002200000
02220000002200000
STEP 16 P1 MOVE 2 6 2 8
OWN
20002200000000000
20002220000000000
00011111100100000
00000001022100000
02000000000100000
02000111000100000
11122200000101110
00000000002211000
00000000002200000
02220000002200000
STEP 17 P2 MOVE 0 7 0 8
OWN
20002202200000000
20002220000000000
00011111100100000
00000001022100000
02000000000100000
02000111000100000
11122200000101110
00000000002211000
00000000002200000
02220000002200000
STEP 18 P1 MOVE 0 11 0 12
OWN
20002202200110000
20002220000000000
00011111100100000
00000001022100000
02000000000100000
02000111000100000
11122200000101110
00000000002211000
00000000002200000
02220000002200000
STEP 19 P2 MOVE 0 14 1 14
OWN
20002202200110200
20002220000000200
00011111100100000
00000001022100000
02000000000100000
02000111000100000
11122200000101110
00000000002211000
00000000002200000
02220000002200000
STEP 20 P1 MOVE 0 15 0 16
OWN
20002202200110211
20002220000000200
00011111100100000
00000001022100000
02000000000100000
02000111000100000
11122200000101110
00000000002211000
00000000002200000
02220000002200000
STEP 21 P2 MOVE 2 0 3 0
OWN
20002202200110211
20002220000000200
20011111100100000
20000001022100000
02000000000100000
02000111000100000
11122200000101110
00000000002211000
00000000002200000
02220000002200000
STEP 22 P1 MOVE 8 8 9 8
OWN
20002202200110211
20002220000000200
20011111100100000
20000001022100000
02000000000100000
02000111000100000
11122200000101110
00000000002211000
00000000102200000
02220000102200000
STEP 23 P2 MOVE 8 9 8 12
OWN
20002202200110211
20002220000000200
20011111100100000
20000001022100000
02000000000100000
02000111000100000
11122200000101110
00000000002211000
00000000122220000
02220000102200000
STEP 24 P1 MOVE 9 7 9 9
OWN
20002202200110211
20002220000000200
20011111100100000
20000001022100000
02000000000100000
02000111000100000
11122200000101110
00000000002211000
00000000122220000
02220001112200000
STEP 25 P2 MOVE 4 8 5 8
OWN
20002202200110211
20002220000000200
20011111100100000
20000001022100000
02000000200100000
02000111200100000
11122200000101110
00000000002211000
00000000122220000
02220001112200000
STEP 26 P1 MOVE 4 14 4 15
OWN
20002202200110211
20002220000000200
20011111100100000
20000001022100000
02000000200100110
02000111200100000
11122200000101110
00000000002211000
00000000122220000
02220001112200000
STEP 27 P2 MOVE 5 3 5 4
OWN
20002202200110211
20002220000000200
20011111100100000
20000001022100000
02000000200100110
02022111200100000
11122200000101110
00000000002211000
00000000122220000
02220001112200000
STEP 28 P1 MOVE 5 12 6 12
OWN
20002202200110211
20002220000000200
20011111100100000
20000001022100000
02000000200100110
02022111200110000
11122200000111110
00000000002211000
00000000122220000
02220001112200000
STEP 29 P2 MOVE 0 10 1 10
OWN
20002202202110211
20002220002000200
20011111100100000
20000001022100000
02000000200100110
02022111200110000
11122200000111110
00000000002211000
00000000122220000
02220001112200000
STEP 30 P1 MOVE 1 11 1 12
OWN
20002202202110211
20002220002110200
20011111100100000
20000001022100000
02000000200100110
02022111200110000
11122200000111110
00000000002211000
00000000122220000
02220001112200000
STEP 31 P2 MOVE 5 14 5 15
OWN
20002202202110211
20002220002110200
20011111100100000
20000001022100000
02000000200100110
02022111200110220
11122200000111110
00000000002211000
00000000122220000
02220001112200000
STEP 32 P1 MOVE 8 4 8 5
OWN
20002202202110211
20002220002110200
20011111100100000
20000001022100000
02000000200100110
02022111200110220
11122200000111110
00000000002211000
00001100122220000
02220001112200000
STEP 33 P2 MOVE 7 1 7 2
OWN
20002202202110211
20002220002110200
20011111100100000
20000001022100000
02000000200100110
02022111200110220
11122200000111110
02200000002211000
00001100122220000
02220001112200000
STEP 34 P1 MOVE 4 2 8 2
OWN
20002202202110211
20002220002110200
20011111100100000
20000001022100000
02100000200100110
02122111200110220
11122200000111110
02100000002211000
00101100122220000
02220001112200000
STEP 35 P2 MOVE 8 3 8 7
OWN
20002202202110211
20002220002110200
20011111100100000
20000001022100000
02100000200100110
02122111200110220
11122200000111110
02100000002211000
00122222122220000
02220001112200000
STEP 36 P1 MOVE -1 -1 -1 -1
OWN
20002202202110211
20002220002110200
20011111100100000
20000001022100000
02100000200100110
02122111200110220
11122200000111110
02100000002211000
00122222122220000
02220001112200000
STEP 37 P2 MOVE -1 -1 -1 -1
OWN
20002202202110211
20002220002110200
20011111100100000
20000001022100000
02100000200100110
02122111200110220
11122200000111110
02100000002211000
00122222122220000
02220001112200000
RESULT first=41 second=45 winner=2
ANALYSIS winner=P2 score=41-45 reason=±ŮĽŇşąÇŐżěŔ§ steal(w/l)=3/2 neu(w/l)=44/42
