BOARD
56713563954789461
49396321359915925
35114271772171933
16717733388919848
11368198918944748
59771996646464182
81832956939466939
49976941869344899
84648598245779588
44524165434162967
STEP 0 P1 MOVE 2 0 5 0
OWN
00000000000000000
00000000000000000
10000000000000000
10000000000000000
10000000000000000
10000000000000000
00000000000000000
00000000000000000
00000000000000000
00000000000000000
STEP 1 P2 MOVE 4 1 4 3
OWN
00000000000000000
00000000000000000
10000000000000000
10000000000000000
12220000000000000
10000000000000000
00000000000000000
00000000000000000
00000000000000000
00000000000000000
STEP 2 P1 MOVE 2 9 2 11
OWN
00000000000000000
00000000000000000
10000000011100000
10000000000000000
12220000000000000
10000000000000000
00000000000000000
00000000000000000
00000000000000000
00000000000000000
STEP 3 P2 MOVE 0 5 2 5
OWN
00000200000000000
00000200000000000
10000200011100000
10000000000000000
12220000000000000
10000000000000000
00000000000000000
00000000000000000
00000000000000000
00000000000000000
STEP 4 P1 MOVE 8 7 8 8
OWN
00000200000000000
00000200000000000
10000200011100000
10000000000000000
12220000000000000
10000000000000000
00000000000000000
00000000000000000
00000001100000000
00000000000000000
STEP 5 P2 MOVE 4 5 4 6
OWN
00000200000000000
00000200000000000
10000200011100000
10000000000000000
12220220000000000
10000000000000000
00000000000000000
00000000000000000
00000001100000000
00000000000000000
STEP 6 P1 MOVE 2 13 3 13
OWN
00000200000000000
00000200000000000
10000200011101000
10000000000001000
12220220000000000
10000000000000000
00000000000000000
00000000000000000
00000001100000000
00000000000000000
STEP 7 P2 MOVE 5 13 6 13
OWN
00000200000000000
00000200000000000
10000200011101000
10000000000001000
12220220000000000
10000000000002000
00000000000002000
00000000000000000
00000001100000000
00000000000000000
STEP 8 P1 MOVE 1 8 2 8
OWN
00000200000000000
00000200100000000
10000200111101000
10000000000001000
12220220000000000
10000000000002000
00000000000002000
00000000000000000
00000001100000000
00000000000000000
STEP 9 P2 MOVE 1 11 1 12
OWN
00000200000000000
00000200100220000
10000200111101000
10000000000001000
12220220000000000
10000000000002000
00000000000002000
00000000000000000
00000001100000000
00000000000000000
STEP 10 P1 MOVE 4 8 4 9
OWN
00000200000000000
00000200100220000
10000200111101000
10000000000001000
12220220110000000
10000000000002000
00000000000002000
00000000000000000
00000001100000000
00000000000000000
STEP 11 P2 MOVE 5 8 5 9
OWN
00000200000000000
00000200100220000
10000200111101000
10000000000001000
12220220110000000
10000000220002000
00000000000002000
00000000000000000
00000001100000000
00000000000000000
STEP 12 P1 MOVE 8 2 8 3
OWN
00000200000000000
00000200100220000
10000200111101000
10000000000001000
12220220110000000
10000000220002000
00000000000002000
00000000000000000
00110001100000000
00000000000000000
STEP 13 P2 MOVE 0 9 1 9
OWN
00000200020000000
00000200120220000
10000200111101000
10000000000001000
12220220110000000
10000000220002000
00000000000002000
00000000000000000
00110001100000000
00000000000000000
STEP 14 P1 MOVE 5 1 6 1
OWN
00000200020000000
00000200120220000
10000200111101000
10000000000001000
12220220110000000
11000000220002000
01000000000002000
00000000000000000
00110001100000000
00000000000000000
STEP 15 P2 MOVE 7 9 8 9
OWN
00000200020000000
00000200120220000
10000200111101000
10000000000001000
12220220110000000
11000000220002000
01000000000002000
00000000020000000
00110001120000000
00000000000000000
STEP 16 P1 MOVE 5 15 5 16
OWN
00000200020000000
00000200120220000
10000200111101000
10000000000001000
12220220110000000
11000000220002011
01000000000002000
00000000020000000
00110001120000000
00000000000000000
STEP 17 P2 MOVE 3 11 3 12
OWN
00000200020000000
00000200120220000
10000200111101000
10000000000221000
12220220110000000
11000000220002011
01000000000002000
00000000020000000
00110001120000000
00000000000000000
STEP 18 P1 MOVE 2 2 3 3
OWN
00000200020000000
00000200120220000
10110200111101000
10110000000221000
12220220110000000
11000000220002011
01000000000002000
00000000020000000
00110001120000000
00000000000000000
STEP 19 P2 MOVE 1 2 5 2
OWN
00000200020000000
00200200120220000
10210200111101000
10210000000221000
12220220110000000
11200000220002011
01000000000002000
00000000020000000
00110001120000000
00000000000000000
STEP 20 P1 MOVE 5 10 5 11
OWN
00000200020000000
00200200120220000
10210200111101000
10210000000221000
12220220110000000
11200000221102011
01000000000002000
00000000020000000
00110001120000000
00000000000000000
STEP 21 P2 MOVE 5 14 6 14
OWN
00000200020000000
00200200120220000
10210200111101000
10210000000221000
12220220110000000
11200000221102211
01000000000002200
00000000020000000
00110001120000000
00000000000000000
STEP 22 P1 MOVE 1 4 2 4
OWN
00000200020000000
00201200120220000
10211200111101000
10210000000221000
12220220110000000
11200000221102211
01000000000002200
00000000020000000
00110001120000000
00000000000000000
STEP 23 P2 MOVE 0 4 3 4
OWN
00002200020000000
00202200120220000
10212200111101000
10212000000221000
12220220110000000
11200000221102211
01000000000002200
00000000020000000
00110001120000000
00000000000000000
STEP 24 P1 MOVE 0 3 0 7
OWN
00011111020000000
00202200120220000
10212200111101000
10212000000221000
12220220110000000
11200000221102211
01000000000002200
00000000020000000
00110001120000000
00000000000000000
STEP 25 P2 MOVE 3 5 3 6
OWN
00011111020000000
00202200120220000
10212200111101000
10212220000221000
12220220110000000
11200000221102211
01000000000002200
00000000020000000
00110001120000000
00000000000000000
STEP 26 P1 MOVE 5 3 6 3
OWN
00011111020000000
00202200120220000
10212200111101000
10212220000221000
12220220110000000
11210000221102211
01010000000002200
00000000020000000
00110001120000000
00000000000000000
STEP 27 P2 MOVE 7 11 8 11
OWN
00011111020000000
00202200120220000
10212200111101000
10212220000221000
12220220110000000
11210000221102211
01010000000002200
00000000020200000
00110001120200000
00000000000000000
STEP 28 P1 MOVE 8 10 9 11
OWN
00011111020000000
00202200120220000
10212200111101000
10212220000221000
12220220110000000
11210000221102211
01010000000002200
00000000020200000
00110001121100000
00000000001100000
STEP 29 P2 MOVE 0 7 1 8
OWN
00011112220000000
00202202220220000
10212200111101000
10212220000221000
12220220110000000
11210000221102211
01010000000002200
00000000020200000
00110001121100000
00000000001100000
STEP 30 P1 MOVE 1 7 2 10
OWN
00011112220000000
00202201111220000
10212201111101000
10212220000221000
12220220110000000
11210000221102211
01010000000002200
00000000020200000
00110001121100000
00000000001100000
STEP 31 P2 MOVE 6 2 6 4
OWN
00011112220000000
00202201111220000
10212201111101000
10212220000221000
12220220110000000
11210000221102211
01222000000002200
00000000020200000
00110001121100000
00000000001100000
STEP 32 P1 MOVE 5 4 5 5
OWN
00011112220000000
00202201111220000
10212201111101000
10212220000221000
12220220110000000
11211100221102211
01222000000002200
00000000020200000
00110001121100000
00000000001100000
STEP 33 P2 MOVE 2 6 3 7
OWN
00011112220000000
00202201111220000
10212222111101000
10212222000221000
12220220110000000
11211100221102211
01222000000002200
00000000020200000
00110001121100000
00000000001100000
STEP 34 P1 MOVE 1 4 4 6
OWN
00011112220000000
00201111111220000
10211112111101000
10211112000221000
12221110110000000
11211100221102211
01222000000002200
00000000020200000
00110001121100000
00000000001100000
STEP 35 P2 MOVE -1 -1 -1 -1
OWN
00011112220000000
00201111111220000
10211112111101000
10211112000221000
12221110110000000
11211100221102211
01222000000002200
00000000020200000
00110001121100000
00000000001100000
STEP 36 P1 MOVE -1 -1 -1 -1
OWN
00011112220000000
00201111111220000
10211112111101000
10211112000221000
12221110110000000
11211100221102211
01222000000002200
00000000020200000
00110001121100000
00000000001100000
RESULT first=51 second=28 winner=1
ANALYSIS winner=P1 score=51-28 reason=Ĺ»ĂëżěŔ§(+8Ä­ »©ľŃŔ˝,2ąčČż°ú) / şóÄ­Ľ±Áˇ(+7) steal(w/l)=16/8 neu(w/l)=43/36
