BOARD
25253297398546692
37897281869345682
26819216598457917
41364959526539295
55256888235727782
29363367964747346
92711167649751172
26221599321678151
59481967311365626
88371817324726833
STEP 0 P1 MOVE 0 2 0 4
OWN
00111000000000000
00000000000000000
00000000000000000
00000000000000000
00000000000000000
00000000000000000
00000000000000000
00000000000000000
00000000000000000
00000000000000000
STEP 1 P2 MOVE 7 0 7 2
OWN
00111000000000000
00000000000000000
00000000000000000
00000000000000000
00000000000000000
00000000000000000
00000000000000000
22200000000000000
00000000000000000
00000000000000000
STEP 2 P1 MOVE 2 12 4 12
OWN
00111000000000000
00000000000000000
00000000000010000
00000000000010000
00000000000010000
00000000000000000
00000000000000000
22200000000000000
00000000000000000
00000000000000000
STEP 3 P2 MOVE 4 16 6 16
OWN
00111000000000000
00000000000000000
00000000000010000
00000000000010000
00000000000010002
00000000000000002
00000000000000002
22200000000000000
00000000000000000
00000000000000000
STEP 4 P1 MOVE 7 16 9 16
OWN
00111000000000000
00000000000000000
00000000000010000
00000000000010000
00000000000010002
00000000000000002
00000000000000002
22200000000000001
00000000000000001
00000000000000001
STEP 5 P2 MOVE 7 15 9 15
OWN
00111000000000000
00000000000000000
00000000000010000
00000000000010000
00000000000010002
00000000000000002
00000000000000002
22200000000000021
00000000000000021
00000000000000021
STEP 6 P1 MOVE 9 4 9 6
OWN
00111000000000000
00000000000000000
00000000000010000
00000000000010000
00000000000010002
00000000000000002
00000000000000002
22200000000000021
00000000000000021
00001110000000021
STEP 7 P2 MOVE 5 2 6 2
OWN
00111000000000000
00000000000000000
00000000000010000
00000000000010000
00000000000010002
00200000000000002
00200000000000002
22200000000000021
00000000000000021
00001110000000021
STEP 8 P1 MOVE 9 7 9 8
OWN
00111000000000000
00000000000000000
00000000000010000
00000000000010000
00000000000010002
00200000000000002
00200000000000002
22200000000000021
00000000000000021
00001111100000021
STEP 9 P2 MOVE 6 8 6 9
OWN
00111000000000000
00000000000000000
00000000000010000
00000000000010000
00000000000010002
00200000000000002
00200000220000002
22200000000000021
00000000000000021
00001111100000021
STEP 10 P1 MOVE 3 1 3 3
OWN
00111000000000000
00000000000000000
00000000000010000
01110000000010000
00000000000010002
00200000000000002
00200000220000002
22200000000000021
00000000000000021
00001111100000021
STEP 11 P2 MOVE 2 15 3 15
OWN
00111000000000000
00000000000000000
00000000000010020
01110000000010020
00000000000010002
00200000000000002
00200000220000002
22200000000000021
00000000000000021
00001111100000021
STEP 12 P1 MOVE 8 4 8 5
OWN
00111000000000000
00000000000000000
00000000000010020
01110000000010020
00000000000010002
00200000000000002
00200000220000002
22200000000000021
00001100000000021
00001111100000021
STEP 13 P2 MOVE 1 3 2 3
OWN
00111000000000000
00020000000000000
00020000000010020
01110000000010020
00000000000010002
00200000000000002
00200000220000002
22200000000000021
00001100000000021
00001111100000021
STEP 14 P1 MOVE 3 4 4 4
OWN
00111000000000000
00020000000000000
00020000000010020
01111000000010020
00001000000010002
00200000000000002
00200000220000002
22200000000000021
00001100000000021
00001111100000021
STEP 15 P2 MOVE 2 2 4 2
OWN
00111000000000000
00020000000000000
00220000000010020
01211000000010020
00201000000010002
00200000000000002
00200000220000002
22200000000000021
00001100000000021
00001111100000021
STEP 16 P1 MOVE 8 7 8 8
OWN
00111000000000000
00020000000000000
00220000000010020
01211000000010020
00201000000010002
00200000000000002
00200000220000002
22200000000000021
00001101100000021
00001111100000021
STEP 17 P2 MOVE 4 1 4 3
OWN
00111000000000000
00020000000000000
00220000000010020
01211000000010020
02221000000010002
00200000000000002
00200000220000002
22200000000000021
00001101100000021
00001111100000021
STEP 18 P1 MOVE 8 11 9 11
OWN
00111000000000000
00020000000000000
00220000000010020
01211000000010020
02221000000010002
00200000000000002
00200000220000002
22200000000000021
00001101100100021
00001111100100021
STEP 19 P2 MOVE 5 13 5 14
OWN
00111000000000000
00020000000000000
00220000000010020
01211000000010020
02221000000010002
00200000000002202
00200000220000002
22200000000000021
00001101100100021
00001111100100021
STEP 20 P1 MOVE 0 7 0 8
OWN
00111001100000000
00020000000000000
00220000000010020
01211000000010020
02221000000010002
00200000000002202
00200000220000002
22200000000000021
00001101100100021
00001111100100021
STEP 21 P2 MOVE 0 12 0 13
OWN
00111001100022000
00020000000000000
00220000000010020
01211000000010020
02221000000010002
00200000000002202
00200000220000002
22200000000000021
00001101100100021
00001111100100021
STEP 22 P1 MOVE 5 12 6 13
OWN
00111001100022000
00020000000000000
00220000000010020
01211000000010020
02221000000010002
00200000000011202
00200000220011002
22200000000000021
00001101100100021
00001111100100021
STEP 23 P2 MOVE 6 13 7 14
OWN
00111001100022000
00020000000000000
00220000000010020
01211000000010020
02221000000010002
00200000000011202
00200000220012202
22200000000002221
00001101100100021
00001111100100021
STEP 24 P1 MOVE 4 8 4 10
OWN
00111001100022000
00020000000000000
00220000000010020
01211000000010020
02221000111010002
00200000000011202
00200000220012202
22200000000002221
00001101100100021
00001111100100021
STEP 25 P2 MOVE 7 3 8 3
OWN
00111001100022000
00020000000000000
00220000000010020
01211000000010020
02221000111010002
00200000000011202
00200000220012202
22220000000002221
00021101100100021
00001111100100021
STEP 26 P1 MOVE 3 10 5 10
OWN
00111001100022000
00020000000000000
00220000000010020
01211000001010020
02221000111010002
00200000001011202
00200000220012202
22220000000002221
00021101100100021
00001111100100021
STEP 27 P2 MOVE 9 2 9 3
OWN
00111001100022000
00020000000000000
00220000000010020
01211000001010020
02221000111010002
00200000001011202
00200000220012202
22220000000002221
00021101100100021
00221111100100021
STEP 28 P1 MOVE 7 2 8 5
OWN
00111001100022000
00020000000000000
00220000000010020
01211000001010020
02221000111010002
00200000001011202
00200000220012202
22111100000002221
00111101100100021
00221111100100021
STEP 29 P2 MOVE 9 1 9 9
OWN
00111001100022000
00020000000000000
00220000000010020
01211000001010020
02221000111010002
00200000001011202
00200000220012202
22111100000002221
00111101100100021
02222222220100021
STEP 30 P1 MOVE 1 0 1 1
OWN
00111001100022000
11020000000000000
00220000000010020
01211000001010020
02221000111010002
00200000001011202
00200000220012202
22111100000002221
00111101100100021
02222222220100021
STEP 31 P2 MOVE 3 9 7 9
OWN
00111001100022000
11020000000000000
00220000000010020
01211000021010020
02221000121010002
00200000021011202
00200000220012202
22111100020002221
00111101100100021
02222222220100021
STEP 32 P1 MOVE 2 9 8 9
OWN
00111001100022000
11020000000000000
00220000010010020
01211000011010020
02221000111010002
00200000011011202
00200000210012202
22111100010002221
00111101110100021
02222222220100021
STEP 33 P2 MOVE 3 8 3 11
OWN
00111001100022000
11020000000000000
00220000010010020
01211000222210020
02221000111010002
00200000011011202
00200000210012202
22111100010002221
00111101110100021
02222222220100021
STEP 34 P1 MOVE 1 15 1 16
OWN
00111001100022000
11020000000000011
00220000010010020
01211000222210020
02221000111010002
00200000011011202
00200000210012202
22111100010002221
00111101110100021
02222222220100021
STEP 35 P2 MOVE 7 8 7 11
OWN
00111001100022000
11020000000000011
00220000010010020
01211000222210020
02221000111010002
00200000011011202
00200000210012202
22111100222202221
00111101110100021
02222222220100021
STEP 36 P1 MOVE 7 7 8 10
OWN
00111001100022000
11020000000000011
00220000010010020
01211000222210020
02221000111010002
00200000011011202
00200000210012202
22111101111202221
00111101111100021
02222222220100021
STEP 37 P2 MOVE -1 -1 -1 -1
OWN
00111001100022000
11020000000000011
00220000010010020
01211000222210020
02221000111010002
00200000011011202
00200000210012202
22111101111202221
00111101111100021
02222222220100021
STEP 38 P1 MOVE -1 -1 -1 -1
OWN
00111001100022000
11020000000000011
00220000010010020
01211000222210020
02221000111010002
00200000011011202
00200000210012202
22111101111202221
00111101111100021
02222222220100021
RESULT first=47 second=41 winner=1
ANALYSIS winner=P1 score=47-41 reason=綴蘊摹薄(+4) steal(w/l)=12/11 neu(w/l)=46/42
