BOARD
68166138285677896
71429295144552428
59796463787299988
63639529184269862
28259581554477287
48576335534934483
91786667151747316
14268272519533274
94783249889336483
93268977985938261
STEP 0 P1 MOVE 0 8 2 8
OWN
00000000100000000
00000000100000000
00000000100000000
00000000000000000
00000000000000000
00000000000000000
00000000000000000
00000000000000000
00000000000000000
00000000000000000
STEP 1 P2 MOVE 0 4 0 6
OWN
00002220100000000
00000000100000000
00000000100000000
00000000000000000
00000000000000000
00000000000000000
00000000000000000
00000000000000000
00000000000000000
00000000000000000
STEP 2 P1 MOVE 6 5 8 5
OWN
00002220100000000
00000000100000000
00000000100000000
00000000000000000
00000000000000000
00000000000000000
00000100000000000
00000100000000000
00000100000000000
00000000000000000
STEP 3 P2 MOVE 4 8 4 9
OWN
00002220100000000
00000000100000000
00000000100000000
00000000000000000
00000000220000000
00000000000000000
00000100000000000
00000100000000000
00000100000000000
00000000000000000
STEP 4 P1 MOVE 4 1 4 2
OWN
00002220100000000
00000000100000000
00000000100000000
00000000000000000
01100000220000000
00000000000000000
00000100000000000
00000100000000000
00000100000000000
00000000000000000
STEP 5 P2 MOVE 3 14 4 14
OWN
00002220100000000
00000000100000000
00000000100000000
00000000000000200
01100000220000200
00000000000000000
00000100000000000
00000100000000000
00000100000000000
00000000000000000
STEP 6 P1 MOVE 1 15 1 16
OWN
00002220100000000
00000000100000011
00000000100000000
00000000000000200
01100000220000200
00000000000000000
00000100000000000
00000100000000000
00000100000000000
00000000000000000
STEP 7 P2 MOVE 6 10 7 10
OWN
00002220100000000
00000000100000011
00000000100000000
00000000000000200
01100000220000200
00000000000000000
00000100002000000
00000100002000000
00000100000000000
00000000000000000
STEP 8 P1 MOVE 6 14 6 16
OWN
00002220100000000
00000000100000011
00000000100000000
00000000000000200
01100000220000200
00000000000000000
00000100002000111
00000100002000000
00000100000000000
00000000000000000
STEP 9 P2 MOVE 5 14 8 14
OWN
00002220100000000
00000000100000011
00000000100000000
00000000000000200
01100000220000200
00000000000000200
00000100002000211
00000100002000200
00000100000000200
00000000000000000
STEP 10 P1 MOVE 7 13 7 15
OWN
00002220100000000
00000000100000011
00000000100000000
00000000000000200
01100000220000200
00000000000000200
00000100002000211
00000100002001110
00000100000000200
00000000000000000
STEP 11 P2 MOVE 2 4 2 5
OWN
00002220100000000
00000000100000011
00002200100000000
00000000000000200
01100000220000200
00000000000000200
00000100002000211
00000100002001110
00000100000000200
00000000000000000
STEP 12 P1 MOVE 3 6 4 6
OWN
00002220100000000
00000000100000011
00002200100000000
00000010000000200
01100010220000200
00000000000000200
00000100002000211
00000100002001110
00000100000000200
00000000000000000
STEP 13 P2 MOVE 3 7 4 7
OWN
00002220100000000
00000000100000011
00002200100000000
00000012000000200
01100012220000200
00000000000000200
00000100002000211
00000100002001110
00000100000000200
00000000000000000
STEP 14 P1 MOVE 1 1 2 1
OWN
00002220100000000
01000000100000011
01002200100000000
00000012000000200
01100012220000200
00000000000000200
00000100002000211
00000100002001110
00000100000000200
00000000000000000
STEP 15 P2 MOVE 6 0 7 0
OWN
00002220100000000
01000000100000011
01002200100000000
00000012000000200
01100012220000200
00000000000000200
20000100002000211
20000100002001110
00000100000000200
00000000000000000
STEP 16 P1 MOVE 2 6 3 8
OWN
00002220100000000
01000000100000011
01002211100000000
00000011100000200
01100012220000200
00000000000000200
20000100002000211
20000100002001110
00000100000000200
00000000000000000
STEP 17 P2 MOVE 1 7 5 7
OWN
00002220100000000
01000002100000011
01002212100000000
00000012100000200
01100012220000200
00000002000000200
20000100002000211
20000100002001110
00000100000000200
00000000000000000
STEP 18 P1 MOVE 3 5 4 5
OWN
00002220100000000
01000002100000011
01002212100000000
00000112100000200
01100112220000200
00000002000000200
20000100002000211
20000100002001110
00000100000000200
00000000000000000
STEP 19 P2 MOVE 6 12 8 12
OWN
00002220100000000
01000002100000011
01002212100000000
00000112100000200
01100112220000200
00000002000000200
20000100002020211
20000100002021110
00000100000020200
00000000000000000
STEP 20 P1 MOVE 7 9 7 16
OWN
00002220100000000
01000002100000011
01002212100000000
00000112100000200
01100112220000200
00000002000000200
20000100002020211
20000100011111111
00000100000020200
00000000000000000
STEP 21 P2 MOVE 6 11 8 11
OWN
00002220100000000
01000002100000011
01002212100000000
00000112100000200
01100112220000200
00000002000000200
20000100002220211
20000100011211111
00000100000220200
00000000000000000
STEP 22 P1 MOVE 2 16 3 16
OWN
00002220100000000
01000002100000011
01002212100000001
00000112100000201
01100112220000200
00000002000000200
20000100002220211
20000100011211111
00000100000220200
00000000000000000
STEP 23 P2 MOVE 4 12 5 12
OWN
00002220100000000
01000002100000011
01002212100000001
00000112100000201
01100112220020200
00000002000020200
20000100002220211
20000100011211111
00000100000220200
00000000000000000
STEP 24 P1 MOVE -1 -1 -1 -1
OWN
00002220100000000
01000002100000011
01002212100000001
00000112100000201
01100112220020200
00000002000020200
20000100002220211
20000100011211111
00000100000220200
00000000000000000
STEP 25 P2 MOVE 4 16 5 16
OWN
00002220100000000
01000002100000011
01002212100000001
00000112100000201
01100112220020202
00000002000020202
20000100002220211
20000100011211111
00000100000220200
00000000000000000
STEP 26 P1 MOVE 0 16 9 16
OWN
00002220100000001
01000002100000011
01002212100000001
00000112100000201
01100112220020201
00000002000020201
20000100002220211
20000100011211111
00000100000220201
00000000000000001
STEP 27 P2 MOVE 9 13 9 14
OWN
00002220100000001
01000002100000011
01002212100000001
00000112100000201
01100112220020201
00000002000020201
20000100002220211
20000100011211111
00000100000220201
00000000000002201
STEP 28 P1 MOVE 1 11 1 12
OWN
00002220100000001
01000002100110011
01002212100000001
00000112100000201
01100112220020201
00000002000020201
20000100002220211
20000100011211111
00000100000220201
00000000000002201
STEP 29 P2 MOVE 1 9 1 13
OWN
00002220100000001
01000002122222011
01002212100000001
00000112100000201
01100112220020201
00000002000020201
20000100002220211
20000100011211111
00000100000220201
00000000000002201
STEP 30 P1 MOVE 0 11 3 11
OWN
00002220100100001
01000002122122011
01002212100100001
00000112100100201
01100112220020201
00000002000020201
20000100002220211
20000100011211111
00000100000220201
00000000000002201
STEP 31 P2 MOVE 3 10 3 12
OWN
00002220100100001
01000002122122011
01002212100100001
00000112102220201
01100112220020201
00000002000020201
20000100002220211
20000100011211111
00000100000220201
00000000000002201
STEP 32 P1 MOVE -1 -1 -1 -1
OWN
00002220100100001
01000002122122011
01002212100100001
00000112102220201
01100112220020201
00000002000020201
20000100002220211
20000100011211111
00000100000220201
00000000000002201
STEP 33 P2 MOVE -1 -1 -1 -1
OWN
00002220100100001
01000002122122011
01002212100100001
00000112102220201
01100112220020201
00000002000020201
20000100002220211
20000100011211111
00000100000220201
00000000000002201
RESULT first=37 second=36 winner=1
ANALYSIS winner=P1 score=37-36 reason=摹奢檜薄 steal(w/l)=7/7 neu(w/l)=37/36
