BOARD
69129598974859494
79689461229728111
91718859528317659
54856983493924589
82929771354291597
42933659288141165
46385339337329729
97472919596743579
53685824343528731
27151378533356987
STEP 0 P1 MOVE 9 2 9 5
OWN
00000000000000000
00000000000000000
00000000000000000
00000000000000000
00000000000000000
00000000000000000
00000000000000000
00000000000000000
00000000000000000
00111100000000000
STEP 1 P2 MOVE 0 12 3 12
OWN
00000000000020000
00000000000020000
00000000000020000
00000000000020000
00000000000000000
00000000000000000
00000000000000000
00000000000000000
00000000000000000
00111100000000000
STEP 2 P1 MOVE 2 11 2 13
OWN
00000000000020000
00000000000020000
00000000000111000
00000000000020000
00000000000000000
00000000000000000
00000000000000000
00000000000000000
00000000000000000
00111100000000000
STEP 3 P2 MOVE 7 6 9 6
OWN
00000000000020000
00000000000020000
00000000000111000
00000000000020000
00000000000000000
00000000000000000
00000000000000000
00000020000000000
00000020000000000
00111120000000000
STEP 4 P1 MOVE 3 3 5 3
OWN
00000000000020000
00000000000020000
00000000000111000
00010000000020000
00010000000000000
00010000000000000
00000000000000000
00000020000000000
00000020000000000
00111120000000000
STEP 5 P2 MOVE 4 1 6 1
OWN
00000000000020000
00000000000020000
00000000000111000
00010000000020000
02010000000000000
02010000000000000
02000000000000000
00000020000000000
00000020000000000
00111120000000000
STEP 6 P1 MOVE 5 4 7 4
OWN
00000000000020000
00000000000020000
00000000000111000
00010000000020000
02010000000000000
02011000000000000
02001000000000000
00001020000000000
00000020000000000
00111120000000000
STEP 7 P2 MOVE 8 14 8 15
OWN
00000000000020000
00000000000020000
00000000000111000
00010000000020000
02010000000000000
02011000000000000
02001000000000000
00001020000000000
00000020000000220
00111120000000000
STEP 8 P1 MOVE 2 0 2 1
OWN
00000000000020000
00000000000020000
11000000000111000
00010000000020000
02010000000000000
02011000000000000
02001000000000000
00001020000000000
00000020000000220
00111120000000000
STEP 9 P2 MOVE 8 12 8 13
OWN
00000000000020000
00000000000020000
11000000000111000
00010000000020000
02010000000000000
02011000000000000
02001000000000000
00001020000000000
00000020000022220
00111120000000000
STEP 10 P1 MOVE 2 9 2 10
OWN
00000000000020000
00000000000020000
11000000011111000
00010000000020000
02010000000000000
02011000000000000
02001000000000000
00001020000000000
00000020000022220
00111120000000000
STEP 11 P2 MOVE 1 13 1 15
OWN
00000000000020000
00000000000022220
11000000011111000
00010000000020000
02010000000000000
02011000000000000
02001000000000000
00001020000000000
00000020000022220
00111120000000000
STEP 12 P1 MOVE 7 16 8 16
OWN
00000000000020000
00000000000022220
11000000011111000
00010000000020000
02010000000000000
02011000000000000
02001000000000000
00001020000000001
00000020000022221
00111120000000000
STEP 13 P2 MOVE 4 12 4 13
OWN
00000000000020000
00000000000022220
11000000011111000
00010000000020000
02010000000022000
02011000000000000
02001000000000000
00001020000000001
00000020000022221
00111120000000000
STEP 14 P1 MOVE 1 5 1 6
OWN
00000000000020000
00000110000022220
11000000011111000
00010000000020000
02010000000022000
02011000000000000
02001000000000000
00001020000000001
00000020000022221
00111120000000000
STEP 15 P2 MOVE 8 8 8 10
OWN
00000000000020000
00000110000022220
11000000011111000
00010000000020000
02010000000022000
02011000000000000
02001000000000000
00001020000000001
00000020222022221
00111120000000000
STEP 16 P1 MOVE 5 8 5 9
OWN
00000000000020000
00000110000022220
11000000011111000
00010000000020000
02010000000022000
02011000110000000
02001000000000000
00001020000000001
00000020222022221
00111120000000000
STEP 17 P2 MOVE 7 8 9 8
OWN
00000000000020000
00000110000022220
11000000011111000
00010000000020000
02010000000022000
02011000110000000
02001000000000000
00001020200000001
00000020222022221
00111120200000000
STEP 18 P1 MOVE 3 8 6 8
OWN
00000000000020000
00000110000022220
11000000011111000
00010000100020000
02010000100022000
02011000110000000
02001000100000000
00001020200000001
00000020222022221
00111120200000000
STEP 19 P2 MOVE 4 7 4 10
OWN
00000000000020000
00000110000022220
11000000011111000
00010000100020000
02010002222022000
02011000110000000
02001000100000000
00001020200000001
00000020222022221
00111120200000000
STEP 20 P1 MOVE 5 11 6 12
OWN
00000000000020000
00000110000022220
11000000011111000
00010000100020000
02010002222022000
02011000110110000
02001000100110000
00001020200000001
00000020222022221
00111120200000000
STEP 21 P2 MOVE 5 10 5 14
OWN
00000000000020000
00000110000022220
11000000011111000
00010000100020000
02010002222022000
02011000112222200
02001000100110000
00001020200000001
00000020222022221
00111120200000000
STEP 22 P1 MOVE 3 10 6 10
OWN
00000000000020000
00000110000022220
11000000011111000
00010000101020000
02010002221022000
02011000111222200
02001000101110000
00001020200000001
00000020222022221
00111120200000000
STEP 23 P2 MOVE 3 14 4 14
OWN
00000000000020000
00000110000022220
11000000011111000
00010000101020200
02010002221022200
02011000111222200
02001000101110000
00001020200000001
00000020222022221
00111120200000000
STEP 24 P1 MOVE 8 1 9 1
OWN
00000000000020000
00000110000022220
11000000011111000
00010000101020200
02010002221022200
02011000111222200
02001000101110000
00001020200000001
01000020222022221
01111120200000000
STEP 25 P2 MOVE 0 1 0 2
OWN
02200000000020000
00000110000022220
11000000011111000
00010000101020200
02010002221022200
02011000111222200
02001000101110000
00001020200000001
01000020222022221
01111120200000000
STEP 26 P1 MOVE 9 0 9 7
OWN
02200000000020000
00000110000022220
11000000011111000
00010000101020200
02010002221022200
02011000111222200
02001000101110000
00001020200000001
01000020222022221
11111111200000000
STEP 27 P2 MOVE 8 7 9 10
OWN
02200000000020000
00000110000022220
11000000011111000
00010000101020200
02010002221022200
02011000111222200
02001000101110000
00001020200000001
01000022222022221
11111112222000000
STEP 28 P1 MOVE 1 4 1 7
OWN
02200000000020000
00001111000022220
11000000011111000
00010000101020200
02010002221022200
02011000111222200
02001000101110000
00001020200000001
01000022222022221
11111112222000000
STEP 29 P2 MOVE 1 3 1 8
OWN
02200000000020000
00022222200022220
11000000011111000
00010000101020200
02010002221022200
02011000111222200
02001000101110000
00001020200000001
01000022222022221
11111112222000000
STEP 30 P1 MOVE 0 14 2 14
OWN
02200000000020100
00022222200022120
11000000011111100
00010000101020200
02010002221022200
02011000111222200
02001000101110000
00001020200000001
01000022222022221
11111112222000000
STEP 31 P2 MOVE 2 8 2 15
OWN
02200000000020100
00022222200022120
11000000222222220
00010000101020200
02010002221022200
02011000111222200
02001000101110000
00001020200000001
01000022222022221
11111112222000000
STEP 32 P1 MOVE 1 16 2 16
OWN
02200000000020100
00022222200022121
11000000222222221
00010000101020200
02010002221022200
02011000111222200
02001000101110000
00001020200000001
01000022222022221
11111112222000000
STEP 33 P2 MOVE -1 -1 -1 -1
OWN
02200000000020100
00022222200022121
11000000222222221
00010000101020200
02010002221022200
02011000111222200
02001000101110000
00001020200000001
01000022222022221
11111112222000000
STEP 34 P1 MOVE -1 -1 -1 -1
OWN
02200000000020100
00022222200022121
11000000222222221
00010000101020200
02010002221022200
02011000111222200
02001000101110000
00001020200000001
01000022222022221
11111112222000000
RESULT first=32 second=50 winner=2
ANALYSIS winner=P2 score=32-50 reason=Ĺ»ĂëżěŔ§(+9Ä­ »©ľŃŔ˝,2ąčČż°ú) steal(w/l)=14/5 neu(w/l)=41/41
