BOARD
86394575324642545
37466416528352127
96935285381798338
95198732858915826
56554616595791188
45223637195955564
58611159181794491
42977122791496213
58485936893974743
83138632146451476
STEP 0 P1 MOVE 5 10 8 10
OWN
00000000000000000
00000000000000000
00000000000000000
00000000000000000
00000000000000000
00000000001000000
00000000001000000
00000000001000000
00000000001000000
00000000000000000
STEP 1 P2 MOVE 6 4 7 5
OWN
00000000000000000
00000000000000000
00000000000000000
00000000000000000
00000000000000000
00000000001000000
00002200001000000
00002200001000000
00000000001000000
00000000000000000
STEP 2 P1 MOVE 9 6 9 9
OWN
00000000000000000
00000000000000000
00000000000000000
00000000000000000
00000000000000000
00000000001000000
00002200001000000
00002200001000000
00000000001000000
00000011110000000
STEP 3 P2 MOVE 1 14 1 16
OWN
00000000000000000
00000000000000222
00000000000000000
00000000000000000
00000000000000000
00000000001000000
00002200001000000
00002200001000000
00000000001000000
00000011110000000
STEP 4 P1 MOVE 2 3 2 5
OWN
00000000000000000
00000000000000222
00011100000000000
00000000000000000
00000000000000000
00000000001000000
00002200001000000
00002200001000000
00000000001000000
00000011110000000
STEP 5 P2 MOVE 3 12 4 12
OWN
00000000000000000
00000000000000222
00011100000000000
00000000000020000
00000000000020000
00000000001000000
00002200001000000
00002200001000000
00000000001000000
00000011110000000
STEP 6 P1 MOVE 0 7 0 9
OWN
00000001110000000
00000000000000222
00011100000000000
00000000000020000
00000000000020000
00000000001000000
00002200001000000
00002200001000000
00000000001000000
00000011110000000
STEP 7 P2 MOVE 9 12 9 14
OWN
00000001110000000
00000000000000222
00011100000000000
00000000000020000
00000000000020000
00000000001000000
00002200001000000
00002200001000000
00000000001000000
00000011110022200
STEP 8 P1 MOVE 4 13 4 15
OWN
00000001110000000
00000000000000222
00011100000000000
00000000000020000
00000000000021110
00000000001000000
00002200001000000
00002200001000000
00000000001000000
00000011110022200
STEP 9 P2 MOVE 6 7 6 8
OWN
00000001110000000
00000000000000222
00011100000000000
00000000000020000
00000000000021110
00000000001000000
00002202201000000
00002200001000000
00000000001000000
00000011110022200
STEP 10 P1 MOVE 5 12 5 13
OWN
00000001110000000
00000000000000222
00011100000000000
00000000000020000
00000000000021110
00000000001011000
00002202201000000
00002200001000000
00000000001000000
00000011110022200
STEP 11 P2 MOVE 3 2 3 3
OWN
00000001110000000
00000000000000222
00011100000000000
00220000000020000
00000000000021110
00000000001011000
00002202201000000
00002200001000000
00000000001000000
00000011110022200
STEP 12 P1 MOVE 0 10 0 11
OWN
00000001111100000
00000000000000222
00011100000000000
00220000000020000
00000000000021110
00000000001011000
00002202201000000
00002200001000000
00000000001000000
00000011110022200
STEP 13 P2 MOVE 1 4 1 5
OWN
00000001111100000
00002200000000222
00011100000000000
00220000000020000
00000000000021110
00000000001011000
00002202201000000
00002200001000000
00000000001000000
00000011110022200
STEP 14 P1 MOVE 1 9 1 10
OWN
00000001111100000
00002200011000222
00011100000000000
00220000000020000
00000000000021110
00000000001011000
00002202201000000
00002200001000000
00000000001000000
00000011110022200
STEP 15 P2 MOVE 6 13 7 13
OWN
00000001111100000
00002200011000222
00011100000000000
00220000000020000
00000000000021110
00000000001011000
00002202201002000
00002200001002000
00000000001000000
00000011110022200
STEP 16 P1 MOVE 9 10 9 11
OWN
00000001111100000
00002200011000222
00011100000000000
00220000000020000
00000000000021110
00000000001011000
00002202201002000
00002200001002000
00000000001000000
00000011111122200
STEP 17 P2 MOVE 7 1 8 1
OWN
00000001111100000
00002200011000222
00011100000000000
00220000000020000
00000000000021110
00000000001011000
00002202201002000
02002200001002000
02000000001000000
00000011111122200
STEP 18 P1 MOVE 1 0 1 1
OWN
00000001111100000
11002200011000222
00011100000000000
00220000000020000
00000000000021110
00000000001011000
00002202201002000
02002200001002000
02000000001000000
00000011111122200
STEP 19 P2 MOVE 5 3 7 3
OWN
00000001111100000
11002200011000222
00011100000000000
00220000000020000
00000000000021110
00020000001011000
00022202201002000
02022200001002000
02000000001000000
00000011111122200
STEP 20 P1 MOVE 5 6 7 6
OWN
00000001111100000
11002200011000222
00011100000000000
00220000000020000
00000000000021110
00020010001011000
00022212201002000
02022210001002000
02000000001000000
00000011111122200
STEP 21 P2 MOVE 3 14 3 15
OWN
00000001111100000
11002200011000222
00011100000000000
00220000000020220
00000000000021110
00020010001011000
00022212201002000
02022210001002000
02000000001000000
00000011111122200
STEP 22 P1 MOVE 3 13 5 14
OWN
00000001111100000
11002200011000222
00011100000000000
00220000000021120
00000000000021110
00020010001011100
00022212201002000
02022210001002000
02000000001000000
00000011111122200
STEP 23 P2 MOVE 5 15 5 16
OWN
00000001111100000
11002200011000222
00011100000000000
00220000000021120
00000000000021110
00020010001011122
00022212201002000
02022210001002000
02000000001000000
00000011111122200
STEP 24 P1 MOVE 1 2 1 3
OWN
00000001111100000
11112200011000222
00011100000000000
00220000000021120
00000000000021110
00020010001011122
00022212201002000
02022210001002000
02000000001000000
00000011111122200
STEP 25 P2 MOVE 4 4 4 5
OWN
00000001111100000
11112200011000222
00011100000000000
00220000000021120
00002200000021110
00020010001011122
00022212201002000
02022210001002000
02000000001000000
00000011111122200
STEP 26 P1 MOVE 4 2 4 3
OWN
00000001111100000
11112200011000222
00011100000000000
00220000000021120
00112200000021110
00020010001011122
00022212201002000
02022210001002000
02000000001000000
00000011111122200
STEP 27 P2 MOVE 5 8 5 9
OWN
00000001111100000
11112200011000222
00011100000000000
00220000000021120
00112200000021110
00020010221011122
00022212201002000
02022210001002000
02000000001000000
00000011111122200
STEP 28 P1 MOVE 3 5 3 6
OWN
00000001111100000
11112200011000222
00011100000000000
00220110000021120
00112200000021110
00020010221011122
00022212201002000
02022210001002000
02000000001000000
00000011111122200
STEP 29 P2 MOVE 1 6 4 6
OWN
00000001111100000
11112220011000222
00011120000000000
00220120000021120
00112220000021110
00020010221011122
00022212201002000
02022210001002000
02000000001000000
00000011111122200
STEP 30 P1 MOVE 0 6 8 6
OWN
00000011111100000
11112210011000222
00011110000000000
00220110000021120
00112210000021110
00020010221011122
00022212201002000
02022210001002000
02000010001000000
00000011111122200
STEP 31 P2 MOVE 3 4 3 7
OWN
00000011111100000
11112210011000222
00011110000000000
00222222000021120
00112210000021110
00020010221011122
00022212201002000
02022210001002000
02000010001000000
00000011111122200
STEP 32 P1 MOVE 1 11 1 13
OWN
00000011111100000
11112210011111222
00011110000000000
00222222000021120
00112210000021110
00020010221011122
00022212201002000
02022210001002000
02000010001000000
00000011111122200
STEP 33 P2 MOVE 0 13 2 13
OWN
00000011111102000
11112210011112222
00011110000002000
00222222000021120
00112210000021110
00020010221011122
00022212201002000
02022210001002000
02000010001000000
00000011111122200
STEP 34 P1 MOVE -1 -1 -1 -1
OWN
00000011111102000
11112210011112222
00011110000002000
00222222000021120
00112210000021110
00020010221011122
00022212201002000
02022210001002000
02000010001000000
00000011111122200
STEP 35 P2 MOVE 6 15 7 15
OWN
00000011111102000
11112210011112222
00011110000002000
00222222000021120
00112210000021110
00020010221011122
00022212201002020
02022210001002020
02000010001000000
00000011111122200
STEP 36 P1 MOVE 2 14 6 15
OWN
00000011111102000
11112210011112222
00011110000002110
00222222000021110
00112210000021110
00020010221011112
00022212201002110
02022210001002020
02000010001000000
00000011111122200
STEP 37 P2 MOVE 6 12 6 16
OWN
00000011111102000
11112210011112222
00011110000002110
00222222000021110
00112210000021110
00020010221011112
00022212201022222
02022210001002020
02000010001000000
00000011111122200
STEP 38 P1 MOVE 5 1 5 4
OWN
00000011111102000
11112210011112222
00011110000002110
00222222000021110
00112210000021110
01111010221011112
00022212201022222
02022210001002020
02000010001000000
00000011111122200
STEP 39 P2 MOVE 5 0 5 5
OWN
00000011111102000
11112210011112222
00011110000002110
00222222000021110
00112210000021110
22222210221011112
00022212201022222
02022210001002020
02000010001000000
00000011111122200
STEP 40 P1 MOVE 4 0 6 0
OWN
00000011111102000
11112210011112222
00011110000002110
00222222000021110
10112210000021110
12222210221011112
10022212201022222
02022210001002020
02000010001000000
00000011111122200
STEP 41 P2 MOVE -1 -1 -1 -1
OWN
00000011111102000
11112210011112222
00011110000002110
00222222000021110
10112210000021110
12222210221011112
10022212201022222
02022210001002020
02000010001000000
00000011111122200
STEP 42 P1 MOVE -1 -1 -1 -1
OWN
00000011111102000
11112210011112222
00011110000002110
00222222000021110
10112210000021110
12222210221011112
10022212201022222
02022210001002020
02000010001000000
00000011111122200
RESULT first=51 second=46 winner=1
ANALYSIS winner=P1 score=51-46 reason=şóÄ­Ľ±Áˇ(+5) steal(w/l)=10/10 neu(w/l)=51/46
