BOARD
74247245887858319
78991196476464749
11184718318735685
92985993137577983
87939225614124913
55383891131344166
65615139764753625
72985474986428989
84754749734737545
79291459478723919
STEP 0 P1 MOVE 6 3 6 6
OWN
00000000000000000
00000000000000000
00000000000000000
00000000000000000
00000000000000000
00000000000000000
00011110000000000
00000000000000000
00000000000000000
00000000000000000
STEP 1 P2 MOVE 0 1 0 3
OWN
02220000000000000
00000000000000000
00000000000000000
00000000000000000
00000000000000000
00000000000000000
00011110000000000
00000000000000000
00000000000000000
00000000000000000
STEP 2 P1 MOVE 7 4 9 4
OWN
02220000000000000
00000000000000000
00000000000000000
00000000000000000
00000000000000000
00000000000000000
00011110000000000
00001000000000000
00001000000000000
00001000000000000
STEP 3 P2 MOVE 6 12 8 12
OWN
02220000000000000
00000000000000000
00000000000000000
00000000000000000
00000000000000000
00000000000000000
00011110000020000
00001000000020000
00001000000020000
00001000000000000
STEP 4 P1 MOVE 6 9 6 10
OWN
02220000000000000
00000000000000000
00000000000000000
00000000000000000
00000000000000000
00000000000000000
00011110011020000
00001000000020000
00001000000020000
00001000000000000
STEP 5 P2 MOVE 6 11 6 13
OWN
02220000000000000
00000000000000000
00000000000000000
00000000000000000
00000000000000000
00000000000000000
00011110011222000
00001000000020000
00001000000020000
00001000000000000
STEP 6 P1 MOVE 1 6 2 6
OWN
02220000000000000
00000010000000000
00000010000000000
00000000000000000
00000000000000000
00000000000000000
00011110011222000
00001000000020000
00001000000020000
00001000000000000
STEP 7 P2 MOVE 0 5 2 5
OWN
02220200000000000
00000210000000000
00000210000000000
00000000000000000
00000000000000000
00000000000000000
00011110011222000
00001000000020000
00001000000020000
00001000000000000
STEP 8 P1 MOVE 1 4 3 4
OWN
02220200000000000
00001210000000000
00001210000000000
00001000000000000
00000000000000000
00000000000000000
00011110011222000
00001000000020000
00001000000020000
00001000000000000
STEP 9 P2 MOVE 5 6 5 7
OWN
02220200000000000
00001210000000000
00001210000000000
00001000000000000
00000000000000000
00000022000000000
00011110011222000
00001000000020000
00001000000020000
00001000000000000
STEP 10 P1 MOVE 5 0 5 1
OWN
02220200000000000
00001210000000000
00001210000000000
00001000000000000
00000000000000000
11000022000000000
00011110011222000
00001000000020000
00001000000020000
00001000000000000
STEP 11 P2 MOVE 1 12 1 13
OWN
02220200000000000
00001210000022000
00001210000000000
00001000000000000
00000000000000000
11000022000000000
00011110011222000
00001000000020000
00001000000020000
00001000000000000
STEP 12 P1 MOVE 9 15 9 16
OWN
02220200000000000
00001210000022000
00001210000000000
00001000000000000
00000000000000000
11000022000000000
00011110011222000
00001000000020000
00001000000020000
00001000000000011
STEP 13 P2 MOVE 2 12 3 12
OWN
02220200000000000
00001210000022000
00001210000020000
00001000000020000
00000000000000000
11000022000000000
00011110011222000
00001000000020000
00001000000020000
00001000000000011
STEP 14 P1 MOVE 3 9 3 10
OWN
02220200000000000
00001210000022000
00001210000020000
00001000011020000
00000000000000000
11000022000000000
00011110011222000
00001000000020000
00001000000020000
00001000000000011
STEP 15 P2 MOVE 1 10 1 11
OWN
02220200000000000
00001210002222000
00001210000020000
00001000011020000
00000000000000000
11000022000000000
00011110011222000
00001000000020000
00001000000020000
00001000000000011
STEP 16 P1 MOVE 8 9 9 9
OWN
02220200000000000
00001210002222000
00001210000020000
00001000011020000
00000000000000000
11000022000000000
00011110011222000
00001000000020000
00001000010020000
00001000010000011
STEP 17 P2 MOVE 0 14 1 14
OWN
02220200000000200
00001210002222200
00001210000020000
00001000011020000
00000000000000000
11000022000000000
00011110011222000
00001000000020000
00001000010020000
00001000010000011
STEP 18 P1 MOVE 7 10 8 10
OWN
02220200000000200
00001210002222200
00001210000020000
00001000011020000
00000000000000000
11000022000000000
00011110011222000
00001000001020000
00001000011020000
00001000010000011
STEP 19 P2 MOVE 4 5 5 5
OWN
02220200000000200
00001210002222200
00001210000020000
00001000011020000
00000200000000000
11000222000000000
00011110011222000
00001000001020000
00001000011020000
00001000010000011
STEP 20 P1 MOVE 0 15 0 16
OWN
02220200000000211
00001210002222200
00001210000020000
00001000011020000
00000200000000000
11000222000000000
00011110011222000
00001000001020000
00001000011020000
00001000010000011
STEP 21 P2 MOVE 1 7 1 8
OWN
02220200000000211
00001212202222200
00001210000020000
00001000011020000
00000200000000000
11000222000000000
00011110011222000
00001000001020000
00001000011020000
00001000010000011
STEP 22 P1 MOVE 2 1 2 3
OWN
02220200000000211
00001212202222200
01111210000020000
00001000011020000
00000200000000000
11000222000000000
00011110011222000
00001000001020000
00001000011020000
00001000010000011
STEP 23 P2 MOVE 1 1 3 1
OWN
02220200000000211
02001212202222200
02111210000020000
02001000011020000
00000200000000000
11000222000000000
00011110011222000
00001000001020000
00001000011020000
00001000010000011
STEP 24 P1 MOVE 2 0 3 0
OWN
02220200000000211
02001212202222200
12111210000020000
12001000011020000
00000200000000000
11000222000000000
00011110011222000
00001000001020000
00001000011020000
00001000010000011
STEP 25 P2 MOVE 6 15 7 15
OWN
02220200000000211
02001212202222200
12111210000020000
12001000011020000
00000200000000000
11000222000000000
00011110011222020
00001000001020020
00001000011020000
00001000010000011
STEP 26 P1 MOVE 5 15 8 15
OWN
02220200000000211
02001212202222200
12111210000020000
12001000011020000
00000200000000000
11000222000000010
00011110011222010
00001000001020010
00001000011020010
00001000010000011
STEP 27 P2 MOVE 4 15 5 16
OWN
02220200000000211
02001212202222200
12111210000020000
12001000011020000
00000200000000022
11000222000000022
00011110011222010
00001000001020010
00001000011020010
00001000010000011
STEP 28 P1 MOVE 8 14 8 16
OWN
02220200000000211
02001212202222200
12111210000020000
12001000011020000
00000200000000022
11000222000000022
00011110011222010
00001000001020010
00001000011020111
00001000010000011
STEP 29 P2 MOVE 4 14 5 14
OWN
02220200000000211
02001212202222200
12111210000020000
12001000011020000
00000200000000222
11000222000000222
00011110011222010
00001000001020010
00001000011020111
00001000010000011
STEP 30 P1 MOVE 5 13 6 14
OWN
02220200000000211
02001212202222200
12111210000020000
12001000011020000
00000200000000222
11000222000001122
00011110011221110
00001000001020010
00001000011020111
00001000010000011
STEP 31 P2 MOVE 4 12 5 13
OWN
02220200000000211
02001212202222200
12111210000020000
12001000011020000
00000200000022222
11000222000022122
00011110011221110
00001000001020010
00001000011020111
00001000010000011
STEP 32 P1 MOVE -1 -1 -1 -1
OWN
02220200000000211
02001212202222200
12111210000020000
12001000011020000
00000200000022222
11000222000022122
00011110011221110
00001000001020010
00001000011020111
00001000010000011
STEP 33 P2 MOVE 3 10 4 11
OWN
02220200000000211
02001212202222200
12111210000020000
12001000012220000
00000200002222222
11000222000022122
00011110011221110
00001000001020010
00001000011020111
00001000010000011
STEP 34 P1 MOVE 2 9 4 10
OWN
02220200000000211
02001212202222200
12111210011020000
12001000011220000
00000200011222222
11000222000022122
00011110011221110
00001000001020010
00001000011020111
00001000010000011
STEP 35 P2 MOVE 3 11 5 13
OWN
02220200000000211
02001212202222200
12111210011020000
12001000011222000
00000200011222222
11000222000222122
00011110011221110
00001000001020010
00001000011020111
00001000010000011
STEP 36 P1 MOVE 3 10 5 14
OWN
02220200000000211
02001212202222200
12111210011020000
12001000011111100
00000200011111122
11000222001111122
00011110011221110
00001000001020010
00001000011020111
00001000010000011
STEP 37 P2 MOVE 2 9 5 11
OWN
02220200000000211
02001212202222200
12111210022220000
12001000022211100
00000200022211122
11000222022211122
00011110011221110
00001000001020010
00001000011020111
00001000010000011
STEP 38 P1 MOVE 1 8 2 9
OWN
02220200000000211
02001212112222200
12111210112220000
12001000022211100
00000200022211122
11000222022211122
00011110011221110
00001000001020010
00001000011020111
00001000010000011
STEP 39 P2 MOVE -1 -1 -1 -1
OWN
02220200000000211
02001212112222200
12111210112220000
12001000022211100
00000200022211122
11000222022211122
00011110011221110
00001000001020010
00001000011020111
00001000010000011
STEP 40 P1 MOVE -1 -1 -1 -1
OWN
02220200000000211
02001212112222200
12111210112220000
12001000022211100
00000200022211122
11000222022211122
00011110011221110
00001000001020010
00001000011020111
00001000010000011
RESULT first=48 second=40 winner=1
ANALYSIS winner=P1 score=48-40 reason=Ĺ»ĂëżěŔ§(+4Ä­ »©ľŃŔ˝,2ąčČż°ú) steal(w/l)=18/14 neu(w/l)=44/44
