BOARD
94295417582156392
87777844599938932
49517632319626986
33532758743774498
23377346871662167
46335565959527232
25217318878854221
44819513711422792
56874863721294446
64157276259562888
STEP 0 P1 MOVE 6 5 7 6
OWN
00000000000000000
00000000000000000
00000000000000000
00000000000000000
00000000000000000
00000000000000000
00000110000000000
00000110000000000
00000000000000000
00000000000000000
STEP 1 P2 MOVE 6 10 8 10
OWN
00000000000000000
00000000000000000
00000000000000000
00000000000000000
00000000000000000
00000000000000000
00000110002000000
00000110002000000
00000000002000000
00000000000000000
STEP 2 P1 MOVE 6 2 6 4
OWN
00000000000000000
00000000000000000
00000000000000000
00000000000000000
00000000000000000
00000000000000000
00111110002000000
00000110002000000
00000000002000000
00000000000000000
STEP 3 P2 MOVE 0 4 0 6
OWN
00002220000000000
00000000000000000
00000000000000000
00000000000000000
00000000000000000
00000000000000000
00111110002000000
00000110002000000
00000000002000000
00000000000000000
STEP 4 P1 MOVE 2 9 2 10
OWN
00002220000000000
00000000000000000
00000000011000000
00000000000000000
00000000000000000
00000000000000000
00111110002000000
00000110002000000
00000000002000000
00000000000000000
STEP 5 P2 MOVE 4 4 4 5
OWN
00002220000000000
00000000000000000
00000000011000000
00000000000000000
00002200000000000
00000000000000000
00111110002000000
00000110002000000
00000000002000000
00000000000000000
STEP 6 P1 MOVE 4 2 4 3
OWN
00002220000000000
00000000000000000
00000000011000000
00000000000000000
00112200000000000
00000000000000000
00111110002000000
00000110002000000
00000000002000000
00000000000000000
STEP 7 P2 MOVE 0 16 2 16
OWN
00002220000000002
00000000000000002
00000000011000002
00000000000000000
00112200000000000
00000000000000000
00111110002000000
00000110002000000
00000000002000000
00000000000000000
STEP 8 P1 MOVE 9 1 9 3
OWN
00002220000000002
00000000000000002
00000000011000002
00000000000000000
00112200000000000
00000000000000000
00111110002000000
00000110002000000
00000000002000000
01110000000000000
STEP 9 P2 MOVE 4 6 4 7
OWN
00002220000000002
00000000000000002
00000000011000002
00000000000000000
00112222000000000
00000000000000000
00111110002000000
00000110002000000
00000000002000000
01110000000000000
STEP 10 P1 MOVE 5 4 5 5
OWN
00002220000000002
00000000000000002
00000000011000002
00000000000000000
00112222000000000
00001100000000000
00111110002000000
00000110002000000
00000000002000000
01110000000000000
STEP 11 P2 MOVE 9 13 9 14
OWN
00002220000000002
00000000000000002
00000000011000002
00000000000000000
00112222000000000
00001100000000000
00111110002000000
00000110002000000
00000000002000000
01110000000002200
STEP 12 P1 MOVE 2 7 3 7
OWN
00002220000000002
00000000000000002
00000001011000002
00000001000000000
00112222000000000
00001100000000000
00111110002000000
00000110002000000
00000000002000000
01110000000002200
STEP 13 P2 MOVE 0 8 1 8
OWN
00002220200000002
00000000200000002
00000001011000002
00000001000000000
00112222000000000
00001100000000000
00111110002000000
00000110002000000
00000000002000000
01110000000002200
STEP 14 P1 MOVE 5 0 7 0
OWN
00002220200000002
00000000200000002
00000001011000002
00000001000000000
00112222000000000
10001100000000000
10111110002000000
10000110002000000
00000000002000000
01110000000002200
STEP 15 P2 MOVE 2 8 3 8
OWN
00002220200000002
00000000200000002
00000001211000002
00000001200000000
00112222000000000
10001100000000000
10111110002000000
10000110002000000
00000000002000000
01110000000002200
STEP 16 P1 MOVE 0 11 1 11
OWN
00002220200100002
00000000200100002
00000001211000002
00000001200000000
00112222000000000
10001100000000000
10111110002000000
10000110002000000
00000000002000000
01110000000002200
STEP 17 P2 MOVE 0 12 2 12
OWN
00002220200120002
00000000200120002
00000001211020002
00000001200000000
00112222000000000
10001100000000000
10111110002000000
10000110002000000
00000000002000000
01110000000002200
STEP 18 P1 MOVE 8 5 9 5
OWN
00002220200120002
00000000200120002
00000001211020002
00000001200000000
00112222000000000
10001100000000000
10111110002000000
10000110002000000
00000100002000000
01110100000002200
STEP 19 P2 MOVE 7 3 7 4
OWN
00002220200120002
00000000200120002
00000001211020002
00000001200000000
00112222000000000
10001100000000000
10111110002000000
10022110002000000
00000100002000000
01110100000002200
STEP 20 P1 MOVE 5 3 8 3
OWN
00002220200120002
00000000200120002
00000001211020002
00000001200000000
00112222000000000
10011100000000000
10111110002000000
10012110002000000
00010100002000000
01110100000002200
STEP 21 P2 MOVE 8 4 8 6
OWN
00002220200120002
00000000200120002
00000001211020002
00000001200000000
00112222000000000
10011100000000000
10111110002000000
10012110002000000
00012220002000000
01110100000002200
STEP 22 P1 MOVE 6 13 8 13
OWN
00002220200120002
00000000200120002
00000001211020002
00000001200000000
00112222000000000
10011100000000000
10111110002001000
10012110002001000
00012220002001000
01110100000002200
STEP 23 P2 MOVE 0 9 0 10
OWN
00002220222120002
00000000200120002
00000001211020002
00000001200000000
00112222000000000
10011100000000000
10111110002001000
10012110002001000
00012220002001000
01110100000002200
STEP 24 P1 MOVE 7 7 7 8
OWN
00002220222120002
00000000200120002
00000001211020002
00000001200000000
00112222000000000
10011100000000000
10111110002001000
10012111102001000
00012220002001000
01110100000002200
STEP 25 P2 MOVE 3 10 3 11
OWN
00002220222120002
00000000200120002
00000001211020002
00000001202200000
00112222000000000
10011100000000000
10111110002001000
10012111102001000
00012220002001000
01110100000002200
STEP 26 P1 MOVE 2 9 3 11
OWN
00002220222120002
00000000200120002
00000001211120002
00000001211100000
00112222000000000
10011100000000000
10111110002001000
10012111102001000
00012220002001000
01110100000002200
STEP 27 P2 MOVE 1 10 4 10
OWN
00002220222120002
00000000202120002
00000001212120002
00000001212100000
00112222002000000
10011100000000000
10111110002001000
10012111102001000
00012220002001000
01110100000002200
STEP 28 P1 MOVE 6 12 6 16
OWN
00002220222120002
00000000202120002
00000001212120002
00000001212100000
00112222002000000
10011100000000000
10111110002011111
10012111102001000
00012220002001000
01110100000002200
STEP 29 P2 MOVE 4 12 7 12
OWN
00002220222120002
00000000202120002
00000001212120002
00000001212100000
00112222002020000
10011100000020000
10111110002021111
10012111102021000
00012220002001000
01110100000002200
STEP 30 P1 MOVE 5 16 8 16
OWN
00002220222120002
00000000202120002
00000001212120002
00000001212100000
00112222002020000
10011100000020001
10111110002021111
10012111102021001
00012220002001001
01110100000002200
STEP 31 P2 MOVE 4 14 7 14
OWN
00002220222120002
00000000202120002
00000001212120002
00000001212100000
00112222002020200
10011100000020201
10111110002021211
10012111102021201
00012220002001001
01110100000002200
STEP 32 P1 MOVE 3 13 4 14
OWN
00002220222120002
00000000202120002
00000001212120002
00000001212101100
00112222002021100
10011100000020201
10111110002021211
10012111102021201
00012220002001001
01110100000002200
STEP 33 P2 MOVE 7 8 8 9
OWN
00002220222120002
00000000202120002
00000001212120002
00000001212101100
00112222002021100
10011100000020201
10111110002021211
10012111222021201
00012220222001001
01110100000002200
STEP 34 P1 MOVE 6 8 9 8
OWN
00002220222120002
00000000202120002
00000001212120002
00000001212101100
00112222002021100
10011100000020201
10111110102021211
10012111122021201
00012220122001001
01110100100002200
STEP 35 P2 MOVE 5 13 5 15
OWN
00002220222120002
00000000202120002
00000001212120002
00000001212101100
00112222002021100
10011100000022221
10111110102021211
10012111122021201
00012220122001001
01110100100002200
STEP 36 P1 MOVE 2 2 3 2
OWN
00002220222120002
00000000202120002
00100001212120002
00100001212101100
00112222002021100
10011100000022221
10111110102021211
10012111122021201
00012220122001001
01110100100002200
STEP 37 P2 MOVE 1 2 5 2
OWN
00002220222120002
00200000202120002
00200001212120002
00200001212101100
00212222002021100
10211100000022221
10111110102021211
10012111122021201
00012220122001001
01110100100002200
STEP 38 P1 MOVE 0 2 7 2
OWN
00102220222120002
00100000202120002
00100001212120002
00100001212101100
00112222002021100
10111100000022221
10111110102021211
10112111122021201
00012220122001001
01110100100002200
STEP 39 P2 MOVE 2 1 2 3
OWN
00102220222120002
00100000202120002
02220001212120002
00100001212101100
00112222002021100
10111100000022221
10111110102021211
10112111122021201
00012220122001001
01110100100002200
STEP 40 P1 MOVE 1 1 3 1
OWN
00102220222120002
01100000202120002
01220001212120002
01100001212101100
00112222002021100
10111100000022221
10111110102021211
10112111122021201
00012220122001001
01110100100002200
STEP 41 P2 MOVE 2 0 3 3
OWN
00102220222120002
01100000202120002
22220001212120002
22220001212101100
00112222002021100
10111100000022221
10111110102021211
10112111122021201
00012220122001001
01110100100002200
STEP 42 P1 MOVE 3 2 8 4
OWN
00102220222120002
01100000202120002
22220001212120002
22111001212101100
00111222002021100
10111100000022221
10111110102021211
10111111122021201
00111220122001001
01110100100002200
STEP 43 P2 MOVE 3 1 4 5
OWN
00102220222120002
01100000202120002
22220001212120002
22222201212101100
02222222002021100
10111100000022221
10111110102021211
10111111122021201
00111220122001001
01110100100002200
STEP 44 P1 MOVE 4 0 4 8
OWN
00102220222120002
01100000202120002
22220001212120002
22222201212101100
11111111102021100
10111100000022221
10111110102021211
10111111122021201
00111220122001001
01110100100002200
STEP 45 P2 MOVE 0 1 5 1
OWN
02102220222120002
02100000202120002
22220001212120002
22222201212101100
12111111102021100
12111100000022221
10111110102021211
10111111122021201
00111220122001001
01110100100002200
STEP 46 P1 MOVE -1 -1 -1 -1
OWN
02102220222120002
02100000202120002
22220001212120002
22222201212101100
12111111102021100
12111100000022221
10111110102021211
10111111122021201
00111220122001001
01110100100002200
STEP 47 P2 MOVE -1 -1 -1 -1
OWN
02102220222120002
02100000202120002
22220001212120002
22222201212101100
12111111102021100
12111100000022221
10111110102021211
10111111122021201
00111220122001001
01110100100002200
RESULT first=59 second=51 winner=1
ANALYSIS winner=P1 score=59-51 reason=Ĺ»ĂëżěŔ§(+3Ä­ »©ľŃŔ˝,2ąčČż°ú) steal(w/l)=24/21 neu(w/l)=56/54
