BOARD
49177465262191742
48188152926993576
16633718385462753
56251519756384239
94126724977838521
66115633517522731
71557638856946243
31591234486163568
56237357274141959
71998257586224187
STEP 0 P1 MOVE 7 4 7 7
OWN
00000000000000000
00000000000000000
00000000000000000
00000000000000000
00000000000000000
00000000000000000
00000000000000000
00001111000000000
00000000000000000
00000000000000000
STEP 1 P2 MOVE 8 10 8 13
OWN
00000000000000000
00000000000000000
00000000000000000
00000000000000000
00000000000000000
00000000000000000
00000000000000000
00001111000000000
00000000002222000
00000000000000000
STEP 2 P1 MOVE 7 11 7 13
OWN
00000000000000000
00000000000000000
00000000000000000
00000000000000000
00000000000000000
00000000000000000
00000000000000000
00001111000111000
00000000002222000
00000000000000000
STEP 3 P2 MOVE 0 13 3 13
OWN
00000000000002000
00000000000002000
00000000000002000
00000000000002000
00000000000000000
00000000000000000
00000000000000000
00001111000111000
00000000002222000
00000000000000000
STEP 4 P1 MOVE 0 8 0 10
OWN
00000000111002000
00000000000002000
00000000000002000
00000000000002000
00000000000000000
00000000000000000
00000000000000000
00001111000111000
00000000002222000
00000000000000000
STEP 5 P2 MOVE 6 2 6 3
OWN
00000000111002000
00000000000002000
00000000000002000
00000000000002000
00000000000000000
00000000000000000
00220000000000000
00001111000111000
00000000002222000
00000000000000000
STEP 6 P1 MOVE 2 11 2 12
OWN
00000000111002000
00000000000002000
00000000000112000
00000000000002000
00000000000000000
00000000000000000
00220000000000000
00001111000111000
00000000002222000
00000000000000000
STEP 7 P2 MOVE 0 11 1 11
OWN
00000000111202000
00000000000202000
00000000000112000
00000000000002000
00000000000000000
00000000000000000
00220000000000000
00001111000111000
00000000002222000
00000000000000000
STEP 8 P1 MOVE 9 4 9 5
OWN
00000000111202000
00000000000202000
00000000000112000
00000000000002000
00000000000000000
00000000000000000
00220000000000000
00001111000111000
00000000002222000
00001100000000000
STEP 9 P2 MOVE 0 2 3 2
OWN
00200000111202000
00200000000202000
00200000000112000
00200000000002000
00000000000000000
00000000000000000
00220000000000000
00001111000111000
00000000002222000
00001100000000000
STEP 10 P1 MOVE 3 2 5 3
OWN
00200000111202000
00200000000202000
00200000000112000
00110000000002000
00110000000000000
00110000000000000
00220000000000000
00001111000111000
00000000002222000
00001100000000000
STEP 11 P2 MOVE 0 5 0 6
OWN
00200220111202000
00200000000202000
00200000000112000
00110000000002000
00110000000000000
00110000000000000
00220000000000000
00001111000111000
00000000002222000
00001100000000000
STEP 12 P1 MOVE 4 1 5 1
OWN
00200220111202000
00200000000202000
00200000000112000
00110000000002000
01110000000000000
01110000000000000
00220000000000000
00001111000111000
00000000002222000
00001100000000000
STEP 13 P2 MOVE 1 0 3 0
OWN
00200220111202000
20200000000202000
20200000000112000
20110000000002000
01110000000000000
01110000000000000
00220000000000000
00001111000111000
00000000002222000
00001100000000000
STEP 14 P1 MOVE 1 9 2 9
OWN
00200220111202000
20200000010202000
20200000010112000
20110000000002000
01110000000000000
01110000000000000
00220000000000000
00001111000111000
00000000002222000
00001100000000000
STEP 15 P2 MOVE 2 8 3 8
OWN
00200220111202000
20200000010202000
20200000210112000
20110000200002000
01110000000000000
01110000000000000
00220000000000000
00001111000111000
00000000002222000
00001100000000000
STEP 16 P1 MOVE 1 7 2 7
OWN
00200220111202000
20200001010202000
20200001210112000
20110000200002000
01110000000000000
01110000000000000
00220000000000000
00001111000111000
00000000002222000
00001100000000000
STEP 17 P2 MOVE 6 0 7 0
OWN
00200220111202000
20200001010202000
20200001210112000
20110000200002000
01110000000000000
01110000000000000
20220000000000000
20001111000111000
00000000002222000
00001100000000000
STEP 18 P1 MOVE 3 6 3 7
OWN
00200220111202000
20200001010202000
20200001210112000
20110011200002000
01110000000000000
01110000000000000
20220000000000000
20001111000111000
00000000002222000
00001100000000000
STEP 19 P2 MOVE 4 13 5 13
OWN
00200220111202000
20200001010202000
20200001210112000
20110011200002000
01110000000002000
01110000000002000
20220000000000000
20001111000111000
00000000002222000
00001100000000000
STEP 20 P1 MOVE 6 12 6 13
OWN
00200220111202000
20200001010202000
20200001210112000
20110011200002000
01110000000002000
01110000000002000
20220000000011000
20001111000111000
00000000002222000
00001100000000000
STEP 21 P2 MOVE 8 14 9 14
OWN
00200220111202000
20200001010202000
20200001210112000
20110011200002000
01110000000002000
01110000000002000
20220000000011000
20001111000111000
00000000002222200
00001100000000200
STEP 22 P1 MOVE 9 1 9 2
OWN
00200220111202000
20200001010202000
20200001210112000
20110011200002000
01110000000002000
01110000000002000
20220000000011000
20001111000111000
00000000002222200
01101100000000200
STEP 23 P2 MOVE 2 15 4 15
OWN
00200220111202000
20200001010202000
20200001210112020
20110011200002020
01110000000002020
01110000000002000
20220000000011000
20001111000111000
00000000002222200
01101100000000200
STEP 24 P1 MOVE 8 6 9 6
OWN
00200220111202000
20200001010202000
20200001210112020
20110011200002020
01110000000002020
01110000000002000
20220000000011000
20001111000111000
00000010002222200
01101110000000200
STEP 25 P2 MOVE 1 15 5 15
OWN
00200220111202000
20200001010202020
20200001210112020
20110011200002020
01110000000002020
01110000000002020
20220000000011000
20001111000111000
00000010002222200
01101110000000200
STEP 26 P1 MOVE 8 4 8 5
OWN
00200220111202000
20200001010202020
20200001210112020
20110011200002020
01110000000002020
01110000000002020
20220000000011000
20001111000111000
00001110002222200
01101110000000200
STEP 27 P2 MOVE 6 15 7 15
OWN
00200220111202000
20200001010202020
20200001210112020
20110011200002020
01110000000002020
01110000000002020
20220000000011020
20001111000111020
00001110002222200
01101110000000200
STEP 28 P1 MOVE 5 12 5 16
OWN
00200220111202000
20200001010202020
20200001210112020
20110011200002020
01110000000002020
01110000000011111
20220000000011020
20001111000111020
00001110002222200
01101110000000200
STEP 29 P2 MOVE 4 12 6 14
OWN
00200220111202000
20200001010202020
20200001210112020
20110011200002020
01110000000022220
01110000000022211
20220000000022220
20001111000111020
00001110002222200
01101110000000200
STEP 30 P1 MOVE 3 12 9 12
OWN
00200220111202000
20200001010202020
20200001210112020
20110011200012020
01110000000012220
01110000000012211
20220000000012220
20001111000111020
00001110002212200
01101110000010200
STEP 31 P2 MOVE 2 14 2 16
OWN
00200220111202000
20200001010202020
20200001210112222
20110011200012020
01110000000012220
01110000000012211
20220000000012220
20001111000111020
00001110002212200
01101110000010200
STEP 32 P1 MOVE 3 16 4 16
OWN
00200220111202000
20200001010202020
20200001210112222
20110011200012021
01110000000012221
01110000000012211
20220000000012220
20001111000111020
00001110002212200
01101110000010200
STEP 33 P2 MOVE 0 6 1 7
OWN
00200222111202000
20200022010202020
20200001210112222
20110011200012021
01110000000012221
01110000000012211
20220000000012220
20001111000111020
00001110002212200
01101110000010200
STEP 34 P1 MOVE 1 6 2 8
OWN
00200222111202000
20200011110202020
20200011110112222
20110011200012021
01110000000012221
01110000000012211
20220000000012220
20001111000111020
00001110002212200
01101110000010200
STEP 35 P2 MOVE 2 4 2 5
OWN
00200222111202000
20200011110202020
20202211110112222
20110011200012021
01110000000012221
01110000000012211
20220000000012220
20001111000111020
00001110002212200
01101110000010200
STEP 36 P1 MOVE 2 3 4 4
OWN
00200222111202000
20200011110202020
20211211110112222
20111011200012021
01111000000012221
01110000000012211
20220000000012220
20001111000111020
00001110002212200
01101110000010200
STEP 37 P2 MOVE 8 3 8 7
OWN
00200222111202000
20200011110202020
20211211110112222
20111011200012021
01111000000012221
01110000000012211
20220000000012220
20001111000111020
00022222002212200
01101110000010200
STEP 38 P1 MOVE 8 1 8 8
OWN
00200222111202000
20200011110202020
20211211110112222
20111011200012021
01111000000012221
01110000000012211
20220000000012220
20001111000111020
01111111102212200
01101110000010200
STEP 39 P2 MOVE 3 5 3 9
OWN
00200222111202000
20200011110202020
20211211110112222
20111222220012021
01111000000012221
01110000000012211
20220000000012220
20001111000111020
01111111102212200
01101110000010200
STEP 40 P1 MOVE -1 -1 -1 -1
OWN
00200222111202000
20200011110202020
20211211110112222
20111222220012021
01111000000012221
01110000000012211
20220000000012220
20001111000111020
01111111102212200
01101110000010200
STEP 41 P2 MOVE -1 -1 -1 -1
OWN
00200222111202000
20200011110202020
20211211110112222
20111222220012021
01111000000012221
01110000000012211
20220000000012220
20001111000111020
01111111102212200
01101110000010200
RESULT first=55 second=44 winner=1
ANALYSIS winner=P1 score=55-44 reason=Ĺ»ĂëżěŔ§(+5Ä­ »©ľŃŔ˝,2ąčČż°ú) steal(w/l)=16/11 neu(w/l)=50/49
