BOARD
39351119319949433
94242893458288927
79429417724132318
32371292946562761
22427183566284894
16722986564489354
41725367122126969
33298472542422181
97555947686935886
78228462845516913
STEP 0 P1 MOVE 1 11 4 11
OWN
00000000000000000
00000000000100000
00000000000100000
00000000000100000
00000000000100000
00000000000000000
00000000000000000
00000000000000000
00000000000000000
00000000000000000
STEP 1 P2 MOVE 4 0 7 0
OWN
00000000000000000
00000000000100000
00000000000100000
00000000000100000
20000000000100000
20000000000000000
20000000000000000
20000000000000000
00000000000000000
00000000000000000
STEP 2 P1 MOVE 0 14 0 16
OWN
00000000000000111
00000000000100000
00000000000100000
00000000000100000
20000000000100000
20000000000000000
20000000000000000
20000000000000000
00000000000000000
00000000000000000
STEP 3 P2 MOVE 3 4 5 4
OWN
00000000000000111
00000000000100000
00000000000100000
00002000000100000
20002000000100000
20002000000000000
20000000000000000
20000000000000000
00000000000000000
00000000000000000
STEP 4 P1 MOVE 5 1 7 1
OWN
00000000000000111
00000000000100000
00000000000100000
00002000000100000
20002000000100000
21002000000000000
21000000000000000
21000000000000000
00000000000000000
00000000000000000
STEP 5 P2 MOVE 6 3 6 5
OWN
00000000000000111
00000000000100000
00000000000100000
00002000000100000
20002000000100000
21002000000000000
21022200000000000
21000000000000000
00000000000000000
00000000000000000
STEP 6 P1 MOVE 7 16 9 16
OWN
00000000000000111
00000000000100000
00000000000100000
00002000000100000
20002000000100000
21002000000000000
21022200000000000
21000000000000001
00000000000000001
00000000000000001
STEP 7 P2 MOVE 6 10 8 10
OWN
00000000000000111
00000000000100000
00000000000100000
00002000000100000
20002000000100000
21002000000000000
21022200002000000
21000000002000001
00000000002000001
00000000000000001
STEP 8 P1 MOVE 6 7 6 9
OWN
00000000000000111
00000000000100000
00000000000100000
00002000000100000
20002000000100000
21002000000000000
21022201112000000
21000000002000001
00000000002000001
00000000000000001
STEP 9 P2 MOVE 8 6 9 6
OWN
00000000000000111
00000000000100000
00000000000100000
00002000000100000
20002000000100000
21002000000000000
21022201112000000
21000000002000001
00000020002000001
00000020000000001
STEP 10 P1 MOVE 4 8 5 8
OWN
00000000000000111
00000000000100000
00000000000100000
00002000000100000
20002000100100000
21002000100000000
21022201112000000
21000000002000001
00000020002000001
00000020000000001
STEP 11 P2 MOVE 9 1 9 2
OWN
00000000000000111
00000000000100000
00000000000100000
00002000000100000
20002000100100000
21002000100000000
21022201112000000
21000000002000001
00000020002000001
02200020000000001
STEP 12 P1 MOVE 8 3 8 4
OWN
00000000000000111
00000000000100000
00000000000100000
00002000000100000
20002000100100000
21002000100000000
21022201112000000
21000000002000001
00011020002000001
02200020000000001
STEP 13 P2 MOVE 1 1 1 3
OWN
00000000000000111
02220000000100000
00000000000100000
00002000000100000
20002000100100000
21002000100000000
21022201112000000
21000000002000001
00011020002000001
02200020000000001
STEP 14 P1 MOVE 0 2 3 2
OWN
00100000000000111
02120000000100000
00100000000100000
00102000000100000
20002000100100000
21002000100000000
21022201112000000
21000000002000001
00011020002000001
02200020000000001
STEP 15 P2 MOVE 1 13 2 13
OWN
00100000000000111
02120000000102000
00100000000102000
00102000000100000
20002000100100000
21002000100000000
21022201112000000
21000000002000001
00011020002000001
02200020000000001
STEP 16 P1 MOVE 9 14 9 15
OWN
00100000000000111
02120000000102000
00100000000102000
00102000000100000
20002000100100000
21002000100000000
21022201112000000
21000000002000001
00011020002000001
02200020000000111
STEP 17 P2 MOVE 9 10 9 11
OWN
00100000000000111
02120000000102000
00100000000102000
00102000000100000
20002000100100000
21002000100000000
21022201112000000
21000000002000001
00011020002000001
02200020002200111
STEP 18 P1 MOVE 1 7 2 7
OWN
00100000000000111
02120001000102000
00100001000102000
00102000000100000
20002000100100000
21002000100000000
21022201112000000
21000000002000001
00011020002000001
02200020002200111
STEP 19 P2 MOVE 4 10 5 10
OWN
00100000000000111
02120001000102000
00100001000102000
00102000000100000
20002000102100000
21002000102000000
21022201112000000
21000000002000001
00011020002000001
02200020002200111
STEP 20 P1 MOVE 2 6 2 9
OWN
00100000000000111
02120001000102000
00100011110102000
00102000000100000
20002000102100000
21002000102000000
21022201112000000
21000000002000001
00011020002000001
02200020002200111
STEP 21 P2 MOVE 5 9 5 11
OWN
00100000000000111
02120001000102000
00100011110102000
00102000000100000
20002000102100000
21002000122200000
21022201112000000
21000000002000001
00011020002000001
02200020002200111
STEP 22 P1 MOVE 2 10 2 14
OWN
00100000000000111
02120001000102000
00100011111111100
00102000000100000
20002000102100000
21002000122200000
21022201112000000
21000000002000001
00011020002000001
02200020002200111
STEP 23 P2 MOVE 0 9 3 9
OWN
00100000020000111
02120001020102000
00100011121111100
00102000020100000
20002000102100000
21002000122200000
21022201112000000
21000000002000001
00011020002000001
02200020002200111
STEP 24 P1 MOVE 2 0 3 0
OWN
00100000020000111
02120001020102000
10100011121111100
10102000020100000
20002000102100000
21002000122200000
21022201112000000
21000000002000001
00011020002000001
02200020002200111
STEP 25 P2 MOVE 9 3 9 4
OWN
00100000020000111
02120001020102000
10100011121111100
10102000020100000
20002000102100000
21002000122200000
21022201112000000
21000000002000001
00011020002000001
02222020002200111
STEP 26 P1 MOVE 6 14 7 14
OWN
00100000020000111
02120001020102000
10100011121111100
10102000020100000
20002000102100000
21002000122200000
21022201112000100
21000000002000101
00011020002000001
02222020002200111
STEP 27 P2 MOVE 9 7 9 8
OWN
00100000020000111
02120001020102000
10100011121111100
10102000020100000
20002000102100000
21002000122200000
21022201112000100
21000000002000101
00011020002000001
02222022202200111
STEP 28 P1 MOVE -1 -1 -1 -1
OWN
00100000020000111
02120001020102000
10100011121111100
10102000020100000
20002000102100000
21002000122200000
21022201112000100
21000000002000101
00011020002000001
02222022202200111
STEP 29 P2 MOVE 1 4 1 5
OWN
00100000020000111
02122201020102000
10100011121111100
10102000020100000
20002000102100000
21002000122200000
21022201112000100
21000000002000101
00011020002000001
02222022202200111
STEP 30 P1 MOVE 4 5 5 5
OWN
00100000020000111
02122201020102000
10100011121111100
10102000020100000
20002100102100000
21002100122200000
21022201112000100
21000000002000101
00011020002000001
02222022202200111
STEP 31 P2 MOVE 0 4 2 4
OWN
00102000020000111
02122201020102000
10102011121111100
10102000020100000
20002100102100000
21002100122200000
21022201112000100
21000000002000101
00011020002000001
02222022202200111
STEP 32 P1 MOVE 4 3 4 6
OWN
00102000020000111
02122201020102000
10102011121111100
10102000020100000
20011110102100000
21002100122200000
21022201112000100
21000000002000101
00011020002000001
02222022202200111
STEP 33 P2 MOVE 7 13 7 15
OWN
00102000020000111
02122201020102000
10102011121111100
10102000020100000
20011110102100000
21002100122200000
21022201112000100
21000000002002221
00011020002000001
02222022202200111
STEP 34 P1 MOVE 5 3 5 6
OWN
00102000020000111
02122201020102000
10102011121111100
10102000020100000
20011110102100000
21011110122200000
21022201112000100
21000000002002221
00011020002000001
02222022202200111
STEP 35 P2 MOVE 7 12 8 13
OWN
00102000020000111
02122201020102000
10102011121111100
10102000020100000
20011110102100000
21011110122200000
21022201112000100
21000000002022221
00011020002022001
02222022202200111
STEP 36 P1 MOVE 0 6 0 7
OWN
00102011020000111
02122201020102000
10102011121111100
10102000020100000
20011110102100000
21011110122200000
21022201112000100
21000000002022221
00011020002022001
02222022202200111
STEP 37 P2 MOVE 4 9 7 9
OWN
00102011020000111
02122201020102000
10102011121111100
10102000020100000
20011110122100000
21011110122200000
21022201122000100
21000000022022221
00011020002022001
02222022202200111
STEP 38 P1 MOVE 4 7 6 11
OWN
00102011020000111
02122201020102000
10102011121111100
10102000020100000
20011111111100000
21011111111100000
21022201111100100
21000000022022221
00011020002022001
02222022202200111
STEP 39 P2 MOVE 3 10 7 11
OWN
00102011020000111
02122201020102000
10102011121111100
10102000022200000
20011111112200000
21011111112200000
21022201112200100
21000000022222221
00011020002022001
02222022202200111
STEP 40 P1 MOVE 5 12 6 12
OWN
00102011020000111
02122201020102000
10102011121111100
10102000022200000
20011111112200000
21011111112210000
21022201112210100
21000000022222221
00011020002022001
02222022202200111
STEP 41 P2 MOVE -1 -1 -1 -1
OWN
00102011020000111
02122201020102000
10102011121111100
10102000022200000
20011111112200000
21011111112210000
21022201112210100
21000000022222221
00011020002022001
02222022202200111
STEP 42 P1 MOVE -1 -1 -1 -1
OWN
00102011020000111
02122201020102000
10102011121111100
10102000022200000
20011111112200000
21011111112210000
21022201112210100
21000000022222221
00011020002022001
02222022202200111
RESULT first=51 second=47 winner=1
ANALYSIS winner=P1 score=51-47 reason=Ľ±°řŔĚÁˇ steal(w/l)=11/10 neu(w/l)=50/48
