BOARD
24423772244833176
55147894792929358
83976181849368489
85512523524538299
67499474169499761
17862744238466717
25254757443763857
98373958584178339
12526658373842717
67383231276119162
STEP 0 P1 MOVE 3 3 3 6
OWN
00000000000000000
00000000000000000
00000000000000000
00011110000000000
00000000000000000
00000000000000000
00000000000000000
00000000000000000
00000000000000000
00000000000000000
STEP 1 P2 MOVE 5 15 8 15
OWN
00000000000000000
00000000000000000
00000000000000000
00011110000000000
00000000000000000
00000000000000020
00000000000000020
00000000000000020
00000000000000020
00000000000000000
STEP 2 P1 MOVE 8 0 8 3
OWN
00000000000000000
00000000000000000
00000000000000000
00011110000000000
00000000000000000
00000000000000020
00000000000000020
00000000000000020
11110000000000020
00000000000000000
STEP 3 P2 MOVE 1 1 1 3
OWN
00000000000000000
02220000000000000
00000000000000000
00011110000000000
00000000000000000
00000000000000020
00000000000000020
00000000000000020
11110000000000020
00000000000000000
STEP 4 P1 MOVE 2 5 2 7
OWN
00000000000000000
02220000000000000
00000111000000000
00011110000000000
00000000000000000
00000000000000020
00000000000000020
00000000000000020
11110000000000020
00000000000000000
STEP 5 P2 MOVE 3 13 3 14
OWN
00000000000000000
02220000000000000
00000111000000000
00011110000002200
00000000000000000
00000000000000020
00000000000000020
00000000000000020
11110000000000020
00000000000000000
STEP 6 P1 MOVE 6 10 8 10
OWN
00000000000000000
02220000000000000
00000111000000000
00011110000002200
00000000000000000
00000000000000020
00000000001000020
00000000001000020
11110000001000020
00000000000000000
STEP 7 P2 MOVE 0 1 0 3
OWN
02220000000000000
02220000000000000
00000111000000000
00011110000002200
00000000000000000
00000000000000020
00000000001000020
00000000001000020
11110000001000020
00000000000000000
STEP 8 P1 MOVE 7 8 9 8
OWN
02220000000000000
02220000000000000
00000111000000000
00011110000002200
00000000000000000
00000000000000020
00000000001000020
00000000101000020
11110000101000020
00000000100000000
STEP 9 P2 MOVE 7 11 9 11
OWN
02220000000000000
02220000000000000
00000111000000000
00011110000002200
00000000000000000
00000000000000020
00000000001000020
00000000101200020
11110000101200020
00000000100200000
STEP 10 P1 MOVE 6 6 7 6
OWN
02220000000000000
02220000000000000
00000111000000000
00011110000002200
00000000000000000
00000000000000020
00000010001000020
00000010101200020
11110000101200020
00000000100200000
STEP 11 P2 MOVE 0 4 1 4
OWN
02222000000000000
02222000000000000
00000111000000000
00011110000002200
00000000000000000
00000000000000020
00000010001000020
00000010101200020
11110000101200020
00000000100200000
STEP 12 P1 MOVE 9 13 9 14
OWN
02222000000000000
02222000000000000
00000111000000000
00011110000002200
00000000000000000
00000000000000020
00000010001000020
00000010101200020
11110000101200020
00000000100201100
STEP 13 P2 MOVE 5 6 5 8
OWN
02222000000000000
02222000000000000
00000111000000000
00011110000002200
00000000000000000
00000022200000020
00000010001000020
00000010101200020
11110000101200020
00000000100201100
STEP 14 P1 MOVE 0 8 0 10
OWN
02222000111000000
02222000000000000
00000111000000000
00011110000002200
00000000000000000
00000022200000020
00000010001000020
00000010101200020
11110000101200020
00000000100201100
STEP 15 P2 MOVE 3 8 6 8
OWN
02222000111000000
02222000000000000
00000111000000000
00011110200002200
00000000200000000
00000022200000020
00000010201000020
00000010101200020
11110000101200020
00000000100201100
STEP 16 P1 MOVE 3 2 3 9
OWN
02222000111000000
02222000000000000
00000111000000000
00111111110002200
00000000200000000
00000022200000020
00000010201000020
00000010101200020
11110000101200020
00000000100201100
STEP 17 P2 MOVE 0 7 4 7
OWN
02222002111000000
02222002000000000
00000112000000000
00111112110002200
00000002200000000
00000022200000020
00000010201000020
00000010101200020
11110000101200020
00000000100201100
STEP 18 P1 MOVE 3 16 4 16
OWN
02222002111000000
02222002000000000
00000112000000000
00111112110002201
00000002200000001
00000022200000020
00000010201000020
00000010101200020
11110000101200020
00000000100201100
STEP 19 P2 MOVE 5 11 5 12
OWN
02222002111000000
02222002000000000
00000112000000000
00111112110002201
00000002200000001
00000022200220020
00000010201000020
00000010101200020
11110000101200020
00000000100201100
STEP 20 P1 MOVE 7 2 7 3
OWN
02222002111000000
02222002000000000
00000112000000000
00111112110002201
00000002200000001
00000022200220020
00000010201000020
00110010101200020
11110000101200020
00000000100201100
STEP 21 P2 MOVE 7 14 8 14
OWN
02222002111000000
02222002000000000
00000112000000000
00111112110002201
00000002200000001
00000022200220020
00000010201000020
00110010101200220
11110000101200220
00000000100201100
STEP 22 P1 MOVE 7 13 8 13
OWN
02222002111000000
02222002000000000
00000112000000000
00111112110002201
00000002200000001
00000022200220020
00000010201000020
00110010101201220
11110000101201220
00000000100201100
STEP 23 P2 MOVE 9 1 9 2
OWN
02222002111000000
02222002000000000
00000112000000000
00111112110002201
00000002200000001
00000022200220020
00000010201000020
00110010101201220
11110000101201220
02200000100201100
STEP 24 P1 MOVE 5 2 6 2
OWN
02222002111000000
02222002000000000
00000112000000000
00111112110002201
00000002200000001
00100022200220020
00100010201000020
00110010101201220
11110000101201220
02200000100201100
STEP 25 P2 MOVE 5 5 5 9
OWN
02222002111000000
02222002000000000
00000112000000000
00111112110002201
00000002200000001
00100222220220020
00100010201000020
00110010101201220
11110000101201220
02200000100201100
STEP 26 P1 MOVE 5 4 5 10
OWN
02222002111000000
02222002000000000
00000112000000000
00111112110002201
00000002200000001
00101111111220020
00100010201000020
00110010101201220
11110000101201220
02200000100201100
STEP 27 P2 MOVE 2 9 4 9
OWN
02222002111000000
02222002000000000
00000112020000000
00111112120002201
00000002220000001
00101111111220020
00100010201000020
00110010101201220
11110000101201220
02200000100201100
STEP 28 P1 MOVE 6 1 6 3
OWN
02222002111000000
02222002000000000
00000112020000000
00111112120002201
00000002220000001
00101111111220020
01110010201000020
00110010101201220
11110000101201220
02200000100201100
STEP 29 P2 MOVE 5 3 6 4
OWN
02222002111000000
02222002000000000
00000112020000000
00111112120002201
00000002220000001
00122111111220020
01122010201000020
00110010101201220
11110000101201220
02200000100201100
STEP 30 P1 MOVE 5 0 6 1
OWN
02222002111000000
02222002000000000
00000112020000000
00111112120002201
00000002220000001
11122111111220020
11122010201000020
00110010101201220
11110000101201220
02200000100201100
STEP 31 P2 MOVE -1 -1 -1 -1
OWN
02222002111000000
02222002000000000
00000112020000000
00111112120002201
00000002220000001
11122111111220020
11122010201000020
00110010101201220
11110000101201220
02200000100201100
STEP 32 P1 MOVE -1 -1 -1 -1
OWN
02222002111000000
02222002000000000
00000112020000000
00111112120002201
00000002220000001
11122111111220020
11122010201000020
00110010101201220
11110000101201220
02200000100201100
RESULT first=43 second=37 winner=1
ANALYSIS winner=P1 score=43-37 reason=şóÄ­Ľ±Áˇ(+4) steal(w/l)=6/5 neu(w/l)=42/38
