BOARD
65628163621465157
98787139222971332
36636743326723938
72757297336995383
97762832771855936
42186622917239588
43473696533368764
83846592235979466
16528497175897335
98995681747539179
STEP 0 P1 MOVE 0 5 0 7
OWN
00000111000000000
00000000000000000
00000000000000000
00000000000000000
00000000000000000
00000000000000000
00000000000000000
00000000000000000
00000000000000000
00000000000000000
STEP 1 P2 MOVE 2 6 2 8
OWN
00000111000000000
00000000000000000
00000022200000000
00000000000000000
00000000000000000
00000000000000000
00000000000000000
00000000000000000
00000000000000000
00000000000000000
STEP 2 P1 MOVE 7 7 9 7
OWN
00000111000000000
00000000000000000
00000022200000000
00000000000000000
00000000000000000
00000000000000000
00000000000000000
00000001000000000
00000001000000000
00000001000000000
STEP 3 P2 MOVE 8 6 8 8
OWN
00000111000000000
00000000000000000
00000022200000000
00000000000000000
00000000000000000
00000000000000000
00000000000000000
00000001000000000
00000022200000000
00000001000000000
STEP 4 P1 MOVE 5 5 5 7
OWN
00000111000000000
00000000000000000
00000022200000000
00000000000000000
00000000000000000
00000111000000000
00000000000000000
00000001000000000
00000022200000000
00000001000000000
STEP 5 P2 MOVE 4 12 4 13
OWN
00000111000000000
00000000000000000
00000022200000000
00000000000000000
00000000000022000
00000111000000000
00000000000000000
00000001000000000
00000022200000000
00000001000000000
STEP 6 P1 MOVE 6 16 7 16
OWN
00000111000000000
00000000000000000
00000022200000000
00000000000000000
00000000000022000
00000111000000000
00000000000000001
00000001000000001
00000022200000000
00000001000000000
STEP 7 P2 MOVE 3 7 3 8
OWN
00000111000000000
00000000000000000
00000022200000000
00000002200000000
00000000000022000
00000111000000000
00000000000000001
00000001000000001
00000022200000000
00000001000000000
STEP 8 P1 MOVE 0 3 1 3
OWN
00010111000000000
00010000000000000
00000022200000000
00000002200000000
00000000000022000
00000111000000000
00000000000000001
00000001000000001
00000022200000000
00000001000000000
STEP 9 P2 MOVE 8 13 8 14
OWN
00010111000000000
00010000000000000
00000022200000000
00000002200000000
00000000000022000
00000111000000000
00000000000000001
00000001000000001
00000022200002200
00000001000000000
STEP 10 P1 MOVE 7 14 7 15
OWN
00010111000000000
00010000000000000
00000022200000000
00000002200000000
00000000000022000
00000111000000000
00000000000000001
00000001000000111
00000022200002200
00000001000000000
STEP 11 P2 MOVE 7 3 7 4
OWN
00010111000000000
00010000000000000
00000022200000000
00000002200000000
00000000000022000
00000111000000000
00000000000000001
00022001000000111
00000022200002200
00000001000000000
STEP 12 P1 MOVE 3 5 4 5
OWN
00010111000000000
00010000000000000
00000022200000000
00000102200000000
00000100000022000
00000111000000000
00000000000000001
00022001000000111
00000022200002200
00000001000000000
STEP 13 P2 MOVE 7 8 7 10
OWN
00010111000000000
00010000000000000
00000022200000000
00000102200000000
00000100000022000
00000111000000000
00000000000000001
00022001222000111
00000022200002200
00000001000000000
STEP 14 P1 MOVE 0 11 0 12
OWN
00010111000110000
00010000000000000
00000022200000000
00000102200000000
00000100000022000
00000111000000000
00000000000000001
00022001222000111
00000022200002200
00000001000000000
STEP 15 P2 MOVE 2 0 3 0
OWN
00010111000110000
00010000000000000
20000022200000000
20000102200000000
00000100000022000
00000111000000000
00000000000000001
00022001222000111
00000022200002200
00000001000000000
STEP 16 P1 MOVE 6 9 8 9
OWN
00010111000110000
00010000000000000
20000022200000000
20000102200000000
00000100000022000
00000111000000000
00000000010000001
00022001212000111
00000022210002200
00000001000000000
STEP 17 P2 MOVE 5 9 5 11
OWN
00010111000110000
00010000000000000
20000022200000000
20000102200000000
00000100000022000
00000111022200000
00000000010000001
00022001212000111
00000022210002200
00000001000000000
STEP 18 P1 MOVE 8 0 9 0
OWN
00010111000110000
00010000000000000
20000022200000000
20000102200000000
00000100000022000
00000111022200000
00000000010000001
00022001212000111
10000022210002200
10000001000000000
STEP 19 P2 MOVE 8 3 8 4
OWN
00010111000110000
00010000000000000
20000022200000000
20000102200000000
00000100000022000
00000111022200000
00000000010000001
00022001212000111
10022022210002200
10000001000000000
STEP 20 P1 MOVE 8 5 9 5
OWN
00010111000110000
00010000000000000
20000022200000000
20000102200000000
00000100000022000
00000111022200000
00000000010000001
00022001212000111
10022122210002200
10000101000000000
STEP 21 P2 MOVE 8 2 8 10
OWN
00010111000110000
00010000000000000
20000022200000000
20000102200000000
00000100000022000
00000111022200000
00000000010000001
00022001212000111
10222222222002200
10000101000000000
STEP 22 P1 MOVE 7 4 9 5
OWN
00010111000110000
00010000000000000
20000022200000000
20000102200000000
00000100000022000
00000111022200000
00000000010000001
00021101212000111
10221122222002200
10001101000000000
STEP 23 P2 MOVE 3 10 6 10
OWN
00010111000110000
00010000000000000
20000022200000000
20000102202000000
00000100002022000
00000111022200000
00000000012000001
00021101212000111
10221122222002200
10001101000000000
STEP 24 P1 MOVE -1 -1 -1 -1
OWN
00010111000110000
00010000000000000
20000022200000000
20000102202000000
00000100002022000
00000111022200000
00000000012000001
00021101212000111
10221122222002200
10001101000000000
STEP 25 P2 MOVE 0 13 1 14
OWN
00010111000112200
00010000000002200
20000022200000000
20000102202000000
00000100002022000
00000111022200000
00000000012000001
00021101212000111
10221122222002200
10001101000000000
STEP 26 P1 MOVE 1 12 1 15
OWN
00010111000112200
00010000000011110
20000022200000000
20000102202000000
00000100002022000
00000111022200000
00000000012000001
00021101212000111
10221122222002200
10001101000000000
STEP 27 P2 MOVE 5 1 6 2
OWN
00010111000112200
00010000000011110
20000022200000000
20000102202000000
00000100002022000
02200111022200000
02200000012000001
00021101212000111
10221122222002200
10001101000000000
STEP 28 P1 MOVE 4 1 7 1
OWN
00010111000112200
00010000000011110
20000022200000000
20000102202000000
01000100002022000
01200111022200000
01200000012000001
01021101212000111
10221122222002200
10001101000000000
STEP 29 P2 MOVE 8 15 9 15
OWN
00010111000112200
00010000000011110
20000022200000000
20000102202000000
01000100002022000
01200111022200000
01200000012000001
01021101212000111
10221122222002220
10001101000000020
STEP 30 P1 MOVE 9 14 9 16
OWN
00010111000112200
00010000000011110
20000022200000000
20000102202000000
01000100002022000
01200111022200000
01200000012000001
01021101212000111
10221122222002220
10001101000000111
STEP 31 P2 MOVE 1 16 2 16
OWN
00010111000112200
00010000000011112
20000022200000002
20000102202000000
01000100002022000
01200111022200000
01200000012000001
01021101212000111
10221122222002220
10001101000000111
STEP 32 P1 MOVE 0 16 3 16
OWN
00010111000112201
00010000000011111
20000022200000001
20000102202000001
01000100002022000
01200111022200000
01200000012000001
01021101212000111
10221122222002220
10001101000000111
STEP 33 P2 MOVE 6 3 6 4
OWN
00010111000112201
00010000000011111
20000022200000001
20000102202000001
01000100002022000
01200111022200000
01222000012000001
01021101212000111
10221122222002220
10001101000000111
STEP 34 P1 MOVE 6 0 6 5
OWN
00010111000112201
00010000000011111
20000022200000001
20000102202000001
01000100002022000
01200111022200000
11111100012000001
01021101212000111
10221122222002220
10001101000000111
STEP 35 P2 MOVE -1 -1 -1 -1
OWN
00010111000112201
00010000000011111
20000022200000001
20000102202000001
01000100002022000
01200111022200000
11111100012000001
01021101212000111
10221122222002220
10001101000000111
STEP 36 P1 MOVE -1 -1 -1 -1
OWN
00010111000112201
00010000000011111
20000022200000001
20000102202000001
01000100002022000
01200111022200000
11111100012000001
01021101212000111
10221122222002220
10001101000000111
RESULT first=48 second=31 winner=1
ANALYSIS winner=P1 score=48-31 reason=Ĺ»ĂëżěŔ§(+11Ä­ »©ľŃŔ˝,2ąčČż°ú) steal(w/l)=14/3 neu(w/l)=37/42
