BOARD
14313829187732612
33439691915477773
23585825118571616
99257227654639778
37992838174318687
48236742324443775
94683851374335365
96817399976775246
41947837497843121
28984178161118829
STEP 0 P1 MOVE 9 8 9 12
OWN
00000000000000000
00000000000000000
00000000000000000
00000000000000000
00000000000000000
00000000000000000
00000000000000000
00000000000000000
00000000000000000
00000000111110000
STEP 1 P2 MOVE 8 12 8 15
OWN
00000000000000000
00000000000000000
00000000000000000
00000000000000000
00000000000000000
00000000000000000
00000000000000000
00000000000000000
00000000000022220
00000000111110000
STEP 2 P1 MOVE 1 9 1 11
OWN
00000000000000000
00000000011100000
00000000000000000
00000000000000000
00000000000000000
00000000000000000
00000000000000000
00000000000000000
00000000000022220
00000000111110000
STEP 3 P2 MOVE 2 0 2 2
OWN
00000000000000000
00000000011100000
22200000000000000
00000000000000000
00000000000000000
00000000000000000
00000000000000000
00000000000000000
00000000000022220
00000000111110000
STEP 4 P1 MOVE 4 4 4 5
OWN
00000000000000000
00000000011100000
22200000000000000
00000000000000000
00001100000000000
00000000000000000
00000000000000000
00000000000000000
00000000000022220
00000000111110000
STEP 5 P2 MOVE 1 1 1 3
OWN
00000000000000000
02220000011100000
22200000000000000
00000000000000000
00001100000000000
00000000000000000
00000000000000000
00000000000000000
00000000000022220
00000000111110000
STEP 6 P1 MOVE 3 8 5 8
OWN
00000000000000000
02220000011100000
22200000000000000
00000000100000000
00001100100000000
00000000100000000
00000000000000000
00000000000000000
00000000000022220
00000000111110000
STEP 7 P2 MOVE 6 11 7 11
OWN
00000000000000000
02220000011100000
22200000000000000
00000000100000000
00001100100000000
00000000100000000
00000000000200000
00000000000200000
00000000000022220
00000000111110000
STEP 8 P1 MOVE 6 12 7 12
OWN
00000000000000000
02220000011100000
22200000000000000
00000000100000000
00001100100000000
00000000100000000
00000000000210000
00000000000210000
00000000000022220
00000000111110000
STEP 9 P2 MOVE 6 15 7 15
OWN
00000000000000000
02220000011100000
22200000000000000
00000000100000000
00001100100000000
00000000100000000
00000000000210020
00000000000210020
00000000000022220
00000000111110000
STEP 10 P1 MOVE 8 6 8 7
OWN
00000000000000000
02220000011100000
22200000000000000
00000000100000000
00001100100000000
00000000100000000
00000000000210020
00000000000210020
00000011000022220
00000000111110000
STEP 11 P2 MOVE 1 7 1 8
OWN
00000000000000000
02220002211100000
22200000000000000
00000000100000000
00001100100000000
00000000100000000
00000000000210020
00000000000210020
00000011000022220
00000000111110000
STEP 12 P1 MOVE 5 16 6 16
OWN
00000000000000000
02220002211100000
22200000000000000
00000000100000000
00001100100000000
00000000100000001
00000000000210021
00000000000210020
00000011000022220
00000000111110000
STEP 13 P2 MOVE 6 10 7 10
OWN
00000000000000000
02220002211100000
22200000000000000
00000000100000000
00001100100000000
00000000100000001
00000000002210021
00000000002210020
00000011000022220
00000000111110000
STEP 14 P1 MOVE 6 4 7 4
OWN
00000000000000000
02220002211100000
22200000000000000
00000000100000000
00001100100000000
00000000100000001
00001000002210021
00001000002210020
00000011000022220
00000000111110000
STEP 15 P2 MOVE 9 14 9 15
OWN
00000000000000000
02220002211100000
22200000000000000
00000000100000000
00001100100000000
00000000100000001
00001000002210021
00001000002210020
00000011000022220
00000000111110220
STEP 16 P1 MOVE 6 1 7 1
OWN
00000000000000000
02220002211100000
22200000000000000
00000000100000000
00001100100000000
00000000100000001
01001000002210021
01001000002210020
00000011000022220
00000000111110220
STEP 17 P2 MOVE 6 8 6 9
OWN
00000000000000000
02220002211100000
22200000000000000
00000000100000000
00001100100000000
00000000100000001
01001000222210021
01001000002210020
00000011000022220
00000000111110220
STEP 18 P1 MOVE 2 8 7 8
OWN
00000000000000000
02220002211100000
22200000100000000
00000000100000000
00001100100000000
00000000100000001
01001000122210021
01001000102210020
00000011000022220
00000000111110220
STEP 19 P2 MOVE 0 8 2 9
OWN
00000000220000000
02220002221100000
22200000220000000
00000000100000000
00001100100000000
00000000100000001
01001000122210021
01001000102210020
00000011000022220
00000000111110220
STEP 20 P1 MOVE 0 13 2 13
OWN
00000000220001000
02220002221101000
22200000220001000
00000000100000000
00001100100000000
00000000100000001
01001000122210021
01001000102210020
00000011000022220
00000000111110220
STEP 21 P2 MOVE 0 12 0 15
OWN
00000000220022220
02220002221101000
22200000220001000
00000000100000000
00001100100000000
00000000100000001
01001000122210021
01001000102210020
00000011000022220
00000000111110220
STEP 22 P1 MOVE 0 5 0 6
OWN
00000110220022220
02220002221101000
22200000220001000
00000000100000000
00001100100000000
00000000100000001
01001000122210021
01001000102210020
00000011000022220
00000000111110220
STEP 23 P2 MOVE 1 15 1 16
OWN
00000110220022220
02220002221101022
22200000220001000
00000000100000000
00001100100000000
00000000100000001
01001000122210021
01001000102210020
00000011000022220
00000000111110220
STEP 24 P1 MOVE 6 13 7 13
OWN
00000110220022220
02220002221101022
22200000220001000
00000000100000000
00001100100000000
00000000100000001
01001000122211021
01001000102211020
00000011000022220
00000000111110220
STEP 25 P2 MOVE 2 5 3 5
OWN
00000110220022220
02220002221101022
22200200220001000
00000200100000000
00001100100000000
00000000100000001
01001000122211021
01001000102211020
00000011000022220
00000000111110220
STEP 26 P1 MOVE 8 1 8 2
OWN
00000110220022220
02220002221101022
22200200220001000
00000200100000000
00001100100000000
00000000100000001
01001000122211021
01001000102211020
01100011000022220
00000000111110220
STEP 27 P2 MOVE 3 10 3 11
OWN
00000110220022220
02220002221101022
22200200220001000
00000200102200000
00001100100000000
00000000100000001
01001000122211021
01001000102211020
01100011000022220
00000000111110220
STEP 28 P1 MOVE 8 16 9 16
OWN
00000110220022220
02220002221101022
22200200220001000
00000200102200000
00001100100000000
00000000100000001
01001000122211021
01001000102211020
01100011000022221
00000000111110221
STEP 29 P2 MOVE 2 12 3 12
OWN
00000110220022220
02220002221101022
22200200220021000
00000200102220000
00001100100000000
00000000100000001
01001000122211021
01001000102211020
01100011000022221
00000000111110221
STEP 30 P1 MOVE 9 0 9 1
OWN
00000110220022220
02220002221101022
22200200220021000
00000200102220000
00001100100000000
00000000100000001
01001000122211021
01001000102211020
01100011000022221
11000000111110221
STEP 31 P2 MOVE 4 0 4 1
OWN
00000110220022220
02220002221101022
22200200220021000
00000200102220000
22001100100000000
00000000100000001
01001000122211021
01001000102211020
01100011000022221
11000000111110221
STEP 32 P1 MOVE 5 1 5 2
OWN
00000110220022220
02220002221101022
22200200220021000
00000200102220000
22001100100000000
01100000100000001
01001000122211021
01001000102211020
01100011000022221
11000000111110221
STEP 33 P2 MOVE -1 -1 -1 -1
OWN
00000110220022220
02220002221101022
22200200220021000
00000200102220000
22001100100000000
01100000100000001
01001000122211021
01001000102211020
01100011000022221
11000000111110221
STEP 34 P1 MOVE 6 7 7 7
OWN
00000110220022220
02220002221101022
22200200220021000
00000200102220000
22001100100000000
01100000100000001
01001001122211021
01001001102211020
01100011000022221
11000000111110221
STEP 35 P2 MOVE 5 7 9 7
OWN
00000110220022220
02220002221101022
22200200220021000
00000200102220000
22001100100000000
01100002100000001
01001002122211021
01001002102211020
01100012000022221
11000002111110221
STEP 36 P1 MOVE 5 6 5 10
OWN
00000110220022220
02220002221101022
22200200220021000
00000200102220000
22001100100000000
01100011111000001
01001002122211021
01001002102211020
01100012000022221
11000002111110221
STEP 37 P2 MOVE 4 5 5 6
OWN
00000110220022220
02220002221101022
22200200220021000
00000200102220000
22001220100000000
01100221111000001
01001002122211021
01001002102211020
01100012000022221
11000002111110221
STEP 38 P1 MOVE 5 13 5 14
OWN
00000110220022220
02220002221101022
22200200220021000
00000200102220000
22001220100000000
01100221111001101
01001002122211021
01001002102211020
01100012000022221
11000002111110221
STEP 39 P2 MOVE 5 4 5 11
OWN
00000110220022220
02220002221101022
22200200220021000
00000200102220000
22001220100000000
01102222222201101
01001002122211021
01001002102211020
01100012000022221
11000002111110221
STEP 40 P1 MOVE 5 14 6 15
OWN
00000110220022220
02220002221101022
22200200220021000
00000200102220000
22001220100000000
01102222222201111
01001002122211111
01001002102211020
01100012000022221
11000002111110221
STEP 41 P2 MOVE -1 -1 -1 -1
OWN
00000110220022220
02220002221101022
22200200220021000
00000200102220000
22001220100000000
01102222222201111
01001002122211111
01001002102211020
01100012000022221
11000002111110221
STEP 42 P1 MOVE -1 -1 -1 -1
OWN
00000110220022220
02220002221101022
22200200220021000
00000200102220000
22001220100000000
01102222222201111
01001002122211111
01001002102211020
01100012000022221
11000002111110221
RESULT first=40 second=53 winner=2
ANALYSIS winner=P2 score=40-53 reason=Ĺ»ĂëżěŔ§(+9Ä­ »©ľŃŔ˝,2ąčČż°ú) steal(w/l)=12/3 neu(w/l)=44/49
