BOARD
85736643858671341
45154699214589474
64354463378378128
58388618345863193
98137292653594488
64644832135752659
77943381287563623
22328952278421745
22959162911918876
78432333292123119
STEP 0 P1 MOVE 5 7 7 8
OWN
00000000000000000
00000000000000000
00000000000000000
00000000000000000
00000000000000000
00000001100000000
00000001100000000
00000001100000000
00000000000000000
00000000000000000
STEP 1 P2 MOVE 9 10 9 15
OWN
00000000000000000
00000000000000000
00000000000000000
00000000000000000
00000000000000000
00000001100000000
00000001100000000
00000001100000000
00000000000000000
00000000002222220
STEP 2 P1 MOVE 4 13 7 13
OWN
00000000000000000
00000000000000000
00000000000000000
00000000000000000
00000000000001000
00000001100001000
00000001100001000
00000001100001000
00000000000000000
00000000002222220
STEP 3 P2 MOVE 1 14 4 14
OWN
00000000000000000
00000000000000200
00000000000000200
00000000000000200
00000000000001200
00000001100001000
00000001100001000
00000001100001000
00000000000000000
00000000002222220
STEP 4 P1 MOVE 6 3 6 5
OWN
00000000000000000
00000000000000200
00000000000000200
00000000000000200
00000000000001200
00000001100001000
00011101100001000
00000001100001000
00000000000000000
00000000002222220
STEP 5 P2 MOVE 7 5 8 5
OWN
00000000000000000
00000000000000200
00000000000000200
00000000000000200
00000000000001200
00000001100001000
00011101100001000
00000201100001000
00000200000000000
00000000002222220
STEP 6 P1 MOVE 2 13 2 15
OWN
00000000000000000
00000000000000200
00000000000001110
00000000000000200
00000000000001200
00000001100001000
00011101100001000
00000201100001000
00000200000000000
00000000002222220
STEP 7 P2 MOVE 3 2 5 2
OWN
00000000000000000
00000000000000200
00000000000001110
00200000000000200
00200000000001200
00200001100001000
00011101100001000
00000201100001000
00000200000000000
00000000002222220
STEP 8 P1 MOVE 7 3 9 3
OWN
00000000000000000
00000000000000200
00000000000001110
00200000000000200
00200000000001200
00200001100001000
00011101100001000
00010201100001000
00010200000000000
00010000002222220
STEP 9 P2 MOVE 0 2 0 3
OWN
00220000000000000
00000000000000200
00000000000001110
00200000000000200
00200000000001200
00200001100001000
00011101100001000
00010201100001000
00010200000000000
00010000002222220
STEP 10 P1 MOVE 1 0 2 0
OWN
00220000000000000
10000000000000200
10000000000001110
00200000000000200
00200000000001200
00200001100001000
00011101100001000
00010201100001000
00010200000000000
00010000002222220
STEP 11 P2 MOVE 0 13 1 13
OWN
00220000000002000
10000000000002200
10000000000001110
00200000000000200
00200000000001200
00200001100001000
00011101100001000
00010201100001000
00010200000000000
00010000002222220
STEP 12 P1 MOVE 0 8 1 8
OWN
00220000100002000
10000000100002200
10000000000001110
00200000000000200
00200000000001200
00200001100001000
00011101100001000
00010201100001000
00010200000000000
00010000002222220
STEP 13 P2 MOVE 1 7 1 9
OWN
00220000100002000
10000002220002200
10000000000001110
00200000000000200
00200000000001200
00200001100001000
00011101100001000
00010201100001000
00010200000000000
00010000002222220
STEP 14 P1 MOVE 1 2 1 4
OWN
00220000100002000
10111002220002200
10000000000001110
00200000000000200
00200000000001200
00200001100001000
00011101100001000
00010201100001000
00010200000000000
00010000002222220
STEP 15 P2 MOVE 0 4 2 4
OWN
00222000100002000
10112002220002200
10002000000001110
00200000000000200
00200000000001200
00200001100001000
00011101100001000
00010201100001000
00010200000000000
00010000002222220
STEP 16 P1 MOVE 0 1 1 1
OWN
01222000100002000
11112002220002200
10002000000001110
00200000000000200
00200000000001200
00200001100001000
00011101100001000
00010201100001000
00010200000000000
00010000002222220
STEP 17 P2 MOVE 1 5 2 5
OWN
01222000100002000
11112202220002200
10002200000001110
00200000000000200
00200000000001200
00200001100001000
00011101100001000
00010201100001000
00010200000000000
00010000002222220
STEP 18 P1 MOVE 3 6 4 6
OWN
01222000100002000
11112202220002200
10002200000001110
00200010000000200
00200010000001200
00200001100001000
00011101100001000
00010201100001000
00010200000000000
00010000002222220
STEP 19 P2 MOVE 4 5 4 8
OWN
01222000100002000
11112202220002200
10002200000001110
00200010000000200
00200222200001200
00200001100001000
00011101100001000
00010201100001000
00010200000000000
00010000002222220
STEP 20 P1 MOVE 3 7 8 7
OWN
01222000100002000
11112202220002200
10002200000001110
00200011000000200
00200221200001200
00200001100001000
00011101100001000
00010201100001000
00010201000000000
00010000002222220
STEP 21 P2 MOVE 0 5 0 6
OWN
01222220100002000
11112202220002200
10002200000001110
00200011000000200
00200221200001200
00200001100001000
00011101100001000
00010201100001000
00010201000000000
00010000002222220
STEP 22 P1 MOVE 2 11 2 12
OWN
01222220100002000
11112202220002200
10002200000111110
00200011000000200
00200221200001200
00200001100001000
00011101100001000
00010201100001000
00010201000000000
00010000002222220
STEP 23 P2 MOVE 4 3 4 4
OWN
01222220100002000
11112202220002200
10002200000111110
00200011000000200
00222221200001200
00200001100001000
00011101100001000
00010201100001000
00010201000000000
00010000002222220
STEP 24 P1 MOVE 8 8 8 9
OWN
01222220100002000
11112202220002200
10002200000111110
00200011000000200
00222221200001200
00200001100001000
00011101100001000
00010201100001000
00010201110000000
00010000002222220
STEP 25 P2 MOVE 8 9 9 10
OWN
01222220100002000
11112202220002200
10002200000111110
00200011000000200
00222221200001200
00200001100001000
00011101100001000
00010201100001000
00010201122000000
00010000022222220
STEP 26 P1 MOVE 8 11 8 12
OWN
01222220100002000
11112202220002200
10002200000111110
00200011000000200
00222221200001200
00200001100001000
00011101100001000
00010201100001000
00010201122110000
00010000022222220
STEP 27 P2 MOVE 7 12 8 13
OWN
01222220100002000
11112202220002200
10002200000111110
00200011000000200
00222221200001200
00200001100001000
00011101100001000
00010201100022000
00010201122122000
00010000022222220
STEP 28 P1 MOVE 5 0 5 1
OWN
01222220100002000
11112202220002200
10002200000111110
00200011000000200
00222221200001200
11200001100001000
00011101100001000
00010201100022000
00010201122122000
00010000022222220
STEP 29 P2 MOVE 8 1 9 1
OWN
01222220100002000
11112202220002200
10002200000111110
00200011000000200
00222221200001200
11200001100001000
00011101100001000
00010201100022000
02010201122122000
02010000022222220
STEP 30 P1 MOVE 0 12 0 14
OWN
01222220100011100
11112202220002200
10002200000111110
00200011000000200
00222221200001200
11200001100001000
00011101100001000
00010201100022000
02010201122122000
02010000022222220
STEP 31 P2 MOVE 0 11 0 15
OWN
01222220100222220
11112202220002200
10002200000111110
00200011000000200
00222221200001200
11200001100001000
00011101100001000
00010201100022000
02010201122122000
02010000022222220
STEP 32 P1 MOVE 8 8 9 14
OWN
01222220100222220
11112202220002200
10002200000111110
00200011000000200
00222221200001200
11200001100001000
00011101100001000
00010201100022000
02010201111111100
02010000111111120
STEP 33 P2 MOVE 8 7 9 15
OWN
01222220100222220
11112202220002200
10002200000111110
00200011000000200
00222221200001200
11200001100001000
00011101100001000
00010201100022000
02010202222222220
02010002222222220
STEP 34 P1 MOVE 2 8 2 9
OWN
01222220100222220
11112202220002200
10002200110111110
00200011000000200
00222221200001200
11200001100001000
00011101100001000
00010201100022000
02010202222222220
02010002222222220
STEP 35 P2 MOVE 2 7 3 9
OWN
01222220100222220
11112202220002200
10002202220111110
00200012220000200
00222221200001200
11200001100001000
00011101100001000
00010201100022000
02010202222222220
02010002222222220
STEP 36 P1 MOVE 0 9 4 9
OWN
01222220110222220
11112202210002200
10002202210111110
00200012210000200
00222221210001200
11200001100001000
00011101100001000
00010201100022000
02010202222222220
02010002222222220
STEP 37 P2 MOVE -1 -1 -1 -1
OWN
01222220110222220
11112202210002200
10002202210111110
00200012210000200
00222221210001200
11200001100001000
00011101100001000
00010201100022000
02010202222222220
02010002222222220
STEP 38 P1 MOVE -1 -1 -1 -1
OWN
01222220110222220
11112202210002200
10002202210111110
00200012210000200
00222221210001200
11200001100001000
00011101100001000
00010201100022000
02010202222222220
02010002222222220
RESULT first=36 second=56 winner=2
ANALYSIS winner=P2 score=36-56 reason=탈취우위(+11칸 빼앗음,2배효과) steal(w/l)=27/16 neu(w/l)=45/47
