BOARD
82174443591373886
86883581314631845
68151829964493376
21957936745615814
34915166714724122
46834517684738719
62761624217218623
97326524547734244
57757681331762571
17163247728654452
STEP 0 P1 MOVE 3 15 7 15
OWN
00000000000000000
00000000000000000
00000000000000000
00000000000000010
00000000000000010
00000000000000010
00000000000000010
00000000000000010
00000000000000000
00000000000000000
STEP 1 P2 MOVE 3 12 7 12
OWN
00000000000000000
00000000000000000
00000000000000000
00000000000020010
00000000000020010
00000000000020010
00000000000020010
00000000000020010
00000000000000000
00000000000000000
STEP 2 P1 MOVE 6 16 9 16
OWN
00000000000000000
00000000000000000
00000000000000000
00000000000020010
00000000000020010
00000000000020010
00000000000020011
00000000000020011
00000000000000001
00000000000000001
STEP 3 P2 MOVE 6 8 6 10
OWN
00000000000000000
00000000000000000
00000000000000000
00000000000020010
00000000000020010
00000000000020010
00000000222020011
00000000000020011
00000000000000001
00000000000000001
STEP 4 P1 MOVE 6 2 7 2
OWN
00000000000000000
00000000000000000
00000000000000000
00000000000020010
00000000000020010
00000000000020010
00100000222020011
00100000000020011
00000000000000001
00000000000000001
STEP 5 P2 MOVE 0 1 0 3
OWN
02220000000000000
00000000000000000
00000000000000000
00000000000020010
00000000000020010
00000000000020010
00100000222020011
00100000000020011
00000000000000001
00000000000000001
STEP 6 P1 MOVE 1 11 1 13
OWN
02220000000000000
00000000000111000
00000000000000000
00000000000020010
00000000000020010
00000000000020010
00100000222020011
00100000000020011
00000000000000001
00000000000000001
STEP 7 P2 MOVE 3 6 5 6
OWN
02220000000000000
00000000000111000
00000000000000000
00000020000020010
00000020000020010
00000020000020010
00100000222020011
00100000000020011
00000000000000001
00000000000000001
STEP 8 P1 MOVE 7 13 9 13
OWN
02220000000000000
00000000000111000
00000000000000000
00000020000020010
00000020000020010
00000020000020010
00100000222020011
00100000000021011
00000000000001001
00000000000001001
STEP 9 P2 MOVE 4 3 6 3
OWN
02220000000000000
00000000000111000
00000000000000000
00000020000020010
00020020000020010
00020020000020010
00120000222020011
00100000000021011
00000000000001001
00000000000001001
STEP 10 P1 MOVE 2 2 3 2
OWN
02220000000000000
00000000000111000
00100000000000000
00100020000020010
00020020000020010
00020020000020010
00120000222020011
00100000000021011
00000000000001001
00000000000001001
STEP 11 P2 MOVE 2 16 3 16
OWN
02220000000000000
00000000000111000
00100000000000002
00100020000020012
00020020000020010
00020020000020010
00120000222020011
00100000000021011
00000000000001001
00000000000001001
STEP 12 P1 MOVE 2 9 2 10
OWN
02220000000000000
00000000000111000
00100000011000002
00100020000020012
00020020000020010
00020020000020010
00120000222020011
00100000000021011
00000000000001001
00000000000001001
STEP 13 P2 MOVE 0 9 0 10
OWN
02220000022000000
00000000000111000
00100000011000002
00100020000020012
00020020000020010
00020020000020010
00120000222020011
00100000000021011
00000000000001001
00000000000001001
STEP 14 P1 MOVE 9 9 9 10
OWN
02220000022000000
00000000000111000
00100000011000002
00100020000020012
00020020000020010
00020020000020010
00120000222020011
00100000000021011
00000000000001001
00000000011001001
STEP 15 P2 MOVE 0 11 0 12
OWN
02220000022220000
00000000000111000
00100000011000002
00100020000020012
00020020000020010
00020020000020010
00120000222020011
00100000000021011
00000000000001001
00000000011001001
STEP 16 P1 MOVE 3 5 4 5
OWN
02220000022220000
00000000000111000
00100000011000002
00100120000020012
00020120000020010
00020020000020010
00120000222020011
00100000000021011
00000000000001001
00000000011001001
STEP 17 P2 MOVE 8 8 9 8
OWN
02220000022220000
00000000000111000
00100000011000002
00100120000020012
00020120000020010
00020020000020010
00120000222020011
00100000000021011
00000000200001001
00000000211001001
STEP 18 P1 MOVE 4 4 6 4
OWN
02220000022220000
00000000000111000
00100000011000002
00100120000020012
00021120000020010
00021020000020010
00121000222020011
00100000000021011
00000000200001001
00000000211001001
STEP 19 P2 MOVE 7 7 8 8
OWN
02220000022220000
00000000000111000
00100000011000002
00100120000020012
00021120000020010
00021020000020010
00121000222020011
00100002200021011
00000002200001001
00000000211001001
STEP 20 P1 MOVE 5 0 6 0
OWN
02220000022220000
00000000000111000
00100000011000002
00100120000020012
00021120000020010
10021020000020010
10121000222020011
00100002200021011
00000002200001001
00000000211001001
STEP 21 P2 MOVE 1 6 2 6
OWN
02220000022220000
00000020000111000
00100020011000002
00100120000020012
00021120000020010
10021020000020010
10121000222020011
00100002200021011
00000002200001001
00000000211001001
STEP 22 P1 MOVE 1 5 1 9
OWN
02220000022220000
00000111110111000
00100020011000002
00100120000020012
00021120000020010
10021020000020010
10121000222020011
00100002200021011
00000002200001001
00000000211001001
STEP 23 P2 MOVE 3 0 4 1
OWN
02220000022220000
00000111110111000
00100020011000002
22100120000020012
22021120000020010
10021020000020010
10121000222020011
00100002200021011
00000002200001001
00000000211001001
STEP 24 P1 MOVE 2 11 3 11
OWN
02220000022220000
00000111110111000
00100020011100002
22100120000120012
22021120000020010
10021020000020010
10121000222020011
00100002200021011
00000002200001001
00000000211001001
STEP 25 P2 MOVE 3 10 3 13
OWN
02220000022220000
00000111110111000
00100020011100002
22100120002222012
22021120000020010
10021020000020010
10121000222020011
00100002200021011
00000002200001001
00000000211001001
STEP 26 P1 MOVE 6 1 6 6
OWN
02220000022220000
00000111110111000
00100020011100002
22100120002222012
22021120000020010
10021020000020010
11111110222020011
00100002200021011
00000002200001001
00000000211001001
STEP 27 P2 MOVE 6 6 7 9
OWN
02220000022220000
00000111110111000
00100020011100002
22100120002222012
22021120000020010
10021020000020010
11111122222020011
00100022220021011
00000002200001001
00000000211001001
STEP 28 P1 MOVE 6 11 6 13
OWN
02220000022220000
00000111110111000
00100020011100002
22100120002222012
22021120000020010
10021020000020010
11111122222111011
00100022220021011
00000002200001001
00000000211001001
STEP 29 P2 MOVE 8 7 9 9
OWN
02220000022220000
00000111110111000
00100020011100002
22100120002222012
22021120000020010
10021020000020010
11111122222111011
00100022220021011
00000002220001001
00000002221001001
STEP 30 P1 MOVE 9 6 9 11
OWN
02220000022220000
00000111110111000
00100020011100002
22100120002222012
22021120000020010
10021020000020010
11111122222111011
00100022220021011
00000002220001001
00000011111101001
STEP 31 P2 MOVE 5 5 7 5
OWN
02220000022220000
00000111110111000
00100020011100002
22100120002222012
22021120000020010
10021220000020010
11111222222111011
00100222220021011
00000002220001001
00000011111101001
STEP 32 P1 MOVE 8 4 9 4
OWN
02220000022220000
00000111110111000
00100020011100002
22100120002222012
22021120000020010
10021220000020010
11111222222111011
00100222220021011
00001002220001001
00001011111101001
STEP 33 P2 MOVE 5 2 7 3
OWN
02220000022220000
00000111110111000
00100020011100002
22100120002222012
22021120000020010
10221220000020010
11221222222111011
00220222220021011
00001002220001001
00001011111101001
STEP 34 P1 MOVE 3 3 8 3
OWN
02220000022220000
00000111110111000
00100020011100002
22110120002222012
22011120000020010
10211220000020010
11211222222111011
00210222220021011
00011002220001001
00001011111101001
STEP 35 P2 MOVE 2 14 2 15
OWN
02220000022220000
00000111110111000
00100020011100222
22110120002222012
22011120000020010
10211220000020010
11211222222111011
00210222220021011
00011002220001001
00001011111101001
STEP 36 P1 MOVE -1 -1 -1 -1
OWN
02220000022220000
00000111110111000
00100020011100222
22110120002222012
22011120000020010
10211220000020010
11211222222111011
00210222220021011
00011002220001001
00001011111101001
STEP 37 P2 MOVE -1 -1 -1 -1
OWN
02220000022220000
00000111110111000
00100020011100222
22110120002222012
22011120000020010
10211220000020010
11211222222111011
00210222220021011
00011002220001001
00001011111101001
RESULT first=50 second=44 winner=1
ANALYSIS winner=P1 score=50-44 reason=Ĺ»ĂëżěŔ§(+3Ä­ »©ľŃŔ˝,2ąčČż°ú) steal(w/l)=10/7 neu(w/l)=47/47
