BOARD
28522545761547722
86727597789543958
54357336786282428
43428692815199231
42188839812483174
48118547919243716
72151651694858219
69453946833655743
77832219864399583
24599689864333918
STEP 0 P1 MOVE 2 2 6 2
OWN
00000000000000000
00000000000000000
00100000000000000
00100000000000000
00100000000000000
00100000000000000
00100000000000000
00000000000000000
00000000000000000
00000000000000000
STEP 1 P2 MOVE 0 10 0 12
OWN
00000000002220000
00000000000000000
00100000000000000
00100000000000000
00100000000000000
00100000000000000
00100000000000000
00000000000000000
00000000000000000
00000000000000000
STEP 2 P1 MOVE 4 1 5 1
OWN
00000000002220000
00000000000000000
00100000000000000
00100000000000000
01100000000000000
01100000000000000
00100000000000000
00000000000000000
00000000000000000
00000000000000000
STEP 3 P2 MOVE 3 3 3 4
OWN
00000000002220000
00000000000000000
00100000000000000
00122000000000000
01100000000000000
01100000000000000
00100000000000000
00000000000000000
00000000000000000
00000000000000000
STEP 4 P1 MOVE 6 6 8 6
OWN
00000000002220000
00000000000000000
00100000000000000
00122000000000000
01100000000000000
01100000000000000
00100010000000000
00000010000000000
00000010000000000
00000000000000000
STEP 5 P2 MOVE 9 10 9 12
OWN
00000000002220000
00000000000000000
00100000000000000
00122000000000000
01100000000000000
01100000000000000
00100010000000000
00000010000000000
00000010000000000
00000000002220000
STEP 6 P1 MOVE 5 9 5 10
OWN
00000000002220000
00000000000000000
00100000000000000
00122000000000000
01100000000000000
01100000011000000
00100010000000000
00000010000000000
00000010000000000
00000000002220000
STEP 7 P2 MOVE 0 0 1 0
OWN
20000000002220000
20000000000000000
00100000000000000
00122000000000000
01100000000000000
01100000011000000
00100010000000000
00000010000000000
00000010000000000
00000000002220000
STEP 8 P1 MOVE 9 14 9 15
OWN
20000000002220000
20000000000000000
00100000000000000
00122000000000000
01100000000000000
01100000011000000
00100010000000000
00000010000000000
00000010000000000
00000000002220110
STEP 9 P2 MOVE 8 9 8 10
OWN
20000000002220000
20000000000000000
00100000000000000
00122000000000000
01100000000000000
01100000011000000
00100010000000000
00000010000000000
00000010022000000
00000000002220110
STEP 10 P1 MOVE 6 12 7 12
OWN
20000000002220000
20000000000000000
00100000000000000
00122000000000000
01100000000000000
01100000011000000
00100010000010000
00000010000010000
00000010022000000
00000000002220110
STEP 11 P2 MOVE 2 12 2 13
OWN
20000000002220000
20000000000000000
00100000000022000
00122000000000000
01100000000000000
01100000011000000
00100010000010000
00000010000010000
00000010022000000
00000000002220110
STEP 12 P1 MOVE 3 14 5 14
OWN
20000000002220000
20000000000000000
00100000000022000
00122000000000100
01100000000000100
01100000011000100
00100010000010000
00000010000010000
00000010022000000
00000000002220110
STEP 13 P2 MOVE 3 11 3 12
OWN
20000000002220000
20000000000000000
00100000000022000
00122000000220100
01100000000000100
01100000011000100
00100010000010000
00000010000010000
00000010022000000
00000000002220110
STEP 14 P1 MOVE 0 16 1 16
OWN
20000000002220001
20000000000000001
00100000000022000
00122000000220100
01100000000000100
01100000011000100
00100010000010000
00000010000010000
00000010022000000
00000000002220110
STEP 15 P2 MOVE 0 13 1 13
OWN
20000000002222001
20000000000002001
00100000000022000
00122000000220100
01100000000000100
01100000011000100
00100010000010000
00000010000010000
00000010022000000
00000000002220110
STEP 16 P1 MOVE 0 5 1 5
OWN
20000100002222001
20000100000002001
00100000000022000
00122000000220100
01100000000000100
01100000011000100
00100010000010000
00000010000010000
00000010022000000
00000000002220110
STEP 17 P2 MOVE 2 4 2 5
OWN
20000100002222001
20000100000002001
00102200000022000
00122000000220100
01100000000000100
01100000011000100
00100010000010000
00000010000010000
00000010022000000
00000000002220110
STEP 18 P1 MOVE 1 1 2 1
OWN
20000100002222001
21000100000002001
01102200000022000
00122000000220100
01100000000000100
01100000011000100
00100010000010000
00000010000010000
00000010022000000
00000000002220110
STEP 19 P2 MOVE 2 15 2 16
OWN
20000100002222001
21000100000002001
01102200000022022
00122000000220100
01100000000000100
01100000011000100
00100010000010000
00000010000010000
00000010022000000
00000000002220110
STEP 20 P1 MOVE 0 15 3 15
OWN
20000100002222011
21000100000002011
01102200000022012
00122000000220110
01100000000000100
01100000011000100
00100010000010000
00000010000010000
00000010022000000
00000000002220110
STEP 21 P2 MOVE 4 13 4 15
OWN
20000100002222011
21000100000002011
01102200000022012
00122000000220110
01100000000002220
01100000011000100
00100010000010000
00000010000010000
00000010022000000
00000000002220110
STEP 22 P1 MOVE 5 11 5 15
OWN
20000100002222011
21000100000002011
01102200000022012
00122000000220110
01100000000002220
01100000011111110
00100010000010000
00000010000010000
00000010022000000
00000000002220110
STEP 23 P2 MOVE 3 13 3 16
OWN
20000100002222011
21000100000002011
01102200000022012
00122000000222222
01100000000002220
01100000011111110
00100010000010000
00000010000010000
00000010022000000
00000000002220110
STEP 24 P1 MOVE 4 16 5 16
OWN
20000100002222011
21000100000002011
01102200000022012
00122000000222222
01100000000002221
01100000011111111
00100010000010000
00000010000010000
00000010022000000
00000000002220110
STEP 25 P2 MOVE 2 9 4 9
OWN
20000100002222011
21000100000002011
01102200020022012
00122000020222222
01100000020002221
01100000011111111
00100010000010000
00000010000010000
00000010022000000
00000000002220110
STEP 26 P1 MOVE 4 8 4 10
OWN
20000100002222011
21000100000002011
01102200020022012
00122000020222222
01100000111002221
01100000011111111
00100010000010000
00000010000010000
00000010022000000
00000000002220110
STEP 27 P2 MOVE 3 7 3 8
OWN
20000100002222011
21000100000002011
01102200020022012
00122002220222222
01100000111002221
01100000011111111
00100010000010000
00000010000010000
00000010022000000
00000000002220110
STEP 28 P1 MOVE 6 13 6 14
OWN
20000100002222011
21000100000002011
01102200020022012
00122002220222222
01100000111002221
01100000011111111
00100010000011100
00000010000010000
00000010022000000
00000000002220110
STEP 29 P2 MOVE 2 0 2 3
OWN
20000100002222011
21000100000002011
22222200020022012
00122002220222222
01100000111002221
01100000011111111
00100010000011100
00000010000010000
00000010022000000
00000000002220110
STEP 30 P1 MOVE 1 3 4 3
OWN
20000100002222011
21010100000002011
22212200020022012
00112002220222222
01110000111002221
01100000011111111
00100010000011100
00000010000010000
00000010022000000
00000000002220110
STEP 31 P2 MOVE 1 1 3 2
OWN
20000100002222011
22210100000002011
22212200020022012
02212002220222222
01110000111002221
01100000011111111
00100010000011100
00000010000010000
00000010022000000
00000000002220110
STEP 32 P1 MOVE 0 1 6 1
OWN
21000100002222011
21210100000002011
21212200020022012
01212002220222222
01110000111002221
01100000011111111
01100010000011100
00000010000010000
00000010022000000
00000000002220110
STEP 33 P2 MOVE 3 0 3 5
OWN
21000100002222011
21210100000002011
21212200020022012
22222202220222222
01110000111002221
01100000011111111
01100010000011100
00000010000010000
00000010022000000
00000000002220110
STEP 34 P1 MOVE 6 15 6 16
OWN
21000100002222011
21210100000002011
21212200020022012
22222202220222222
01110000111002221
01100000011111111
01100010000011111
00000010000010000
00000010022000000
00000000002220110
STEP 35 P2 MOVE -1 -1 -1 -1
OWN
21000100002222011
21210100000002011
21212200020022012
22222202220222222
01110000111002221
01100000011111111
01100010000011111
00000010000010000
00000010022000000
00000000002220110
STEP 36 P1 MOVE -1 -1 -1 -1
OWN
21000100002222011
21210100000002011
21212200020022012
22222202220222222
01110000111002221
01100000011111111
01100010000011111
00000010000010000
00000010022000000
00000000002220110
RESULT first=42 second=39 winner=1
ANALYSIS winner=P1 score=42-39 reason=şóÄ­Ľ±Áˇ(+7) / Ľ±°řŔĚÁˇ steal(w/l)=7/9 neu(w/l)=44/37
