BOARD
63168734558549312
79212564332445498
77886949395578598
54331763173212398
41256513117177244
95876841471728272
82236117799334256
39239349795636614
66489926739758313
11512646147363434
STEP 0 P1 MOVE 9 0 9 4
OWN
00000000000000000
00000000000000000
00000000000000000
00000000000000000
00000000000000000
00000000000000000
00000000000000000
00000000000000000
00000000000000000
11111000000000000
STEP 1 P2 MOVE 0 2 1 3
OWN
00220000000000000
00220000000000000
00000000000000000
00000000000000000
00000000000000000
00000000000000000
00000000000000000
00000000000000000
00000000000000000
11111000000000000
STEP 2 P1 MOVE 3 1 4 2
OWN
00220000000000000
00220000000000000
00000000000000000
01100000000000000
01100000000000000
00000000000000000
00000000000000000
00000000000000000
00000000000000000
11111000000000000
STEP 3 P2 MOVE 4 5 4 8
OWN
00220000000000000
00220000000000000
00000000000000000
01100000000000000
01100222200000000
00000000000000000
00000000000000000
00000000000000000
00000000000000000
11111000000000000
STEP 4 P1 MOVE 1 7 1 9
OWN
00220000000000000
00220001110000000
00000000000000000
01100000000000000
01100222200000000
00000000000000000
00000000000000000
00000000000000000
00000000000000000
11111000000000000
STEP 5 P2 MOVE 2 14 4 14
OWN
00220000000000000
00220001110000000
00000000000000200
01100000000000200
01100222200000200
00000000000000000
00000000000000000
00000000000000000
00000000000000000
11111000000000000
STEP 6 P1 MOVE 7 6 9 6
OWN
00220000000000000
00220001110000000
00000000000000200
01100000000000200
01100222200000200
00000000000000000
00000000000000000
00000010000000000
00000010000000000
11111010000000000
STEP 7 P2 MOVE 6 15 9 15
OWN
00220000000000000
00220001110000000
00000000000000200
01100000000000200
01100222200000200
00000000000000000
00000000000000020
00000010000000020
00000010000000020
11111010000000020
STEP 8 P1 MOVE 7 14 7 16
OWN
00220000000000000
00220001110000000
00000000000000200
01100000000000200
01100222200000200
00000000000000000
00000000000000020
00000010000000111
00000010000000020
11111010000000020
STEP 9 P2 MOVE 3 11 5 11
OWN
00220000000000000
00220001110000000
00000000000000200
01100000000200200
01100222200200200
00000000000200000
00000000000000020
00000010000000111
00000010000000020
11111010000000020
STEP 10 P1 MOVE 3 6 5 6
OWN
00220000000000000
00220001110000000
00000000000000200
01100010000200200
01100212200200200
00000010000200000
00000000000000020
00000010000000111
00000010000000020
11111010000000020
STEP 11 P2 MOVE 8 11 9 11
OWN
00220000000000000
00220001110000000
00000000000000200
01100010000200200
01100212200200200
00000010000200000
00000000000000020
00000010000000111
00000010000200020
11111010000200020
STEP 12 P1 MOVE 1 6 2 6
OWN
00220000000000000
00220011110000000
00000010000000200
01100010000200200
01100212200200200
00000010000200000
00000000000000020
00000010000000111
00000010000200020
11111010000200020
STEP 13 P2 MOVE 1 10 3 10
OWN
00220000000000000
00220011112000000
00000010002000200
01100010002200200
01100212200200200
00000010000200000
00000000000000020
00000010000000111
00000010000200020
11111010000200020
STEP 14 P1 MOVE 5 9 5 12
OWN
00220000000000000
00220011112000000
00000010002000200
01100010002200200
01100212200200200
00000010011110000
00000000000000020
00000010000000111
00000010000200020
11111010000200020
STEP 15 P2 MOVE 8 8 8 9
OWN
00220000000000000
00220011112000000
00000010002000200
01100010002200200
01100212200200200
00000010011110000
00000000000000020
00000010000000111
00000010220200020
11111010000200020
STEP 16 P1 MOVE 4 9 6 9
OWN
00220000000000000
00220011112000000
00000010002000200
01100010002200200
01100212210200200
00000010011110000
00000000010000020
00000010000000111
00000010220200020
11111010000200020
STEP 17 P2 MOVE 5 5 6 6
OWN
00220000000000000
00220011112000000
00000010002000200
01100010002200200
01100212210200200
00000220011110000
00000220010000020
00000010000000111
00000010220200020
11111010000200020
STEP 18 P1 MOVE 6 2 7 3
OWN
00220000000000000
00220011112000000
00000010002000200
01100010002200200
01100212210200200
00000220011110000
00110220010000020
00110010000000111
00000010220200020
11111010000200020
STEP 19 P2 MOVE 6 11 6 13
OWN
00220000000000000
00220011112000000
00000010002000200
01100010002200200
01100212210200200
00000220011110000
00110220010222020
00110010000000111
00000010220200020
11111010000200020
STEP 20 P1 MOVE 3 9 3 13
OWN
00220000000000000
00220011112000000
00000010002000200
01100010011111200
01100212210200200
00000220011110000
00110220010222020
00110010000000111
00000010220200020
11111010000200020
STEP 21 P2 MOVE 4 12 7 12
OWN
00220000000000000
00220011112000000
00000010002000200
01100010011111200
01100212210220200
00000220011120000
00110220010222020
00110010000020111
00000010220200020
11111010000200020
STEP 22 P1 MOVE 3 8 3 15
OWN
00220000000000000
00220011112000000
00000010002000200
01100010111111110
01100212210220200
00000220011120000
00110220010222020
00110010000020111
00000010220200020
11111010000200020
STEP 23 P2 MOVE 3 7 4 10
OWN
00220000000000000
00220011112000000
00000010002000200
01100012222111110
01100212222220200
00000220011120000
00110220010222020
00110010000020111
00000010220200020
11111010000200020
STEP 24 P1 MOVE 2 7 5 7
OWN
00220000000000000
00220011112000000
00000011002000200
01100011222111110
01100211222220200
00000221011120000
00110220010222020
00110010000020111
00000010220200020
11111010000200020
STEP 25 P2 MOVE 3 5 7 5
OWN
00220000000000000
00220011112000000
00000011002000200
01100211222111110
01100211222220200
00000221011120000
00110220010222020
00110210000020111
00000010220200020
11111010000200020
STEP 26 P1 MOVE 5 4 5 8
OWN
00220000000000000
00220011112000000
00000011002000200
01100211222111110
01100211222220200
00001111111120000
00110220010222020
00110210000020111
00000010220200020
11111010000200020
STEP 27 P2 MOVE 2 8 6 8
OWN
00220000000000000
00220011112000000
00000011202000200
01100211222111110
01100211222220200
00001111211120000
00110220210222020
00110210000020111
00000010220200020
11111010000200020
STEP 28 P1 MOVE 0 5 0 6
OWN
00220110000000000
00220011112000000
00000011202000200
01100211222111110
01100211222220200
00001111211120000
00110220210222020
00110210000020111
00000010220200020
11111010000200020
STEP 29 P2 MOVE 0 4 1 4
OWN
00222110000000000
00222011112000000
00000011202000200
01100211222111110
01100211222220200
00001111211120000
00110220210222020
00110210000020111
00000010220200020
11111010000200020
STEP 30 P1 MOVE 0 8 0 9
OWN
00222110110000000
00222011112000000
00000011202000200
01100211222111110
01100211222220200
00001111211120000
00110220210222020
00110210000020111
00000010220200020
11111010000200020
STEP 31 P2 MOVE 0 15 1 15
OWN
00222110110000020
00222011112000020
00000011202000200
01100211222111110
01100211222220200
00001111211120000
00110220210222020
00110210000020111
00000010220200020
11111010000200020
STEP 32 P1 MOVE 0 16 1 16
OWN
00222110110000021
00222011112000021
00000011202000200
01100211222111110
01100211222220200
00001111211120000
00110220210222020
00110210000020111
00000010220200020
11111010000200020
STEP 33 P2 MOVE 5 13 5 14
OWN
00222110110000021
00222011112000021
00000011202000200
01100211222111110
01100211222220200
00001111211122200
00110220210222020
00110210000020111
00000010220200020
11111010000200020
STEP 34 P1 MOVE 6 0 6 1
OWN
00222110110000021
00222011112000021
00000011202000200
01100211222111110
01100211222220200
00001111211122200
11110220210222020
00110210000020111
00000010220200020
11111010000200020
STEP 35 P2 MOVE 8 1 8 2
OWN
00222110110000021
00222011112000021
00000011202000200
01100211222111110
01100211222220200
00001111211122200
11110220210222020
00110210000020111
02200010220200020
11111010000200020
STEP 36 P1 MOVE -1 -1 -1 -1
OWN
00222110110000021
00222011112000021
00000011202000200
01100211222111110
01100211222220200
00001111211122200
11110220210222020
00110210000020111
02200010220200020
11111010000200020
STEP 37 P2 MOVE -1 -1 -1 -1
OWN
00222110110000021
00222011112000021
00000011202000200
01100211222111110
01100211222220200
00001111211122200
11110220210222020
00110210000020111
02200010220200020
11111010000200020
RESULT first=50 second=44 winner=1
ANALYSIS winner=P1 score=50-44 reason=Ĺ»ĂëżěŔ§(+3Ä­ »©ľŃŔ˝,2ąčČż°ú) steal(w/l)=10/7 neu(w/l)=47/47
