BOARD
53791683765121783
64553765918348679
35176762671875552
34366632882917955
64529525124671282
78556473659817551
81114241823127555
64869656843315745
45857185914317287
29763272259866986
STEP 0 P1 MOVE 2 16 5 16
OWN
00000000000000000
00000000000000000
00000000000000001
00000000000000001
00000000000000001
00000000000000001
00000000000000000
00000000000000000
00000000000000000
00000000000000000
STEP 1 P2 MOVE 0 11 1 12
OWN
00000000000220000
00000000000220000
00000000000000001
00000000000000001
00000000000000001
00000000000000001
00000000000000000
00000000000000000
00000000000000000
00000000000000000
STEP 2 P1 MOVE 4 6 4 9
OWN
00000000000220000
00000000000220000
00000000000000001
00000000000000001
00000011110000001
00000000000000001
00000000000000000
00000000000000000
00000000000000000
00000000000000000
STEP 3 P2 MOVE 0 4 2 4
OWN
00002000000220000
00002000000220000
00002000000000001
00000000000000001
00000011110000001
00000000000000001
00000000000000000
00000000000000000
00000000000000000
00000000000000000
STEP 4 P1 MOVE 5 7 7 7
OWN
00002000000220000
00002000000220000
00002000000000001
00000000000000001
00000011110000001
00000001000000001
00000001000000000
00000001000000000
00000000000000000
00000000000000000
STEP 5 P2 MOVE 0 7 2 7
OWN
00002002000220000
00002002000220000
00002002000000001
00000000000000001
00000011110000001
00000001000000001
00000001000000000
00000001000000000
00000000000000000
00000000000000000
STEP 6 P1 MOVE 3 0 3 2
OWN
00002002000220000
00002002000220000
00002002000000001
11100000000000001
00000011110000001
00000001000000001
00000001000000000
00000001000000000
00000000000000000
00000000000000000
STEP 7 P2 MOVE 6 0 6 2
OWN
00002002000220000
00002002000220000
00002002000000001
11100000000000001
00000011110000001
00000001000000001
22200001000000000
00000001000000000
00000000000000000
00000000000000000
STEP 8 P1 MOVE 6 15 6 16
OWN
00002002000220000
00002002000220000
00002002000000001
11100000000000001
00000011110000001
00000001000000001
22200001000000011
00000001000000000
00000000000000000
00000000000000000
STEP 9 P2 MOVE 5 4 6 4
OWN
00002002000220000
00002002000220000
00002002000000001
11100000000000001
00000011110000001
00002001000000001
22202001000000011
00000001000000000
00000000000000000
00000000000000000
STEP 10 P1 MOVE 2 14 2 15
OWN
00002002000220000
00002002000220000
00002002000000111
11100000000000001
00000011110000001
00002001000000001
22202001000000011
00000001000000000
00000000000000000
00000000000000000
STEP 11 P2 MOVE 4 12 4 14
OWN
00002002000220000
00002002000220000
00002002000000111
11100000000000001
00000011110022201
00002001000000001
22202001000000011
00000001000000000
00000000000000000
00000000000000000
STEP 12 P1 MOVE 6 12 9 12
OWN
00002002000220000
00002002000220000
00002002000000111
11100000000000001
00000011110022201
00002001000000001
22202001000010011
00000001000010000
00000000000010000
00000000000010000
STEP 13 P2 MOVE 6 10 7 11
OWN
00002002000220000
00002002000220000
00002002000000111
11100000000000001
00000011110022201
00002001000000001
22202001002210011
00000001002210000
00000000000010000
00000000000010000
STEP 14 P1 MOVE 8 11 8 13
OWN
00002002000220000
00002002000220000
00002002000000111
11100000000000001
00000011110022201
00002001000000001
22202001002210011
00000001002210000
00000000000111000
00000000000010000
STEP 15 P2 MOVE 7 9 9 9
OWN
00002002000220000
00002002000220000
00002002000000111
11100000000000001
00000011110022201
00002001000000001
22202001002210011
00000001022210000
00000000020111000
00000000020010000
STEP 16 P1 MOVE 5 2 5 3
OWN
00002002000220000
00002002000220000
00002002000000111
11100000000000001
00000011110022201
00112001000000001
22202001002210011
00000001022210000
00000000020111000
00000000020010000
STEP 17 P2 MOVE 7 0 8 0
OWN
00002002000220000
00002002000220000
00002002000000111
11100000000000001
00000011110022201
00112001000000001
22202001002210011
20000001022210000
20000000020111000
00000000020010000
STEP 18 P1 MOVE 1 0 1 1
OWN
00002002000220000
11002002000220000
00002002000000111
11100000000000001
00000011110022201
00112001000000001
22202001002210011
20000001022210000
20000000020111000
00000000020010000
STEP 19 P2 MOVE 5 14 5 15
OWN
00002002000220000
11002002000220000
00002002000000111
11100000000000001
00000011110022201
00112001000000221
22202001002210011
20000001022210000
20000000020111000
00000000020010000
STEP 20 P1 MOVE 1 2 1 3
OWN
00002002000220000
11112002000220000
00002002000000111
11100000000000001
00000011110022201
00112001000000221
22202001002210011
20000001022210000
20000000020111000
00000000020010000
STEP 21 P2 MOVE 0 1 0 2
OWN
02202002000220000
11112002000220000
00002002000000111
11100000000000001
00000011110022201
00112001000000221
22202001002210011
20000001022210000
20000000020111000
00000000020010000
STEP 22 P1 MOVE 1 8 1 9
OWN
02202002000220000
11112002110220000
00002002000000111
11100000000000001
00000011110022201
00112001000000221
22202001002210011
20000001022210000
20000000020111000
00000000020010000
STEP 23 P2 MOVE 3 7 3 8
OWN
02202002000220000
11112002110220000
00002002000000111
11100002200000001
00000011110022201
00112001000000221
22202001002210011
20000001022210000
20000000020111000
00000000020010000
STEP 24 P1 MOVE 3 11 3 12
OWN
02202002000220000
11112002110220000
00002002000000111
11100002200110001
00000011110022201
00112001000000221
22202001002210011
20000001022210000
20000000020111000
00000000020010000
STEP 25 P2 MOVE 4 10 4 11
OWN
02202002000220000
11112002110220000
00002002000000111
11100002200110001
00000011112222201
00112001000000221
22202001002210011
20000001022210000
20000000020111000
00000000020010000
STEP 26 P1 MOVE 6 8 6 9
OWN
02202002000220000
11112002110220000
00002002000000111
11100002200110001
00000011112222201
00112001000000221
22202001112210011
20000001022210000
20000000020111000
00000000020010000
STEP 27 P2 MOVE 8 4 9 4
OWN
02202002000220000
11112002110220000
00002002000000111
11100002200110001
00000011112222201
00112001000000221
22202001112210011
20000001022210000
20002000020111000
00002000020010000
STEP 28 P1 MOVE 8 14 8 15
OWN
02202002000220000
11112002110220000
00002002000000111
11100002200110001
00000011112222201
00112001000000221
22202001112210011
20000001022210000
20002000020111110
00002000020010000
STEP 29 P2 MOVE 4 0 4 1
OWN
02202002000220000
11112002110220000
00002002000000111
11100002200110001
22000011112222201
00112001000000221
22202001112210011
20000001022210000
20002000020111110
00002000020010000
STEP 30 P1 MOVE 2 0 5 0
OWN
02202002000220000
11112002110220000
10002002000000111
11100002200110001
12000011112222201
10112001000000221
22202001112210011
20000001022210000
20002000020111110
00002000020010000
STEP 31 P2 MOVE 0 0 2 1
OWN
22202002000220000
22112002110220000
22002002000000111
11100002200110001
12000011112222201
10112001000000221
22202001112210011
20000001022210000
20002000020111110
00002000020010000
STEP 32 P1 MOVE -1 -1 -1 -1
OWN
22202002000220000
22112002110220000
22002002000000111
11100002200110001
12000011112222201
10112001000000221
22202001112210011
20000001022210000
20002000020111110
00002000020010000
STEP 33 P2 MOVE -1 -1 -1 -1
OWN
22202002000220000
22112002110220000
22002002000000111
11100002200110001
12000011112222201
10112001000000221
22202001112210011
20000001022210000
20002000020111110
00002000020010000
RESULT first=38 second=43 winner=2
ANALYSIS winner=P2 score=38-43 reason=斬模犒м辦嬪 steal(w/l)=3/1 neu(w/l)=41/40
