BOARD
28982651241762525
87921349853554146
24142118412787793
58341146293291794
72618874357321364
98786459454361832
71721799877464272
48888831177923561
28241891143383887
17793373233872169
STEP 0 P1 MOVE 4 12 5 13
OWN
00000000000000000
00000000000000000
00000000000000000
00000000000000000
00000000000011000
00000000000011000
00000000000000000
00000000000000000
00000000000000000
00000000000000000
STEP 1 P2 MOVE 6 3 6 5
OWN
00000000000000000
00000000000000000
00000000000000000
00000000000000000
00000000000011000
00000000000011000
00022200000000000
00000000000000000
00000000000000000
00000000000000000
STEP 2 P1 MOVE 1 3 1 6
OWN
00000000000000000
00011110000000000
00000000000000000
00000000000000000
00000000000011000
00000000000011000
00022200000000000
00000000000000000
00000000000000000
00000000000000000
STEP 3 P2 MOVE 2 9 2 11
OWN
00000000000000000
00011110000000000
00000000022200000
00000000000000000
00000000000011000
00000000000011000
00022200000000000
00000000000000000
00000000000000000
00000000000000000
STEP 4 P1 MOVE 9 12 9 14
OWN
00000000000000000
00011110000000000
00000000022200000
00000000000000000
00000000000011000
00000000000011000
00022200000000000
00000000000000000
00000000000000000
00000000000011100
STEP 5 P2 MOVE 6 13 8 13
OWN
00000000000000000
00011110000000000
00000000022200000
00000000000000000
00000000000011000
00000000000011000
00022200000002000
00000000000002000
00000000000002000
00000000000011100
STEP 6 P1 MOVE 3 16 5 16
OWN
00000000000000000
00011110000000000
00000000022200000
00000000000000001
00000000000011001
00000000000011001
00022200000002000
00000000000002000
00000000000002000
00000000000011100
STEP 7 P2 MOVE 2 4 3 6
OWN
00000000000000000
00011110000000000
00002220022200000
00002220000000001
00000000000011001
00000000000011001
00022200000002000
00000000000002000
00000000000002000
00000000000011100
STEP 8 P1 MOVE 6 11 6 12
OWN
00000000000000000
00011110000000000
00002220022200000
00002220000000001
00000000000011001
00000000000011001
00022200000112000
00000000000002000
00000000000002000
00000000000011100
STEP 9 P2 MOVE 8 0 8 1
OWN
00000000000000000
00011110000000000
00002220022200000
00002220000000001
00000000000011001
00000000000011001
00022200000112000
00000000000002000
22000000000002000
00000000000011100
STEP 10 P1 MOVE 9 5 9 6
OWN
00000000000000000
00011110000000000
00002220022200000
00002220000000001
00000000000011001
00000000000011001
00022200000112000
00000000000002000
22000000000002000
00000110000011100
STEP 11 P2 MOVE 6 8 8 8
OWN
00000000000000000
00011110000000000
00002220022200000
00002220000000001
00000000000011001
00000000000011001
00022200200112000
00000000200002000
22000000200002000
00000110000011100
STEP 12 P1 MOVE 6 16 8 16
OWN
00000000000000000
00011110000000000
00002220022200000
00002220000000001
00000000000011001
00000000000011001
00022200200112001
00000000200002001
22000000200002001
00000110000011100
STEP 13 P2 MOVE 1 15 1 16
OWN
00000000000000000
00011110000000022
00002220022200000
00002220000000001
00000000000011001
00000000000011001
00022200200112001
00000000200002001
22000000200002001
00000110000011100
STEP 14 P1 MOVE 0 0 1 0
OWN
10000000000000000
10011110000000022
00002220022200000
00002220000000001
00000000000011001
00000000000011001
00022200200112001
00000000200002001
22000000200002001
00000110000011100
STEP 15 P2 MOVE 8 6 8 7
OWN
10000000000000000
10011110000000022
00002220022200000
00002220000000001
00000000000011001
00000000000011001
00022200200112001
00000000200002001
22000022200002001
00000110000011100
STEP 16 P1 MOVE 1 11 1 12
OWN
10000000000000000
10011110000110022
00002220022200000
00002220000000001
00000000000011001
00000000000011001
00022200200112001
00000000200002001
22000022200002001
00000110000011100
STEP 17 P2 MOVE 4 9 5 9
OWN
10000000000000000
10011110000110022
00002220022200000
00002220000000001
00000000020011001
00000000020011001
00022200200112001
00000000200002001
22000022200002001
00000110000011100
STEP 18 P1 MOVE 4 1 5 1
OWN
10000000000000000
10011110000110022
00002220022200000
00002220000000001
01000000020011001
01000000020011001
00022200200112001
00000000200002001
22000022200002001
00000110000011100
STEP 19 P2 MOVE 0 7 1 7
OWN
10000002000000000
10011112000110022
00002220022200000
00002220000000001
01000000020011001
01000000020011001
00022200200112001
00000000200002001
22000022200002001
00000110000011100
STEP 20 P1 MOVE 0 4 4 4
OWN
10001002000000000
10011112000110022
00001220022200000
00001220000000001
01001000020011001
01000000020011001
00022200200112001
00000000200002001
22000022200002001
00000110000011100
STEP 21 P2 MOVE 3 3 3 7
OWN
10001002000000000
10011112000110022
00001220022200000
00022222000000001
01001000020011001
01000000020011001
00022200200112001
00000000200002001
22000022200002001
00000110000011100
STEP 22 P1 MOVE 6 7 7 7
OWN
10001002000000000
10011112000110022
00001220022200000
00022222000000001
01001000020011001
01000000020011001
00022201200112001
00000001200002001
22000022200002001
00000110000011100
STEP 23 P2 MOVE 7 12 8 12
OWN
10001002000000000
10011112000110022
00001220022200000
00022222000000001
01001000020011001
01000000020011001
00022201200112001
00000001200022001
22000022200022001
00000110000011100
STEP 24 P1 MOVE 7 6 7 9
OWN
10001002000000000
10011112000110022
00001220022200000
00022222000000001
01001000020011001
01000000020011001
00022201200112001
00000011110022001
22000022200022001
00000110000011100
STEP 25 P2 MOVE 5 15 6 15
OWN
10001002000000000
10011112000110022
00001220022200000
00022222000000001
01001000020011001
01000000020011021
00022201200112021
00000011110022001
22000022200022001
00000110000011100
STEP 26 P1 MOVE 5 4 5 5
OWN
10001002000000000
10011112000110022
00001220022200000
00022222000000001
01001000020011001
01001100020011021
00022201200112021
00000011110022001
22000022200022001
00000110000011100
STEP 27 P2 MOVE 7 2 8 2
OWN
10001002000000000
10011112000110022
00001220022200000
00022222000000001
01001000020011001
01001100020011021
00022201200112021
00200011110022001
22200022200022001
00000110000011100
STEP 28 P1 MOVE 5 14 6 14
OWN
10001002000000000
10011112000110022
00001220022200000
00022222000000001
01001000020011001
01001100020011121
00022201200112121
00200011110022001
22200022200022001
00000110000011100
STEP 29 P2 MOVE 1 2 2 2
OWN
10001002000000000
10211112000110022
00201220022200000
00022222000000001
01001000020011001
01001100020011121
00022201200112121
00200011110022001
22200022200022001
00000110000011100
STEP 30 P1 MOVE 2 0 2 3
OWN
10001002000000000
10211112000110022
11111220022200000
00022222000000001
01001000020011001
01001100020011121
00022201200112121
00200011110022001
22200022200022001
00000110000011100
STEP 31 P2 MOVE 3 10 4 10
OWN
10001002000000000
10211112000110022
11111220022200000
00022222002000001
01001000022011001
01001100020011121
00022201200112121
00200011110022001
22200022200022001
00000110000011100
STEP 32 P1 MOVE 3 14 4 14
OWN
10001002000000000
10211112000110022
11111220022200000
00022222002000101
01001000022011101
01001100020011121
00022201200112121
00200011110022001
22200022200022001
00000110000011100
STEP 33 P2 MOVE 4 10 5 11
OWN
10001002000000000
10211112000110022
11111220022200000
00022222002000101
01001000022211101
01001100022211121
00022201200112121
00200011110022001
22200022200022001
00000110000011100
STEP 34 P1 MOVE 1 10 6 10
OWN
10001002000000000
10211112001110022
11111220021200000
00022222001000101
01001000021211101
01001100021211121
00022201201112121
00200011110022001
22200022200022001
00000110000011100
STEP 35 P2 MOVE 0 9 1 10
OWN
10001002022000000
10211112022110022
11111220021200000
00022222001000101
01001000021211101
01001100021211121
00022201201112121
00200011110022001
22200022200022001
00000110000011100
STEP 36 P1 MOVE 3 12 3 13
OWN
10001002022000000
10211112022110022
11111220021200000
00022222001011101
01001000021211101
01001100021211121
00022201201112121
00200011110022001
22200022200022001
00000110000011100
STEP 37 P2 MOVE 8 9 8 11
OWN
10001002022000000
10211112022110022
11111220021200000
00022222001011101
01001000021211101
01001100021211121
00022201201112121
00200011110022001
22200022222222001
00000110000011100
STEP 38 P1 MOVE 2 11 3 12
OWN
10001002022000000
10211112022110022
11111220021110000
00022222001111101
01001000021211101
01001100021211121
00022201201112121
00200011110022001
22200022222222001
00000110000011100
STEP 39 P2 MOVE 6 9 9 9
OWN
10001002022000000
10211112022110022
11111220021110000
00022222001111101
01001000021211101
01001100021211121
00022201221112121
00200011120022001
22200022222222001
00000110020011100
STEP 40 P1 MOVE 0 8 1 8
OWN
10001002122000000
10211112122110022
11111220021110000
00022222001111101
01001000021211101
01001100021211121
00022201221112121
00200011120022001
22200022222222001
00000110020011100
STEP 41 P2 MOVE -1 -1 -1 -1
OWN
10001002122000000
10211112122110022
11111220021110000
00022222001111101
01001000021211101
01001100021211121
00022201221112121
00200011120022001
22200022222222001
00000110020011100
STEP 42 P1 MOVE -1 -1 -1 -1
OWN
10001002122000000
10211112122110022
11111220021110000
00022222001111101
01001000021211101
01001100021211121
00022201221112121
00200011120022001
22200022222222001
00000110020011100
RESULT first=56 second=45 winner=1
ANALYSIS winner=P1 score=56-45 reason=Ĺ»ĂëżěŔ§(+6Ä­ »©ľŃŔ˝,2ąčČż°ú) steal(w/l)=9/3 neu(w/l)=50/51
