BOARD
13512149666525767
44911536269751196
19916673684458359
52952846167297973
61523586686775124
76477425484266819
34932975831969691
21891729342176793
29344859387618348
22354214113259655
STEP 0 P1 MOVE 9 6 9 10
OWN
00000000000000000
00000000000000000
00000000000000000
00000000000000000
00000000000000000
00000000000000000
00000000000000000
00000000000000000
00000000000000000
00000011111000000
STEP 1 P2 MOVE 0 3 4 3
OWN
00020000000000000
00020000000000000
00020000000000000
00020000000000000
00020000000000000
00000000000000000
00000000000000000
00000000000000000
00000000000000000
00000011111000000
STEP 2 P1 MOVE 0 1 0 4
OWN
01111000000000000
00020000000000000
00020000000000000
00020000000000000
00020000000000000
00000000000000000
00000000000000000
00000000000000000
00000000000000000
00000011111000000
STEP 3 P2 MOVE 6 9 7 10
OWN
01111000000000000
00020000000000000
00020000000000000
00020000000000000
00020000000000000
00000000000000000
00000000022000000
00000000022000000
00000000000000000
00000011111000000
STEP 4 P1 MOVE 6 0 7 1
OWN
01111000000000000
00020000000000000
00020000000000000
00020000000000000
00020000000000000
00000000000000000
11000000022000000
11000000022000000
00000000000000000
00000011111000000
STEP 5 P2 MOVE 1 0 3 0
OWN
01111000000000000
20020000000000000
20020000000000000
20020000000000000
00020000000000000
00000000000000000
11000000022000000
11000000022000000
00000000000000000
00000011111000000
STEP 6 P1 MOVE 5 4 7 4
OWN
01111000000000000
20020000000000000
20020000000000000
20020000000000000
00020000000000000
00001000000000000
11001000022000000
11001000022000000
00000000000000000
00000011111000000
STEP 7 P2 MOVE 5 15 6 15
OWN
01111000000000000
20020000000000000
20020000000000000
20020000000000000
00020000000000000
00001000000000020
11001000022000020
11001000022000000
00000000000000000
00000011111000000
STEP 8 P1 MOVE 4 10 5 10
OWN
01111000000000000
20020000000000000
20020000000000000
20020000000000000
00020000001000000
00001000001000020
11001000022000020
11001000022000000
00000000000000000
00000011111000000
STEP 9 P2 MOVE 5 3 6 3
OWN
01111000000000000
20020000000000000
20020000000000000
20020000000000000
00020000001000000
00021000001000020
11021000022000020
11001000022000000
00000000000000000
00000011111000000
STEP 10 P1 MOVE 5 2 5 6
OWN
01111000000000000
20020000000000000
20020000000000000
20020000000000000
00020000001000000
00111110001000020
11021000022000020
11001000022000000
00000000000000000
00000011111000000
STEP 11 P2 MOVE 5 7 6 7
OWN
01111000000000000
20020000000000000
20020000000000000
20020000000000000
00020000001000000
00111112001000020
11021002022000020
11001000022000000
00000000000000000
00000011111000000
STEP 12 P1 MOVE 4 8 5 8
OWN
01111000000000000
20020000000000000
20020000000000000
20020000000000000
00020000101000000
00111112101000020
11021002022000020
11001000022000000
00000000000000000
00000011111000000
STEP 13 P2 MOVE 5 9 5 11
OWN
01111000000000000
20020000000000000
20020000000000000
20020000000000000
00020000101000000
00111112122200020
11021002022000020
11001000022000000
00000000000000000
00000011111000000
STEP 14 P1 MOVE 7 14 8 14
OWN
01111000000000000
20020000000000000
20020000000000000
20020000000000000
00020000101000000
00111112122200020
11021002022000020
11001000022000100
00000000000000100
00000011111000000
STEP 15 P2 MOVE 3 15 3 16
OWN
01111000000000000
20020000000000000
20020000000000000
20020000000000022
00020000101000000
00111112122200020
11021002022000020
11001000022000100
00000000000000100
00000011111000000
STEP 16 P1 MOVE 8 5 9 5
OWN
01111000000000000
20020000000000000
20020000000000000
20020000000000022
00020000101000000
00111112122200020
11021002022000020
11001000022000100
00000100000000100
00000111111000000
STEP 17 P2 MOVE 9 1 9 3
OWN
01111000000000000
20020000000000000
20020000000000000
20020000000000022
00020000101000000
00111112122200020
11021002022000020
11001000022000100
00000100000000100
02220111111000000
STEP 18 P1 MOVE 3 4 3 5
OWN
01111000000000000
20020000000000000
20020000000000000
20021100000000022
00020000101000000
00111112122200020
11021002022000020
11001000022000100
00000100000000100
02220111111000000
STEP 19 P2 MOVE 9 15 9 16
OWN
01111000000000000
20020000000000000
20020000000000000
20021100000000022
00020000101000000
00111112122200020
11021002022000020
11001000022000100
00000100000000100
02220111111000022
STEP 20 P1 MOVE 8 14 9 15
OWN
01111000000000000
20020000000000000
20020000000000000
20021100000000022
00020000101000000
00111112122200020
11021002022000020
11001000022000100
00000100000000110
02220111111000112
STEP 21 P2 MOVE 1 12 2 12
OWN
01111000000000000
20020000000020000
20020000000020000
20021100000000022
00020000101000000
00111112122200020
11021002022000020
11001000022000100
00000100000000110
02220111111000112
STEP 22 P1 MOVE 1 4 4 4
OWN
01111000000000000
20021000000020000
20021000000020000
20021100000000022
00021000101000000
00111112122200020
11021002022000020
11001000022000100
00000100000000110
02220111111000112
STEP 23 P2 MOVE 4 2 4 5
OWN
01111000000000000
20021000000020000
20021000000020000
20021100000000022
00222200101000000
00111112122200020
11021002022000020
11001000022000100
00000100000000110
02220111111000112
STEP 24 P1 MOVE 5 16 6 16
OWN
01111000000000000
20021000000020000
20021000000020000
20021100000000022
00222200101000000
00111112122200021
11021002022000021
11001000022000100
00000100000000110
02220111111000112
STEP 25 P2 MOVE 1 14 1 15
OWN
01111000000000000
20021000000020220
20021000000020000
20021100000000022
00222200101000000
00111112122200021
11021002022000021
11001000022000100
00000100000000110
02220111111000112
STEP 26 P1 MOVE 0 14 2 14
OWN
01111000000000100
20021000000020120
20021000000020100
20021100000000022
00222200101000000
00111112122200021
11021002022000021
11001000022000100
00000100000000110
02220111111000112
STEP 27 P2 MOVE 3 14 4 14
OWN
01111000000000100
20021000000020120
20021000000020100
20021100000000222
00222200101000200
00111112122200021
11021002022000021
11001000022000100
00000100000000110
02220111111000112
STEP 28 P1 MOVE 2 6 2 7
OWN
01111000000000100
20021000000020120
20021011000020100
20021100000000222
00222200101000200
00111112122200021
11021002022000021
11001000022000100
00000100000000110
02220111111000112
STEP 29 P2 MOVE 2 5 3 6
OWN
01111000000000100
20021000000020120
20021221000020100
20021220000000222
00222200101000200
00111112122200021
11021002022000021
11001000022000100
00000100000000110
02220111111000112
STEP 30 P1 MOVE -1 -1 -1 -1
OWN
01111000000000100
20021000000020120
20021221000020100
20021220000000222
00222200101000200
00111112122200021
11021002022000021
11001000022000100
00000100000000110
02220111111000112
STEP 31 P2 MOVE -1 -1 -1 -1
OWN
01111000000000100
20021000000020120
20021221000020100
20021220000000222
00222200101000200
00111112122200021
11021002022000021
11001000022000100
00000100000000110
02220111111000112
RESULT first=39 second=37 winner=1
ANALYSIS winner=P1 score=39-37 reason=Ľ±°řŔĚÁˇ steal(w/l)=4/4 neu(w/l)=39/37
