BOARD
47231514792668411
62274397831621586
94726599637694564
69956916926225265
57168871954752941
19448868229613741
67595989662474482
31986484929236816
16594164119251759
27992172197985528
STEP 0 P1 MOVE 4 15 5 16
OWN
00000000000000000
00000000000000000
00000000000000000
00000000000000000
00000000000000011
00000000000000011
00000000000000000
00000000000000000
00000000000000000
00000000000000000
STEP 1 P2 MOVE 1 10 1 13
OWN
00000000000000000
00000000002222000
00000000000000000
00000000000000000
00000000000000011
00000000000000011
00000000000000000
00000000000000000
00000000000000000
00000000000000000
STEP 2 P1 MOVE 0 3 0 6
OWN
00011110000000000
00000000002222000
00000000000000000
00000000000000000
00000000000000011
00000000000000011
00000000000000000
00000000000000000
00000000000000000
00000000000000000
STEP 3 P2 MOVE 7 7 9 7
OWN
00011110000000000
00000000002222000
00000000000000000
00000000000000000
00000000000000011
00000000000000011
00000000000000000
00000002000000000
00000002000000000
00000002000000000
STEP 4 P1 MOVE 5 0 7 0
OWN
00011110000000000
00000000002222000
00000000000000000
00000000000000000
00000000000000011
10000000000000011
10000000000000000
10000002000000000
00000002000000000
00000002000000000
STEP 5 P2 MOVE 4 2 6 2
OWN
00011110000000000
00000000002222000
00000000000000000
00000000000000000
00200000000000011
10200000000000011
10200000000000000
10000002000000000
00000002000000000
00000002000000000
STEP 6 P1 MOVE 1 0 1 2
OWN
00011110000000000
11100000002222000
00000000000000000
00000000000000000
00200000000000011
10200000000000011
10200000000000000
10000002000000000
00000002000000000
00000002000000000
STEP 7 P2 MOVE 3 10 3 12
OWN
00011110000000000
11100000002222000
00000000000000000
00000000002220000
00200000000000011
10200000000000011
10200000000000000
10000002000000000
00000002000000000
00000002000000000
STEP 8 P1 MOVE 5 11 5 13
OWN
00011110000000000
11100000002222000
00000000000000000
00000000002220000
00200000000000011
10200000000111011
10200000000000000
10000002000000000
00000002000000000
00000002000000000
STEP 9 P2 MOVE 5 9 7 9
OWN
00011110000000000
11100000002222000
00000000000000000
00000000002220000
00200000000000011
10200000020111011
10200000020000000
10000002020000000
00000002000000000
00000002000000000
STEP 10 P1 MOVE 2 9 4 9
OWN
00011110000000000
11100000002222000
00000000010000000
00000000012220000
00200000010000011
10200000020111011
10200000020000000
10000002020000000
00000002000000000
00000002000000000
STEP 11 P2 MOVE 2 6 3 6
OWN
00011110000000000
11100000002222000
00000020010000000
00000020012220000
00200000010000011
10200000020111011
10200000020000000
10000002020000000
00000002000000000
00000002000000000
STEP 12 P1 MOVE 6 13 7 13
OWN
00011110000000000
11100000002222000
00000020010000000
00000020012220000
00200000010000011
10200000020111011
10200000020001000
10000002020001000
00000002000000000
00000002000000000
STEP 13 P2 MOVE 6 15 6 16
OWN
00011110000000000
11100000002222000
00000020010000000
00000020012220000
00200000010000011
10200000020111011
10200000020001022
10000002020001000
00000002000000000
00000002000000000
STEP 14 P1 MOVE 7 8 8 8
OWN
00011110000000000
11100000002222000
00000020010000000
00000020012220000
00200000010000011
10200000020111011
10200000020001022
10000002120001000
00000002100000000
00000002000000000
STEP 15 P2 MOVE 9 15 9 16
OWN
00011110000000000
11100000002222000
00000020010000000
00000020012220000
00200000010000011
10200000020111011
10200000020001022
10000002120001000
00000002100000000
00000002000000022
STEP 16 P1 MOVE 2 15 2 16
OWN
00011110000000000
11100000002222000
00000020010000011
00000020012220000
00200000010000011
10200000020111011
10200000020001022
10000002120001000
00000002100000000
00000002000000022
STEP 17 P2 MOVE 1 14 2 14
OWN
00011110000000000
11100000002222200
00000020010000211
00000020012220000
00200000010000011
10200000020111011
10200000020001022
10000002120001000
00000002100000000
00000002000000022
STEP 18 P1 MOVE 9 13 9 14
OWN
00011110000000000
11100000002222200
00000020010000211
00000020012220000
00200000010000011
10200000020111011
10200000020001022
10000002120001000
00000002100000000
00000002000001122
STEP 19 P2 MOVE 9 8 9 9
OWN
00011110000000000
11100000002222200
00000020010000211
00000020012220000
00200000010000011
10200000020111011
10200000020001022
10000002120001000
00000002100000000
00000002220001122
STEP 20 P1 MOVE 9 4 9 6
OWN
00011110000000000
11100000002222200
00000020010000211
00000020012220000
00200000010000011
10200000020111011
10200000020001022
10000002120001000
00000002100000000
00001112220001122
STEP 21 P2 MOVE 4 3 5 3
OWN
00011110000000000
11100000002222200
00000020010000211
00000020012220000
00220000010000011
10220000020111011
10200000020001022
10000002120001000
00000002100000000
00001112220001122
STEP 22 P1 MOVE 4 7 4 8
OWN
00011110000000000
11100000002222200
00000020010000211
00000020012220000
00220001110000011
10220000020111011
10200000020001022
10000002120001000
00000002100000000
00001112220001122
STEP 23 P2 MOVE 5 7 5 8
OWN
00011110000000000
11100000002222200
00000020010000211
00000020012220000
00220001110000011
10220002220111011
10200000020001022
10000002120001000
00000002100000000
00001112220001122
STEP 24 P1 MOVE 7 1 7 2
OWN
00011110000000000
11100000002222200
00000020010000211
00000020012220000
00220001110000011
10220002220111011
10200000020001022
11100002120001000
00000002100000000
00001112220001122
STEP 25 P2 MOVE 6 12 7 12
OWN
00011110000000000
11100000002222200
00000020010000211
00000020012220000
00220001110000011
10220002220111011
10200000020021022
11100002120021000
00000002100000000
00001112220001122
STEP 26 P1 MOVE 7 11 8 13
OWN
00011110000000000
11100000002222200
00000020010000211
00000020012220000
00220001110000011
10220002220111011
10200000020021022
11100002120111000
00000002100111000
00001112220001122
STEP 27 P2 MOVE 6 10 6 14
OWN
00011110000000000
11100000002222200
00000020010000211
00000020012220000
00220001110000011
10220002220111011
10200000022222222
11100002120111000
00000002100111000
00001112220001122
STEP 28 P1 MOVE -1 -1 -1 -1
OWN
00011110000000000
11100000002222200
00000020010000211
00000020012220000
00220001110000011
10220002220111011
10200000022222222
11100002120111000
00000002100111000
00001112220001122
STEP 29 P2 MOVE 7 4 7 5
OWN
00011110000000000
11100000002222200
00000020010000211
00000020012220000
00220001110000011
10220002220111011
10200000022222222
11102202120111000
00000002100111000
00001112220001122
STEP 30 P1 MOVE 6 5 8 5
OWN
00011110000000000
11100000002222200
00000020010000211
00000020012220000
00220001110000011
10220002220111011
10200100022222222
11102102120111000
00000102100111000
00001112220001122
STEP 31 P2 MOVE 8 9 8 10
OWN
00011110000000000
11100000002222200
00000020010000211
00000020012220000
00220001110000011
10220002220111011
10200100022222222
11102102120111000
00000102122111000
00001112220001122
STEP 32 P1 MOVE 1 9 2 10
OWN
00011110000000000
11100000011222200
00000020011000211
00000020012220000
00220001110000011
10220002220111011
10200100022222222
11102102120111000
00000102122111000
00001112220001122
STEP 33 P2 MOVE 8 4 8 6
OWN
00011110000000000
11100000011222200
00000020011000211
00000020012220000
00220001110000011
10220002220111011
10200100022222222
11102102120111000
00002222122111000
00001112220001122
STEP 34 P1 MOVE -1 -1 -1 -1
OWN
00011110000000000
11100000011222200
00000020011000211
00000020012220000
00220001110000011
10220002220111011
10200100022222222
11102102120111000
00002222122111000
00001112220001122
STEP 35 P2 MOVE -1 -1 -1 -1
OWN
00011110000000000
11100000011222200
00000020011000211
00000020012220000
00220001110000011
10220002220111011
10200100022222222
11102102120111000
00002222122111000
00001112220001122
RESULT first=44 second=40 winner=1
ANALYSIS winner=P1 score=44-40 reason=Ľ±°řŔĚÁˇ steal(w/l)=3/2 neu(w/l)=43/41
