BOARD
29973353265676922
74552811452716141
68454384635977773
97531278982719191
59154673549587231
23116884226611525
55774926358152796
69781261329733592
34169837375724851
66957393686843129
STEP 0 P1 MOVE 0 7 1 8
OWN
00000001100000000
00000001100000000
00000000000000000
00000000000000000
00000000000000000
00000000000000000
00000000000000000
00000000000000000
00000000000000000
00000000000000000
STEP 1 P2 MOVE 7 4 7 7
OWN
00000001100000000
00000001100000000
00000000000000000
00000000000000000
00000000000000000
00000000000000000
00000000000000000
00002222000000000
00000000000000000
00000000000000000
STEP 2 P1 MOVE 9 12 9 15
OWN
00000001100000000
00000001100000000
00000000000000000
00000000000000000
00000000000000000
00000000000000000
00000000000000000
00002222000000000
00000000000000000
00000000000011110
STEP 3 P2 MOVE 5 13 8 13
OWN
00000001100000000
00000001100000000
00000000000000000
00000000000000000
00000000000000000
00000000000002000
00000000000002000
00002222000002000
00000000000002000
00000000000011110
STEP 4 P1 MOVE 8 12 8 14
OWN
00000001100000000
00000001100000000
00000000000000000
00000000000000000
00000000000000000
00000000000002000
00000000000002000
00002222000002000
00000000000011100
00000000000011110
STEP 5 P2 MOVE 3 10 3 12
OWN
00000001100000000
00000001100000000
00000000000000000
00000000002220000
00000000000000000
00000000000002000
00000000000002000
00002222000002000
00000000000011100
00000000000011110
STEP 6 P1 MOVE 7 11 7 12
OWN
00000001100000000
00000001100000000
00000000000000000
00000000002220000
00000000000000000
00000000000002000
00000000000002000
00002222000112000
00000000000011100
00000000000011110
STEP 7 P2 MOVE 0 3 0 4
OWN
00022001100000000
00000001100000000
00000000000000000
00000000002220000
00000000000000000
00000000000002000
00000000000002000
00002222000112000
00000000000011100
00000000000011110
STEP 8 P1 MOVE 8 6 8 7
OWN
00022001100000000
00000001100000000
00000000000000000
00000000002220000
00000000000000000
00000000000002000
00000000000002000
00002222000112000
00000011000011100
00000000000011110
STEP 9 P2 MOVE 1 2 1 3
OWN
00022001100000000
00220001100000000
00000000000000000
00000000002220000
00000000000000000
00000000000002000
00000000000002000
00002222000112000
00000011000011100
00000000000011110
STEP 10 P1 MOVE 9 4 9 5
OWN
00022001100000000
00220001100000000
00000000000000000
00000000002220000
00000000000000000
00000000000002000
00000000000002000
00002222000112000
00000011000011100
00001100000011110
STEP 11 P2 MOVE 6 0 6 1
OWN
00022001100000000
00220001100000000
00000000000000000
00000000002220000
00000000000000000
00000000000002000
22000000000002000
00002222000112000
00000011000011100
00001100000011110
STEP 12 P1 MOVE 5 6 6 6
OWN
00022001100000000
00220001100000000
00000000000000000
00000000002220000
00000000000000000
00000010000002000
22000010000002000
00002222000112000
00000011000011100
00001100000011110
STEP 13 P2 MOVE 3 13 3 14
OWN
00022001100000000
00220001100000000
00000000000000000
00000000002222200
00000000000000000
00000010000002000
22000010000002000
00002222000112000
00000011000011100
00001100000011110
STEP 14 P1 MOVE 4 6 4 7
OWN
00022001100000000
00220001100000000
00000000000000000
00000000002222200
00000011000000000
00000010000002000
22000010000002000
00002222000112000
00000011000011100
00001100000011110
STEP 15 P2 MOVE 2 7 2 8
OWN
00022001100000000
00220001100000000
00000002200000000
00000000002222200
00000011000000000
00000010000002000
22000010000002000
00002222000112000
00000011000011100
00001100000011110
STEP 16 P1 MOVE 2 4 3 5
OWN
00022001100000000
00220001100000000
00001102200000000
00001100002222200
00000011000000000
00000010000002000
22000010000002000
00002222000112000
00000011000011100
00001100000011110
STEP 17 P2 MOVE 1 3 3 4
OWN
00022001100000000
00222001100000000
00022102200000000
00022100002222200
00000011000000000
00000010000002000
22000010000002000
00002222000112000
00000011000011100
00001100000011110
STEP 18 P1 MOVE 4 2 4 4
OWN
00022001100000000
00222001100000000
00022102200000000
00022100002222200
00111011000000000
00000010000002000
22000010000002000
00002222000112000
00000011000011100
00001100000011110
STEP 19 P2 MOVE 5 4 6 4
OWN
00022001100000000
00222001100000000
00022102200000000
00022100002222200
00111011000000000
00002010000002000
22002010000002000
00002222000112000
00000011000011100
00001100000011110
STEP 20 P1 MOVE 3 15 3 16
OWN
00022001100000000
00222001100000000
00022102200000000
00022100002222211
00111011000000000
00002010000002000
22002010000002000
00002222000112000
00000011000011100
00001100000011110
STEP 21 P2 MOVE 8 16 9 16
OWN
00022001100000000
00222001100000000
00022102200000000
00022100002222211
00111011000000000
00002010000002000
22002010000002000
00002222000112000
00000011000011102
00001100000011112
STEP 22 P1 MOVE 2 15 2 16
OWN
00022001100000000
00222001100000000
00022102200000011
00022100002222211
00111011000000000
00002010000002000
22002010000002000
00002222000112000
00000011000011102
00001100000011112
STEP 23 P2 MOVE 1 14 4 14
OWN
00022001100000000
00222001100000200
00022102200000211
00022100002222211
00111011000000200
00002010000002000
22002010000002000
00002222000112000
00000011000011102
00001100000011112
STEP 24 P1 MOVE 1 13 1 15
OWN
00022001100000000
00222001100001110
00022102200000211
00022100002222211
00111011000000200
00002010000002000
22002010000002000
00002222000112000
00000011000011102
00001100000011112
STEP 25 P2 MOVE 4 14 5 15
OWN
00022001100000000
00222001100001110
00022102200000211
00022100002222211
00111011000000220
00002010000002220
22002010000002000
00002222000112000
00000011000011102
00001100000011112
STEP 26 P1 MOVE 8 2 9 2
OWN
00022001100000000
00222001100001110
00022102200000211
00022100002222211
00111011000000220
00002010000002220
22002010000002000
00002222000112000
00100011000011102
00101100000011112
STEP 27 P2 MOVE 8 1 8 3
OWN
00022001100000000
00222001100001110
00022102200000211
00022100002222211
00111011000000220
00002010000002220
22002010000002000
00002222000112000
02220011000011102
00101100000011112
STEP 28 P1 MOVE 1 10 1 12
OWN
00022001100000000
00222001101111110
00022102200000211
00022100002222211
00111011000000220
00002010000002220
22002010000002000
00002222000112000
02220011000011102
00101100000011112
STEP 29 P2 MOVE 0 10 2 10
OWN
00022001102000000
00222001102111110
00022102202000211
00022100002222211
00111011000000220
00002010000002220
22002010000002000
00002222000112000
02220011000011102
00101100000011112
STEP 30 P1 MOVE 8 8 8 9
OWN
00022001102000000
00222001102111110
00022102202000211
00022100002222211
00111011000000220
00002010000002220
22002010000002000
00002222000112000
02220011110011102
00101100000011112
STEP 31 P2 MOVE 7 9 9 9
OWN
00022001102000000
00222001102111110
00022102202000211
00022100002222211
00111011000000220
00002010000002220
22002010000002000
00002222020112000
02220011120011102
00101100020011112
STEP 32 P1 MOVE 2 2 5 2
OWN
00022001102000000
00222001102111110
00122102202000211
00122100002222211
00111011000000220
00102010000002220
22002010000002000
00002222020112000
02220011120011102
00101100020011112
STEP 33 P2 MOVE 0 2 5 3
OWN
00222001102000000
00222001102111110
00222102202000211
00222100002222211
00221011000000220
00222010000002220
22002010000002000
00002222020112000
02220011120011102
00101100020011112
STEP 34 P1 MOVE 5 1 6 2
OWN
00222001102000000
00222001102111110
00222102202000211
00222100002222211
00221011000000220
01122010000002220
21102010000002000
00002222020112000
02220011120011102
00101100020011112
STEP 35 P2 MOVE 5 0 5 5
OWN
00222001102000000
00222001102111110
00222102202000211
00222100002222211
00221011000000220
22222210000002220
21102010000002000
00002222020112000
02220011120011102
00101100020011112
STEP 36 P1 MOVE 4 5 5 7
OWN
00222001102000000
00222001102111110
00222102202000211
00222100002222211
00221111000000220
22222111000002220
21102010000002000
00002222020112000
02220011120011102
00101100020011112
STEP 37 P2 MOVE 5 8 5 10
OWN
00222001102000000
00222001102111110
00222102202000211
00222100002222211
00221111000000220
22222111222002220
21102010000002000
00002222020112000
02220011120011102
00101100020011112
STEP 38 P1 MOVE -1 -1 -1 -1
OWN
00222001102000000
00222001102111110
00222102202000211
00222100002222211
00221111000000220
22222111222002220
21102010000002000
00002222020112000
02220011120011102
00101100020011112
STEP 39 P2 MOVE -1 -1 -1 -1
OWN
00222001102000000
00222001102111110
00222102202000211
00222100002222211
00221111000000220
22222111222002220
21102010000002000
00002222020112000
02220011120011102
00101100020011112
RESULT first=40 second=54 winner=2
ANALYSIS winner=P2 score=40-54 reason=Ĺ»ĂëżěŔ§(+7Ä­ »©ľŃŔ˝,2ąčČż°ú) / żŞŔü˝Â steal(w/l)=12/5 neu(w/l)=47/47
