BOARD
86629138971334856
21697741557315776
79323145737313449
17421668137344222
31854948918216332
74584637533864743
14538535392971484
45978823373411394
67932692747294969
88839432674471644
STEP 0 P1 MOVE 2 9 5 9
OWN
00000000000000000
00000000000000000
00000000010000000
00000000010000000
00000000010000000
00000000010000000
00000000000000000
00000000000000000
00000000000000000
00000000000000000
STEP 1 P2 MOVE 0 12 4 12
OWN
00000000000020000
00000000000020000
00000000010020000
00000000010020000
00000000010020000
00000000010000000
00000000000000000
00000000000000000
00000000000000000
00000000000000000
STEP 2 P1 MOVE 5 13 8 13
OWN
00000000000020000
00000000000020000
00000000010020000
00000000010020000
00000000010020000
00000000010001000
00000000000001000
00000000000001000
00000000000001000
00000000000000000
STEP 3 P2 MOVE 2 11 2 14
OWN
00000000000020000
00000000000020000
00000000010222200
00000000010020000
00000000010020000
00000000010001000
00000000000001000
00000000000001000
00000000000001000
00000000000000000
STEP 4 P1 MOVE 6 7 8 7
OWN
00000000000020000
00000000000020000
00000000010222200
00000000010020000
00000000010020000
00000000010001000
00000001000001000
00000001000001000
00000001000001000
00000000000000000
STEP 5 P2 MOVE 1 6 1 8
OWN
00000000000020000
00000022200020000
00000000010222200
00000000010020000
00000000010020000
00000000010001000
00000001000001000
00000001000001000
00000001000001000
00000000000000000
STEP 6 P1 MOVE 1 0 3 0
OWN
00000000000020000
10000022200020000
10000000010222200
10000000010020000
00000000010020000
00000000010001000
00000001000001000
00000001000001000
00000001000001000
00000000000000000
STEP 7 P2 MOVE 4 6 6 6
OWN
00000000000020000
10000022200020000
10000000010222200
10000000010020000
00000020010020000
00000020010001000
00000021000001000
00000001000001000
00000001000001000
00000000000000000
STEP 8 P1 MOVE 7 11 9 11
OWN
00000000000020000
10000022200020000
10000000010222200
10000000010020000
00000020010020000
00000020010001000
00000021000001000
00000001000101000
00000001000101000
00000000000100000
STEP 9 P2 MOVE 6 0 6 2
OWN
00000000000020000
10000022200020000
10000000010222200
10000000010020000
00000020010020000
00000020010001000
22200021000001000
00000001000101000
00000001000101000
00000000000100000
STEP 10 P1 MOVE 7 3 8 3
OWN
00000000000020000
10000022200020000
10000000010222200
10000000010020000
00000020010020000
00000020010001000
22200021000001000
00010001000101000
00010001000101000
00000000000100000
STEP 11 P2 MOVE 7 12 8 12
OWN
00000000000020000
10000022200020000
10000000010222200
10000000010020000
00000020010020000
00000020010001000
22200021000001000
00010001000121000
00010001000121000
00000000000100000
STEP 12 P1 MOVE 7 5 7 6
OWN
00000000000020000
10000022200020000
10000000010222200
10000000010020000
00000020010020000
00000020010001000
22200021000001000
00010111000121000
00010001000121000
00000000000100000
STEP 13 P2 MOVE 7 9 7 10
OWN
00000000000020000
10000022200020000
10000000010222200
10000000010020000
00000020010020000
00000020010001000
22200021000001000
00010111022121000
00010001000121000
00000000000100000
STEP 14 P1 MOVE 7 0 8 0
OWN
00000000000020000
10000022200020000
10000000010222200
10000000010020000
00000020010020000
00000020010001000
22200021000001000
10010111022121000
10010001000121000
00000000000100000
STEP 15 P2 MOVE 8 5 9 5
OWN
00000000000020000
10000022200020000
10000000010222200
10000000010020000
00000020010020000
00000020010001000
22200021000001000
10010111022121000
10010201000121000
00000200000100000
STEP 16 P1 MOVE 1 1 2 1
OWN
00000000000020000
11000022200020000
11000000010222200
10000000010020000
00000020010020000
00000020010001000
22200021000001000
10010111022121000
10010201000121000
00000200000100000
STEP 17 P2 MOVE 7 8 8 8
OWN
00000000000020000
11000022200020000
11000000010222200
10000000010020000
00000020010020000
00000020010001000
22200021000001000
10010111222121000
10010201200121000
00000200000100000
STEP 18 P1 MOVE 7 4 8 4
OWN
00000000000020000
11000022200020000
11000000010222200
10000000010020000
00000020010020000
00000020010001000
22200021000001000
10011111222121000
10011201200121000
00000200000100000
STEP 19 P2 MOVE 3 10 3 11
OWN
00000000000020000
11000022200020000
11000000010222200
10000000012220000
00000020010020000
00000020010001000
22200021000001000
10011111222121000
10011201200121000
00000200000100000
STEP 20 P1 MOVE 3 14 4 15
OWN
00000000000020000
11000022200020000
11000000010222200
10000000012220110
00000020010020110
00000020010001000
22200021000001000
10011111222121000
10011201200121000
00000200000100000
STEP 21 P2 MOVE 9 14 9 15
OWN
00000000000020000
11000022200020000
11000000010222200
10000000012220110
00000020010020110
00000020010001000
22200021000001000
10011111222121000
10011201200121000
00000200000100220
STEP 22 P1 MOVE 5 4 5 5
OWN
00000000000020000
11000022200020000
11000000010222200
10000000012220110
00000020010020110
00001120010001000
22200021000001000
10011111222121000
10011201200121000
00000200000100220
STEP 23 P2 MOVE 2 3 2 6
OWN
00000000000020000
11000022200020000
11022220010222200
10000000012220110
00000020010020110
00001120010001000
22200021000001000
10011111222121000
10011201200121000
00000200000100220
STEP 24 P1 MOVE 2 2 3 4
OWN
00000000000020000
11000022200020000
11111220010222200
10111000012220110
00000020010020110
00001120010001000
22200021000001000
10011111222121000
10011201200121000
00000200000100220
STEP 25 P2 MOVE 4 1 7 1
OWN
00000000000020000
11000022200020000
11111220010222200
10111000012220110
02000020010020110
02001120010001000
22200021000001000
12011111222121000
10011201200121000
00000200000100220
STEP 26 P1 MOVE 3 0 4 1
OWN
00000000000020000
11000022200020000
11111220010222200
11111000012220110
11000020010020110
02001120010001000
22200021000001000
12011111222121000
10011201200121000
00000200000100220
STEP 27 P2 MOVE 4 11 5 11
OWN
00000000000020000
11000022200020000
11111220010222200
11111000012220110
11000020010220110
02001120010201000
22200021000001000
12011111222121000
10011201200121000
00000200000100220
STEP 28 P1 MOVE 3 8 4 8
OWN
00000000000020000
11000022200020000
11111220010222200
11111000112220110
11000020110220110
02001120010201000
22200021000001000
12011111222121000
10011201200121000
00000200000100220
STEP 29 P2 MOVE 0 4 0 5
OWN
00002200000020000
11000022200020000
11111220010222200
11111000112220110
11000020110220110
02001120010201000
22200021000001000
12011111222121000
10011201200121000
00000200000100220
STEP 30 P1 MOVE 1 10 1 11
OWN
00002200000020000
11000022201120000
11111220010222200
11111000112220110
11000020110220110
02001120010201000
22200021000001000
12011111222121000
10011201200121000
00000200000100220
STEP 31 P2 MOVE 1 9 1 13
OWN
00002200000020000
11000022222222000
11111220010222200
11111000112220110
11000020110220110
02001120010201000
22200021000001000
12011111222121000
10011201200121000
00000200000100220
STEP 32 P1 MOVE -1 -1 -1 -1
OWN
00002200000020000
11000022222222000
11111220010222200
11111000112220110
11000020110220110
02001120010201000
22200021000001000
12011111222121000
10011201200121000
00000200000100220
STEP 33 P2 MOVE 3 13 4 13
OWN
00002200000020000
11000022222222000
11111220010222200
11111000112222110
11000020110222110
02001120010201000
22200021000001000
12011111222121000
10011201200121000
00000200000100220
STEP 34 P1 MOVE 3 7 3 16
OWN
00002200000020000
11000022222222000
11111220010222200
11111001111111111
11000020110222110
02001120010201000
22200021000001000
12011111222121000
10011201200121000
00000200000100220
STEP 35 P2 MOVE 0 12 5 13
OWN
00002200000022000
11000022222222000
11111220010222200
11111001111122111
11000020110222110
02001120010222000
22200021000001000
12011111222121000
10011201200121000
00000200000100220
STEP 36 P1 MOVE 4 10 4 16
OWN
00002200000022000
11000022222222000
11111220010222200
11111001111122111
11000020111111111
02001120010222000
22200021000001000
12011111222121000
10011201200121000
00000200000100220
STEP 37 P2 MOVE 0 5 1 6
OWN
00002220000022000
11000222222222000
11111220010222200
11111001111122111
11000020111111111
02001120010222000
22200021000001000
12011111222121000
10011201200121000
00000200000100220
STEP 38 P1 MOVE 0 3 0 7
OWN
00011111000022000
11000222222222000
11111220010222200
11111001111122111
11000020111111111
02001120010222000
22200021000001000
12011111222121000
10011201200121000
00000200000100220
STEP 39 P2 MOVE 8 13 9 14
OWN
00011111000022000
11000222222222000
11111220010222200
11111001111122111
11000020111111111
02001120010222000
22200021000001000
12011111222121000
10011201200122200
00000200000102220
STEP 40 P1 MOVE 7 12 9 14
OWN
00011111000022000
11000222222222000
11111220010222200
11111001111122111
11000020111111111
02001120010222000
22200021000001000
12011111222111100
10011201200111100
00000200000111120
STEP 41 P2 MOVE 2 10 5 10
OWN
00011111000022000
11000222222222000
11111220012222200
11111001112122111
11000020112111111
02001120012222000
22200021000001000
12011111222111100
10011201200111100
00000200000111120
STEP 42 P1 MOVE -1 -1 -1 -1
OWN
00011111000022000
11000222222222000
11111220012222200
11111001112122111
11000020112111111
02001120012222000
22200021000001000
12011111222111100
10011201200111100
00000200000111120
STEP 43 P2 MOVE -1 -1 -1 -1
OWN
00011111000022000
11000222222222000
11111220012222200
11111001112122111
11000020112111111
02001120012222000
22200021000001000
12011111222111100
10011201200111100
00000200000111120
RESULT first=62 second=41 winner=1
ANALYSIS winner=P1 score=62-41 reason=탈취우위(+11칸 빼앗음,2배효과) steal(w/l)=19/8 neu(w/l)=51/52
