BOARD
58123179982332253
97329956851193859
82988921929353521
35641671718745786
53458777981738384
46818698673579328
11879114455684246
32634362619734499
11775623891362847
96598386287415383
STEP 0 P1 MOVE 6 1 9 1
OWN
00000000000000000
00000000000000000
00000000000000000
00000000000000000
00000000000000000
00000000000000000
01000000000000000
01000000000000000
01000000000000000
01000000000000000
STEP 1 P2 MOVE 6 5 6 8
OWN
00000000000000000
00000000000000000
00000000000000000
00000000000000000
00000000000000000
00000000000000000
01000222200000000
01000000000000000
01000000000000000
01000000000000000
STEP 2 P1 MOVE 0 14 0 16
OWN
00000000000000111
00000000000000000
00000000000000000
00000000000000000
00000000000000000
00000000000000000
01000222200000000
01000000000000000
01000000000000000
01000000000000000
STEP 3 P2 MOVE 0 10 0 13
OWN
00000000002222111
00000000000000000
00000000000000000
00000000000000000
00000000000000000
00000000000000000
01000222200000000
01000000000000000
01000000000000000
01000000000000000
STEP 4 P1 MOVE 8 10 8 12
OWN
00000000002222111
00000000000000000
00000000000000000
00000000000000000
00000000000000000
00000000000000000
01000222200000000
01000000000000000
01000000001110000
01000000000000000
STEP 5 P2 MOVE 2 13 2 15
OWN
00000000002222111
00000000000000000
00000000000002220
00000000000000000
00000000000000000
00000000000000000
01000222200000000
01000000000000000
01000000001110000
01000000000000000
STEP 6 P1 MOVE 2 1 4 1
OWN
00000000002222111
00000000000000000
01000000000002220
01000000000000000
01000000000000000
00000000000000000
01000222200000000
01000000000000000
01000000001110000
01000000000000000
STEP 7 P2 MOVE 7 3 7 5
OWN
00000000002222111
00000000000000000
01000000000002220
01000000000000000
01000000000000000
00000000000000000
01000222200000000
01022200000000000
01000000001110000
01000000000000000
STEP 8 P1 MOVE 6 13 8 13
OWN
00000000002222111
00000000000000000
01000000000002220
01000000000000000
01000000000000000
00000000000000000
01000222200001000
01022200000001000
01000000001111000
01000000000000000
STEP 9 P2 MOVE 7 9 7 10
OWN
00000000002222111
00000000000000000
01000000000002220
01000000000000000
01000000000000000
00000000000000000
01000222200001000
01022200022001000
01000000001111000
01000000000000000
STEP 10 P1 MOVE 4 11 4 12
OWN
00000000002222111
00000000000000000
01000000000002220
01000000000000000
01000000000110000
00000000000000000
01000222200001000
01022200022001000
01000000001111000
01000000000000000
STEP 11 P2 MOVE 3 14 4 14
OWN
00000000002222111
00000000000000000
01000000000002220
01000000000000200
01000000000110200
00000000000000000
01000222200001000
01022200022001000
01000000001111000
01000000000000000
STEP 12 P1 MOVE 9 8 9 9
OWN
00000000002222111
00000000000000000
01000000000002220
01000000000000200
01000000000110200
00000000000000000
01000222200001000
01022200022001000
01000000001111000
01000000110000000
STEP 13 P2 MOVE 6 15 6 16
OWN
00000000002222111
00000000000000000
01000000000002220
01000000000000200
01000000000110200
00000000000000000
01000222200001022
01022200022001000
01000000001111000
01000000110000000
STEP 14 P1 MOVE 6 12 6 14
OWN
00000000002222111
00000000000000000
01000000000002220
01000000000000200
01000000000110200
00000000000000000
01000222200011122
01022200022001000
01000000001111000
01000000110000000
STEP 15 P2 MOVE 1 16 2 16
OWN
00000000002222111
00000000000000002
01000000000002222
01000000000000200
01000000000110200
00000000000000000
01000222200011122
01022200022001000
01000000001111000
01000000110000000
STEP 16 P1 MOVE 1 3 2 3
OWN
00000000002222111
00010000000000002
01010000000002222
01000000000000200
01000000000110200
00000000000000000
01000222200011122
01022200022001000
01000000001111000
01000000110000000
STEP 17 P2 MOVE 5 15 5 16
OWN
00000000002222111
00010000000000002
01010000000002222
01000000000000200
01000000000110200
00000000000000022
01000222200011122
01022200022001000
01000000001111000
01000000110000000
STEP 18 P1 MOVE 2 11 3 11
OWN
00000000002222111
00010000000000002
01010000000102222
01000000000100200
01000000000110200
00000000000000022
01000222200011122
01022200022001000
01000000001111000
01000000110000000
STEP 19 P2 MOVE 1 11 1 12
OWN
00000000002222111
00010000000220002
01010000000102222
01000000000100200
01000000000110200
00000000000000022
01000222200011122
01022200022001000
01000000001111000
01000000110000000
STEP 20 P1 MOVE 8 16 9 16
OWN
00000000002222111
00010000000220002
01010000000102222
01000000000100200
01000000000110200
00000000000000022
01000222200011122
01022200022001000
01000000001111001
01000000110000001
STEP 21 P2 MOVE 1 10 2 10
OWN
00000000002222111
00010000002220002
01010000002102222
01000000000100200
01000000000110200
00000000000000022
01000222200011122
01022200022001000
01000000001111001
01000000110000001
STEP 22 P1 MOVE 8 0 9 0
OWN
00000000002222111
00010000002220002
01010000002102222
01000000000100200
01000000000110200
00000000000000022
01000222200011122
01022200022001000
11000000001111001
11000000110000001
STEP 23 P2 MOVE 4 0 6 0
OWN
00000000002222111
00010000002220002
01010000002102222
01000000000100200
21000000000110200
20000000000000022
21000222200011122
01022200022001000
11000000001111001
11000000110000001
STEP 24 P1 MOVE 3 2 4 2
OWN
00000000002222111
00010000002220002
01010000002102222
01100000000100200
21100000000110200
20000000000000022
21000222200011122
01022200022001000
11000000001111001
11000000110000001
STEP 25 P2 MOVE 1 1 1 2
OWN
00000000002222111
02210000002220002
01010000002102222
01100000000100200
21100000000110200
20000000000000022
21000222200011122
01022200022001000
11000000001111001
11000000110000001
STEP 26 P1 MOVE 3 16 4 16
OWN
00000000002222111
02210000002220002
01010000002102222
01100000000100201
21100000000110201
20000000000000022
21000222200011122
01022200022001000
11000000001111001
11000000110000001
STEP 27 P2 MOVE 8 6 9 6
OWN
00000000002222111
02210000002220002
01010000002102222
01100000000100201
21100000000110201
20000000000000022
21000222200011122
01022200022001000
11000020001111001
11000020110000001
STEP 28 P1 MOVE 0 2 2 2
OWN
00100000002222111
02110000002220002
01110000002102222
01100000000100201
21100000000110201
20000000000000022
21000222200011122
01022200022001000
11000020001111001
11000020110000001
STEP 29 P2 MOVE 0 1 0 3
OWN
02220000002222111
02110000002220002
01110000002102222
01100000000100201
21100000000110201
20000000000000022
21000222200011122
01022200022001000
11000020001111001
11000020110000001
STEP 30 P1 MOVE 2 7 2 8
OWN
02220000002222111
02110000002220002
01110001102102222
01100000000100201
21100000000110201
20000000000000022
21000222200011122
01022200022001000
11000020001111001
11000020110000001
STEP 31 P2 MOVE 2 6 3 7
OWN
02220000002222111
02110000002220002
01110022102102222
01100022000100201
21100000000110201
20000000000000022
21000222200011122
01022200022001000
11000020001111001
11000020110000001
STEP 32 P1 MOVE 5 12 7 12
OWN
02220000002222111
02110000002220002
01110022102102222
01100022000100201
21100000000110201
20000000000010022
21000222200011122
01022200022011000
11000020001111001
11000020110000001
STEP 33 P2 MOVE 5 9 5 10
OWN
02220000002222111
02110000002220002
01110022102102222
01100022000100201
21100000000110201
20000000022010022
21000222200011122
01022200022011000
11000020001111001
11000020110000001
STEP 34 P1 MOVE 6 9 6 10
OWN
02220000002222111
02110000002220002
01110022102102222
01100022000100201
21100000000110201
20000000022010022
21000222211011122
01022200022011000
11000020001111001
11000020110000001
STEP 35 P2 MOVE -1 -1 -1 -1
OWN
02220000002222111
02110000002220002
01110022102102222
01100022000100201
21100000000110201
20000000022010022
21000222211011122
01022200022011000
11000020001111001
11000020110000001
STEP 36 P1 MOVE 9 11 9 13
OWN
02220000002222111
02110000002220002
01110022102102222
01100022000100201
21100000000110201
20000000022010022
21000222211011122
01022200022011000
11000020001111001
11000020110111001
STEP 37 P2 MOVE 9 10 9 14
OWN
02220000002222111
02110000002220002
01110022102102222
01100022000100201
21100000000110201
20000000022010022
21000222211011122
01022200022011000
11000020001111001
11000020112222201
STEP 38 P1 MOVE 5 7 7 7
OWN
02220000002222111
02110000002220002
01110022102102222
01100022000100201
21100000000110201
20000001022010022
21000221211011122
01022201022011000
11000020001111001
11000020112222201
STEP 39 P2 MOVE 4 7 8 7
OWN
02220000002222111
02110000002220002
01110022102102222
01100022000100201
21100002000110201
20000002022010022
21000222211011122
01022202022011000
11000022001111001
11000020112222201
STEP 40 P1 MOVE 3 3 5 3
OWN
02220000002222111
02110000002220002
01110022102102222
01110022000100201
21110002000110201
20010002022010022
21000222211011122
01022202022011000
11000022001111001
11000020112222201
STEP 41 P2 MOVE 3 0 3 5
OWN
02220000002222111
02110000002220002
01110022102102222
22222222000100201
21110002000110201
20010002022010022
21000222211011122
01022202022011000
11000022001111001
11000020112222201
STEP 42 P1 MOVE -1 -1 -1 -1
OWN
02220000002222111
02110000002220002
01110022102102222
22222222000100201
21110002000110201
20010002022010022
21000222211011122
01022202022011000
11000022001111001
11000020112222201
STEP 43 P2 MOVE -1 -1 -1 -1
OWN
02220000002222111
02110000002220002
01110022102102222
22222222000100201
21110002000110201
20010002022010022
21000222211011122
01022202022011000
11000022001111001
11000020112222201
RESULT first=41 second=58 winner=2
ANALYSIS winner=P2 score=41-58 reason=탈취우위(+9칸 빼앗음,2배효과) / 역전승 steal(w/l)=11/2 neu(w/l)=49/50
