BOARD
37744895823671763
67589513549144234
88437732413941845
28565415268198373
15581158921476684
24459667986448815
34937481497171517
44681638796784716
89647128249664149
16529973464821593
STEP 0 P1 MOVE 6 13 9 13
OWN
00000000000000000
00000000000000000
00000000000000000
00000000000000000
00000000000000000
00000000000000000
00000000000001000
00000000000001000
00000000000001000
00000000000001000
STEP 1 P2 MOVE 3 5 3 7
OWN
00000000000000000
00000000000000000
00000000000000000
00000222000000000
00000000000000000
00000000000000000
00000000000001000
00000000000001000
00000000000001000
00000000000001000
STEP 2 P1 MOVE 6 5 7 5
OWN
00000000000000000
00000000000000000
00000000000000000
00000222000000000
00000000000000000
00000000000000000
00000100000001000
00000100000001000
00000000000001000
00000000000001000
STEP 3 P2 MOVE 8 5 9 5
OWN
00000000000000000
00000000000000000
00000000000000000
00000222000000000
00000000000000000
00000000000000000
00000100000001000
00000100000001000
00000200000001000
00000200000001000
STEP 4 P1 MOVE 8 7 8 8
OWN
00000000000000000
00000000000000000
00000000000000000
00000222000000000
00000000000000000
00000000000000000
00000100000001000
00000100000001000
00000201100001000
00000200000001000
STEP 5 P2 MOVE 9 9 9 10
OWN
00000000000000000
00000000000000000
00000000000000000
00000222000000000
00000000000000000
00000000000000000
00000100000001000
00000100000001000
00000201100001000
00000200022001000
STEP 6 P1 MOVE 2 5 2 6
OWN
00000000000000000
00000000000000000
00000110000000000
00000222000000000
00000000000000000
00000000000000000
00000100000001000
00000100000001000
00000201100001000
00000200022001000
STEP 7 P2 MOVE 3 11 3 12
OWN
00000000000000000
00000000000000000
00000110000000000
00000222000220000
00000000000000000
00000000000000000
00000100000001000
00000100000001000
00000201100001000
00000200022001000
STEP 8 P1 MOVE 3 2 4 2
OWN
00000000000000000
00000000000000000
00000110000000000
00100222000220000
00100000000000000
00000000000000000
00000100000001000
00000100000001000
00000201100001000
00000200022001000
STEP 9 P2 MOVE 1 10 1 11
OWN
00000000000000000
00000000002200000
00000110000000000
00100222000220000
00100000000000000
00000000000000000
00000100000001000
00000100000001000
00000201100001000
00000200022001000
STEP 10 P1 MOVE 4 4 5 4
OWN
00000000000000000
00000000002200000
00000110000000000
00100222000220000
00101000000000000
00001000000000000
00000100000001000
00000100000001000
00000201100001000
00000200022001000
STEP 11 P2 MOVE 9 11 9 12
OWN
00000000000000000
00000000002200000
00000110000000000
00100222000220000
00101000000000000
00001000000000000
00000100000001000
00000100000001000
00000201100001000
00000200022221000
STEP 12 P1 MOVE 3 14 3 15
OWN
00000000000000000
00000000002200000
00000110000000000
00100222000220110
00101000000000000
00001000000000000
00000100000001000
00000100000001000
00000201100001000
00000200022221000
STEP 13 P2 MOVE 0 7 2 7
OWN
00000002000000000
00000002002200000
00000112000000000
00100222000220110
00101000000000000
00001000000000000
00000100000001000
00000100000001000
00000201100001000
00000200022221000
STEP 14 P1 MOVE 7 1 7 2
OWN
00000002000000000
00000002002200000
00000112000000000
00100222000220110
00101000000000000
00001000000000000
00000100000001000
01100100000001000
00000201100001000
00000200022221000
STEP 15 P2 MOVE 0 0 0 1
OWN
22000002000000000
00000002002200000
00000112000000000
00100222000220110
00101000000000000
00001000000000000
00000100000001000
01100100000001000
00000201100001000
00000200022221000
STEP 16 P1 MOVE 5 10 5 11
OWN
22000002000000000
00000002002200000
00000112000000000
00100222000220110
00101000000000000
00001000001100000
00000100000001000
01100100000001000
00000201100001000
00000200022221000
STEP 17 P2 MOVE 6 3 6 4
OWN
22000002000000000
00000002002200000
00000112000000000
00100222000220110
00101000000000000
00001000001100000
00022100000001000
01100100000001000
00000201100001000
00000200022221000
STEP 18 P1 MOVE 8 2 8 3
OWN
22000002000000000
00000002002200000
00000112000000000
00100222000220110
00101000000000000
00001000001100000
00022100000001000
01100100000001000
00110201100001000
00000200022221000
STEP 19 P2 MOVE 4 15 6 15
OWN
22000002000000000
00000002002200000
00000112000000000
00100222000220110
00101000000000020
00001000001100020
00022100000001020
01100100000001000
00110201100001000
00000200022221000
STEP 20 P1 MOVE 0 8 0 9
OWN
22000002110000000
00000002002200000
00000112000000000
00100222000220110
00101000000000020
00001000001100020
00022100000001020
01100100000001000
00110201100001000
00000200022221000
STEP 21 P2 MOVE 4 14 4 16
OWN
22000002110000000
00000002002200000
00000112000000000
00100222000220110
00101000000000222
00001000001100020
00022100000001020
01100100000001000
00110201100001000
00000200022221000
STEP 22 P1 MOVE 1 14 2 14
OWN
22000002110000000
00000002002200100
00000112000000100
00100222000220110
00101000000000222
00001000001100020
00022100000001020
01100100000001000
00110201100001000
00000200022221000
STEP 23 P2 MOVE 1 6 1 9
OWN
22000002110000000
00000022222200100
00000112000000100
00100222000220110
00101000000000222
00001000001100020
00022100000001020
01100100000001000
00110201100001000
00000200022221000
STEP 24 P1 MOVE 1 5 2 9
OWN
22000002110000000
00000111112200100
00000111110000100
00100222000220110
00101000000000222
00001000001100020
00022100000001020
01100100000001000
00110201100001000
00000200022221000
STEP 25 P2 MOVE 2 4 2 10
OWN
22000002110000000
00000111112200100
00002222222000100
00100222000220110
00101000000000222
00001000001100020
00022100000001020
01100100000001000
00110201100001000
00000200022221000
STEP 26 P1 MOVE 4 9 5 9
OWN
22000002110000000
00000111112200100
00002222222000100
00100222000220110
00101000010000222
00001000011100020
00022100000001020
01100100000001000
00110201100001000
00000200022221000
STEP 27 P2 MOVE 4 8 4 10
OWN
22000002110000000
00000111112200100
00002222222000100
00100222000220110
00101000222000222
00001000011100020
00022100000001020
01100100000001000
00110201100001000
00000200022221000
STEP 28 P1 MOVE 3 7 4 8
OWN
22000002110000000
00000111112200100
00002222222000100
00100221100220110
00101001122000222
00001000011100020
00022100000001020
01100100000001000
00110201100001000
00000200022221000
STEP 29 P2 MOVE 4 5 4 11
OWN
22000002110000000
00000111112200100
00002222222000100
00100221100220110
00101222222200222
00001000011100020
00022100000001020
01100100000001000
00110201100001000
00000200022221000
STEP 30 P1 MOVE 2 11 6 11
OWN
22000002110000000
00000111112200100
00002222222100100
00100221100120110
00101222222100222
00001000011100020
00022100000101020
01100100000001000
00110201100001000
00000200022221000
STEP 31 P2 MOVE 7 3 9 3
OWN
22000002110000000
00000111112200100
00002222222100100
00100221100120110
00101222222100222
00001000011100020
00022100000101020
01120100000001000
00120201100001000
00020200022221000
STEP 32 P1 MOVE 6 2 7 4
OWN
22000002110000000
00000111112200100
00002222222100100
00100221100120110
00101222222100222
00001000011100020
00111100000101020
01111100000001000
00120201100001000
00020200022221000
STEP 33 P2 MOVE 9 6 9 7
OWN
22000002110000000
00000111112200100
00002222222100100
00100221100120110
00101222222100222
00001000011100020
00111100000101020
01111100000001000
00120201100001000
00020222022221000
STEP 34 P1 MOVE 8 6 9 9
OWN
22000002110000000
00000111112200100
00002222222100100
00100221100120110
00101222222100222
00001000011100020
00111100000101020
01111100000001000
00120211110001000
00020211112221000
STEP 35 P2 MOVE 7 4 8 6
OWN
22000002110000000
00000111112200100
00002222222100100
00100221100120110
00101222222100222
00001000011100020
00111100000101020
01112220000001000
00122221110001000
00020211112221000
STEP 36 P1 MOVE -1 -1 -1 -1
OWN
22000002110000000
00000111112200100
00002222222100100
00100221100120110
00101222222100222
00001000011100020
00111100000101020
01112220000001000
00122221110001000
00020211112221000
STEP 37 P2 MOVE 2 13 2 16
OWN
22000002110000000
00000111112200100
00002222222102222
00100221100120110
00101222222100222
00001000011100020
00111100000101020
01112220000001000
00122221110001000
00020211112221000
STEP 38 P1 MOVE 1 15 3 16
OWN
22000002110000000
00000111112200111
00002222222102211
00100221100120111
00101222222100222
00001000011100020
00111100000101020
01112220000001000
00122221110001000
00020211112221000
STEP 39 P2 MOVE -1 -1 -1 -1
OWN
22000002110000000
00000111112200111
00002222222102211
00100221100120111
00101222222100222
00001000011100020
00111100000101020
01112220000001000
00122221110001000
00020211112221000
STEP 40 P1 MOVE -1 -1 -1 -1
OWN
22000002110000000
00000111112200111
00002222222102211
00100221100120111
00101222222100222
00001000011100020
00111100000101020
01112220000001000
00122221110001000
00020211112221000
RESULT first=47 second=40 winner=1
ANALYSIS winner=P1 score=47-40 reason=Ĺ»ĂëżěŔ§(+4Ä­ »©ľŃŔ˝,2ąčČż°ú) steal(w/l)=17/13 neu(w/l)=43/44
