92337527431697312
27393328611497534
28434766793619892
87783427465796659
35913738565223749
69531162911831999
68865359877953998
86743432599639221
48777642435669688
88676954262332313

16586846173668853
22877943816197153
67433562235824974
55924769776568133
29365279828546689
63537749394845861
79747924163923199
24215835745499397
76492891473324555
48586374897974739

23455579136495116
95149534241426538
21836235918762455
23334777585892697
76365545997182966
69815459287924881
78676482379482213
42977511511149431
14544857451487366
93236116889462448

91273167564355871
52422674134676122
12356969239939547
87244569193139432
47849194118237832
62746877151933739
36641697888721798
16668144598234913
25459423132315926
25911125481775567

84746126673167348
43292778815912594
48748568616835159
83436698594811871
13478961673961811
71819922299689943
71934785768979239
35166647629629861
17965466289529159
96463281235554764

19551233629318382
86738941355812828
36567231773242249
16693475337965746
86747381947336429
69898592841721441
13814948314657327
59556731974128695
15691219164373686
75164495953223959

75815611246322324
85625614229665674
78596847878826647
37181468292778424
93925285682952151
95715299859538928
34326235521267823
43488431281924297
33337118853165461
72275152398621727

98163326372942436
75379394451878393
12282557296383814
38835242453487838
54211465395411621
11369562734974267
38677658761963586
42658832936275248
14893798339555653
18389772193199155

67724944934718951
82631331749237716
92621125292955459
63555944874817371
74143823669616668
38917284329344356
41426496917212324
52753142832218372
89363672777138737
95164826369935693

64468944984563637
93735521364791756
35769193178574875
39535433378642969
11819718393973275
27946924618827419
52825122417878568
85854722555636289
34144957588795331
93392592554858894

72649129168599953
33725952128286871
76757748663839374
99386148143144889
63298467957684127
27882826595638763
95828491577924646
72266341344618936
94355787398977314
54492943157152944

39157714866915666
71725121362775895
33696766913341859
47324372953341776
26435142775236787
59123116598257521
73517464781329363
69111182884274581
33434791644442914
14554896476814963

25591945344344964
96791388579876449
18611338517367155
15582647344934346
87732757631343128
18731754725753756
63441118331616421
17162846655954721
76893814313955923
91873379598696839

48575442635984378
64611782553194978
92985911827296298
81915452871575932
13512683371875561
26232593218431421
33184738655938912
64893591334435983
11274823913918565
65336352913298441

82663184322196986
12582868339162794
43425747149275313
46685215785468841
45667744739346398
51733218587862471
27386798617914831
46422346693559392
17642254524477621
68931452196126935

43261755135255496
86166146823968115
23988747388885749
36998864688532418
52241383432259351
13796832242554735
59511165495788275
88557264811229139
54932526114752762
26546345717695613

82947191582368894
76659896227689897
41228329833993541
27311278238357372
66479535164484673
84323979866897521
55684273441597278
92261942458676768
23367311841445264
27339933839314946

32684567279373931
27951973249922157
59437131127468598
15853562798765618
31868762446578899
69197888898556953
58192742352552918
97122662768362818
28464257865964681
21676384415895816

45817919267952575
92142994347455573
28767272989395526
79571927489225794
78638239366941371
68413413234266351
17765339438945738
28442157977527651
71769956215134921
54655968688363444

52553814667785948
66627773811736439
66986187863334737
11913762458117734
81765317753437659
36533228985385541
25875868523746567
32916774287657612
27411886862521729
59158492683223713

22234952248667536
47144816258229857
11172471364681153
95973996855132652
18728342918523132
25328759949617246
91564784511412653
27148376194486393
94176684918455179
78381687172527384

55188612312543371
77965133999351628
57752613625437245
58599629371127882
72328116576628967
62931458174122195
47235372137669598
18445146441761113
93681144855299914
13173149355424955

34425594274121596
59176443759424167
81974586968965134
85359957576549611
83493784864996735
59342537158384953
15156859763666459
65936724449374411
15784861776592727
77615245941664441

22234945423413491
52417436441942331
21152497431149311
68489974864841459
79721452834385357
97599183299876679
33426722737942356
68256674618858788
28164111418887259
24936532814324769

49796524896361485
28981444532912748
13914715982385658
63885726931639919
52225654471344616
24532765671623715
86721412619298269
99538291255557142
23879344935392646
32614838366963131

97181721647553712
26975833564864873
15514484279331437
56433454434695875
37313966992443135
52815574692953267
16385415932916225
18334587494944287
88122375964321181
82222881747317557

21172188129585224
39885978161432764
76365423988156464
48771653676319978
43315278953634513
58418128335649793
52897233479449753
74239468155336128
32773914597459927
69319772484539352

99421656749922732
56563618695216562
63521594728936912
91945931643775642
26118386994571321
12937149448711426
87491544469255568
66946479128737721
36599346137422865
23219825848826443

91118417186528658
66192798525364561
94893465748278316
46993981342324926
53975241178178982
27625694418617939
59385516585438113
63226836424695111
94614775696542766
51142258764479896

92876341764775712
48333459617318898
85597132964225774
21925833378452826
44495481584616553
12914544962783575
26333443483589539
46728652329122554
22582465614751626
63844479132118187

69698913988915972
27963759181958828
62312851316524826
92942638939265273
35346275254139285
95592487588798653
56575261141394667
39813514627324947
92167114799369994
16967364719633617

28514819455215594
27516913273129598
89296945114241183
91377498777224342
26195753917843359
72294637485666565
59629736634587217
89426353592383343
85618935613967265
34866238893787979

57229234623278527
96732468159376367
31437277213221238
15355964369186762
22573597245958171
56678334879413226
43486172118566438
98576218315623619
22514429469228198
93762463394695787

35979876599441479
73598584785772971
34185552359537227
66795349335187386
68374713674692419
56391251215334238
27878977436449952
68356713948251932
34817953171686736
58946183174983673

39774334686194241
89168672611222891
67656414474959343
54426186225812495
66674722199352535
41967573963914372
19349318915928173
93751477151516385
36311958176464713
24991346774587561

62366828148844684
33112549827939122
96548394442794274
76527851981336657
78684974477944768
84168117222724512
72323959719276443
63222934554492563
56469542332455391
58912223655482719

15841981645978129
96613573466733493
73767268869424672
16511275279728177
65752198464882456
61864493329964161
86637749446358192
29564247545986587
42571836114713917
28648639552229162

44696827112717321
37429272165619215
95121732168793344
18537826121852552
81446411453124511
28951181325272298
83293789894163743
97788823579337879
66668119147893856
15273827872466296

18481743332614985
72815525371115295
52812689848726518
22837143655293885
71243343386882843
42977393741951936
77284249883389799
97927175961471683
59193385811997998
56461319287388457

87552125563659715
76581263485243584
85985185786996384
29138617516172485
68985383595572736
23668357242159959
33526154929664522
59821719754487224
23697152135867725
58378561187592153

47531923448962249
72842242569754479
18512547677117673
16559957658432164
25111967395577537
66617169934427836
94889633661281668
45772197437785947
26317931349984958
32959754315744971

56363563824713568
19115334196495196
16737817561813466
12734478662155838
93812881314277747
52353326241461875
33276321153963751
14292581713564174
85158445561898451
68971667133688453

62324491846361928
43838393192772464
46658218589153824
78274366828778961
42569293968128864
75772485323152313
61576585456532856
39991243449425414
78812576526288412
15246973657756857

78197229627329334
23179792345695696
54248342494542885
61134748488756767
96759515993392435
29247313254283723
61918149928581191
88168368486539215
95394278856383559
23375232286788393

65166976272615952
83917365659669894
89886997165385218
46447143335297191
21194441938485331
25814924987429951
85471859976193134
38335993882513464
21578724163189974
65132144998942385

86572136568574549
97478934248586943
96396938841861318
79517177962132643
16119252945327828
85177411639817692
27481439752372778
46746192621162245
27827499815572746
45828451449418414

75367155167116723
21434555329913834
29637661212843221
32734176277926441
29421454189434896
26722816128931716
37743738714995114
82471945945969848
87774618237756365
29362673125755914

81199994646317145
52853534876737143
85389749959656457
91131122845292266
67148458393834954
28983262858381341
62771676342812258
59318448346666114
61151691187666821
92311429371613522

47282677672953935
94968286755926595
29478485359243922
28543827438396858
85816264272736969
37265921897911523
76341339873679169
45735829126374264
19943486644398813
38175948964351599

29894297812572842
34888514637763488
82975345376551667
37425697322984616
11342947839136849
51489272439572122
99323996513113558
78843838346228194
58266359115429116
76423244868249241

83332839489365952
31664256347976187
66415241928278752
69973238431825818
93566362675486348
76633485482514316
75621937532767759
27577135478583377
14768469549568224
58933312156182245

69561975159692541
76889734654729869
25651462332321511
27376159125464394
78243711248954141
38112161158269491
25361186127676711
55351381457943237
46296817946494438
98922529488755169

55287954897186218
48219341459652249
94967179581263243
51611513414817951
32726638523517888
37786657798453358
41759144451696845
77892291982591498
53282963853686398
46249444918112983

18659623871986217
46975988263312658
33196766623458411
95638866642693452
61528794598369619
36525162783558478
95843247753311154
76989297321534299
35158525747149984
13697141915731797

36389276818951651
43485417116193328
88125994488287185
76659216889257888
84216557439865428
82967415465138526
48591271938781887
28472719476323748
14518586148362816
21475261337279693

65864591652333399
79892319668316491
25777442163142881
21684248294435448
94749453561176857
28987688278247978
65317777484766395
23478931789813418
73879727641728682
24574467821861583

15825416514555429
52726137836618922
84148371863281787
19354145133553124
99413937829484177
66755236382546854
83493978693118829
41647944685427387
17725426299927779
35796161342432444

25231315647863751
39515227842849484
39321667712234555
77786799654793343
94319933823324134
26345746534185254
24938969854715415
79337736981921411
43529518566285555
45918819644542163

62839471264992845
96389419976516561
14363544543862842
24392158343154448
54812397123992321
39334126694715373
57371973323424192
25192868454732165
91639526832889572
62721231742883564

68591573282427868
62721252955721328
42291615168623966
12769746311892344
33844152581925275
34244763472469739
66555578176954198
76876921732619579
92693837392759448
59191671782926142

82327341779625868
14861865517513933
48782352162424976
85244511525196911
67946391331729765
65843964175979141
11611943574339194
86639263658896291
36732461166731544
42967761463477189

37398849937282834
87942896518498455
76857219445579341
93192764981848746
36912578369458373
49995438278475288
45951669447722377
43455859824362739
92869858923553414
73154899917319711

36111137211388689
91882463834771767
39153459562854893
26839142571322867
73716433623797947
55932796229539883
46923118954643453
56415285663642336
35525651375763885
56483793371144553

22796688662432141
58951799127443239
95271357421722866
49111232266991873
13517493946447433
41337364429172968
34835736492832534
49232526962211324
54537738883155559
13858938548854711

17769253874313858
26578336864314652
11312445869325711
95459894385797892
33227126165593923
87133154321694493
53646594138511134
64752632587123286
96632562849981942
71454761371833943

55358785525119423
18764734342161984
65237456241786127
45545329141231498
39827825899477743
38336676296271794
77512277435216526
39938281199779985
81254714644273971
13742239594169618

28714738273393835
33187439865569739
92627729859122618
71853315728138757
17578555294169971
53688593773263535
17574814939291296
41363741994834363
53322932718394376
46993367568359289

93487742194755743
53235776848289365
26493743675735748
13728745622638521
71669646944278293
58582338569516795
73715789691368961
36222663267575397
46268864153186543
37866517853738967

57483751228546213
39785443128492227
31685724935912912
56431193912396795
54691244543785964
56449423133629883
67622762881365295
14276166945321387
29255922563764815
89214331231618336

23557792236365313
68917954732317898
59882589525817336
24357825336458974
22766421478941161
93399788433535433
38663671211839817
51799296612579538
52774663984227651
59489355145614268

18763432199543988
47554713433469736
29332431217442718
56332577876229745
54578892361525897
75998577766714548
24795227651827351
83922325292972327
53939893619295437
82392916678348463

17233139772432442
85679529976438368
64827656381759948
16867218592313125
23499479831254925
13548172746213545
61126464683597259
58913577674377357
33498192858973431
32141335512659768

13897543763358312
15617261978986155
71354855522763989
15116179434631917
92953871419155278
57296394213197181
41863899384522437
86537445556155994
14796841632585849
23481455259997539

89643921756792681
36288638426124744
28716873117929723
97185595751273578
67998839627648189
52554623378971514
86956464994957524
71333952431167234
63539787425783981
69286168951462475

31518456156151842
33392425849537699
26513481427749793
93689173453918428
48144619543584557
27135393629921454
54126639341411753
83141218731993316
88449892355919366
49486698118693966

98915681826767723
33716288347865598
16755167424839763
96975951487384467
51925389849235171
82692818587283676
96828225123549878
32987618844586161
43786838579136777
18188697526856128

25651854484846624
39322317842565228
11217293893169426
85732869279981292
84743955994848615
56373186839325382
49467668972524296
36896924923551288
94472714996396686
35526593639645846

86674228522112516
27725322284194793
87641629676544159
25216616773878784
86486889147219924
95532735963796541
75942591167477425
17893811393948629
55856728721555769
14647467732456659

69483847733137883
54948329233281318
96167237257467534
58328751993333161
58113635725545181
48412938162584187
48741227147913479
45769867861515435
59493647938686642
66262446575475878

71912666956922651
18922233255413369
84784978537969531
84719911666927962
35144677611163291
79884262427183758
42657728427111833
69159321132653445
87969766568681949
26339513741473145

21581567377716414
47654929384634956
79166388441166586
19279939594451477
56392348968122675
39264345532663433
76493621699812146
26937846629374865
79991542415462179
65168836159421764

66869358625365764
25582297887154526
15584213643754645
47149118651338461
13316929531623227
32555226818267139
91691799967268834
21184869467143526
51519586546783516
19819552678133957

61734159431349478
48971185287665755
12424663887759613
45464111975637524
68146622122629875
29741524539519157
22571446352447794
94697185667788188
73383835973499678
28431812383159545

93384868847468993
53885119319558478
98847699672386331
23858848553958771
54722717832477321
57684745216427656
27291366824245157
36985363148223452
24312442227331868
32838836917183112

91585586599291861
59652334452267332
62173168724931879
18135544311332531
77245329469755879
18286991567414316
63185421487346135
52586121589758477
23147272143541296
27587281891826736

62942339473313693
53389587755371961
98616372989942551
41488536332327897
46465569633647419
14863643912712516
59241597947898968
76496996753712361
25826188229477197
17766497641173742

34387314687254493
14361214435843763
22929861762234188
57636281891272327
42656192462827259
89645433845398734
83171349496867545
56858674876498318
64381237358997185
39522253783556334

16921476858484395
31193164738684356
99343239748663672
15397588826728147
89634792973524336
12627272629742395
81174254892874243
93974225138948539
42682326173994125
15725329379522547

76571289588848353
68776235461327583
97561293949469152
16461366551277999
88691866973429546
57866743284835316
84942727915675729
91445849592867573
13224449742249636
81189363825568123

29654942292617179
52594524459679767
73575939831796821
33847135239138377
43172972672882493
45734938357544831
56621358662965884
38239912927582974
15254883761123194
14316454653712337

44134247527214722
37188534982334989
74256997676789615
11569659894617347
91674368315784659
45642818553793528
86458434761437939
89397781346125575
83813135586117595
55758642239191484

39165585796266176
83184185281545334
11375252824862659
11588624521713694
51176486156458778
86747988826985797
85145485261743874
13641584629398863
88359284421318469
37654118185173443

17898249958331666
42522919328513398
11611278228729213
43232247657213436
62472839146525475
72296811311324712
93289749791437195
74445719991949738
33846967869431267
86664668894456653

89226332462385327
42747341635438377
31239236365888533
53566742426249251
84281691358425241
73726881265919687
85659622457964186
14236371827785619
59582949769624983
81954671831647623

69365232257499723
48533322633335893
96998921213562513
98112564633775216
12499144654486713
18799247536632713
55543322866687927
64147426936186914
15592685679223445
33955446924428684

47988447844164794
75253746113965366
32535698924479861
86187568997921456
89472687436411373
23726921133111412
71112832487865481
33352167883492944
22558129143213988
96148283613666247

22416925571395988
39584451789114166
29597839289476214
87473169193648639
95682788824638284
66177698538515395
46395249796357593
31378243925591537
31379837547214972
78346842245974395

81591786238595639
53549134283512318
16116279584552227
37396619317325212
42399926517383872
63955972741388489
17723154322123243
18757414877972344
29931184796319636
86348887648258954

84636997773946289
38882714694395363
58381198639557419
89854824581832632
21793611719147552
35449558554784425
17882283426551855
93452162268329853
62188718662355856
88517159646739965

88319869841575177
22987213497211631
46937749183864222
69924866416298137
68281596964947826
38543995481145154
35524921259827695
75175446686126261
34975733545379273
86287944927626711

