BOARD
47282677672953935
94968286755926595
29478485359243922
28543827438396858
85816264272736969
37265921897911523
76341339873679169
45735829126374264
19943486644398813
38175948964351599
STEP 0 P1 MOVE 5 14 5 16
OWN
00000000000000000
00000000000000000
00000000000000000
00000000000000000
00000000000000000
00000000000000111
00000000000000000
00000000000000000
00000000000000000
00000000000000000
STEP 1 P2 MOVE 2 6 3 6
OWN
00000000000000000
00000000000000000
00000020000000000
00000020000000000
00000000000000000
00000000000000111
00000000000000000
00000000000000000
00000000000000000
00000000000000000
STEP 2 P1 MOVE 1 9 1 10
OWN
00000000000000000
00000000011000000
00000020000000000
00000020000000000
00000000000000000
00000000000000111
00000000000000000
00000000000000000
00000000000000000
00000000000000000
STEP 3 P2 MOVE 6 13 6 14
OWN
00000000000000000
00000000011000000
00000020000000000
00000020000000000
00000000000000000
00000000000000111
00000000000002200
00000000000000000
00000000000000000
00000000000000000
STEP 4 P1 MOVE 8 0 8 1
OWN
00000000000000000
00000000011000000
00000020000000000
00000020000000000
00000000000000000
00000000000000111
00000000000002200
00000000000000000
11000000000000000
00000000000000000
STEP 5 P2 MOVE 8 15 9 15
OWN
00000000000000000
00000000011000000
00000020000000000
00000020000000000
00000000000000000
00000000000000111
00000000000002200
00000000000000000
11000000000000020
00000000000000020
STEP 6 P1 MOVE 0 3 0 4
OWN
00011000000000000
00000000011000000
00000020000000000
00000020000000000
00000000000000000
00000000000000111
00000000000002200
00000000000000000
11000000000000020
00000000000000020
STEP 7 P2 MOVE 3 0 4 0
OWN
00011000000000000
00000000011000000
00000020000000000
20000020000000000
20000000000000000
00000000000000111
00000000000002200
00000000000000000
11000000000000020
00000000000000020
STEP 8 P1 MOVE 7 5 7 6
OWN
00011000000000000
00000000011000000
00000020000000000
20000020000000000
20000000000000000
00000000000000111
00000000000002200
00000110000000000
11000000000000020
00000000000000020
STEP 9 P2 MOVE 3 11 4 11
OWN
00011000000000000
00000000011000000
00000020000000000
20000020000200000
20000000000200000
00000000000000111
00000000000002200
00000110000000000
11000000000000020
00000000000000020
STEP 10 P1 MOVE 5 0 5 1
OWN
00011000000000000
00000000011000000
00000020000000000
20000020000200000
20000000000200000
11000000000000111
00000000000002200
00000110000000000
11000000000000020
00000000000000020
STEP 11 P2 MOVE 6 9 6 10
OWN
00011000000000000
00000000011000000
00000020000000000
20000020000200000
20000000000200000
11000000000000111
00000000022002200
00000110000000000
11000000000000020
00000000000000020
STEP 12 P1 MOVE 8 2 9 2
OWN
00011000000000000
00000000011000000
00000020000000000
20000020000200000
20000000000200000
11000000000000111
00000000022002200
00000110000000000
11100000000000020
00100000000000020
STEP 13 P2 MOVE 8 9 9 9
OWN
00011000000000000
00000000011000000
00000020000000000
20000020000200000
20000000000200000
11000000000000111
00000000022002200
00000110000000000
11100000020000020
00100000020000020
STEP 14 P1 MOVE 0 16 1 16
OWN
00011000000000001
00000000011000001
00000020000000000
20000020000200000
20000000000200000
11000000000000111
00000000022002200
00000110000000000
11100000020000020
00100000020000020
STEP 15 P2 MOVE 2 16 3 16
OWN
00011000000000001
00000000011000001
00000020000000002
20000020000200002
20000000000200000
11000000000000111
00000000022002200
00000110000000000
11100000020000020
00100000020000020
STEP 16 P1 MOVE 3 9 4 9
OWN
00011000000000001
00000000011000001
00000020000000002
20000020010200002
20000000010200000
11000000000000111
00000000022002200
00000110000000000
11100000020000020
00100000020000020
STEP 17 P2 MOVE 3 10 4 10
OWN
00011000000000001
00000000011000001
00000020000000002
20000020012200002
20000000012200000
11000000000000111
00000000022002200
00000110000000000
11100000020000020
00100000020000020
STEP 18 P1 MOVE 7 11 7 12
OWN
00011000000000001
00000000011000001
00000020000000002
20000020012200002
20000000012200000
11000000000000111
00000000022002200
00000110000110000
11100000020000020
00100000020000020
STEP 19 P2 MOVE 7 15 7 16
OWN
00011000000000001
00000000011000001
00000020000000002
20000020012200002
20000000012200000
11000000000000111
00000000022002200
00000110000110022
11100000020000020
00100000020000020
STEP 20 P1 MOVE 7 10 7 13
OWN
00011000000000001
00000000011000001
00000020000000002
20000020012200002
20000000012200000
11000000000000111
00000000022002200
00000110001111022
11100000020000020
00100000020000020
STEP 21 P2 MOVE 7 14 8 14
OWN
00011000000000001
00000000011000001
00000020000000002
20000020012200002
20000000012200000
11000000000000111
00000000022002200
00000110001111222
11100000020000220
00100000020000020
STEP 22 P1 MOVE 6 2 7 2
OWN
00011000000000001
00000000011000001
00000020000000002
20000020012200002
20000000012200000
11000000000000111
00100000022002200
00100110001111222
11100000020000220
00100000020000020
STEP 23 P2 MOVE 5 3 6 3
OWN
00011000000000001
00000000011000001
00000020000000002
20000020012200002
20000000012200000
11020000000000111
00120000022002200
00100110001111222
11100000020000220
00100000020000020
STEP 24 P1 MOVE 5 7 6 7
OWN
00011000000000001
00000000011000001
00000020000000002
20000020012200002
20000000012200000
11020001000000111
00120001022002200
00100110001111222
11100000020000220
00100000020000020
STEP 25 P2 MOVE 5 6 5 8
OWN
00011000000000001
00000000011000001
00000020000000002
20000020012200002
20000000012200000
11020022200000111
00120001022002200
00100110001111222
11100000020000220
00100000020000020
STEP 26 P1 MOVE 4 8 6 8
OWN
00011000000000001
00000000011000001
00000020000000002
20000020012200002
20000000112200000
11020022100000111
00120001122002200
00100110001111222
11100000020000220
00100000020000020
STEP 27 P2 MOVE 7 7 7 8
OWN
00011000000000001
00000000011000001
00000020000000002
20000020012200002
20000000112200000
11020022100000111
00120001122002200
00100112201111222
11100000020000220
00100000020000020
STEP 28 P1 MOVE 7 9 9 10
OWN
00011000000000001
00000000011000001
00000020000000002
20000020012200002
20000000112200000
11020022100000111
00120001122002200
00100112211111222
11100000011000220
00100000011000020
STEP 29 P2 MOVE 3 8 8 8
OWN
00011000000000001
00000000011000001
00000020000000002
20000020212200002
20000000212200000
11020022200000111
00120001222002200
00100112211111222
11100000211000220
00100000011000020
STEP 30 P1 MOVE 4 7 8 7
OWN
00011000000000001
00000000011000001
00000020000000002
20000020212200002
20000001212200000
11020021200000111
00120001222002200
00100111211111222
11100001211000220
00100000011000020
STEP 31 P2 MOVE 6 1 6 5
OWN
00011000000000001
00000000011000001
00000020000000002
20000020212200002
20000001212200000
11020021200000111
02222201222002200
00100111211111222
11100001211000220
00100000011000020
STEP 32 P1 MOVE 5 1 7 3
OWN
00011000000000001
00000000011000001
00000020000000002
20000020212200002
20000001212200000
11110021200000111
01112201222002200
01110111211111222
11100001211000220
00100000011000020
STEP 33 P2 MOVE 6 0 6 6
OWN
00011000000000001
00000000011000001
00000020000000002
20000020212200002
20000001212200000
11110021200000111
22222221222002200
01110111211111222
11100001211000220
00100000011000020
STEP 34 P1 MOVE 5 13 9 13
OWN
00011000000000001
00000000011000001
00000020000000002
20000020212200002
20000001212200000
11110021200001111
22222221222001200
01110111211111222
11100001211001220
00100000011001020
STEP 35 P2 MOVE 4 12 5 13
OWN
00011000000000001
00000000011000001
00000020000000002
20000020212200002
20000001212222000
11110021200022111
22222221222001200
01110111211111222
11100001211001220
00100000011001020
STEP 36 P1 MOVE 9 12 9 14
OWN
00011000000000001
00000000011000001
00000020000000002
20000020212200002
20000001212222000
11110021200022111
22222221222001200
01110111211111222
11100001211001220
00100000011011120
STEP 37 P2 MOVE 1 8 2 8
OWN
00011000000000001
00000000211000001
00000020200000002
20000020212200002
20000001212222000
11110021200022111
22222221222001200
01110111211111222
11100001211001220
00100000011011120
STEP 38 P1 MOVE 2 7 2 9
OWN
00011000000000001
00000000211000001
00000021110000002
20000020212200002
20000001212222000
11110021200022111
22222221222001200
01110111211111222
11100001211001220
00100000011011120
STEP 39 P2 MOVE 3 5 4 5
OWN
00011000000000001
00000000211000001
00000021110000002
20000220212200002
20000201212222000
11110021200022111
22222221222001200
01110111211111222
11100001211001220
00100000011011120
STEP 40 P1 MOVE 2 5 4 6
OWN
00011000000000001
00000000211000001
00000111110000002
20000110212200002
20000111212222000
11110021200022111
22222221222001200
01110111211111222
11100001211001220
00100000011011120
STEP 41 P2 MOVE 3 4 3 7
OWN
00011000000000001
00000000211000001
00000111110000002
20002222212200002
20000111212222000
11110021200022111
22222221222001200
01110111211111222
11100001211001220
00100000011011120
STEP 42 P1 MOVE 1 4 1 5
OWN
00011000000000001
00001100211000001
00000111110000002
20002222212200002
20000111212222000
11110021200022111
22222221222001200
01110111211111222
11100001211001220
00100000011011120
STEP 43 P2 MOVE -1 -1 -1 -1
OWN
00011000000000001
00001100211000001
00000111110000002
20002222212200002
20000111212222000
11110021200022111
22222221222001200
01110111211111222
11100001211001220
00100000011011120
STEP 44 P1 MOVE -1 -1 -1 -1
OWN
00011000000000001
00001100211000001
00000111110000002
20002222212200002
20000111212222000
11110021200022111
22222221222001200
01110111211111222
11100001211001220
00100000011011120
RESULT first=52 second=40 winner=1
ANALYSIS winner=P1 score=52-40 reason=Ĺ»ĂëżěŔ§(+4Ä­ »©ľŃŔ˝,2ąčČż°ú) / şóÄ­Ľ±Áˇ(+4) steal(w/l)=15/11 neu(w/l)=48/44
