BOARD
47531923448962249
72842242569754479
18512547677117673
16559957658432164
25111967395577537
66617169934427836
94889633661281668
45772197437785947
26317931349984958
32959754315744971
STEP 0 P1 MOVE 4 0 4 4
OWN
00000000000000000
00000000000000000
00000000000000000
00000000000000000
11111000000000000
00000000000000000
00000000000000000
00000000000000000
00000000000000000
00000000000000000
STEP 1 P2 MOVE 1 4 1 7
OWN
00000000000000000
00002222000000000
00000000000000000
00000000000000000
11111000000000000
00000000000000000
00000000000000000
00000000000000000
00000000000000000
00000000000000000
STEP 2 P1 MOVE 2 11 4 11
OWN
00000000000000000
00002222000000000
00000000000100000
00000000000100000
11111000000100000
00000000000000000
00000000000000000
00000000000000000
00000000000000000
00000000000000000
STEP 3 P2 MOVE 1 3 3 3
OWN
00000000000000000
00022222000000000
00020000000100000
00020000000100000
11111000000100000
00000000000000000
00000000000000000
00000000000000000
00000000000000000
00000000000000000
STEP 4 P1 MOVE 8 1 8 3
OWN
00000000000000000
00022222000000000
00020000000100000
00020000000100000
11111000000100000
00000000000000000
00000000000000000
00000000000000000
01110000000000000
00000000000000000
STEP 5 P2 MOVE 4 10 6 10
OWN
00000000000000000
00022222000000000
00020000000100000
00020000000100000
11111000002100000
00000000002000000
00000000002000000
00000000000000000
01110000000000000
00000000000000000
STEP 6 P1 MOVE 0 9 1 9
OWN
00000000010000000
00022222010000000
00020000000100000
00020000000100000
11111000002100000
00000000002000000
00000000002000000
00000000000000000
01110000000000000
00000000000000000
STEP 7 P2 MOVE 6 13 8 13
OWN
00000000010000000
00022222010000000
00020000000100000
00020000000100000
11111000002100000
00000000002000000
00000000002002000
00000000000002000
01110000000002000
00000000000000000
STEP 8 P1 MOVE 1 1 2 1
OWN
00000000010000000
01022222010000000
01020000000100000
00020000000100000
11111000002100000
00000000002000000
00000000002002000
00000000000002000
01110000000002000
00000000000000000
STEP 9 P2 MOVE 0 7 2 7
OWN
00000002010000000
01022222010000000
01020002000100000
00020000000100000
11111000002100000
00000000002000000
00000000002002000
00000000000002000
01110000000002000
00000000000000000
STEP 10 P1 MOVE 2 2 3 2
OWN
00000002010000000
01022222010000000
01120002000100000
00120000000100000
11111000002100000
00000000002000000
00000000002002000
00000000000002000
01110000000002000
00000000000000000
STEP 11 P2 MOVE 0 12 0 14
OWN
00000002010022200
01022222010000000
01120002000100000
00120000000100000
11111000002100000
00000000002000000
00000000002002000
00000000000002000
01110000000002000
00000000000000000
STEP 12 P1 MOVE 7 3 7 5
OWN
00000002010022200
01022222010000000
01120002000100000
00120000000100000
11111000002100000
00000000002000000
00000000002002000
00011100000002000
01110000000002000
00000000000000000
STEP 13 P2 MOVE 1 2 2 4
OWN
00000002010022200
01222222010000000
01222002000100000
00120000000100000
11111000002100000
00000000002000000
00000000002002000
00011100000002000
01110000000002000
00000000000000000
STEP 14 P1 MOVE 2 0 2 6
OWN
00000002010022200
01222222010000000
11111112000100000
00120000000100000
11111000002100000
00000000002000000
00000000002002000
00011100000002000
01110000000002000
00000000000000000
STEP 15 P2 MOVE 0 4 3 4
OWN
00002002010022200
01222222010000000
11112112000100000
00122000000100000
11111000002100000
00000000002000000
00000000002002000
00011100000002000
01110000000002000
00000000000000000
STEP 16 P1 MOVE 2 15 2 16
OWN
00002002010022200
01222222010000000
11112112000100011
00122000000100000
11111000002100000
00000000002000000
00000000002002000
00011100000002000
01110000000002000
00000000000000000
STEP 17 P2 MOVE 5 1 6 1
OWN
00002002010022200
01222222010000000
11112112000100011
00122000000100000
11111000002100000
02000000002000000
02000000002002000
00011100000002000
01110000000002000
00000000000000000
STEP 18 P1 MOVE 6 15 7 15
OWN
00002002010022200
01222222010000000
11112112000100011
00122000000100000
11111000002100000
02000000002000000
02000000002002010
00011100000002010
01110000000002000
00000000000000000
STEP 19 P2 MOVE 4 5 5 5
OWN
00002002010022200
01222222010000000
11112112000100011
00122000000100000
11111200002100000
02000200002000000
02000000002002010
00011100000002010
01110000000002000
00000000000000000
STEP 20 P1 MOVE 4 7 4 8
OWN
00002002010022200
01222222010000000
11112112000100011
00122000000100000
11111201102100000
02000200002000000
02000000002002010
00011100000002010
01110000000002000
00000000000000000
STEP 21 P2 MOVE 5 12 6 12
OWN
00002002010022200
01222222010000000
11112112000100011
00122000000100000
11111201102100000
02000200002020000
02000000002022010
00011100000002010
01110000000002000
00000000000000000
STEP 22 P1 MOVE 1 14 2 14
OWN
00002002010022200
01222222010000100
11112112000100111
00122000000100000
11111201102100000
02000200002020000
02000000002022010
00011100000002010
01110000000002000
00000000000000000
STEP 23 P2 MOVE 3 15 3 16
OWN
00002002010022200
01222222010000100
11112112000100111
00122000000100022
11111201102100000
02000200002020000
02000000002022010
00011100000002010
01110000000002000
00000000000000000
STEP 24 P1 MOVE 4 15 4 16
OWN
00002002010022200
01222222010000100
11112112000100111
00122000000100022
11111201102100011
02000200002020000
02000000002022010
00011100000002010
01110000000002000
00000000000000000
STEP 25 P2 MOVE 7 9 7 10
OWN
00002002010022200
01222222010000100
11112112000100111
00122000000100022
11111201102100011
02000200002020000
02000000002022010
00011100022002010
01110000000002000
00000000000000000
STEP 26 P1 MOVE 6 9 8 9
OWN
00002002010022200
01222222010000100
11112112000100111
00122000000100022
11111201102100011
02000200002020000
02000000012022010
00011100012002010
01110000010002000
00000000000000000
STEP 27 P2 MOVE 6 8 7 8
OWN
00002002010022200
01222222010000100
11112112000100111
00122000000100022
11111201102100011
02000200002020000
02000000212022010
00011100212002010
01110000010002000
00000000000000000
STEP 28 P1 MOVE 6 7 7 7
OWN
00002002010022200
01222222010000100
11112112000100111
00122000000100022
11111201102100011
02000200002020000
02000001212022010
00011101212002010
01110000010002000
00000000000000000
STEP 29 P2 MOVE 5 7 8 7
OWN
00002002010022200
01222222010000100
11112112000100111
00122000000100022
11111201102100011
02000202002020000
02000002212022010
00011102212002010
01110002010002000
00000000000000000
STEP 30 P1 MOVE 8 7 9 8
OWN
00002002010022200
01222222010000100
11112112000100111
00122000000100022
11111201102100011
02000202002020000
02000002212022010
00011102212002010
01110001110002000
00000001100000000
STEP 31 P2 MOVE 2 13 3 14
OWN
00002002010022200
01222222010000100
11112112000102211
00122000000102222
11111201102100011
02000202002020000
02000002212022010
00011102212002010
01110001110002000
00000001100000000
STEP 32 P1 MOVE 1 15 5 15
OWN
00002002010022200
01222222010000110
11112112000102211
00122000000102212
11111201102100011
02000202002020010
02000002212022010
00011102212002010
01110001110002000
00000001100000000
STEP 33 P2 MOVE -1 -1 -1 -1
OWN
00002002010022200
01222222010000110
11112112000102211
00122000000102212
11111201102100011
02000202002020010
02000002212022010
00011102212002010
01110001110002000
00000001100000000
STEP 34 P1 MOVE -1 -1 -1 -1
OWN
00002002010022200
01222222010000110
11112112000102211
00122000000102212
11111201102100011
02000202002020010
02000002212022010
00011102212002010
01110001110002000
00000001100000000
RESULT first=43 second=38 winner=1
ANALYSIS winner=P1 score=43-38 reason=şóÄ­Ľ±Áˇ(+3) steal(w/l)=6/5 neu(w/l)=42/39
