BOARD
39165585796266176
83184185281545334
11375252824862659
11588624521713694
51176486156458778
86747988826985797
85145485261743874
13641584629398863
88359284421318469
37654118185173443
STEP 0 P1 MOVE 2 0 4 1
OWN
00000000000000000
00000000000000000
11000000000000000
11000000000000000
11000000000000000
00000000000000000
00000000000000000
00000000000000000
00000000000000000
00000000000000000
STEP 1 P2 MOVE 8 8 8 11
OWN
00000000000000000
00000000000000000
11000000000000000
11000000000000000
11000000000000000
00000000000000000
00000000000000000
00000000000000000
00000000222200000
00000000000000000
STEP 2 P1 MOVE 0 2 3 2
OWN
00100000000000000
00100000000000000
11100000000000000
11100000000000000
11000000000000000
00000000000000000
00000000000000000
00000000000000000
00000000222200000
00000000000000000
STEP 3 P2 MOVE 9 6 9 8
OWN
00100000000000000
00100000000000000
11100000000000000
11100000000000000
11000000000000000
00000000000000000
00000000000000000
00000000000000000
00000000222200000
00000022200000000
STEP 4 P1 MOVE 1 14 1 16
OWN
00100000000000000
00100000000000111
11100000000000000
11100000000000000
11000000000000000
00000000000000000
00000000000000000
00000000000000000
00000000222200000
00000022200000000
STEP 5 P2 MOVE 1 8 2 8
OWN
00100000000000000
00100000200000111
11100000200000000
11100000000000000
11000000000000000
00000000000000000
00000000000000000
00000000000000000
00000000222200000
00000022200000000
STEP 6 P1 MOVE 3 12 3 14
OWN
00100000000000000
00100000200000111
11100000200000000
11100000000011100
11000000000000000
00000000000000000
00000000000000000
00000000000000000
00000000222200000
00000022200000000
STEP 7 P2 MOVE 9 3 9 5
OWN
00100000000000000
00100000200000111
11100000200000000
11100000000011100
11000000000000000
00000000000000000
00000000000000000
00000000000000000
00000000222200000
00022222200000000
STEP 8 P1 MOVE 5 8 5 9
OWN
00100000000000000
00100000200000111
11100000200000000
11100000000011100
11000000000000000
00000000110000000
00000000000000000
00000000000000000
00000000222200000
00022222200000000
STEP 9 P2 MOVE 9 0 9 1
OWN
00100000000000000
00100000200000111
11100000200000000
11100000000011100
11000000000000000
00000000110000000
00000000000000000
00000000000000000
00000000222200000
22022222200000000
STEP 10 P1 MOVE 6 2 8 2
OWN
00100000000000000
00100000200000111
11100000200000000
11100000000011100
11000000000000000
00000000110000000
00100000000000000
00100000000000000
00100000222200000
22022222200000000
STEP 11 P2 MOVE 7 4 8 4
OWN
00100000000000000
00100000200000111
11100000200000000
11100000000011100
11000000000000000
00000000110000000
00100000000000000
00102000000000000
00102000222200000
22022222200000000
STEP 12 P1 MOVE 4 4 4 5
OWN
00100000000000000
00100000200000111
11100000200000000
11100000000011100
11001100000000000
00000000110000000
00100000000000000
00102000000000000
00102000222200000
22022222200000000
STEP 13 P2 MOVE 0 4 0 5
OWN
00102200000000000
00100000200000111
11100000200000000
11100000000011100
11001100000000000
00000000110000000
00100000000000000
00102000000000000
00102000222200000
22022222200000000
STEP 14 P1 MOVE 0 7 1 7
OWN
00102201000000000
00100001200000111
11100000200000000
11100000000011100
11001100000000000
00000000110000000
00100000000000000
00102000000000000
00102000222200000
22022222200000000
STEP 15 P2 MOVE 6 10 7 10
OWN
00102201000000000
00100001200000111
11100000200000000
11100000000011100
11001100000000000
00000000110000000
00100000002000000
00102000002000000
00102000222200000
22022222200000000
STEP 16 P1 MOVE 1 10 1 12
OWN
00102201000000000
00100001201110111
11100000200000000
11100000000011100
11001100000000000
00000000110000000
00100000002000000
00102000002000000
00102000222200000
22022222200000000
STEP 17 P2 MOVE 0 11 2 11
OWN
00102201000200000
00100001201210111
11100000200200000
11100000000011100
11001100000000000
00000000110000000
00100000002000000
00102000002000000
00102000222200000
22022222200000000
STEP 18 P1 MOVE 3 9 3 11
OWN
00102201000200000
00100001201210111
11100000200200000
11100000011111100
11001100000000000
00000000110000000
00100000002000000
00102000002000000
00102000222200000
22022222200000000
STEP 19 P2 MOVE 8 14 8 15
OWN
00102201000200000
00100001201210111
11100000200200000
11100000011111100
11001100000000000
00000000110000000
00100000002000000
00102000002000000
00102000222200220
22022222200000000
STEP 20 P1 MOVE 8 5 8 6
OWN
00102201000200000
00100001201210111
11100000200200000
11100000011111100
11001100000000000
00000000110000000
00100000002000000
00102000002000000
00102110222200220
22022222200000000
STEP 21 P2 MOVE 8 3 8 12
OWN
00102201000200000
00100001201210111
11100000200200000
11100000011111100
11001100000000000
00000000110000000
00100000002000000
00102000002000000
00122222222220220
22022222200000000
STEP 22 P1 MOVE 7 2 9 3
OWN
00102201000200000
00100001201210111
11100000200200000
11100000011111100
11001100000000000
00000000110000000
00100000002000000
00112000002000000
00112222222220220
22112222200000000
STEP 23 P2 MOVE 7 9 9 9
OWN
00102201000200000
00100001201210111
11100000200200000
11100000011111100
11001100000000000
00000000110000000
00100000002000000
00112000022000000
00112222222220220
22112222220000000
STEP 24 P1 MOVE 7 7 7 8
OWN
00102201000200000
00100001201210111
11100000200200000
11100000011111100
11001100000000000
00000000110000000
00100000002000000
00112001122000000
00112222222220220
22112222220000000
STEP 25 P2 MOVE 0 10 2 10
OWN
00102201002200000
00100001202210111
11100000202200000
11100000011111100
11001100000000000
00000000110000000
00100000002000000
00112001122000000
00112222222220220
22112222220000000
STEP 26 P1 MOVE 2 7 2 12
OWN
00102201002200000
00100001202210111
11100001111110000
11100000011111100
11001100000000000
00000000110000000
00100000002000000
00112001122000000
00112222222220220
22112222220000000
STEP 27 P2 MOVE 3 7 4 7
OWN
00102201002200000
00100001202210111
11100001111110000
11100002011111100
11001102000000000
00000000110000000
00100000002000000
00112001122000000
00112222222220220
22112222220000000
STEP 28 P1 MOVE 7 15 9 15
OWN
00102201002200000
00100001202210111
11100001111110000
11100002011111100
11001102000000000
00000000110000000
00100000002000000
00112001122000010
00112222222220210
22112222220000010
STEP 29 P2 MOVE 9 13 9 16
OWN
00102201002200000
00100001202210111
11100001111110000
11100002011111100
11001102000000000
00000000110000000
00100000002000000
00112001122000010
00112222222220210
22112222220002222
STEP 30 P1 MOVE 2 13 4 13
OWN
00102201002200000
00100001202210111
11100001111111000
11100002011111100
11001102000001000
00000000110000000
00100000002000000
00112001122000010
00112222222220210
22112222220002222
STEP 31 P2 MOVE 1 13 5 13
OWN
00102201002200000
00100001202212111
11100001111112000
11100002011112100
11001102000002000
00000000110002000
00100000002000000
00112001122000010
00112222222220210
22112222220002222
STEP 32 P1 MOVE 3 6 4 6
OWN
00102201002200000
00100001202212111
11100001111112000
11100012011112100
11001112000002000
00000000110002000
00100000002000000
00112001122000010
00112222222220210
22112222220002222
STEP 33 P2 MOVE 6 11 7 11
OWN
00102201002200000
00100001202212111
11100001111112000
11100012011112100
11001112000002000
00000000110002000
00100000002200000
00112001122200010
00112222222220210
22112222220002222
STEP 34 P1 MOVE 2 6 3 8
OWN
00102201002200000
00100001202212111
11100011111112000
11100011111112100
11001112000002000
00000000110002000
00100000002200000
00112001122200010
00112222222220210
22112222220002222
STEP 35 P2 MOVE 6 9 6 12
OWN
00102201002200000
00100001202212111
11100011111112000
11100011111112100
11001112000002000
00000000110002000
00100000022220000
00112001122200010
00112222222220210
22112222220002222
STEP 36 P1 MOVE 6 7 6 13
OWN
00102201002200000
00100001202212111
11100011111112000
11100011111112100
11001112000002000
00000000110002000
00100001111111000
00112001122200010
00112222222220210
22112222220002222
STEP 37 P2 MOVE 5 11 9 11
OWN
00102201002200000
00100001202212111
11100011111112000
11100011111112100
11001112000002000
00000000110202000
00100001111211000
00112001122200010
00112222222220210
22112222220202222
STEP 38 P1 MOVE -1 -1 -1 -1
OWN
00102201002200000
00100001202212111
11100011111112000
11100011111112100
11001112000002000
00000000110202000
00100001111211000
00112001122200010
00112222222220210
22112222220202222
STEP 39 P2 MOVE -1 -1 -1 -1
OWN
00102201002200000
00100001202212111
11100011111112000
11100011111112100
11001112000002000
00000000110202000
00100001111211000
00112001122200010
00112222222220210
22112222220202222
RESULT first=53 second=42 winner=1
ANALYSIS winner=P1 score=53-42 reason=şóÄ­Ľ±Áˇ(+7) steal(w/l)=11/9 neu(w/l)=51/44
