BOARD
22234952248667536
47144816258229857
11172471364681153
95973996855132652
18728342918523132
25328759949617246
91564784511412653
27148376194486393
94176684918455179
78381687172527384
STEP 0 P1 MOVE 0 2 1 3
OWN
00110000000000000
00110000000000000
00000000000000000
00000000000000000
00000000000000000
00000000000000000
00000000000000000
00000000000000000
00000000000000000
00000000000000000
STEP 1 P2 MOVE 2 0 2 3
OWN
00110000000000000
00110000000000000
22220000000000000
00000000000000000
00000000000000000
00000000000000000
00000000000000000
00000000000000000
00000000000000000
00000000000000000
STEP 2 P1 MOVE 6 2 9 2
OWN
00110000000000000
00110000000000000
22220000000000000
00000000000000000
00000000000000000
00000000000000000
00100000000000000
00100000000000000
00100000000000000
00100000000000000
STEP 3 P2 MOVE 2 13 2 16
OWN
00110000000000000
00110000000000000
22220000000002222
00000000000000000
00000000000000000
00000000000000000
00100000000000000
00100000000000000
00100000000000000
00100000000000000
STEP 4 P1 MOVE 4 3 6 3
OWN
00110000000000000
00110000000000000
22220000000002222
00000000000000000
00010000000000000
00010000000000000
00110000000000000
00100000000000000
00100000000000000
00100000000000000
STEP 5 P2 MOVE 0 4 2 4
OWN
00112000000000000
00112000000000000
22222000000002222
00000000000000000
00010000000000000
00010000000000000
00110000000000000
00100000000000000
00100000000000000
00100000000000000
STEP 6 P1 MOVE 3 9 5 9
OWN
00112000000000000
00112000000000000
22222000000002222
00000000010000000
00010000010000000
00010000010000000
00110000000000000
00100000000000000
00100000000000000
00100000000000000
STEP 7 P2 MOVE 9 8 9 10
OWN
00112000000000000
00112000000000000
22222000000002222
00000000010000000
00010000010000000
00010000010000000
00110000000000000
00100000000000000
00100000000000000
00100000222000000
STEP 8 P1 MOVE 4 11 4 13
OWN
00112000000000000
00112000000000000
22222000000002222
00000000010000000
00010000010111000
00010000010000000
00110000000000000
00100000000000000
00100000000000000
00100000222000000
STEP 9 P2 MOVE 4 2 5 2
OWN
00112000000000000
00112000000000000
22222000000002222
00000000010000000
00210000010111000
00210000010000000
00110000000000000
00100000000000000
00100000000000000
00100000222000000
STEP 10 P1 MOVE 7 8 8 8
OWN
00112000000000000
00112000000000000
22222000000002222
00000000010000000
00210000010111000
00210000010000000
00110000000000000
00100000100000000
00100000100000000
00100000222000000
STEP 11 P2 MOVE 6 7 6 9
OWN
00112000000000000
00112000000000000
22222000000002222
00000000010000000
00210000010111000
00210000010000000
00110002220000000
00100000100000000
00100000100000000
00100000222000000
STEP 12 P1 MOVE 2 7 2 9
OWN
00112000000000000
00112000000000000
22222001110002222
00000000010000000
00210000010111000
00210000010000000
00110002220000000
00100000100000000
00100000100000000
00100000222000000
STEP 13 P2 MOVE 7 5 7 6
OWN
00112000000000000
00112000000000000
22222001110002222
00000000010000000
00210000010111000
00210000010000000
00110002220000000
00100220100000000
00100000100000000
00100000222000000
STEP 14 P1 MOVE 6 14 8 14
OWN
00112000000000000
00112000000000000
22222001110002222
00000000010000000
00210000010111000
00210000010000000
00110002220000100
00100220100000100
00100000100000100
00100000222000000
STEP 15 P2 MOVE 6 13 6 16
OWN
00112000000000000
00112000000000000
22222001110002222
00000000010000000
00210000010111000
00210000010000000
00110002220002222
00100220100000100
00100000100000100
00100000222000000
STEP 16 P1 MOVE 1 8 3 8
OWN
00112000000000000
00112000100000000
22222001110002222
00000000110000000
00210000010111000
00210000010000000
00110002220002222
00100220100000100
00100000100000100
00100000222000000
STEP 17 P2 MOVE 0 7 1 8
OWN
00112002200000000
00112002200000000
22222001110002222
00000000110000000
00210000010111000
00210000010000000
00110002220002222
00100220100000100
00100000100000100
00100000222000000
STEP 18 P1 MOVE 1 10 1 11
OWN
00112002200000000
00112002201100000
22222001110002222
00000000110000000
00210000010111000
00210000010000000
00110002220002222
00100220100000100
00100000100000100
00100000222000000
STEP 19 P2 MOVE 2 10 2 11
OWN
00112002200000000
00112002201100000
22222001112202222
00000000110000000
00210000010111000
00210000010000000
00110002220002222
00100220100000100
00100000100000100
00100000222000000
STEP 20 P1 MOVE 6 0 6 1
OWN
00112002200000000
00112002201100000
22222001112202222
00000000110000000
00210000010111000
00210000010000000
11110002220002222
00100220100000100
00100000100000100
00100000222000000
STEP 21 P2 MOVE 7 9 8 9
OWN
00112002200000000
00112002201100000
22222001112202222
00000000110000000
00210000010111000
00210000010000000
11110002220002222
00100220120000100
00100000120000100
00100000222000000
STEP 22 P1 MOVE 7 7 7 10
OWN
00112002200000000
00112002201100000
22222001112202222
00000000110000000
00210000010111000
00210000010000000
11110002220002222
00100221111000100
00100000120000100
00100000222000000
STEP 23 P2 MOVE 3 3 3 4
OWN
00112002200000000
00112002201100000
22222001112202222
00022000110000000
00210000010111000
00210000010000000
11110002220002222
00100221111000100
00100000120000100
00100000222000000
STEP 24 P1 MOVE 4 13 5 14
OWN
00112002200000000
00112002201100000
22222001112202222
00022000110000000
00210000010111100
00210000010001100
11110002220002222
00100221111000100
00100000120000100
00100000222000000
STEP 25 P2 MOVE 5 15 5 16
OWN
00112002200000000
00112002201100000
22222001112202222
00022000110000000
00210000010111100
00210000010001122
11110002220002222
00100221111000100
00100000120000100
00100000222000000
STEP 26 P1 MOVE 4 5 5 5
OWN
00112002200000000
00112002201100000
22222001112202222
00022000110000000
00210100010111100
00210100010001122
11110002220002222
00100221111000100
00100000120000100
00100000222000000
STEP 27 P2 MOVE 1 15 3 15
OWN
00112002200000000
00112002201100020
22222001112202222
00022000110000020
00210100010111100
00210100010001122
11110002220002222
00100221111000100
00100000120000100
00100000222000000
STEP 28 P1 MOVE 5 10 6 10
OWN
00112002200000000
00112002201100020
22222001112202222
00022000110000020
00210100010111100
00210100011001122
11110002221002222
00100221111000100
00100000120000100
00100000222000000
STEP 29 P2 MOVE 4 11 5 15
OWN
00112002200000000
00112002201100020
22222001112202222
00022000110000020
00210100010222220
00210100011222222
11110002221002222
00100221111000100
00100000120000100
00100000222000000
STEP 30 P1 MOVE 3 13 3 16
OWN
00112002200000000
00112002201100020
22222001112202222
00022000110001111
00210100010222220
00210100011222222
11110002221002222
00100221111000100
00100000120000100
00100000222000000
STEP 31 P2 MOVE 8 12 8 13
OWN
00112002200000000
00112002201100020
22222001112202222
00022000110001111
00210100010222220
00210100011222222
11110002221002222
00100221111000100
00100000120022100
00100000222000000
STEP 32 P1 MOVE 7 12 9 12
OWN
00112002200000000
00112002201100020
22222001112202222
00022000110001111
00210100010222220
00210100011222222
11110002221002222
00100221111010100
00100000120012100
00100000222010000
STEP 33 P2 MOVE -1 -1 -1 -1
OWN
00112002200000000
00112002201100020
22222001112202222
00022000110001111
00210100010222220
00210100011222222
11110002221002222
00100221111010100
00100000120012100
00100000222010000
STEP 34 P1 MOVE 7 11 7 13
OWN
00112002200000000
00112002201100020
22222001112202222
00022000110001111
00210100010222220
00210100011222222
11110002221002222
00100221111111100
00100000120012100
00100000222010000
STEP 35 P2 MOVE 9 13 9 14
OWN
00112002200000000
00112002201100020
22222001112202222
00022000110001111
00210100010222220
00210100011222222
11110002221002222
00100221111111100
00100000120012100
00100000222012200
STEP 36 P1 MOVE 6 12 7 15
OWN
00112002200000000
00112002201100020
22222001112202222
00022000110001111
00210100010222220
00210100011222222
11110002221011112
00100221111111110
00100000120012100
00100000222012200
STEP 37 P2 MOVE 3 11 6 16
OWN
00112002200000000
00112002201100020
22222001112202222
00022000110222222
00210100010222222
00210100011222222
11110002221222222
00100221111111110
00100000120012100
00100000222012200
STEP 38 P1 MOVE 0 15 8 15
OWN
00112002200000010
00112002201100010
22222001112202212
00022000110222212
00210100010222212
00210100011222212
11110002221222212
00100221111111110
00100000120012110
00100000222012200
STEP 39 P2 MOVE 0 11 8 11
OWN
00112002200200010
00112002201200010
22222001112202212
00022000110222212
00210100010222212
00210100011222212
11110002221222212
00100221111211110
00100000120212110
00100000222012200
STEP 40 P1 MOVE 1 16 7 16
OWN
00112002200200010
00112002201200011
22222001112202211
00022000110222211
00210100010222211
00210100011222211
11110002221222211
00100221111211111
00100000120212110
00100000222012200
STEP 41 P2 MOVE 1 12 2 12
OWN
00112002200200010
00112002201220011
22222001112222211
00022000110222211
00210100010222211
00210100011222211
11110002221222211
00100221111211111
00100000120212110
00100000222012200
STEP 42 P1 MOVE -1 -1 -1 -1
OWN
00112002200200010
00112002201220011
22222001112222211
00022000110222211
00210100010222211
00210100011222211
11110002221222211
00100221111211111
00100000120212110
00100000222012200
STEP 43 P2 MOVE -1 -1 -1 -1
OWN
00112002200200010
00112002201220011
22222001112222211
00022000110222211
00210100010222211
00210100011222211
11110002221222211
00100221111211111
00100000120212110
00100000222012200
RESULT first=52 second=53 winner=2
ANALYSIS winner=P2 score=52-53 reason=斬模犒м辦嬪 steal(w/l)=18/17 neu(w/l)=52/53
