BOARD
22416925571395988
39584451789114166
29597839289476214
87473169193648639
95682788824638284
66177698538515395
46395249796357593
31378243925591537
31379837547214972
78346842245974395
STEP 0 P1 MOVE 5 2 8 2
OWN
00000000000000000
00000000000000000
00000000000000000
00000000000000000
00000000000000000
00100000000000000
00100000000000000
00100000000000000
00100000000000000
00000000000000000
STEP 1 P2 MOVE 2 14 4 14
OWN
00000000000000000
00000000000000000
00000000000000200
00000000000000200
00000000000000200
00100000000000000
00100000000000000
00100000000000000
00100000000000000
00000000000000000
STEP 2 P1 MOVE 1 5 1 7
OWN
00000000000000000
00000111000000000
00000000000000200
00000000000000200
00000000000000200
00100000000000000
00100000000000000
00100000000000000
00100000000000000
00000000000000000
STEP 3 P2 MOVE 1 8 3 8
OWN
00000000000000000
00000111200000000
00000000200000200
00000000200000200
00000000000000200
00100000000000000
00100000000000000
00100000000000000
00100000000000000
00000000000000000
STEP 4 P1 MOVE 3 4 3 6
OWN
00000000000000000
00000111200000000
00000000200000200
00001110200000200
00000000000000200
00100000000000000
00100000000000000
00100000000000000
00100000000000000
00000000000000000
STEP 5 P2 MOVE 5 5 7 5
OWN
00000000000000000
00000111200000000
00000000200000200
00001110200000200
00000000000000200
00100200000000000
00100200000000000
00100200000000000
00100000000000000
00000000000000000
STEP 6 P1 MOVE 6 0 8 0
OWN
00000000000000000
00000111200000000
00000000200000200
00001110200000200
00000000000000200
00100200000000000
10100200000000000
10100200000000000
10100000000000000
00000000000000000
STEP 7 P2 MOVE 6 11 8 11
OWN
00000000000000000
00000111200000000
00000000200000200
00001110200000200
00000000000000200
00100200000000000
10100200000200000
10100200000200000
10100000000200000
00000000000000000
STEP 8 P1 MOVE 7 9 9 9
OWN
00000000000000000
00000111200000000
00000000200000200
00001110200000200
00000000000000200
00100200000000000
10100200000200000
10100200010200000
10100000010200000
00000000010000000
STEP 9 P2 MOVE 8 6 8 7
OWN
00000000000000000
00000111200000000
00000000200000200
00001110200000200
00000000000000200
00100200000000000
10100200000200000
10100200010200000
10100022010200000
00000000010000000
STEP 10 P1 MOVE 7 12 8 12
OWN
00000000000000000
00000111200000000
00000000200000200
00001110200000200
00000000000000200
00100200000000000
10100200000200000
10100200010210000
10100022010210000
00000000010000000
STEP 11 P2 MOVE 2 0 3 0
OWN
00000000000000000
00000111200000000
20000000200000200
20001110200000200
00000000000000200
00100200000000000
10100200000200000
10100200010210000
10100022010210000
00000000010000000
STEP 12 P1 MOVE 1 16 2 16
OWN
00000000000000000
00000111200000001
20000000200000201
20001110200000200
00000000000000200
00100200000000000
10100200000200000
10100200010210000
10100022010210000
00000000010000000
STEP 13 P2 MOVE 0 12 1 12
OWN
00000000000020000
00000111200020001
20000000200000201
20001110200000200
00000000000000200
00100200000000000
10100200000200000
10100200010210000
10100022010210000
00000000010000000
STEP 14 P1 MOVE 1 2 2 2
OWN
00000000000020000
00100111200020001
20100000200000201
20001110200000200
00000000000000200
00100200000000000
10100200000200000
10100200010210000
10100022010210000
00000000010000000
STEP 15 P2 MOVE 9 3 9 4
OWN
00000000000020000
00100111200020001
20100000200000201
20001110200000200
00000000000000200
00100200000000000
10100200000200000
10100200010210000
10100022010210000
00022000010000000
STEP 16 P1 MOVE 6 16 7 16
OWN
00000000000020000
00100111200020001
20100000200000201
20001110200000200
00000000000000200
00100200000000000
10100200000200001
10100200010210001
10100022010210000
00022000010000000
STEP 17 P2 MOVE 0 4 1 4
OWN
00002000000020000
00102111200020001
20100000200000201
20001110200000200
00000000000000200
00100200000000000
10100200000200001
10100200010210001
10100022010210000
00022000010000000
STEP 18 P1 MOVE 7 1 9 1
OWN
00002000000020000
00102111200020001
20100000200000201
20001110200000200
00000000000000200
00100200000000000
10100200000200001
11100200010210001
11100022010210000
01022000010000000
STEP 19 P2 MOVE 9 0 9 2
OWN
00002000000020000
00102111200020001
20100000200000201
20001110200000200
00000000000000200
00100200000000000
10100200000200001
11100200010210001
11100022010210000
22222000010000000
STEP 20 P1 MOVE 4 3 4 4
OWN
00002000000020000
00102111200020001
20100000200000201
20001110200000200
00011000000000200
00100200000000000
10100200000200001
11100200010210001
11100022010210000
22222000010000000
STEP 21 P2 MOVE 0 10 1 10
OWN
00002000002020000
00102111202020001
20100000200000201
20001110200000200
00011000000000200
00100200000000000
10100200000200001
11100200010210001
11100022010210000
22222000010000000
STEP 22 P1 MOVE 0 7 0 8
OWN
00002001102020000
00102111202020001
20100000200000201
20001110200000200
00011000000000200
00100200000000000
10100200000200001
11100200010210001
11100022010210000
22222000010000000
STEP 23 P2 MOVE 3 2 4 2
OWN
00002001102020000
00102111202020001
20100000200000201
20201110200000200
00211000000000200
00100200000000000
10100200000200001
11100200010210001
11100022010210000
22222000010000000
STEP 24 P1 MOVE 0 9 0 11
OWN
00002001111120000
00102111202020001
20100000200000201
20201110200000200
00211000000000200
00100200000000000
10100200000200001
11100200010210001
11100022010210000
22222000010000000
STEP 25 P2 MOVE 4 8 4 9
OWN
00002001111120000
00102111202020001
20100000200000201
20201110200000200
00211000220000200
00100200000000000
10100200000200001
11100200010210001
11100022010210000
22222000010000000
STEP 26 P1 MOVE 4 10 4 11
OWN
00002001111120000
00102111202020001
20100000200000201
20201110200000200
00211000221100200
00100200000000000
10100200000200001
11100200010210001
11100022010210000
22222000010000000
STEP 27 P2 MOVE 6 14 7 14
OWN
00002001111120000
00102111202020001
20100000200000201
20201110200000200
00211000221100200
00100200000000000
10100200000200201
11100200010210201
11100022010210000
22222000010000000
STEP 28 P1 MOVE 7 15 8 15
OWN
00002001111120000
00102111202020001
20100000200000201
20201110200000200
00211000221100200
00100200000000000
10100200000200201
11100200010210211
11100022010210010
22222000010000000
STEP 29 P2 MOVE 2 11 3 11
OWN
00002001111120000
00102111202020001
20100000200200201
20201110200200200
00211000221100200
00100200000000000
10100200000200201
11100200010210211
11100022010210010
22222000010000000
STEP 30 P1 MOVE 3 10 4 12
OWN
00002001111120000
00102111202020001
20100000200200201
20201110201110200
00211000221110200
00100200000000000
10100200000200201
11100200010210211
11100022010210010
22222000010000000
STEP 31 P2 MOVE 0 11 1 13
OWN
00002001111222000
00102111202222001
20100000200200201
20201110201110200
00211000221110200
00100200000000000
10100200000200201
11100200010210211
11100022010210010
22222000010000000
STEP 32 P1 MOVE 0 6 1 9
OWN
00002011111222000
00102111112222001
20100000200200201
20201110201110200
00211000221110200
00100200000000000
10100200000200201
11100200010210211
11100022010210010
22222000010000000
STEP 33 P2 MOVE 0 3 0 5
OWN
00022211111222000
00102111112222001
20100000200200201
20201110201110200
00211000221110200
00100200000000000
10100200000200201
11100200010210211
11100022010210010
22222000010000000
STEP 34 P1 MOVE -1 -1 -1 -1
OWN
00022211111222000
00102111112222001
20100000200200201
20201110201110200
00211000221110200
00100200000000000
10100200000200201
11100200010210211
11100022010210010
22222000010000000
STEP 35 P2 MOVE -1 -1 -1 -1
OWN
00022211111222000
00102111112222001
20100000200200201
20201110201110200
00211000221110200
00100200000000000
10100200000200201
11100200010210211
11100022010210010
22222000010000000
RESULT first=43 second=38 winner=1
ANALYSIS winner=P1 score=43-38 reason=şóÄ­Ľ±Áˇ(+3) steal(w/l)=3/2 neu(w/l)=42/39
