BOARD
57483751228546213
39785443128492227
31685724935912912
56431193912396795
54691244543785964
56449423133629883
67622762881365295
14276166945321387
29255922563764815
89214331231618336
STEP 0 P1 MOVE 8 2 9 3
OWN
00000000000000000
00000000000000000
00000000000000000
00000000000000000
00000000000000000
00000000000000000
00000000000000000
00000000000000000
00110000000000000
00110000000000000
STEP 1 P2 MOVE 2 0 2 2
OWN
00000000000000000
00000000000000000
22200000000000000
00000000000000000
00000000000000000
00000000000000000
00000000000000000
00000000000000000
00110000000000000
00110000000000000
STEP 2 P1 MOVE 0 6 0 9
OWN
00000011110000000
00000000000000000
22200000000000000
00000000000000000
00000000000000000
00000000000000000
00000000000000000
00000000000000000
00110000000000000
00110000000000000
STEP 3 P2 MOVE 1 9 4 9
OWN
00000011110000000
00000000020000000
22200000020000000
00000000020000000
00000000020000000
00000000000000000
00000000000000000
00000000000000000
00110000000000000
00110000000000000
STEP 4 P1 MOVE 6 13 8 13
OWN
00000011110000000
00000000020000000
22200000020000000
00000000020000000
00000000020000000
00000000000000000
00000000000001000
00000000000001000
00110000000001000
00110000000000000
STEP 5 P2 MOVE 2 10 4 10
OWN
00000011110000000
00000000020000000
22200000022000000
00000000022000000
00000000022000000
00000000000000000
00000000000001000
00000000000001000
00110000000001000
00110000000000000
STEP 6 P1 MOVE 6 2 6 4
OWN
00000011110000000
00000000020000000
22200000022000000
00000000022000000
00000000022000000
00000000000000000
00111000000001000
00000000000001000
00110000000001000
00110000000000000
STEP 7 P2 MOVE 5 12 7 12
OWN
00000011110000000
00000000020000000
22200000022000000
00000000022000000
00000000022000000
00000000000020000
00111000000021000
00000000000021000
00110000000001000
00110000000000000
STEP 8 P1 MOVE 4 5 4 7
OWN
00000011110000000
00000000020000000
22200000022000000
00000000022000000
00000111022000000
00000000000020000
00111000000021000
00000000000021000
00110000000001000
00110000000000000
STEP 9 P2 MOVE 5 5 5 8
OWN
00000011110000000
00000000020000000
22200000022000000
00000000022000000
00000111022000000
00000222200020000
00111000000021000
00000000000021000
00110000000001000
00110000000000000
STEP 10 P1 MOVE 2 11 2 12
OWN
00000011110000000
00000000020000000
22200000022110000
00000000022000000
00000111022000000
00000222200020000
00111000000021000
00000000000021000
00110000000001000
00110000000000000
STEP 11 P2 MOVE 6 7 8 7
OWN
00000011110000000
00000000020000000
22200000022110000
00000000022000000
00000111022000000
00000222200020000
00111002000021000
00000002000021000
00110002000001000
00110000000000000
STEP 12 P1 MOVE 1 7 3 7
OWN
00000011110000000
00000001020000000
22200001022110000
00000001022000000
00000111022000000
00000222200020000
00111002000021000
00000002000021000
00110002000001000
00110000000000000
STEP 13 P2 MOVE 1 13 3 13
OWN
00000011110000000
00000001020002000
22200001022112000
00000001022002000
00000111022000000
00000222200020000
00111002000021000
00000002000021000
00110002000001000
00110000000000000
STEP 14 P1 MOVE 4 1 5 1
OWN
00000011110000000
00000001020002000
22200001022112000
00000001022002000
01000111022000000
01000222200020000
00111002000021000
00000002000021000
00110002000001000
00110000000000000
STEP 15 P2 MOVE 4 2 5 2
OWN
00000011110000000
00000001020002000
22200001022112000
00000001022002000
01200111022000000
01200222200020000
00111002000021000
00000002000021000
00110002000001000
00110000000000000
STEP 16 P1 MOVE 6 10 9 10
OWN
00000011110000000
00000001020002000
22200001022112000
00000001022002000
01200111022000000
01200222200020000
00111002001021000
00000002001021000
00110002001001000
00110000001000000
STEP 17 P2 MOVE 7 9 7 14
OWN
00000011110000000
00000001020002000
22200001022112000
00000001022002000
01200111022000000
01200222200020000
00111002001021000
00000002022222200
00110002001001000
00110000001000000
STEP 18 P1 MOVE 6 14 8 14
OWN
00000011110000000
00000001020002000
22200001022112000
00000001022002000
01200111022000000
01200222200020000
00111002001021100
00000002022222100
00110002001001100
00110000001000000
STEP 19 P2 MOVE 6 11 8 11
OWN
00000011110000000
00000001020002000
22200001022112000
00000001022002000
01200111022000000
01200222200020000
00111002001221100
00000002022222100
00110002001201100
00110000001000000
STEP 20 P1 MOVE 4 0 5 0
OWN
00000011110000000
00000001020002000
22200001022112000
00000001022002000
11200111022000000
11200222200020000
00111002001221100
00000002022222100
00110002001201100
00110000001000000
STEP 21 P2 MOVE 2 14 2 15
OWN
00000011110000000
00000001020002000
22200001022112220
00000001022002000
11200111022000000
11200222200020000
00111002001221100
00000002022222100
00110002001201100
00110000001000000
STEP 22 P1 MOVE 4 3 4 4
OWN
00000011110000000
00000001020002000
22200001022112220
00000001022002000
11211111022000000
11200222200020000
00111002001221100
00000002022222100
00110002001201100
00110000001000000
STEP 23 P2 MOVE 0 12 0 13
OWN
00000011110022000
00000001020002000
22200001022112220
00000001022002000
11211111022000000
11200222200020000
00111002001221100
00000002022222100
00110002001201100
00110000001000000
STEP 24 P1 MOVE 0 4 0 5
OWN
00001111110022000
00000001020002000
22200001022112220
00000001022002000
11211111022000000
11200222200020000
00111002001221100
00000002022222100
00110002001201100
00110000001000000
STEP 25 P2 MOVE 8 0 9 0
OWN
00001111110022000
00000001020002000
22200001022112220
00000001022002000
11211111022000000
11200222200020000
00111002001221100
00000002022222100
20110002001201100
20110000001000000
STEP 26 P1 MOVE 0 16 1 16
OWN
00001111110022001
00000001020002001
22200001022112220
00000001022002000
11211111022000000
11200222200020000
00111002001221100
00000002022222100
20110002001201100
20110000001000000
STEP 27 P2 MOVE 9 9 9 12
OWN
00001111110022001
00000001020002001
22200001022112220
00000001022002000
11211111022000000
11200222200020000
00111002001221100
00000002022222100
20110002001201100
20110000022220000
STEP 28 P1 MOVE 1 8 2 8
OWN
00001111110022001
00000001120002001
22200001122112220
00000001022002000
11211111022000000
11200222200020000
00111002001221100
00000002022222100
20110002001201100
20110000022220000
STEP 29 P2 MOVE 7 5 8 5
OWN
00001111110022001
00000001120002001
22200001122112220
00000001022002000
11211111022000000
11200222200020000
00111002001221100
00000202022222100
20110202001201100
20110000022220000
STEP 30 P1 MOVE 1 4 2 4
OWN
00001111110022001
00001001120002001
22201001122112220
00000001022002000
11211111022000000
11200222200020000
00111002001221100
00000202022222100
20110202001201100
20110000022220000
STEP 31 P2 MOVE 3 5 3 6
OWN
00001111110022001
00001001120002001
22201001122112220
00000221022002000
11211111022000000
11200222200020000
00111002001221100
00000202022222100
20110202001201100
20110000022220000
STEP 32 P1 MOVE 6 5 9 5
OWN
00001111110022001
00001001120002001
22201001122112220
00000221022002000
11211111022000000
11200222200020000
00111102001221100
00000102022222100
20110102001201100
20110100022220000
STEP 33 P2 MOVE 9 4 9 8
OWN
00001111110022001
00001001120002001
22201001122112220
00000221022002000
11211111022000000
11200222200020000
00111102001221100
00000102022222100
20110102001201100
20112222222220000
STEP 34 P1 MOVE 3 11 4 11
OWN
00001111110022001
00001001120002001
22201001122112220
00000221022102000
11211111022100000
11200222200020000
00111102001221100
00000102022222100
20110102001201100
20112222222220000
STEP 35 P2 MOVE 1 11 5 11
OWN
00001111110022001
00001001120202001
22201001122212220
00000221022202000
11211111022200000
11200222200220000
00111102001221100
00000102022222100
20110102001201100
20112222222220000
STEP 36 P1 MOVE 3 4 3 8
OWN
00001111110022001
00001001120202001
22201001122212220
00001111122202000
11211111022200000
11200222200220000
00111102001221100
00000102022222100
20110102001201100
20112222222220000
STEP 37 P2 MOVE 3 1 3 2
OWN
00001111110022001
00001001120202001
22201001122212220
02201111122202000
11211111022200000
11200222200220000
00111102001221100
00000102022222100
20110102001201100
20112222222220000
STEP 38 P1 MOVE 2 6 5 9
OWN
00001111110022001
00001001120202001
22201011112212220
02201111112202000
11211111112200000
11200211110220000
00111102001221100
00000102022222100
20110102001201100
20112222222220000
STEP 39 P2 MOVE 2 5 5 10
OWN
00001111110022001
00001001120202001
22201222222212220
02201222222202000
11211222222200000
11200222222220000
00111102001221100
00000102022222100
20110102001201100
20112222222220000
STEP 40 P1 MOVE 2 3 2 16
OWN
00001111110022001
00001001120202001
22211111111111111
02201222222202000
11211222222200000
11200222222220000
00111102001221100
00000102022222100
20110102001201100
20112222222220000
STEP 41 P2 MOVE 4 15 4 16
OWN
00001111110022001
00001001120202001
22211111111111111
02201222222202000
11211222222200022
11200222222220000
00111102001221100
00000102022222100
20110102001201100
20112222222220000
STEP 42 P1 MOVE -1 -1 -1 -1
OWN
00001111110022001
00001001120202001
22211111111111111
02201222222202000
11211222222200022
11200222222220000
00111102001221100
00000102022222100
20110102001201100
20112222222220000
STEP 43 P2 MOVE -1 -1 -1 -1
OWN
00001111110022001
00001001120202001
22211111111111111
02201222222202000
11211222222200022
11200222222220000
00111102001221100
00000102022222100
20110102001201100
20112222222220000
RESULT first=49 second=59 winner=2
ANALYSIS winner=P2 score=49-59 reason=탈취우위(+4칸 빼앗음,2배효과) steal(w/l)=25/21 neu(w/l)=55/53
