BOARD
25651854484846624
39322317842565228
11217293893169426
85732869279981292
84743955994848615
56373186839325382
49467668972524296
36896924923551288
94472714996396686
35526593639645846
STEP 0 P1 MOVE 0 3 1 4
OWN
00011000000000000
00011000000000000
00000000000000000
00000000000000000
00000000000000000
00000000000000000
00000000000000000
00000000000000000
00000000000000000
00000000000000000
STEP 1 P2 MOVE 1 14 2 15
OWN
00011000000000000
00011000000000220
00000000000000220
00000000000000000
00000000000000000
00000000000000000
00000000000000000
00000000000000000
00000000000000000
00000000000000000
STEP 2 P1 MOVE 2 3 2 5
OWN
00011000000000000
00011000000000220
00011100000000220
00000000000000000
00000000000000000
00000000000000000
00000000000000000
00000000000000000
00000000000000000
00000000000000000
STEP 3 P2 MOVE 2 10 2 12
OWN
00011000000000000
00011000000000220
00011100002220220
00000000000000000
00000000000000000
00000000000000000
00000000000000000
00000000000000000
00000000000000000
00000000000000000
STEP 4 P1 MOVE 4 2 5 2
OWN
00011000000000000
00011000000000220
00011100002220220
00000000000000000
00100000000000000
00100000000000000
00000000000000000
00000000000000000
00000000000000000
00000000000000000
STEP 5 P2 MOVE 5 4 6 4
OWN
00011000000000000
00011000000000220
00011100002220220
00000000000000000
00100000000000000
00102000000000000
00002000000000000
00000000000000000
00000000000000000
00000000000000000
STEP 6 P1 MOVE 5 11 5 13
OWN
00011000000000000
00011000000000220
00011100002220220
00000000000000000
00100000000000000
00102000000111000
00002000000000000
00000000000000000
00000000000000000
00000000000000000
STEP 7 P2 MOVE 6 14 8 14
OWN
00011000000000000
00011000000000220
00011100002220220
00000000000000000
00100000000000000
00102000000111000
00002000000000200
00000000000000200
00000000000000200
00000000000000000
STEP 8 P1 MOVE 0 12 0 13
OWN
00011000000011000
00011000000000220
00011100002220220
00000000000000000
00100000000000000
00102000000111000
00002000000000200
00000000000000200
00000000000000200
00000000000000000
STEP 9 P2 MOVE 7 9 7 11
OWN
00011000000011000
00011000000000220
00011100002220220
00000000000000000
00100000000000000
00102000000111000
00002000000000200
00000000022200200
00000000000000200
00000000000000000
STEP 10 P1 MOVE 2 1 4 1
OWN
00011000000011000
00011000000000220
01011100002220220
01000000000000000
01100000000000000
00102000000111000
00002000000000200
00000000022200200
00000000000000200
00000000000000000
STEP 11 P2 MOVE 6 2 6 3
OWN
00011000000011000
00011000000000220
01011100002220220
01000000000000000
01100000000000000
00102000000111000
00222000000000200
00000000022200200
00000000000000200
00000000000000000
STEP 12 P1 MOVE 2 13 3 13
OWN
00011000000011000
00011000000000220
01011100002221220
01000000000001000
01100000000000000
00102000000111000
00222000000000200
00000000022200200
00000000000000200
00000000000000000
STEP 13 P2 MOVE 4 5 5 5
OWN
00011000000011000
00011000000000220
01011100002221220
01000000000001000
01100200000000000
00102200000111000
00222000000000200
00000000022200200
00000000000000200
00000000000000000
STEP 14 P1 MOVE 2 8 3 8
OWN
00011000000011000
00011000000000220
01011100102221220
01000000100001000
01100200000000000
00102200000111000
00222000000000200
00000000022200200
00000000000000200
00000000000000000
STEP 15 P2 MOVE 4 6 4 7
OWN
00011000000011000
00011000000000220
01011100102221220
01000000100001000
01100222000000000
00102200000111000
00222000000000200
00000000022200200
00000000000000200
00000000000000000
STEP 16 P1 MOVE 3 4 3 5
OWN
00011000000011000
00011000000000220
01011100102221220
01001100100001000
01100222000000000
00102200000111000
00222000000000200
00000000022200200
00000000000000200
00000000000000000
STEP 17 P2 MOVE 5 9 6 9
OWN
00011000000011000
00011000000000220
01011100102221220
01001100100001000
01100222000000000
00102200020111000
00222000020000200
00000000022200200
00000000000000200
00000000000000000
STEP 18 P1 MOVE 7 1 8 1
OWN
00011000000011000
00011000000000220
01011100102221220
01001100100001000
01100222000000000
00102200020111000
00222000020000200
01000000022200200
01000000000000200
00000000000000000
STEP 19 P2 MOVE 1 6 2 6
OWN
00011000000011000
00011020000000220
01011120102221220
01001100100001000
01100222000000000
00102200020111000
00222000020000200
01000000022200200
01000000000000200
00000000000000000
STEP 20 P1 MOVE 1 7 2 7
OWN
00011000000011000
00011021000000220
01011121102221220
01001100100001000
01100222000000000
00102200020111000
00222000020000200
01000000022200200
01000000000000200
00000000000000000
STEP 21 P2 MOVE 9 1 9 2
OWN
00011000000011000
00011021000000220
01011121102221220
01001100100001000
01100222000000000
00102200020111000
00222000020000200
01000000022200200
01000000000000200
02200000000000000
STEP 22 P1 MOVE 8 4 8 6
OWN
00011000000011000
00011021000000220
01011121102221220
01001100100001000
01100222000000000
00102200020111000
00222000020000200
01000000022200200
01001110000000200
02200000000000000
STEP 23 P2 MOVE 7 6 8 7
OWN
00011000000011000
00011021000000220
01011121102221220
01001100100001000
01100222000000000
00102200020111000
00222000020000200
01000022022200200
01001122000000200
02200000000000000
STEP 24 P1 MOVE 9 11 9 12
OWN
00011000000011000
00011021000000220
01011121102221220
01001100100001000
01100222000000000
00102200020111000
00222000020000200
01000022022200200
01001122000000200
02200000000110000
STEP 25 P2 MOVE 9 15 9 16
OWN
00011000000011000
00011021000000220
01011121102221220
01001100100001000
01100222000000000
00102200020111000
00222000020000200
01000022022200200
01001122000000200
02200000000110022
STEP 26 P1 MOVE 3 12 3 14
OWN
00011000000011000
00011021000000220
01011121102221220
01001100100011100
01100222000000000
00102200020111000
00222000020000200
01000022022200200
01001122000000200
02200000000110022
STEP 27 P2 MOVE 1 12 4 12
OWN
00011000000011000
00011021000020220
01011121102221220
01001100100021100
01100222000020000
00102200020111000
00222000020000200
01000022022200200
01001122000000200
02200000000110022
STEP 28 P1 MOVE 1 11 1 13
OWN
00011000000011000
00011021000111220
01011121102221220
01001100100021100
01100222000020000
00102200020111000
00222000020000200
01000022022200200
01001122000000200
02200000000110022
STEP 29 P2 MOVE 1 10 1 16
OWN
00011000000011000
00011021002222222
01011121102221220
01001100100021100
01100222000020000
00102200020111000
00222000020000200
01000022022200200
01001122000000200
02200000000110022
STEP 30 P1 MOVE 3 2 3 3
OWN
00011000000011000
00011021002222222
01011121102221220
01111100100021100
01100222000020000
00102200020111000
00222000020000200
01000022022200200
01001122000000200
02200000000110022
STEP 31 P2 MOVE 1 3 4 5
OWN
00011000000011000
00022221002222222
01022221102221220
01122200100021100
01122222000020000
00102200020111000
00222000020000200
01000022022200200
01001122000000200
02200000000110022
STEP 32 P1 MOVE 2 2 7 2
OWN
00011000000011000
00022221002222222
01122221102221220
01122200100021100
01122222000020000
00102200020111000
00122000020000200
01100022022200200
01001122000000200
02200000000110022
STEP 33 P2 MOVE -1 -1 -1 -1
OWN
00011000000011000
00022221002222222
01122221102221220
01122200100021100
01122222000020000
00102200020111000
00122000020000200
01100022022200200
01001122000000200
02200000000110022
STEP 34 P1 MOVE 3 15 4 15
OWN
00011000000011000
00022221002222222
01122221102221220
01122200100021110
01122222000020010
00102200020111000
00122000020000200
01100022022200200
01001122000000200
02200000000110022
STEP 35 P2 MOVE 5 15 5 16
OWN
00011000000011000
00022221002222222
01122221102221220
01122200100021110
01122222000020010
00102200020111022
00122000020000200
01100022022200200
01001122000000200
02200000000110022
STEP 36 P1 MOVE 1 2 5 3
OWN
00011000000011000
00112221002222222
01112221102221220
01112200100021110
01112222000020010
00112200020111022
00122000020000200
01100022022200200
01001122000000200
02200000000110022
STEP 37 P2 MOVE 0 2 8 2
OWN
00211000000011000
00212221002222222
01212221102221220
01212200100021110
01212222000020010
00212200020111022
00222000020000200
01200022022200200
01201122000000200
02200000000110022
STEP 38 P1 MOVE 2 0 2 9
OWN
00211000000011000
00212221002222222
11111111112221220
01212200100021110
01212222000020010
00212200020111022
00222000020000200
01200022022200200
01201122000000200
02200000000110022
STEP 39 P2 MOVE 1 9 2 16
OWN
00211000000011000
00212221022222222
11111111122222222
01212200100021110
01212222000020010
00212200020111022
00222000020000200
01200022022200200
01201122000000200
02200000000110022
STEP 40 P1 MOVE -1 -1 -1 -1
OWN
00211000000011000
00212221022222222
11111111122222222
01212200100021110
01212222000020010
00212200020111022
00222000020000200
01200022022200200
01201122000000200
02200000000110022
STEP 41 P2 MOVE -1 -1 -1 -1
OWN
00211000000011000
00212221022222222
11111111122222222
01212200100021110
01212222000020010
00212200020111022
00222000020000200
01200022022200200
01201122000000200
02200000000110022
RESULT first=34 second=57 winner=2
ANALYSIS winner=P2 score=34-57 reason=Ĺ»ĂëżěŔ§(+12Ä­ »©ľŃŔ˝,2ąčČż°ú) steal(w/l)=22/10 neu(w/l)=45/46
