BOARD
86572136568574549
97478934248586943
96396938841861318
79517177962132643
16119252945327828
85177411639817692
27481439752372778
46746192621162245
27827499815572746
45828451449418414
STEP 0 P1 MOVE 4 2 5 3
OWN
00000000000000000
00000000000000000
00000000000000000
00000000000000000
00110000000000000
00110000000000000
00000000000000000
00000000000000000
00000000000000000
00000000000000000
STEP 1 P2 MOVE 0 3 0 5
OWN
00022200000000000
00000000000000000
00000000000000000
00000000000000000
00110000000000000
00110000000000000
00000000000000000
00000000000000000
00000000000000000
00000000000000000
STEP 2 P1 MOVE 9 6 9 8
OWN
00022200000000000
00000000000000000
00000000000000000
00000000000000000
00110000000000000
00110000000000000
00000000000000000
00000000000000000
00000000000000000
00000011100000000
STEP 3 P2 MOVE 7 0 9 0
OWN
00022200000000000
00000000000000000
00000000000000000
00000000000000000
00110000000000000
00110000000000000
00000000000000000
20000000000000000
20000000000000000
20000011100000000
STEP 4 P1 MOVE 7 11 9 11
OWN
00022200000000000
00000000000000000
00000000000000000
00000000000000000
00110000000000000
00110000000000000
00000000000000000
20000000000100000
20000000000100000
20000011100100000
STEP 5 P2 MOVE 5 9 7 9
OWN
00022200000000000
00000000000000000
00000000000000000
00000000000000000
00110000000000000
00110000020000000
00000000020000000
20000000020100000
20000000000100000
20000011100100000
STEP 6 P1 MOVE 3 7 5 7
OWN
00022200000000000
00000000000000000
00000000000000000
00000001000000000
00110001000000000
00110001020000000
00000000020000000
20000000020100000
20000000000100000
20000011100100000
STEP 7 P2 MOVE 3 14 3 15
OWN
00022200000000000
00000000000000000
00000000000000000
00000001000000220
00110001000000000
00110001020000000
00000000020000000
20000000020100000
20000000000100000
20000011100100000
STEP 8 P1 MOVE 8 15 8 16
OWN
00022200000000000
00000000000000000
00000000000000000
00000001000000220
00110001000000000
00110001020000000
00000000020000000
20000000020100000
20000000000100011
20000011100100000
STEP 9 P2 MOVE 3 9 4 9
OWN
00022200000000000
00000000000000000
00000000000000000
00000001020000220
00110001020000000
00110001020000000
00000000020000000
20000000020100000
20000000000100011
20000011100100000
STEP 10 P1 MOVE 5 16 6 16
OWN
00022200000000000
00000000000000000
00000000000000000
00000001020000220
00110001020000000
00110001020000001
00000000020000001
20000000020100000
20000000000100011
20000011100100000
STEP 11 P2 MOVE 4 10 4 12
OWN
00022200000000000
00000000000000000
00000000000000000
00000001020000220
00110001022220000
00110001020000001
00000000020000001
20000000020100000
20000000000100011
20000011100100000
STEP 12 P1 MOVE 0 13 1 13
OWN
00022200000001000
00000000000001000
00000000000000000
00000001020000220
00110001022220000
00110001020000001
00000000020000001
20000000020100000
20000000000100011
20000011100100000
STEP 13 P2 MOVE 1 8 2 8
OWN
00022200000001000
00000000200001000
00000000200000000
00000001020000220
00110001022220000
00110001020000001
00000000020000001
20000000020100000
20000000000100011
20000011100100000
STEP 14 P1 MOVE 2 12 5 12
OWN
00022200000001000
00000000200001000
00000000200010000
00000001020010220
00110001022210000
00110001020010001
00000000020000001
20000000020100000
20000000000100011
20000011100100000
STEP 15 P2 MOVE 2 10 2 13
OWN
00022200000001000
00000000200001000
00000000202222000
00000001020010220
00110001022210000
00110001020010001
00000000020000001
20000000020100000
20000000000100011
20000011100100000
STEP 16 P1 MOVE 9 3 9 4
OWN
00022200000001000
00000000200001000
00000000202222000
00000001020010220
00110001022210000
00110001020010001
00000000020000001
20000000020100000
20000000000100011
20011011100100000
STEP 17 P2 MOVE 2 5 3 5
OWN
00022200000001000
00000000200001000
00000200202222000
00000201020010220
00110001022210000
00110001020010001
00000000020000001
20000000020100000
20000000000100011
20011011100100000
STEP 18 P1 MOVE 0 7 1 7
OWN
00022201000001000
00000001200001000
00000200202222000
00000201020010220
00110001022210000
00110001020010001
00000000020000001
20000000020100000
20000000000100011
20011011100100000
STEP 19 P2 MOVE 0 9 1 9
OWN
00022201020001000
00000001220001000
00000200202222000
00000201020010220
00110001022210000
00110001020010001
00000000020000001
20000000020100000
20000000000100011
20011011100100000
STEP 20 P1 MOVE 4 15 4 16
OWN
00022201020001000
00000001220001000
00000200202222000
00000201020010220
00110001022210011
00110001020010001
00000000020000001
20000000020100000
20000000000100011
20011011100100000
STEP 21 P2 MOVE 0 11 1 11
OWN
00022201020201000
00000001220201000
00000200202222000
00000201020010220
00110001022210011
00110001020010001
00000000020000001
20000000020100000
20000000000100011
20011011100100000
STEP 22 P1 MOVE 2 3 3 3
OWN
00022201020201000
00000001220201000
00010200202222000
00010201020010220
00110001022210011
00110001020010001
00000000020000001
20000000020100000
20000000000100011
20011011100100000
STEP 23 P2 MOVE 8 2 8 3
OWN
00022201020201000
00000001220201000
00010200202222000
00010201020010220
00110001022210011
00110001020010001
00000000020000001
20000000020100000
20220000000100011
20011011100100000
STEP 24 P1 MOVE 2 6 3 6
OWN
00022201020201000
00000001220201000
00010210202222000
00010211020010220
00110001022210011
00110001020010001
00000000020000001
20000000020100000
20220000000100011
20011011100100000
STEP 25 P2 MOVE 5 0 6 0
OWN
00022201020201000
00000001220201000
00010210202222000
00010211020010220
00110001022210011
20110001020010001
20000000020000001
20000000020100000
20220000000100011
20011011100100000
STEP 26 P1 MOVE 7 3 7 4
OWN
00022201020201000
00000001220201000
00010210202222000
00010211020010220
00110001022210011
20110001020010001
20000000020000001
20011000020100000
20220000000100011
20011011100100000
STEP 27 P2 MOVE 7 5 7 6
OWN
00022201020201000
00000001220201000
00010210202222000
00010211020010220
00110001022210011
20110001020010001
20000000020000001
20011220020100000
20220000000100011
20011011100100000
STEP 28 P1 MOVE 4 5 6 5
OWN
00022201020201000
00000001220201000
00010210202222000
00010211020010220
00110101022210011
20110101020010001
20000100020000001
20011220020100000
20220000000100011
20011011100100000
STEP 29 P2 MOVE 9 10 9 12
OWN
00022201020201000
00000001220201000
00010210202222000
00010211020010220
00110101022210011
20110101020010001
20000100020000001
20011220020100000
20220000000100011
20011011102220000
STEP 30 P1 MOVE 8 9 9 10
OWN
00022201020201000
00000001220201000
00010210202222000
00010211020010220
00110101022210011
20110101020010001
20000100020000001
20011220020100000
20220000011100011
20011011111220000
STEP 31 P2 MOVE 8 13 9 13
OWN
00022201020201000
00000001220201000
00010210202222000
00010211020010220
00110101022210011
20110101020010001
20000100020000001
20011220020100000
20220000011102011
20011011111222000
STEP 32 P1 MOVE -1 -1 -1 -1
OWN
00022201020201000
00000001220201000
00010210202222000
00010211020010220
00110101022210011
20110101020010001
20000100020000001
20011220020100000
20220000011102011
20011011111222000
STEP 33 P2 MOVE 6 11 6 12
OWN
00022201020201000
00000001220201000
00010210202222000
00010211020010220
00110101022210011
20110101020010001
20000100020220001
20011220020100000
20220000011102011
20011011111222000
STEP 34 P1 MOVE 6 12 7 13
OWN
00022201020201000
00000001220201000
00010210202222000
00010211020010220
00110101022210011
20110101020010001
20000100020211001
20011220020111000
20220000011102011
20011011111222000
STEP 35 P2 MOVE 6 10 8 12
OWN
00022201020201000
00000001220201000
00010210202222000
00010211020010220
00110101022210011
20110101020010001
20000100022221001
20011220022221000
20220000012222011
20011011111222000
STEP 36 P1 MOVE 7 7 7 14
OWN
00022201020201000
00000001220201000
00010210202222000
00010211020010220
00110101022210011
20110101020010001
20000100022221001
20011221111111100
20220000012222011
20011011111222000
STEP 37 P2 MOVE -1 -1 -1 -1
OWN
00022201020201000
00000001220201000
00010210202222000
00010211020010220
00110101022210011
20110101020010001
20000100022221001
20011221111111100
20220000012222011
20011011111222000
STEP 38 P1 MOVE -1 -1 -1 -1
OWN
00022201020201000
00000001220201000
00010210202222000
00010211020010220
00110101022210011
20110101020010001
20000100022221001
20011221111111100
20220000012222011
20011011111222000
RESULT first=46 second=42 winner=1
ANALYSIS winner=P1 score=46-42 reason=綴蘊摹薄(+4) / 摹奢檜薄 steal(w/l)=7/7 neu(w/l)=46/42
