BOARD
23557792236365313
68917954732317898
59882589525817336
24357825336458974
22766421478941161
93399788433535433
38663671211839817
51799296612579538
52774663984227651
59489355145614268
STEP 0 P1 MOVE 3 6 4 7
OWN
00000000000000000
00000000000000000
00000000000000000
00000011000000000
00000011000000000
00000000000000000
00000000000000000
00000000000000000
00000000000000000
00000000000000000
STEP 1 P2 MOVE 3 0 4 1
OWN
00000000000000000
00000000000000000
00000000000000000
22000011000000000
22000011000000000
00000000000000000
00000000000000000
00000000000000000
00000000000000000
00000000000000000
STEP 2 P1 MOVE 0 0 0 2
OWN
11100000000000000
00000000000000000
00000000000000000
22000011000000000
22000011000000000
00000000000000000
00000000000000000
00000000000000000
00000000000000000
00000000000000000
STEP 3 P2 MOVE 5 8 5 10
OWN
11100000000000000
00000000000000000
00000000000000000
22000011000000000
22000011000000000
00000000222000000
00000000000000000
00000000000000000
00000000000000000
00000000000000000
STEP 4 P1 MOVE 6 9 6 11
OWN
11100000000000000
00000000000000000
00000000000000000
22000011000000000
22000011000000000
00000000222000000
00000000011100000
00000000000000000
00000000000000000
00000000000000000
STEP 5 P2 MOVE 9 8 9 10
OWN
11100000000000000
00000000000000000
00000000000000000
22000011000000000
22000011000000000
00000000222000000
00000000011100000
00000000000000000
00000000000000000
00000000222000000
STEP 6 P1 MOVE 6 7 8 7
OWN
11100000000000000
00000000000000000
00000000000000000
22000011000000000
22000011000000000
00000000222000000
00000001011100000
00000001000000000
00000001000000000
00000000222000000
STEP 7 P2 MOVE 4 2 5 2
OWN
11100000000000000
00000000000000000
00000000000000000
22000011000000000
22200011000000000
00200000222000000
00000001011100000
00000001000000000
00000001000000000
00000000222000000
STEP 8 P1 MOVE 2 16 3 16
OWN
11100000000000000
00000000000000000
00000000000000001
22000011000000001
22200011000000000
00200000222000000
00000001011100000
00000001000000000
00000001000000000
00000000222000000
STEP 9 P2 MOVE 7 0 8 0
OWN
11100000000000000
00000000000000000
00000000000000001
22000011000000001
22200011000000000
00200000222000000
00000001011100000
20000001000000000
20000001000000000
00000000222000000
STEP 10 P1 MOVE 8 4 8 5
OWN
11100000000000000
00000000000000000
00000000000000001
22000011000000001
22200011000000000
00200000222000000
00000001011100000
20000001000000000
20001101000000000
00000000222000000
STEP 11 P2 MOVE 0 15 1 15
OWN
11100000000000020
00000000000000020
00000000000000001
22000011000000001
22200011000000000
00200000222000000
00000001011100000
20000001000000000
20001101000000000
00000000222000000
STEP 12 P1 MOVE 2 13 2 14
OWN
11100000000000020
00000000000000020
00000000000001101
22000011000000001
22200011000000000
00200000222000000
00000001011100000
20000001000000000
20001101000000000
00000000222000000
STEP 13 P2 MOVE 1 2 1 3
OWN
11100000000000020
00220000000000020
00000000000001101
22000011000000001
22200011000000000
00200000222000000
00000001011100000
20000001000000000
20001101000000000
00000000222000000
STEP 14 P1 MOVE 2 3 2 4
OWN
11100000000000020
00220000000000020
00011000000001101
22000011000000001
22200011000000000
00200000222000000
00000001011100000
20000001000000000
20001101000000000
00000000222000000
STEP 15 P2 MOVE 0 3 3 3
OWN
11120000000000020
00220000000000020
00021000000001101
22020011000000001
22200011000000000
00200000222000000
00000001011100000
20000001000000000
20001101000000000
00000000222000000
STEP 16 P1 MOVE 3 2 3 4
OWN
11120000000000020
00220000000000020
00021000000001101
22111011000000001
22200011000000000
00200000222000000
00000001011100000
20000001000000000
20001101000000000
00000000222000000
STEP 17 P2 MOVE 5 7 6 8
OWN
11120000000000020
00220000000000020
00021000000001101
22111011000000001
22200011000000000
00200002222000000
00000002211100000
20000001000000000
20001101000000000
00000000222000000
STEP 18 P1 MOVE 6 6 6 12
OWN
11120000000000020
00220000000000020
00021000000001101
22111011000000001
22200011000000000
00200002222000000
00000011111110000
20000001000000000
20001101000000000
00000000222000000
STEP 19 P2 MOVE 4 8 7 8
OWN
11120000000000020
00220000000000020
00021000000001101
22111011000000001
22200011200000000
00200002222000000
00000011211110000
20000001200000000
20001101000000000
00000000222000000
STEP 20 P1 MOVE 5 11 7 11
OWN
11120000000000020
00220000000000020
00021000000001101
22111011000000001
22200011200000000
00200002222100000
00000011211110000
20000001200100000
20001101000000000
00000000222000000
STEP 21 P2 MOVE 3 9 4 9
OWN
11120000000000020
00220000000000020
00021000000001101
22111011020000001
22200011220000000
00200002222100000
00000011211110000
20000001200100000
20001101000000000
00000000222000000
STEP 22 P1 MOVE 4 4 4 5
OWN
11120000000000020
00220000000000020
00021000000001101
22111011020000001
22201111220000000
00200002222100000
00000011211110000
20000001200100000
20001101000000000
00000000222000000
STEP 23 P2 MOVE 3 10 3 11
OWN
11120000000000020
00220000000000020
00021000000001101
22111011022200001
22201111220000000
00200002222100000
00000011211110000
20000001200100000
20001101000000000
00000000222000000
STEP 24 P1 MOVE 4 10 7 10
OWN
11120000000000020
00220000000000020
00021000000001101
22111011022200001
22201111221000000
00200002221100000
00000011211110000
20000001201100000
20001101000000000
00000000222000000
STEP 25 P2 MOVE 4 9 7 11
OWN
11120000000000020
00220000000000020
00021000000001101
22111011022200001
22201111222200000
00200002222200000
00000011222210000
20000001222200000
20001101000000000
00000000222000000
STEP 26 P1 MOVE 4 3 4 12
OWN
11120000000000020
00220000000000020
00021000000001101
22111011022200001
22211111111110000
00200002222200000
00000011222210000
20000001222200000
20001101000000000
00000000222000000
STEP 27 P2 MOVE 2 9 8 9
OWN
11120000000000020
00220000000000020
00021000020001101
22111011022200001
22211111121110000
00200002222200000
00000011222210000
20000001222200000
20001101020000000
00000000222000000
STEP 28 P1 MOVE 2 11 8 11
OWN
11120000000000020
00220000000000020
00021000020101101
22111011022100001
22211111121110000
00200002222100000
00000011222110000
20000001222100000
20001101020100000
00000000222000000
STEP 29 P2 MOVE 1 11 3 12
OWN
11120000000000020
00220000000220020
00021000020221101
22111011022220001
22211111121110000
00200002222100000
00000011222110000
20000001222100000
20001101020100000
00000000222000000
STEP 30 P1 MOVE 7 12 9 12
OWN
11120000000000020
00220000000220020
00021000020221101
22111011022220001
22211111121110000
00200002222100000
00000011222110000
20000001222110000
20001101020110000
00000000222010000
STEP 31 P2 MOVE 1 10 5 12
OWN
11120000000000020
00220000002220020
00021000022221101
22111011022220001
22211111122220000
00200002222220000
00000011222110000
20000001222110000
20001101020110000
00000000222010000
STEP 32 P1 MOVE 0 10 8 10
OWN
11120000001000020
00220000001220020
00021000021221101
22111011021220001
22211111121220000
00200002221220000
00000011221110000
20000001221110000
20001101021110000
00000000222010000
STEP 33 P2 MOVE 0 7 0 11
OWN
11120002222200020
00220000001220020
00021000021221101
22111011021220001
22211111121220000
00200002221220000
00000011221110000
20000001221110000
20001101021110000
00000000222010000
STEP 34 P1 MOVE 1 9 1 13
OWN
11120002222200020
00220000011111020
00021000021221101
22111011021220001
22211111121220000
00200002221220000
00000011221110000
20000001221110000
20001101021110000
00000000222010000
STEP 35 P2 MOVE 9 11 9 13
OWN
11120002222200020
00220000011111020
00021000021221101
22111011021220001
22211111121220000
00200002221220000
00000011221110000
20000001221110000
20001101021110000
00000000222222000
STEP 36 P1 MOVE 9 6 9 7
OWN
11120002222200020
00220000011111020
00021000021221101
22111011021220001
22211111121220000
00200002221220000
00000011221110000
20000001221110000
20001101021110000
00000011222222000
STEP 37 P2 MOVE 5 14 5 16
OWN
11120002222200020
00220000011111020
00021000021221101
22111011021220001
22211111121220000
00200002221220222
00000011221110000
20000001221110000
20001101021110000
00000011222222000
STEP 38 P1 MOVE 4 15 7 15
OWN
11120002222200020
00220000011111020
00021000021221101
22111011021220001
22211111121220010
00200002221220212
00000011221110010
20000001221110010
20001101021110000
00000011222222000
STEP 39 P2 MOVE 2 15 3 15
OWN
11120002222200020
00220000011111020
00021000021221121
22111011021220021
22211111121220010
00200002221220212
00000011221110010
20000001221110010
20001101021110000
00000011222222000
STEP 40 P1 MOVE -1 -1 -1 -1
OWN
11120002222200020
00220000011111020
00021000021221121
22111011021220021
22211111121220010
00200002221220212
00000011221110010
20000001221110010
20001101021110000
00000011222222000
STEP 41 P2 MOVE 3 14 4 14
OWN
11120002222200020
00220000011111020
00021000021221121
22111011021220221
22211111121220210
00200002221220212
00000011221110010
20000001221110010
20001101021110000
00000011222222000
STEP 42 P1 MOVE 3 13 4 16
OWN
11120002222200020
00220000011111020
00021000021221121
22111011021221111
22211111121221111
00200002221220212
00000011221110010
20000001221110010
20001101021110000
00000011222222000
STEP 43 P2 MOVE 0 13 5 13
OWN
11120002222202020
00220000011112020
00021000021222121
22111011021222111
22211111121222111
00200002221222212
00000011221110010
20000001221110010
20001101021110000
00000011222222000
STEP 44 P1 MOVE -1 -1 -1 -1
OWN
11120002222202020
00220000011112020
00021000021222121
22111011021222111
22211111121222111
00200002221222212
00000011221110010
20000001221110010
20001101021110000
00000011222222000
STEP 45 P2 MOVE -1 -1 -1 -1
OWN
11120002222202020
00220000011112020
00021000021222121
22111011021222111
22211111121222111
00200002221222212
00000011221110010
20000001221110010
20001101021110000
00000011222222000
RESULT first=51 second=53 winner=2
ANALYSIS winner=P2 score=51-53 reason=şóÄ­Ľ±Áˇ(+4) / żŞŔü˝Â steal(w/l)=24/25 neu(w/l)=54/50
