BOARD
31518456156151842
33392425849537699
26513481427749793
93689173453918428
48144619543584557
27135393629921454
54126639341411753
83141218731993316
88449892355919366
49486698118693966
STEP 0 P1 MOVE 0 0 0 3
OWN
11110000000000000
00000000000000000
00000000000000000
00000000000000000
00000000000000000
00000000000000000
00000000000000000
00000000000000000
00000000000000000
00000000000000000
STEP 1 P2 MOVE 8 8 9 9
OWN
11110000000000000
00000000000000000
00000000000000000
00000000000000000
00000000000000000
00000000000000000
00000000000000000
00000000000000000
00000000220000000
00000000220000000
STEP 2 P1 MOVE 3 2 7 2
OWN
11110000000000000
00000000000000000
00000000000000000
00100000000000000
00100000000000000
00100000000000000
00100000000000000
00100000000000000
00000000220000000
00000000220000000
STEP 3 P2 MOVE 6 9 6 12
OWN
11110000000000000
00000000000000000
00000000000000000
00100000000000000
00100000000000000
00100000000000000
00100000022220000
00100000000000000
00000000220000000
00000000220000000
STEP 4 P1 MOVE 8 7 9 7
OWN
11110000000000000
00000000000000000
00000000000000000
00100000000000000
00100000000000000
00100000000000000
00100000022220000
00100000000000000
00000001220000000
00000001220000000
STEP 5 P2 MOVE 8 11 8 12
OWN
11110000000000000
00000000000000000
00000000000000000
00100000000000000
00100000000000000
00100000000000000
00100000022220000
00100000000000000
00000001220220000
00000001220000000
STEP 6 P1 MOVE 6 8 7 8
OWN
11110000000000000
00000000000000000
00000000000000000
00100000000000000
00100000000000000
00100000000000000
00100000122220000
00100000100000000
00000001220220000
00000001220000000
STEP 7 P2 MOVE 7 14 7 16
OWN
11110000000000000
00000000000000000
00000000000000000
00100000000000000
00100000000000000
00100000000000000
00100000122220000
00100000100000222
00000001220220000
00000001220000000
STEP 8 P1 MOVE 5 15 6 15
OWN
11110000000000000
00000000000000000
00000000000000000
00100000000000000
00100000000000000
00100000000000010
00100000122220010
00100000100000222
00000001220220000
00000001220000000
STEP 9 P2 MOVE 6 3 8 3
OWN
11110000000000000
00000000000000000
00000000000000000
00100000000000000
00100000000000000
00100000000000010
00120000122220010
00120000100000222
00020001220220000
00000001220000000
STEP 10 P1 MOVE 0 4 1 4
OWN
11111000000000000
00001000000000000
00000000000000000
00100000000000000
00100000000000000
00100000000000010
00120000122220010
00120000100000222
00020001220220000
00000001220000000
STEP 11 P2 MOVE 6 1 6 4
OWN
11111000000000000
00001000000000000
00000000000000000
00100000000000000
00100000000000000
00100000000000010
02222000122220010
00120000100000222
00020001220220000
00000001220000000
STEP 12 P1 MOVE 4 4 7 4
OWN
11111000000000000
00001000000000000
00000000000000000
00100000000000000
00101000000000000
00101000000000010
02221000122220010
00121000100000222
00020001220220000
00000001220000000
STEP 13 P2 MOVE 5 1 5 3
OWN
11111000000000000
00001000000000000
00000000000000000
00100000000000000
00101000000000000
02221000000000010
02221000122220010
00121000100000222
00020001220220000
00000001220000000
STEP 14 P1 MOVE 4 3 4 5
OWN
11111000000000000
00001000000000000
00000000000000000
00100000000000000
00111100000000000
02221000000000010
02221000122220010
00121000100000222
00020001220220000
00000001220000000
STEP 15 P2 MOVE 1 6 2 6
OWN
11111000000000000
00001020000000000
00000020000000000
00100000000000000
00111100000000000
02221000000000010
02221000122220010
00121000100000222
00020001220220000
00000001220000000
STEP 16 P1 MOVE 2 10 3 10
OWN
11111000000000000
00001020000000000
00000020001000000
00100000001000000
00111100000000000
02221000000000010
02221000122220010
00121000100000222
00020001220220000
00000001220000000
STEP 17 P2 MOVE 4 6 4 7
OWN
11111000000000000
00001020000000000
00000020001000000
00100000001000000
00111122000000000
02221000000000010
02221000122220010
00121000100000222
00020001220220000
00000001220000000
STEP 18 P1 MOVE 7 5 8 5
OWN
11111000000000000
00001020000000000
00000020001000000
00100000001000000
00111122000000000
02221000000000010
02221000122220010
00121100100000222
00020101220220000
00000001220000000
STEP 19 P2 MOVE 3 11 3 12
OWN
11111000000000000
00001020000000000
00000020001000000
00100000001220000
00111122000000000
02221000000000010
02221000122220010
00121100100000222
00020101220220000
00000001220000000
STEP 20 P1 MOVE 4 12 5 12
OWN
11111000000000000
00001020000000000
00000020001000000
00100000001220000
00111122000010000
02221000000010010
02221000122220010
00121100100000222
00020101220220000
00000001220000000
STEP 21 P2 MOVE 7 6 8 6
OWN
11111000000000000
00001020000000000
00000020001000000
00100000001220000
00111122000010000
02221000000010010
02221000122220010
00121120100000222
00020121220220000
00000001220000000
STEP 22 P1 MOVE 7 10 7 11
OWN
11111000000000000
00001020000000000
00000020001000000
00100000001220000
00111122000010000
02221000000010010
02221000122220010
00121120101100222
00020121220220000
00000001220000000
STEP 23 P2 MOVE 1 3 2 3
OWN
11111000000000000
00021020000000000
00020020001000000
00100000001220000
00111122000010000
02221000000010010
02221000122220010
00121120101100222
00020121220220000
00000001220000000
STEP 24 P1 MOVE 3 15 3 16
OWN
11111000000000000
00021020000000000
00020020001000000
00100000001220011
00111122000010000
02221000000010010
02221000122220010
00121120101100222
00020121220220000
00000001220000000
STEP 25 P2 MOVE 2 16 4 16
OWN
11111000000000000
00021020000000000
00020020001000002
00100000001220012
00111122000010002
02221000000010010
02221000122220010
00121120101100222
00020121220220000
00000001220000000
STEP 26 P1 MOVE 4 14 4 15
OWN
11111000000000000
00021020000000000
00020020001000002
00100000001220012
00111122000010112
02221000000010010
02221000122220010
00121120101100222
00020121220220000
00000001220000000
STEP 27 P2 MOVE 3 4 3 5
OWN
11111000000000000
00021020000000000
00020020001000002
00102200001220012
00111122000010112
02221000000010010
02221000122220010
00121120101100222
00020121220220000
00000001220000000
STEP 28 P1 MOVE 2 4 5 5
OWN
11111000000000000
00021020000000000
00021120001000002
00101100001220012
00111122000010112
02221100000010010
02221000122220010
00121120101100222
00020121220220000
00000001220000000
STEP 29 P2 MOVE 1 1 1 5
OWN
11111000000000000
02222220000000000
00021120001000002
00101100001220012
00111122000010112
02221100000010010
02221000122220010
00121120101100222
00020121220220000
00000001220000000
STEP 30 P1 MOVE 3 6 3 7
OWN
11111000000000000
02222220000000000
00021120001000002
00101111001220012
00111122000010112
02221100000010010
02221000122220010
00121120101100222
00020121220220000
00000001220000000
STEP 31 P2 MOVE 2 2 2 8
OWN
11111000000000000
02222220000000000
00222222201000002
00101111001220012
00111122000010112
02221100000010010
02221000122220010
00121120101100222
00020121220220000
00000001220000000
STEP 32 P1 MOVE 6 14 8 14
OWN
11111000000000000
02222220000000000
00222222201000002
00101111001220012
00111122000010112
02221100000010010
02221000122220110
00121120101100122
00020121220220100
00000001220000000
STEP 33 P2 MOVE 2 0 2 9
OWN
11111000000000000
02222220000000000
22222222221000002
00101111001220012
00111122000010112
02221100000010010
02221000122220110
00121120101100122
00020121220220100
00000001220000000
STEP 34 P1 MOVE 6 7 6 13
OWN
11111000000000000
02222220000000000
22222222221000002
00101111001220012
00111122000010112
02221100000010010
02221001111111110
00121120101100122
00020121220220100
00000001220000000
STEP 35 P2 MOVE 0 5 6 5
OWN
11111200000000000
02222220000000000
22222222221000002
00101211001220012
00111222000010112
02221200000010010
02221201111111110
00121120101100122
00020121220220100
00000001220000000
STEP 36 P1 MOVE 1 12 1 13
OWN
11111200000000000
02222220000011000
22222222221000002
00101211001220012
00111222000010112
02221200000010010
02221201111111110
00121120101100122
00020121220220100
00000001220000000
STEP 37 P2 MOVE 0 13 2 13
OWN
11111200000002000
02222220000012000
22222222221002002
00101211001220012
00111222000010112
02221200000010010
02221201111111110
00121120101100122
00020121220220100
00000001220000000
STEP 38 P1 MOVE 5 14 8 15
OWN
11111200000002000
02222220000012000
22222222221002002
00101211001220012
00111222000010112
02221200000010110
02221201111111110
00121120101100112
00020121220220110
00000001220000000
STEP 39 P2 MOVE 5 11 5 13
OWN
11111200000002000
02222220000012000
22222222221002002
00101211001220012
00111222000010112
02221200000222110
02221201111111110
00121120101100112
00020121220220110
00000001220000000
STEP 40 P1 MOVE -1 -1 -1 -1
OWN
11111200000002000
02222220000012000
22222222221002002
00101211001220012
00111222000010112
02221200000222110
02221201111111110
00121120101100112
00020121220220110
00000001220000000
STEP 41 P2 MOVE -1 -1 -1 -1
OWN
11111200000002000
02222220000012000
22222222221002002
00101211001220012
00111222000010112
02221200000222110
02221201111111110
00121120101100112
00020121220220110
00000001220000000
RESULT first=45 second=51 winner=2
ANALYSIS winner=P2 score=45-51 reason=±ŮĽŇşąÇŐżěŔ§ steal(w/l)=11/9 neu(w/l)=49/47
