BOARD
69365232257499723
48533322633335893
96998921213562513
98112564633775216
12499144654486713
18799247536632713
55543322866687927
64147426936186914
15592685679223445
33955446924428684
STEP 0 P1 MOVE 0 5 1 6
OWN
00000110000000000
00000110000000000
00000000000000000
00000000000000000
00000000000000000
00000000000000000
00000000000000000
00000000000000000
00000000000000000
00000000000000000
STEP 1 P2 MOVE 4 5 7 5
OWN
00000110000000000
00000110000000000
00000000000000000
00000000000000000
00000200000000000
00000200000000000
00000200000000000
00000200000000000
00000000000000000
00000000000000000
STEP 2 P1 MOVE 8 11 9 12
OWN
00000110000000000
00000110000000000
00000000000000000
00000000000000000
00000200000000000
00000200000000000
00000200000000000
00000200000000000
00000000000110000
00000000000110000
STEP 3 P2 MOVE 3 1 3 3
OWN
00000110000000000
00000110000000000
00000000000000000
02220000000000000
00000200000000000
00000200000000000
00000200000000000
00000200000000000
00000000000110000
00000000000110000
STEP 4 P1 MOVE 7 0 9 0
OWN
00000110000000000
00000110000000000
00000000000000000
02220000000000000
00000200000000000
00000200000000000
00000200000000000
10000200000000000
10000000000110000
10000000000110000
STEP 5 P2 MOVE 7 9 7 11
OWN
00000110000000000
00000110000000000
00000000000000000
02220000000000000
00000200000000000
00000200000000000
00000200000000000
10000200022200000
10000000000110000
10000000000110000
STEP 6 P1 MOVE 4 10 5 10
OWN
00000110000000000
00000110000000000
00000000000000000
02220000000000000
00000200001000000
00000200001000000
00000200000000000
10000200022200000
10000000000110000
10000000000110000
STEP 7 P2 MOVE 0 10 1 10
OWN
00000110002000000
00000110002000000
00000000000000000
02220000000000000
00000200001000000
00000200001000000
00000200000000000
10000200022200000
10000000000110000
10000000000110000
STEP 8 P1 MOVE 3 15 8 15
OWN
00000110002000000
00000110002000000
00000000000000000
02220000000000010
00000200001000010
00000200001000010
00000200000000010
10000200022200010
10000000000110010
10000000000110000
STEP 9 P2 MOVE 2 15 3 16
OWN
00000110002000000
00000110002000000
00000000000000022
02220000000000022
00000200001000010
00000200001000010
00000200000000010
10000200022200010
10000000000110010
10000000000110000
STEP 10 P1 MOVE 5 14 5 16
OWN
00000110002000000
00000110002000000
00000000000000022
02220000000000022
00000200001000010
00000200001000111
00000200000000010
10000200022200010
10000000000110010
10000000000110000
STEP 11 P2 MOVE 9 6 9 7
OWN
00000110002000000
00000110002000000
00000000000000022
02220000000000022
00000200001000010
00000200001000111
00000200000000010
10000200022200010
10000000000110010
10000022000110000
STEP 12 P1 MOVE 4 11 5 11
OWN
00000110002000000
00000110002000000
00000000000000022
02220000000000022
00000200001100010
00000200001100111
00000200000000010
10000200022200010
10000000000110010
10000022000110000
STEP 13 P2 MOVE 9 3 9 4
OWN
00000110002000000
00000110002000000
00000000000000022
02220000000000022
00000200001100010
00000200001100111
00000200000000010
10000200022200010
10000000000110010
10022022000110000
STEP 14 P1 MOVE 2 4 3 4
OWN
00000110002000000
00000110002000000
00001000000000022
02221000000000022
00000200001100010
00000200001100111
00000200000000010
10000200022200010
10000000000110010
10022022000110000
STEP 15 P2 MOVE 3 7 3 8
OWN
00000110002000000
00000110002000000
00001000000000022
02221002200000022
00000200001100010
00000200001100111
00000200000000010
10000200022200010
10000000000110010
10022022000110000
STEP 16 P1 MOVE 8 14 9 14
OWN
00000110002000000
00000110002000000
00001000000000022
02221002200000022
00000200001100010
00000200001100111
00000200000000010
10000200022200010
10000000000110110
10022022000110100
STEP 17 P2 MOVE 6 0 6 1
OWN
00000110002000000
00000110002000000
00001000000000022
02221002200000022
00000200001100010
00000200001100111
22000200000000010
10000200022200010
10000000000110110
10022022000110100
STEP 18 P1 MOVE 6 1 7 2
OWN
00000110002000000
00000110002000000
00001000000000022
02221002200000022
00000200001100010
00000200001100111
21100200000000010
11100200022200010
10000000000110110
10022022000110100
STEP 19 P2 MOVE 4 7 4 8
OWN
00000110002000000
00000110002000000
00001000000000022
02221002200000022
00000202201100010
00000200001100111
21100200000000010
11100200022200010
10000000000110110
10022022000110100
STEP 20 P1 MOVE 0 0 1 0
OWN
10000110002000000
10000110002000000
00001000000000022
02221002200000022
00000202201100010
00000200001100111
21100200000000010
11100200022200010
10000000000110110
10022022000110100
STEP 21 P2 MOVE 6 4 7 4
OWN
10000110002000000
10000110002000000
00001000000000022
02221002200000022
00000202201100010
00000200001100111
21102200000000010
11102200022200010
10000000000110110
10022022000110100
STEP 22 P1 MOVE 7 6 8 6
OWN
10000110002000000
10000110002000000
00001000000000022
02221002200000022
00000202201100010
00000200001100111
21102200000000010
11102210022200010
10000010000110110
10022022000110100
STEP 23 P2 MOVE 6 4 8 6
OWN
10000110002000000
10000110002000000
00001000000000022
02221002200000022
00000202201100010
00000200001100111
21102220000000010
11102220022200010
10002220000110110
10022022000110100
STEP 24 P1 MOVE 7 3 7 7
OWN
10000110002000000
10000110002000000
00001000000000022
02221002200000022
00000202201100010
00000200001100111
21102220000000010
11111111022200010
10002220000110110
10022022000110100
STEP 25 P2 MOVE 2 7 6 7
OWN
10000110002000000
10000110002000000
00001002000000022
02221002200000022
00000202201100010
00000202001100111
21102222000000010
11111111022200010
10002220000110110
10022022000110100
STEP 26 P1 MOVE 2 9 3 10
OWN
10000110002000000
10000110002000000
00001002011000022
02221002211000022
00000202201100010
00000202001100111
21102222000000010
11111111022200010
10002220000110110
10022022000110100
STEP 27 P2 MOVE 0 8 2 8
OWN
10000110202000000
10000110202000000
00001002211000022
02221002211000022
00000202201100010
00000202001100111
21102222000000010
11111111022200010
10002220000110110
10022022000110100
STEP 28 P1 MOVE 8 1 8 2
OWN
10000110202000000
10000110202000000
00001002211000022
02221002211000022
00000202201100010
00000202001100111
21102222000000010
11111111022200010
11102220000110110
10022022000110100
STEP 29 P2 MOVE 1 7 4 9
OWN
10000110202000000
10000112222000000
00001002221000022
02221002221000022
00000202221100010
00000202001100111
21102222000000010
11111111022200010
11102220000110110
10022022000110100
STEP 30 P1 MOVE 0 6 3 7
OWN
10000111202000000
10000111222000000
00001011221000022
02221011221000022
00000202221100010
00000202001100111
21102222000000010
11111111022200010
11102220000110110
10022022000110100
STEP 31 P2 MOVE 4 14 4 16
OWN
10000111202000000
10000111222000000
00001011221000022
02221011221000022
00000202221100222
00000202001100111
21102222000000010
11111111022200010
11102220000110110
10022022000110100
STEP 32 P1 MOVE 1 16 6 16
OWN
10000111202000000
10000111222000001
00001011221000021
02221011221000021
00000202221100221
00000202001100111
21102222000000011
11111111022200010
11102220000110110
10022022000110100
STEP 33 P2 MOVE 0 4 0 9
OWN
10002222222000000
10000111222000001
00001011221000021
02221011221000021
00000202221100221
00000202001100111
21102222000000011
11111111022200010
11102220000110110
10022022000110100
STEP 34 P1 MOVE 0 4 1 11
OWN
10001111111100000
10001111111100001
00001011221000021
02221011221000021
00000202221100221
00000202001100111
21102222000000011
11111111022200010
11102220000110110
10022022000110100
STEP 35 P2 MOVE 3 9 5 11
OWN
10001111111100000
10001111111100001
00001011221000021
02221011222200021
00000202222200221
00000202022200111
21102222000000011
11111111022200010
11102220000110110
10022022000110100
STEP 36 P1 MOVE 2 8 5 11
OWN
10001111111100000
10001111111100001
00001011111100021
02221011111100021
00000202111100221
00000202111100111
21102222000000011
11111111022200010
11102220000110110
10022022000110100
STEP 37 P2 MOVE 4 1 5 1
OWN
10001111111100000
10001111111100001
00001011111100021
02221011111100021
02000202111100221
02000202111100111
21102222000000011
11111111022200010
11102220000110110
10022022000110100
STEP 38 P1 MOVE -1 -1 -1 -1
OWN
10001111111100000
10001111111100001
00001011111100021
02221011111100021
02000202111100221
02000202111100111
21102222000000011
11111111022200010
11102220000110110
10022022000110100
STEP 39 P2 MOVE -1 -1 -1 -1
OWN
10001111111100000
10001111111100001
00001011111100021
02221011111100021
02000202111100221
02000202111100111
21102222000000011
11111111022200010
11102220000110110
10022022000110100
RESULT first=71 second=28 winner=1
ANALYSIS winner=P1 score=71-28 reason=Ĺ»ĂëżěŔ§(+19Ä­ »©ľŃŔ˝,2ąčČż°ú) / şóÄ­Ľ±Áˇ(+5) steal(w/l)=33/14 neu(w/l)=52/47
