BOARD
21172188129585224
39885978161432764
76365423988156464
48771653676319978
43315278953634513
58418128335649793
52897233479449753
74239468155336128
32773914597459927
69319772484539352
STEP 0 P1 MOVE 1 10 1 13
OWN
00000000000000000
00000000001111000
00000000000000000
00000000000000000
00000000000000000
00000000000000000
00000000000000000
00000000000000000
00000000000000000
00000000000000000
STEP 1 P2 MOVE 2 11 3 12
OWN
00000000000000000
00000000001111000
00000000000220000
00000000000220000
00000000000000000
00000000000000000
00000000000000000
00000000000000000
00000000000000000
00000000000000000
STEP 2 P1 MOVE 0 8 1 9
OWN
00000000110000000
00000000111111000
00000000000220000
00000000000220000
00000000000000000
00000000000000000
00000000000000000
00000000000000000
00000000000000000
00000000000000000
STEP 3 P2 MOVE 6 6 8 6
OWN
00000000110000000
00000000111111000
00000000000220000
00000000000220000
00000000000000000
00000000000000000
00000020000000000
00000020000000000
00000020000000000
00000000000000000
STEP 4 P1 MOVE 4 0 4 2
OWN
00000000110000000
00000000111111000
00000000000220000
00000000000220000
11100000000000000
00000000000000000
00000020000000000
00000020000000000
00000020000000000
00000000000000000
STEP 5 P2 MOVE 4 13 4 15
OWN
00000000110000000
00000000111111000
00000000000220000
00000000000220000
11100000000002220
00000000000000000
00000020000000000
00000020000000000
00000020000000000
00000000000000000
STEP 6 P1 MOVE 9 14 9 16
OWN
00000000110000000
00000000111111000
00000000000220000
00000000000220000
11100000000002220
00000000000000000
00000020000000000
00000020000000000
00000020000000000
00000000000000111
STEP 7 P2 MOVE 2 2 3 2
OWN
00000000110000000
00000000111111000
00200000000220000
00200000000220000
11100000000002220
00000000000000000
00000020000000000
00000020000000000
00000020000000000
00000000000000111
STEP 8 P1 MOVE 6 1 6 2
OWN
00000000110000000
00000000111111000
00200000000220000
00200000000220000
11100000000002220
00000000000000000
01100020000000000
00000020000000000
00000020000000000
00000000000000111
STEP 9 P2 MOVE 8 3 8 4
OWN
00000000110000000
00000000111111000
00200000000220000
00200000000220000
11100000000002220
00000000000000000
01100020000000000
00000020000000000
00022020000000000
00000000000000111
STEP 10 P1 MOVE 7 0 8 0
OWN
00000000110000000
00000000111111000
00200000000220000
00200000000220000
11100000000002220
00000000000000000
01100020000000000
10000020000000000
10022020000000000
00000000000000111
STEP 11 P2 MOVE 2 13 2 14
OWN
00000000110000000
00000000111111000
00200000000222200
00200000000220000
11100000000002220
00000000000000000
01100020000000000
10000020000000000
10022020000000000
00000000000000111
STEP 12 P1 MOVE 2 15 2 16
OWN
00000000110000000
00000000111111000
00200000000222211
00200000000220000
11100000000002220
00000000000000000
01100020000000000
10000020000000000
10022020000000000
00000000000000111
STEP 13 P2 MOVE 7 14 8 14
OWN
00000000110000000
00000000111111000
00200000000222211
00200000000220000
11100000000002220
00000000000000000
01100020000000000
10000020000000200
10022020000000200
00000000000000111
STEP 14 P1 MOVE 1 0 2 0
OWN
00000000110000000
10000000111111000
10200000000222211
00200000000220000
11100000000002220
00000000000000000
01100020000000000
10000020000000200
10022020000000200
00000000000000111
STEP 15 P2 MOVE 1 15 1 16
OWN
00000000110000000
10000000111111022
10200000000222211
00200000000220000
11100000000002220
00000000000000000
01100020000000000
10000020000000200
10022020000000200
00000000000000111
STEP 16 P1 MOVE 7 9 7 10
OWN
00000000110000000
10000000111111022
10200000000222211
00200000000220000
11100000000002220
00000000000000000
01100020000000000
10000020011000200
10022020000000200
00000000000000111
STEP 17 P2 MOVE 5 9 6 9
OWN
00000000110000000
10000000111111022
10200000000222211
00200000000220000
11100000000002220
00000000020000000
01100020020000000
10000020011000200
10022020000000200
00000000000000111
STEP 18 P1 MOVE 1 4 2 4
OWN
00000000110000000
10001000111111022
10201000000222211
00200000000220000
11100000000002220
00000000020000000
01100020020000000
10000020011000200
10022020000000200
00000000000000111
STEP 19 P2 MOVE 2 3 2 5
OWN
00000000110000000
10001000111111022
10222200000222211
00200000000220000
11100000000002220
00000000020000000
01100020020000000
10000020011000200
10022020000000200
00000000000000111
STEP 20 P1 MOVE 0 3 0 5
OWN
00011100110000000
10001000111111022
10222200000222211
00200000000220000
11100000000002220
00000000020000000
01100020020000000
10000020011000200
10022020000000200
00000000000000111
STEP 21 P2 MOVE 0 1 1 1
OWN
02011100110000000
12001000111111022
10222200000222211
00200000000220000
11100000000002220
00000000020000000
01100020020000000
10000020011000200
10022020000000200
00000000000000111
STEP 22 P1 MOVE 7 8 9 8
OWN
02011100110000000
12001000111111022
10222200000222211
00200000000220000
11100000000002220
00000000020000000
01100020020000000
10000020111000200
10022020100000200
00000000100000111
STEP 23 P2 MOVE 9 7 9 9
OWN
02011100110000000
12001000111111022
10222200000222211
00200000000220000
11100000000002220
00000000020000000
01100020020000000
10000020111000200
10022020100000200
00000002220000111
STEP 24 P1 MOVE 5 3 5 5
OWN
02011100110000000
12001000111111022
10222200000222211
00200000000220000
11100000000002220
00011100020000000
01100020020000000
10000020111000200
10022020100000200
00000002220000111
STEP 25 P2 MOVE 8 2 9 2
OWN
02011100110000000
12001000111111022
10222200000222211
00200000000220000
11100000000002220
00011100020000000
01100020020000000
10000020111000200
10222020100000200
00200002220000111
STEP 26 P1 MOVE 9 1 9 3
OWN
02011100110000000
12001000111111022
10222200000222211
00200000000220000
11100000000002220
00011100020000000
01100020020000000
10000020111000200
10222020100000200
01110002220000111
STEP 27 P2 MOVE 4 2 5 4
OWN
02011100110000000
12001000111111022
10222200000222211
00200000000220000
11222000000002220
00222100020000000
01100020020000000
10000020111000200
10222020100000200
01110002220000111
STEP 28 P1 MOVE 4 1 5 5
OWN
02011100110000000
12001000111111022
10222200000222211
00200000000220000
11111100000002220
01111100020000000
01100020020000000
10000020111000200
10222020100000200
01110002220000111
STEP 29 P2 MOVE 1 2 7 2
OWN
02011100110000000
12201000111111022
10222200000222211
00200000000220000
11211100000002220
01211100020000000
01200020020000000
10200020111000200
10222020100000200
01110002220000111
STEP 30 P1 MOVE 5 6 5 7
OWN
02011100110000000
12201000111111022
10222200000222211
00200000000220000
11211100000002220
01211111020000000
01200020020000000
10200020111000200
10222020100000200
01110002220000111
STEP 31 P2 MOVE 5 0 6 0
OWN
02011100110000000
12201000111111022
10222200000222211
00200000000220000
11211100000002220
21211111020000000
21200020020000000
10200020111000200
10222020100000200
01110002220000111
STEP 32 P1 MOVE 3 0 9 0
OWN
02011100110000000
12201000111111022
10222200000222211
10200000000220000
11211100000002220
11211111020000000
11200020020000000
10200020111000200
10222020100000200
11110002220000111
STEP 33 P2 MOVE 5 7 6 8
OWN
02011100110000000
12201000111111022
10222200000222211
10200000000220000
11211100000002220
11211112220000000
11200022220000000
10200020111000200
10222020100000200
11110002220000111
STEP 34 P1 MOVE 5 11 5 12
OWN
02011100110000000
12201000111111022
10222200000222211
10200000000220000
11211100000002220
11211112220110000
11200022220000000
10200020111000200
10222020100000200
11110002220000111
STEP 35 P2 MOVE 4 12 7 12
OWN
02011100110000000
12201000111111022
10222200000222211
10200000000220000
11211100000022220
11211112220120000
11200022220020000
10200020111020200
10222020100000200
11110002220000111
STEP 36 P1 MOVE 4 11 6 11
OWN
02011100110000000
12201000111111022
10222200000222211
10200000000220000
11211100000122220
11211112220120000
11200022220120000
10200020111020200
10222020100000200
11110002220000111
STEP 37 P2 MOVE -1 -1 -1 -1
OWN
02011100110000000
12201000111111022
10222200000222211
10200000000220000
11211100000122220
11211112220120000
11200022220120000
10200020111020200
10222020100000200
11110002220000111
STEP 38 P1 MOVE -1 -1 -1 -1
OWN
02011100110000000
12201000111111022
10222200000222211
10200000000220000
11211100000122220
11211112220120000
11200022220120000
10200020111020200
10222020100000200
11110002220000111
RESULT first=46 second=44 winner=1
ANALYSIS winner=P1 score=46-44 reason=綴蘊摹薄(+4) / 摹奢檜薄 steal(w/l)=9/10 neu(w/l)=47/43
