BOARD
64468944984563637
93735521364791756
35769193178574875
39535433378642969
11819718393973275
27946924618827419
52825122417878568
85854722555636289
34144957588795331
93392592554858894
STEP 0 P1 MOVE 3 6 7 6
OWN
00000000000000000
00000000000000000
00000000000000000
00000010000000000
00000010000000000
00000010000000000
00000010000000000
00000010000000000
00000000000000000
00000000000000000
STEP 1 P2 MOVE 6 3 6 7
OWN
00000000000000000
00000000000000000
00000000000000000
00000010000000000
00000010000000000
00000010000000000
00022222000000000
00000010000000000
00000000000000000
00000000000000000
STEP 2 P1 MOVE 4 3 7 3
OWN
00000000000000000
00000000000000000
00000000000000000
00000010000000000
00010010000000000
00010010000000000
00012222000000000
00010010000000000
00000000000000000
00000000000000000
STEP 3 P2 MOVE 5 4 7 4
OWN
00000000000000000
00000000000000000
00000000000000000
00000010000000000
00010010000000000
00012010000000000
00012222000000000
00012010000000000
00000000000000000
00000000000000000
STEP 4 P1 MOVE 2 7 3 8
OWN
00000000000000000
00000000000000000
00000001100000000
00000011100000000
00010010000000000
00012010000000000
00012222000000000
00012010000000000
00000000000000000
00000000000000000
STEP 5 P2 MOVE 0 13 3 13
OWN
00000000000002000
00000000000002000
00000001100002000
00000011100002000
00010010000000000
00012010000000000
00012222000000000
00012010000000000
00000000000000000
00000000000000000
STEP 6 P1 MOVE 4 1 6 1
OWN
00000000000002000
00000000000002000
00000001100002000
00000011100002000
01010010000000000
01012010000000000
01012222000000000
00012010000000000
00000000000000000
00000000000000000
STEP 7 P2 MOVE 6 14 8 14
OWN
00000000000002000
00000000000002000
00000001100002000
00000011100002000
01010010000000000
01012010000000000
01012222000000200
00012010000000200
00000000000000200
00000000000000000
STEP 8 P1 MOVE 2 5 2 6
OWN
00000000000002000
00000000000002000
00000111100002000
00000011100002000
01010010000000000
01012010000000000
01012222000000200
00012010000000200
00000000000000200
00000000000000000
STEP 9 P2 MOVE 4 13 5 13
OWN
00000000000002000
00000000000002000
00000111100002000
00000011100002000
01010010000002000
01012010000002000
01012222000000200
00012010000000200
00000000000000200
00000000000000000
STEP 10 P1 MOVE 5 15 5 16
OWN
00000000000002000
00000000000002000
00000111100002000
00000011100002000
01010010000002000
01012010000002011
01012222000000200
00012010000000200
00000000000000200
00000000000000000
STEP 11 P2 MOVE 8 8 9 8
OWN
00000000000002000
00000000000002000
00000111100002000
00000011100002000
01010010000002000
01012010000002011
01012222000000200
00012010000000200
00000000200000200
00000000200000000
STEP 12 P1 MOVE 5 8 6 8
OWN
00000000000002000
00000000000002000
00000111100002000
00000011100002000
01010010000002000
01012010100002011
01012222100000200
00012010000000200
00000000200000200
00000000200000000
STEP 13 P2 MOVE 0 0 0 1
OWN
22000000000002000
00000000000002000
00000111100002000
00000011100002000
01010010000002000
01012010100002011
01012222100000200
00012010000000200
00000000200000200
00000000200000000
STEP 14 P1 MOVE 7 9 7 10
OWN
22000000000002000
00000000000002000
00000111100002000
00000011100002000
01010010000002000
01012010100002011
01012222100000200
00012010011000200
00000000200000200
00000000200000000
STEP 15 P2 MOVE 0 2 0 3
OWN
22220000000002000
00000000000002000
00000111100002000
00000011100002000
01010010000002000
01012010100002011
01012222100000200
00012010011000200
00000000200000200
00000000200000000
STEP 16 P1 MOVE 6 12 7 12
OWN
22220000000002000
00000000000002000
00000111100002000
00000011100002000
01010010000002000
01012010100002011
01012222100010200
00012010011010200
00000000200000200
00000000200000000
STEP 17 P2 MOVE 5 11 5 12
OWN
22220000000002000
00000000000002000
00000111100002000
00000011100002000
01010010000002000
01012010100222011
01012222100010200
00012010011010200
00000000200000200
00000000200000000
STEP 18 P1 MOVE 3 11 3 12
OWN
22220000000002000
00000000000002000
00000111100002000
00000011100112000
01010010000002000
01012010100222011
01012222100010200
00012010011010200
00000000200000200
00000000200000000
STEP 19 P2 MOVE 7 16 8 16
OWN
22220000000002000
00000000000002000
00000111100002000
00000011100112000
01010010000002000
01012010100222011
01012222100010200
00012010011010202
00000000200000202
00000000200000000
STEP 20 P1 MOVE 5 14 6 15
OWN
22220000000002000
00000000000002000
00000111100002000
00000011100112000
01010010000002000
01012010100222111
01012222100010110
00012010011010202
00000000200000202
00000000200000000
STEP 21 P2 MOVE 4 13 6 14
OWN
22220000000002000
00000000000002000
00000111100002000
00000011100112000
01010010000002200
01012010100222211
01012222100012210
00012010011010202
00000000200000202
00000000200000000
STEP 22 P1 MOVE 5 9 8 9
OWN
22220000000002000
00000000000002000
00000111100002000
00000011100112000
01010010000002200
01012010110222211
01012222110012210
00012010011010202
00000000210000202
00000000200000000
STEP 23 P2 MOVE 7 8 9 9
OWN
22220000000002000
00000000000002000
00000111100002000
00000011100112000
01010010000002200
01012010110222211
01012222110012210
00012010221010202
00000000220000202
00000000220000000
STEP 24 P1 MOVE 1 7 1 9
OWN
22220000000002000
00000001110002000
00000111100002000
00000011100112000
01010010000002200
01012010110222211
01012222110012210
00012010221010202
00000000220000202
00000000220000000
STEP 25 P2 MOVE 0 6 1 7
OWN
22220022000002000
00000022110002000
00000111100002000
00000011100112000
01010010000002200
01012010110222211
01012222110012210
00012010221010202
00000000220000202
00000000220000000
STEP 26 P1 MOVE 1 1 1 2
OWN
22220022000002000
01100022110002000
00000111100002000
00000011100112000
01010010000002200
01012010110222211
01012222110012210
00012010221010202
00000000220000202
00000000220000000
STEP 27 P2 MOVE 0 15 0 16
OWN
22220022000002022
01100022110002000
00000111100002000
00000011100112000
01010010000002200
01012010110222211
01012222110012210
00012010221010202
00000000220000202
00000000220000000
STEP 28 P1 MOVE 1 4 1 5
OWN
22220022000002022
01101122110002000
00000111100002000
00000011100112000
01010010000002200
01012010110222211
01012222110012210
00012010221010202
00000000220000202
00000000220000000
STEP 29 P2 MOVE -1 -1 -1 -1
OWN
22220022000002022
01101122110002000
00000111100002000
00000011100112000
01010010000002200
01012010110222211
01012222110012210
00012010221010202
00000000220000202
00000000220000000
STEP 30 P1 MOVE -1 -1 -1 -1
OWN
22220022000002022
01101122110002000
00000111100002000
00000011100112000
01010010000002200
01012010110222211
01012222110012210
00012010221010202
00000000220000202
00000000220000000
RESULT first=35 second=38 winner=2
ANALYSIS winner=P2 score=35-38 reason=Ĺ»ĂëżěŔ§(+4Ä­ »©ľŃŔ˝,2ąčČż°ú) / żŞŔü˝Â steal(w/l)=6/2 neu(w/l)=34/39
