BOARD
44134247527214722
37188534982334989
74256997676789615
11569659894617347
91674368315784659
45642818553793528
86458434761437939
89397781346125575
83813135586117595
55758642239191484
STEP 0 P1 MOVE 0 2 0 5
OWN
00111100000000000
00000000000000000
00000000000000000
00000000000000000
00000000000000000
00000000000000000
00000000000000000
00000000000000000
00000000000000000
00000000000000000
STEP 1 P2 MOVE 4 15 6 15
OWN
00111100000000000
00000000000000000
00000000000000000
00000000000000000
00000000000000020
00000000000000020
00000000000000020
00000000000000000
00000000000000000
00000000000000000
STEP 2 P1 MOVE 0 10 0 12
OWN
00111100001110000
00000000000000000
00000000000000000
00000000000000000
00000000000000020
00000000000000020
00000000000000020
00000000000000000
00000000000000000
00000000000000000
STEP 3 P2 MOVE 1 11 1 13
OWN
00111100001110000
00000000000222000
00000000000000000
00000000000000000
00000000000000020
00000000000000020
00000000000000020
00000000000000000
00000000000000000
00000000000000000
STEP 4 P1 MOVE 4 6 6 6
OWN
00111100001110000
00000000000222000
00000000000000000
00000000000000000
00000010000000020
00000010000000020
00000010000000020
00000000000000000
00000000000000000
00000000000000000
STEP 5 P2 MOVE 7 8 9 8
OWN
00111100001110000
00000000000222000
00000000000000000
00000000000000000
00000010000000020
00000010000000020
00000010000000020
00000000200000000
00000000200000000
00000000200000000
STEP 6 P1 MOVE 5 10 7 10
OWN
00111100001110000
00000000000222000
00000000000000000
00000000000000000
00000010000000020
00000010001000020
00000010001000020
00000000201000000
00000000200000000
00000000200000000
STEP 7 P2 MOVE 5 2 6 2
OWN
00111100001110000
00000000000222000
00000000000000000
00000000000000000
00000010000000020
00200010001000020
00200010001000020
00000000201000000
00000000200000000
00000000200000000
STEP 8 P1 MOVE 5 4 6 4
OWN
00111100001110000
00000000000222000
00000000000000000
00000000000000000
00000010000000020
00201010001000020
00201010001000020
00000000201000000
00000000200000000
00000000200000000
STEP 9 P2 MOVE 3 9 4 9
OWN
00111100001110000
00000000000222000
00000000000000000
00000000020000000
00000010020000020
00201010001000020
00201010001000020
00000000201000000
00000000200000000
00000000200000000
STEP 10 P1 MOVE 9 0 9 1
OWN
00111100001110000
00000000000222000
00000000000000000
00000000020000000
00000010020000020
00201010001000020
00201010001000020
00000000201000000
00000000200000000
11000000200000000
STEP 11 P2 MOVE 1 9 1 10
OWN
00111100001110000
00000000022222000
00000000000000000
00000000020000000
00000010020000020
00201010001000020
00201010001000020
00000000201000000
00000000200000000
11000000200000000
STEP 12 P1 MOVE 1 0 2 0
OWN
00111100001110000
10000000022222000
10000000000000000
00000000020000000
00000010020000020
00201010001000020
00201010001000020
00000000201000000
00000000200000000
11000000200000000
STEP 13 P2 MOVE 0 15 1 15
OWN
00111100001110020
10000000022222020
10000000000000000
00000000020000000
00000010020000020
00201010001000020
00201010001000020
00000000201000000
00000000200000000
11000000200000000
STEP 14 P1 MOVE 7 16 8 16
OWN
00111100001110020
10000000022222020
10000000000000000
00000000020000000
00000010020000020
00201010001000020
00201010001000020
00000000201000001
00000000200000001
11000000200000000
STEP 15 P2 MOVE 6 12 6 13
OWN
00111100001110020
10000000022222020
10000000000000000
00000000020000000
00000010020000020
00201010001000020
00201010001022020
00000000201000001
00000000200000001
11000000200000000
STEP 16 P1 MOVE 7 14 8 14
OWN
00111100001110020
10000000022222020
10000000000000000
00000000020000000
00000010020000020
00201010001000020
00201010001022020
00000000201000101
00000000200000101
11000000200000000
STEP 17 P2 MOVE 9 10 9 11
OWN
00111100001110020
10000000022222020
10000000000000000
00000000020000000
00000010020000020
00201010001000020
00201010001022020
00000000201000101
00000000200000101
11000000202200000
STEP 18 P1 MOVE 3 10 3 11
OWN
00111100001110020
10000000022222020
10000000000000000
00000000021100000
00000010020000020
00201010001000020
00201010001022020
00000000201000101
00000000200000101
11000000202200000
STEP 19 P2 MOVE 6 9 6 11
OWN
00111100001110020
10000000022222020
10000000000000000
00000000021100000
00000010020000020
00201010001000020
00201010022222020
00000000201000101
00000000200000101
11000000202200000
STEP 20 P1 MOVE 9 12 9 13
OWN
00111100001110020
10000000022222020
10000000000000000
00000000021100000
00000010020000020
00201010001000020
00201010022222020
00000000201000101
00000000200000101
11000000202211000
STEP 21 P2 MOVE 7 3 8 3
OWN
00111100001110020
10000000022222020
10000000000000000
00000000021100000
00000010020000020
00201010001000020
00201010022222020
00020000201000101
00020000200000101
11000000202211000
STEP 22 P1 MOVE 7 2 7 4
OWN
00111100001110020
10000000022222020
10000000000000000
00000000021100000
00000010020000020
00201010001000020
00201010022222020
00111000201000101
00020000200000101
11000000202211000
STEP 23 P2 MOVE 6 3 9 3
OWN
00111100001110020
10000000022222020
10000000000000000
00000000021100000
00000010020000020
00201010001000020
00221010022222020
00121000201000101
00020000200000101
11020000202211000
STEP 24 P1 MOVE 6 1 6 5
OWN
00111100001110020
10000000022222020
10000000000000000
00000000021100000
00000010020000020
00201010001000020
01111110022222020
00121000201000101
00020000200000101
11020000202211000
STEP 25 P2 MOVE 4 9 5 10
OWN
00111100001110020
10000000022222020
10000000000000000
00000000021100000
00000010022000020
00201010022000020
01111110022222020
00121000201000101
00020000200000101
11020000202211000
STEP 26 P1 MOVE 4 8 4 11
OWN
00111100001110020
10000000022222020
10000000000000000
00000000021100000
00000010111100020
00201010022000020
01111110022222020
00121000201000101
00020000200000101
11020000202211000
STEP 27 P2 MOVE 3 0 4 0
OWN
00111100001110020
10000000022222020
10000000000000000
20000000021100000
20000010111100020
00201010022000020
01111110022222020
00121000201000101
00020000200000101
11020000202211000
STEP 28 P1 MOVE -1 -1 -1 -1
OWN
00111100001110020
10000000022222020
10000000000000000
20000000021100000
20000010111100020
00201010022000020
01111110022222020
00121000201000101
00020000200000101
11020000202211000
STEP 29 P2 MOVE 6 7 8 7
OWN
00111100001110020
10000000022222020
10000000000000000
20000000021100000
20000010111100020
00201010022000020
01111112022222020
00121002201000101
00020002200000101
11020000202211000
STEP 30 P1 MOVE 5 7 9 7
OWN
00111100001110020
10000000022222020
10000000000000000
20000000021100000
20000010111100020
00201011022000020
01111111022222020
00121001201000101
00020001200000101
11020001202211000
STEP 31 P2 MOVE 4 0 5 1
OWN
00111100001110020
10000000022222020
10000000000000000
20000000021100000
22000010111100020
22201011022000020
01111111022222020
00121001201000101
00020001200000101
11020001202211000
STEP 32 P1 MOVE 3 1 7 1
OWN
00111100001110020
10000000022222020
10000000000000000
21000000021100000
21000010111100020
21201011022000020
01111111022222020
01121001201000101
00020001200000101
11020001202211000
STEP 33 P2 MOVE 9 5 9 6
OWN
00111100001110020
10000000022222020
10000000000000000
21000000021100000
21000010111100020
21201011022000020
01111111022222020
01121001201000101
00020001200000101
11020221202211000
STEP 34 P1 MOVE -1 -1 -1 -1
OWN
00111100001110020
10000000022222020
10000000000000000
21000000021100000
21000010111100020
21201011022000020
01111111022222020
01121001201000101
00020001200000101
11020221202211000
STEP 35 P2 MOVE -1 -1 -1 -1
OWN
00111100001110020
10000000022222020
10000000000000000
21000000021100000
21000010111100020
21201011022000020
01111111022222020
01121001201000101
00020001200000101
11020221202211000
RESULT first=44 second=32 winner=1
ANALYSIS winner=P1 score=44-32 reason=Ĺ»ĂëżěŔ§(+7Ä­ »©ľŃŔ˝,2ąčČż°ú) steal(w/l)=10/3 neu(w/l)=37/39
