BOARD
97181721647553712
26975833564864873
15514484279331437
56433454434695875
37313966992443135
52815574692953267
16385415932916225
18334587494944287
88122375964321181
82222881747317557
STEP 0 P1 MOVE 3 10 6 10
OWN
00000000000000000
00000000000000000
00000000000000000
00000000001000000
00000000001000000
00000000001000000
00000000001000000
00000000000000000
00000000000000000
00000000000000000
STEP 1 P2 MOVE 4 0 7 0
OWN
00000000000000000
00000000000000000
00000000000000000
00000000001000000
20000000001000000
20000000001000000
20000000001000000
20000000000000000
00000000000000000
00000000000000000
STEP 2 P1 MOVE 6 14 9 14
OWN
00000000000000000
00000000000000000
00000000000000000
00000000001000000
20000000001000000
20000000001000000
20000000001000100
20000000000000100
00000000000000100
00000000000000100
STEP 3 P2 MOVE 8 10 8 13
OWN
00000000000000000
00000000000000000
00000000000000000
00000000001000000
20000000001000000
20000000001000000
20000000001000100
20000000000000100
00000000002222100
00000000000000100
STEP 4 P1 MOVE 0 2 0 4
OWN
00111000000000000
00000000000000000
00000000000000000
00000000001000000
20000000001000000
20000000001000000
20000000001000100
20000000000000100
00000000002222100
00000000000000100
STEP 5 P2 MOVE 4 12 6 12
OWN
00111000000000000
00000000000000000
00000000000000000
00000000001000000
20000000001020000
20000000001020000
20000000001020100
20000000000000100
00000000002222100
00000000000000100
STEP 6 P1 MOVE 0 5 0 7
OWN
00111111000000000
00000000000000000
00000000000000000
00000000001000000
20000000001020000
20000000001020000
20000000001020100
20000000000000100
00000000002222100
00000000000000100
STEP 7 P2 MOVE 0 14 0 16
OWN
00111111000000222
00000000000000000
00000000000000000
00000000001000000
20000000001020000
20000000001020000
20000000001020100
20000000000000100
00000000002222100
00000000000000100
STEP 8 P1 MOVE 4 7 5 7
OWN
00111111000000222
00000000000000000
00000000000000000
00000000001000000
20000001001020000
20000001001020000
20000000001020100
20000000000000100
00000000002222100
00000000000000100
STEP 9 P2 MOVE 2 15 2 16
OWN
00111111000000222
00000000000000000
00000000000000022
00000000001000000
20000001001020000
20000001001020000
20000000001020100
20000000000000100
00000000002222100
00000000000000100
STEP 10 P1 MOVE 9 0 9 1
OWN
00111111000000222
00000000000000000
00000000000000022
00000000001000000
20000001001020000
20000001001020000
20000000001020100
20000000000000100
00000000002222100
11000000000000100
STEP 11 P2 MOVE 0 9 1 9
OWN
00111111020000222
00000000020000000
00000000000000022
00000000001000000
20000001001020000
20000001001020000
20000000001020100
20000000000000100
00000000002222100
11000000000000100
STEP 12 P1 MOVE 4 3 5 4
OWN
00111111020000222
00000000020000000
00000000000000022
00000000001000000
20011001001020000
20011001001020000
20000000001020100
20000000000000100
00000000002222100
11000000000000100
STEP 13 P2 MOVE 3 2 4 3
OWN
00111111020000222
00000000020000000
00000000000000022
00220000001000000
20221001001020000
20011001001020000
20000000001020100
20000000000000100
00000000002222100
11000000000000100
STEP 14 P1 MOVE 6 15 7 15
OWN
00111111020000222
00000000020000000
00000000000000022
00220000001000000
20221001001020000
20011001001020000
20000000001020110
20000000000000110
00000000002222100
11000000000000100
STEP 15 P2 MOVE 5 1 5 2
OWN
00111111020000222
00000000020000000
00000000000000022
00220000001000000
20221001001020000
22211001001020000
20000000001020110
20000000000000110
00000000002222100
11000000000000100
STEP 16 P1 MOVE 9 4 9 5
OWN
00111111020000222
00000000020000000
00000000000000022
00220000001000000
20221001001020000
22211001001020000
20000000001020110
20000000000000110
00000000002222100
11001100000000100
STEP 17 P2 MOVE 1 12 1 13
OWN
00111111020000222
00000000020022000
00000000000000022
00220000001000000
20221001001020000
22211001001020000
20000000001020110
20000000000000110
00000000002222100
11001100000000100
STEP 18 P1 MOVE 1 15 1 16
OWN
00111111020000222
00000000020022011
00000000000000022
00220000001000000
20221001001020000
22211001001020000
20000000001020110
20000000000000110
00000000002222100
11001100000000100
STEP 19 P2 MOVE 2 9 3 9
OWN
00111111020000222
00000000020022011
00000000020000022
00220000021000000
20221001001020000
22211001001020000
20000000001020110
20000000000000110
00000000002222100
11001100000000100
STEP 20 P1 MOVE 6 13 7 13
OWN
00111111020000222
00000000020022011
00000000020000022
00220000021000000
20221001001020000
22211001001020000
20000000001021110
20000000000001110
00000000002222100
11001100000000100
STEP 21 P2 MOVE 3 8 3 11
OWN
00111111020000222
00000000020022011
00000000020000022
00220000222200000
20221001001020000
22211001001020000
20000000001021110
20000000000001110
00000000002222100
11001100000000100
STEP 22 P1 MOVE 2 7 3 8
OWN
00111111020000222
00000000020022011
00000001120000022
00220001122200000
20221001001020000
22211001001020000
20000000001021110
20000000000001110
00000000002222100
11001100000000100
STEP 23 P2 MOVE 6 5 6 7
OWN
00111111020000222
00000000020022011
00000001120000022
00220001122200000
20221001001020000
22211001001020000
20000222001021110
20000000000001110
00000000002222100
11001100000000100
STEP 24 P1 MOVE 1 7 7 7
OWN
00111111020000222
00000001020022011
00000001120000022
00220001122200000
20221001001020000
22211001001020000
20000221001021110
20000001000001110
00000000002222100
11001100000000100
STEP 25 P2 MOVE 5 4 6 5
OWN
00111111020000222
00000001020022011
00000001120000022
00220001122200000
20221001001020000
22212201001020000
20002221001021110
20000001000001110
00000000002222100
11001100000000100
STEP 26 P1 MOVE 7 2 7 4
OWN
00111111020000222
00000001020022011
00000001120000022
00220001122200000
20221001001020000
22212201001020000
20002221001021110
20111001000001110
00000000002222100
11001100000000100
STEP 27 P2 MOVE 7 4 8 5
OWN
00111111020000222
00000001020022011
00000001120000022
00220001122200000
20221001001020000
22212201001020000
20002221001021110
20112201000001110
00002200002222100
11001100000000100
STEP 28 P1 MOVE 8 2 8 6
OWN
00111111020000222
00000001020022011
00000001120000022
00220001122200000
20221001001020000
22212201001020000
20002221001021110
20112201000001110
00111110002222100
11001100000000100
STEP 29 P2 MOVE 2 2 9 2
OWN
00111111020000222
00000001020022011
00200001120000022
00220001122200000
20221001001020000
22212201001020000
20202221001021110
20212201000001110
00211110002222100
11201100000000100
STEP 30 P1 MOVE 8 1 9 3
OWN
00111111020000222
00000001020022011
00200001120000022
00220001122200000
20221001001020000
22212201001020000
20202221001021110
20212201000001110
01111110002222100
11111100000000100
STEP 31 P2 MOVE 2 1 2 4
OWN
00111111020000222
00000001020022011
02222001120000022
00220001122200000
20221001001020000
22212201001020000
20202221001021110
20212201000001110
01111110002222100
11111100000000100
STEP 32 P1 MOVE 3 15 4 15
OWN
00111111020000222
00000001020022011
02222001120000022
00220001122200010
20221001001020010
22212201001020000
20202221001021110
20212201000001110
01111110002222100
11111100000000100
STEP 33 P2 MOVE 3 16 4 16
OWN
00111111020000222
00000001020022011
02222001120000022
00220001122200012
20221001001020012
22212201001020000
20202221001021110
20212201000001110
01111110002222100
11111100000000100
STEP 34 P1 MOVE 8 9 9 9
OWN
00111111020000222
00000001020022011
02222001120000022
00220001122200012
20221001001020012
22212201001020000
20202221001021110
20212201000001110
01111110012222100
11111100010000100
STEP 35 P2 MOVE 9 10 9 11
OWN
00111111020000222
00000001020022011
02222001120000022
00220001122200012
20221001001020012
22212201001020000
20202221001021110
20212201000001110
01111110012222100
11111100012200100
STEP 36 P1 MOVE 5 13 9 13
OWN
00111111020000222
00000001020022011
02222001120000022
00220001122200012
20221001001020012
22212201001021000
20202221001021110
20212201000001110
01111110012221100
11111100012201100
STEP 37 P2 MOVE 4 12 7 14
OWN
00111111020000222
00000001020022011
02222001120000022
00220001122200012
20221001001022212
22212201001022200
20202221001022210
20212201000022210
01111110012221100
11111100012201100
STEP 38 P1 MOVE 3 12 9 12
OWN
00111111020000222
00000001020022011
02222001120000022
00220001122210012
20221001001012212
22212201001012200
20202221001012210
20212201000012210
01111110012211100
11111100012211100
STEP 39 P2 MOVE 3 6 3 13
OWN
00111111020000222
00000001020022011
02222001120000022
00220022222222012
20221001001012212
22212201001012200
20202221001012210
20212201000012210
01111110012211100
11111100012211100
STEP 40 P1 MOVE -1 -1 -1 -1
OWN
00111111020000222
00000001020022011
02222001120000022
00220022222222012
20221001001012212
22212201001012200
20202221001012210
20212201000012210
01111110012211100
11111100012211100
STEP 41 P2 MOVE -1 -1 -1 -1
OWN
00111111020000222
00000001020022011
02222001120000022
00220022222222012
20221001001012212
22212201001012200
20202221001012210
20212201000012210
01111110012211100
11111100012211100
RESULT first=49 second=55 winner=2
ANALYSIS winner=P2 score=49-55 reason=±ŮĽŇşąÇŐżěŔ§ steal(w/l)=14/12 neu(w/l)=53/51
