BOARD
17769253874313858
26578336864314652
11312445869325711
95459894385797892
33227126165593923
87133154321694493
53646594138511134
64752632587123286
96632562849981942
71454761371833943
STEP 0 P1 MOVE 6 12 7 14
OWN
00000000000000000
00000000000000000
00000000000000000
00000000000000000
00000000000000000
00000000000000000
00000000000011100
00000000000011100
00000000000000000
00000000000000000
STEP 1 P2 MOVE 4 0 4 3
OWN
00000000000000000
00000000000000000
00000000000000000
00000000000000000
22220000000000000
00000000000000000
00000000000011100
00000000000011100
00000000000000000
00000000000000000
STEP 2 P1 MOVE 4 8 7 8
OWN
00000000000000000
00000000000000000
00000000000000000
00000000000000000
22220000100000000
00000000100000000
00000000100011100
00000000100011100
00000000000000000
00000000000000000
STEP 3 P2 MOVE 0 5 0 7
OWN
00000222000000000
00000000000000000
00000000000000000
00000000000000000
22220000100000000
00000000100000000
00000000100011100
00000000100011100
00000000000000000
00000000000000000
STEP 4 P1 MOVE 3 5 5 5
OWN
00000222000000000
00000000000000000
00000000000000000
00000100000000000
22220100100000000
00000100100000000
00000000100011100
00000000100011100
00000000000000000
00000000000000000
STEP 5 P2 MOVE 5 7 7 7
OWN
00000222000000000
00000000000000000
00000000000000000
00000100000000000
22220100100000000
00000102100000000
00000002100011100
00000002100011100
00000000000000000
00000000000000000
STEP 6 P1 MOVE 9 1 9 3
OWN
00000222000000000
00000000000000000
00000000000000000
00000100000000000
22220100100000000
00000102100000000
00000002100011100
00000002100011100
00000000000000000
01110000000000000
STEP 7 P2 MOVE 9 6 9 8
OWN
00000222000000000
00000000000000000
00000000000000000
00000100000000000
22220100100000000
00000102100000000
00000002100011100
00000002100011100
00000000000000000
01110022200000000
STEP 8 P1 MOVE 6 4 8 4
OWN
00000222000000000
00000000000000000
00000000000000000
00000100000000000
22220100100000000
00000102100000000
00001002100011100
00001002100011100
00001000000000000
01110022200000000
STEP 9 P2 MOVE 4 10 4 11
OWN
00000222000000000
00000000000000000
00000000000000000
00000100000000000
22220100102200000
00000102100000000
00001002100011100
00001002100011100
00001000000000000
01110022200000000
STEP 10 P1 MOVE 8 10 9 10
OWN
00000222000000000
00000000000000000
00000000000000000
00000100000000000
22220100102200000
00000102100000000
00001002100011100
00001002100011100
00001000001000000
01110022201000000
STEP 11 P2 MOVE 5 3 6 4
OWN
00000222000000000
00000000000000000
00000000000000000
00000100000000000
22220100102200000
00022102100000000
00022002100011100
00001002100011100
00001000001000000
01110022201000000
STEP 12 P1 MOVE 3 7 4 7
OWN
00000222000000000
00000000000000000
00000000000000000
00000101000000000
22220101102200000
00022102100000000
00022002100011100
00001002100011100
00001000001000000
01110022201000000
STEP 13 P2 MOVE 7 11 8 11
OWN
00000222000000000
00000000000000000
00000000000000000
00000101000000000
22220101102200000
00022102100000000
00022002100011100
00001002100211100
00001000001200000
01110022201000000
STEP 14 P1 MOVE 7 1 8 1
OWN
00000222000000000
00000000000000000
00000000000000000
00000101000000000
22220101102200000
00022102100000000
00022002100011100
01001002100211100
01001000001200000
01110022201000000
STEP 15 P2 MOVE 1 9 1 10
OWN
00000222000000000
00000000022000000
00000000000000000
00000101000000000
22220101102200000
00022102100000000
00022002100011100
01001002100211100
01001000001200000
01110022201000000
STEP 16 P1 MOVE 0 15 1 15
OWN
00000222000000010
00000000022000010
00000000000000000
00000101000000000
22220101102200000
00022102100000000
00022002100011100
01001002100211100
01001000001200000
01110022201000000
STEP 17 P2 MOVE 0 10 1 11
OWN
00000222002200010
00000000022200010
00000000000000000
00000101000000000
22220101102200000
00022102100000000
00022002100011100
01001002100211100
01001000001200000
01110022201000000
STEP 18 P1 MOVE 2 11 3 11
OWN
00000222002200010
00000000022200010
00000000000100000
00000101000100000
22220101102200000
00022102100000000
00022002100011100
01001002100211100
01001000001200000
01110022201000000
STEP 19 P2 MOVE 3 13 4 13
OWN
00000222002200010
00000000022200010
00000000000100000
00000101000102000
22220101102202000
00022102100000000
00022002100011100
01001002100211100
01001000001200000
01110022201000000
STEP 20 P1 MOVE 8 13 8 14
OWN
00000222002200010
00000000022200010
00000000000100000
00000101000102000
22220101102202000
00022102100000000
00022002100011100
01001002100211100
01001000001201100
01110022201000000
STEP 21 P2 MOVE 0 16 1 16
OWN
00000222002200012
00000000022200012
00000000000100000
00000101000102000
22220101102202000
00022102100000000
00022002100011100
01001002100211100
01001000001201100
01110022201000000
STEP 22 P1 MOVE 1 13 1 14
OWN
00000222002200012
00000000022201112
00000000000100000
00000101000102000
22220101102202000
00022102100000000
00022002100011100
01001002100211100
01001000001201100
01110022201000000
STEP 23 P2 MOVE 1 0 2 1
OWN
00000222002200012
22000000022201112
22000000000100000
00000101000102000
22220101102202000
00022102100000000
00022002100011100
01001002100211100
01001000001201100
01110022201000000
STEP 24 P1 MOVE 0 0 3 0
OWN
10000222002200012
12000000022201112
12000000000100000
10000101000102000
22220101102202000
00022102100000000
00022002100011100
01001002100211100
01001000001201100
01110022201000000
STEP 25 P2 MOVE 2 4 2 6
OWN
10000222002200012
12000000022201112
12002220000100000
10000101000102000
22220101102202000
00022102100000000
00022002100011100
01001002100211100
01001000001201100
01110022201000000
STEP 26 P1 MOVE 2 15 3 15
OWN
10000222002200012
12000000022201112
12002220000100010
10000101000102010
22220101102202000
00022102100000000
00022002100011100
01001002100211100
01001000001201100
01110022201000000
STEP 27 P2 MOVE 3 14 3 16
OWN
10000222002200012
12000000022201112
12002220000100010
10000101000102222
22220101102202000
00022102100000000
00022002100011100
01001002100211100
01001000001201100
01110022201000000
STEP 28 P1 MOVE 4 16 6 16
OWN
10000222002200012
12000000022201112
12002220000100010
10000101000102222
22220101102202001
00022102100000001
00022002100011101
01001002100211100
01001000001201100
01110022201000000
STEP 29 P2 MOVE 5 1 6 1
OWN
10000222002200012
12000000022201112
12002220000100010
10000101000102222
22220101102202001
02022102100000001
02022002100011101
01001002100211100
01001000001201100
01110022201000000
STEP 30 P1 MOVE 3 1 5 2
OWN
10000222002200012
12000000022201112
12002220000100010
11100101000102222
21120101102202001
01122102100000001
02022002100011101
01001002100211100
01001000001201100
01110022201000000
STEP 31 P2 MOVE 3 3 7 3
OWN
10000222002200012
12000000022201112
12002220000100010
11120101000102222
21120101102202001
01122102100000001
02022002100011101
01021002100211100
01001000001201100
01110022201000000
STEP 32 P1 MOVE -1 -1 -1 -1
OWN
10000222002200012
12000000022201112
12002220000100010
11120101000102222
21120101102202001
01122102100000001
02022002100011101
01021002100211100
01001000001201100
01110022201000000
STEP 33 P2 MOVE 2 2 6 3
OWN
10000222002200012
12000000022201112
12222220000100010
11220101000102222
21220101102202001
01222102100000001
02222002100011101
01021002100211100
01001000001201100
01110022201000000
STEP 34 P1 MOVE 1 3 8 3
OWN
10000222002200012
12010000022201112
12212220000100010
11210101000102222
21210101102202001
01212102100000001
02212002100011101
01011002100211100
01011000001201100
01110022201000000
STEP 35 P2 MOVE 8 2 9 4
OWN
10000222002200012
12010000022201112
12212220000100010
11210101000102222
21210101102202001
01212102100000001
02212002100011101
01011002100211100
01222000001201100
01222022201000000
STEP 36 P1 MOVE 6 0 6 5
OWN
10000222002200012
12010000022201112
12212220000100010
11210101000102222
21210101102202001
01212102100000001
11111102100011101
01011002100211100
01222000001201100
01222022201000000
STEP 37 P2 MOVE -1 -1 -1 -1
OWN
10000222002200012
12010000022201112
12212220000100010
11210101000102222
21210101102202001
01212102100000001
11111102100011101
01011002100211100
01222000001201100
01222022201000000
STEP 38 P1 MOVE -1 -1 -1 -1
OWN
10000222002200012
12010000022201112
12212220000100010
11210101000102222
21210101102202001
01212102100000001
11111102100011101
01011002100211100
01222000001201100
01222022201000000
RESULT first=52 second=42 winner=1
ANALYSIS winner=P1 score=52-42 reason=탈취우위(+5칸 빼앗음,2배효과) steal(w/l)=14/9 neu(w/l)=47/47
