BOARD
39157714866915666
71725121362775895
33696766913341859
47324372953341776
26435142775236787
59123116598257521
73517464781329363
69111182884274581
33434791644442914
14554896476814963
STEP 0 P1 MOVE 1 3 1 6
OWN
00000000000000000
00011110000000000
00000000000000000
00000000000000000
00000000000000000
00000000000000000
00000000000000000
00000000000000000
00000000000000000
00000000000000000
STEP 1 P2 MOVE 3 11 6 11
OWN
00000000000000000
00011110000000000
00000000000000000
00000000000200000
00000000000200000
00000000000200000
00000000000200000
00000000000000000
00000000000000000
00000000000000000
STEP 2 P1 MOVE 3 5 7 5
OWN
00000000000000000
00011110000000000
00000000000000000
00000100000200000
00000100000200000
00000100000200000
00000100000200000
00000100000000000
00000000000000000
00000000000000000
STEP 3 P2 MOVE 4 2 5 3
OWN
00000000000000000
00011110000000000
00000000000000000
00000100000200000
00220100000200000
00220100000200000
00000100000200000
00000100000000000
00000000000000000
00000000000000000
STEP 4 P1 MOVE 7 3 7 6
OWN
00000000000000000
00011110000000000
00000000000000000
00000100000200000
00220100000200000
00220100000200000
00000100000200000
00011110000000000
00000000000000000
00000000000000000
STEP 5 P2 MOVE 9 0 9 2
OWN
00000000000000000
00011110000000000
00000000000000000
00000100000200000
00220100000200000
00220100000200000
00000100000200000
00011110000000000
00000000000000000
22200000000000000
STEP 6 P1 MOVE 5 7 6 7
OWN
00000000000000000
00011110000000000
00000000000000000
00000100000200000
00220100000200000
00220101000200000
00000101000200000
00011110000000000
00000000000000000
22200000000000000
STEP 7 P2 MOVE 8 1 8 3
OWN
00000000000000000
00011110000000000
00000000000000000
00000100000200000
00220100000200000
00220101000200000
00000101000200000
00011110000000000
02220000000000000
22200000000000000
STEP 8 P1 MOVE 0 1 0 2
OWN
01100000000000000
00011110000000000
00000000000000000
00000100000200000
00220100000200000
00220101000200000
00000101000200000
00011110000000000
02220000000000000
22200000000000000
STEP 9 P2 MOVE 0 0 1 0
OWN
21100000000000000
20011110000000000
00000000000000000
00000100000200000
00220100000200000
00220101000200000
00000101000200000
00011110000000000
02220000000000000
22200000000000000
STEP 10 P1 MOVE 2 1 3 1
OWN
21100000000000000
20011110000000000
01000000000000000
01000100000200000
00220100000200000
00220101000200000
00000101000200000
00011110000000000
02220000000000000
22200000000000000
STEP 11 P2 MOVE 8 8 9 8
OWN
21100000000000000
20011110000000000
01000000000000000
01000100000200000
00220100000200000
00220101000200000
00000101000200000
00011110000000000
02220000200000000
22200000200000000
STEP 12 P1 MOVE 2 4 3 4
OWN
21100000000000000
20011110000000000
01001000000000000
01001100000200000
00220100000200000
00220101000200000
00000101000200000
00011110000000000
02220000200000000
22200000200000000
STEP 13 P2 MOVE 1 11 2 11
OWN
21100000000000000
20011110000200000
01001000000200000
01001100000200000
00220100000200000
00220101000200000
00000101000200000
00011110000000000
02220000200000000
22200000200000000
STEP 14 P1 MOVE 7 1 7 2
OWN
21100000000000000
20011110000200000
01001000000200000
01001100000200000
00220100000200000
00220101000200000
00000101000200000
01111110000000000
02220000200000000
22200000200000000
STEP 15 P2 MOVE 0 13 1 13
OWN
21100000000002000
20011110000202000
01001000000200000
01001100000200000
00220100000200000
00220101000200000
00000101000200000
01111110000000000
02220000200000000
22200000200000000
STEP 16 P1 MOVE 0 11 0 12
OWN
21100000000112000
20011110000202000
01001000000200000
01001100000200000
00220100000200000
00220101000200000
00000101000200000
01111110000000000
02220000200000000
22200000200000000
STEP 17 P2 MOVE 6 0 6 1
OWN
21100000000112000
20011110000202000
01001000000200000
01001100000200000
00220100000200000
00220101000200000
22000101000200000
01111110000000000
02220000200000000
22200000200000000
STEP 18 P1 MOVE 2 8 2 9
OWN
21100000000112000
20011110000202000
01001000110200000
01001100000200000
00220100000200000
00220101000200000
22000101000200000
01111110000000000
02220000200000000
22200000200000000
STEP 19 P2 MOVE 8 6 8 7
OWN
21100000000112000
20011110000202000
01001000110200000
01001100000200000
00220100000200000
00220101000200000
22000101000200000
01111110000000000
02220022200000000
22200000200000000
STEP 20 P1 MOVE 4 7 9 7
OWN
21100000000112000
20011110000202000
01001000110200000
01001100000200000
00220101000200000
00220101000200000
22000101000200000
01111111000000000
02220021200000000
22200001200000000
STEP 21 P2 MOVE 1 7 2 8
OWN
21100000000112000
20011112200202000
01001002210200000
01001100000200000
00220101000200000
00220101000200000
22000101000200000
01111111000000000
02220021200000000
22200001200000000
STEP 22 P1 MOVE 8 11 8 13
OWN
21100000000112000
20011112200202000
01001002210200000
01001100000200000
00220101000200000
00220101000200000
22000101000200000
01111111000000000
02220021200111000
22200001200000000
STEP 23 P2 MOVE 7 11 9 11
OWN
21100000000112000
20011112200202000
01001002210200000
01001100000200000
00220101000200000
00220101000200000
22000101000200000
01111111000200000
02220021200211000
22200001200200000
STEP 24 P1 MOVE 6 12 9 12
OWN
21100000000112000
20011112200202000
01001002210200000
01001100000200000
00220101000200000
00220101000200000
22000101000210000
01111111000210000
02220021200211000
22200001200210000
STEP 25 P2 MOVE 6 10 6 13
OWN
21100000000112000
20011112200202000
01001002210200000
01001100000200000
00220101000200000
00220101000200000
22000101002222000
01111111000210000
02220021200211000
22200001200210000
STEP 26 P1 MOVE 9 10 9 13
OWN
21100000000112000
20011112200202000
01001002210200000
01001100000200000
00220101000200000
00220101000200000
22000101002222000
01111111000210000
02220021200211000
22200001201111000
STEP 27 P2 MOVE 3 2 4 4
OWN
21100000000112000
20011112200202000
01001002210200000
01222100000200000
00222101000200000
00220101000200000
22000101002222000
01111111000210000
02220021200211000
22200001201111000
STEP 28 P1 MOVE 0 4 5 4
OWN
21101000000112000
20011112200202000
01001002210200000
01221100000200000
00221101000200000
00221101000200000
22000101002222000
01111111000210000
02220021200211000
22200001201111000
STEP 29 P2 MOVE 8 14 8 15
OWN
21101000000112000
20011112200202000
01001002210200000
01221100000200000
00221101000200000
00221101000200000
22000101002222000
01111111000210000
02220021200211220
22200001201111000
STEP 30 P1 MOVE 2 12 3 13
OWN
21101000000112000
20011112200202000
01001002210211000
01221100000211000
00221101000200000
00221101000200000
22000101002222000
01111111000210000
02220021200211220
22200001201111000
STEP 31 P2 MOVE 3 10 3 14
OWN
21101000000112000
20011112200202000
01001002210211000
01221100002222200
00221101000200000
00221101000200000
22000101002222000
01111111000210000
02220021200211220
22200001201111000
STEP 32 P1 MOVE 4 1 4 6
OWN
21101000000112000
20011112200202000
01001002210211000
01221100002222200
01111111000200000
00221101000200000
22000101002222000
01111111000210000
02220021200211220
22200001201111000
STEP 33 P2 MOVE 1 1 5 1
OWN
21101000000112000
22011112200202000
02001002210211000
02221100002222200
02111111000200000
02221101000200000
22000101002222000
01111111000210000
02220021200211220
22200001201111000
STEP 34 P1 MOVE 1 10 4 10
OWN
21101000000112000
22011112201202000
02001002211211000
02221100001222200
02111111001200000
02221101000200000
22000101002222000
01111111000210000
02220021200211220
22200001201111000
STEP 35 P2 MOVE 1 12 4 12
OWN
21101000000112000
22011112201222000
02001002211221000
02221100001222200
02111111001220000
02221101000200000
22000101002222000
01111111000210000
02220021200211220
22200001201111000
STEP 36 P1 MOVE 2 3 6 3
OWN
21101000000112000
22011112201222000
02011002211221000
02211100001222200
02111111001220000
02211101000200000
22010101002222000
01111111000210000
02220021200211220
22200001201111000
STEP 37 P2 MOVE 6 2 9 3
OWN
21101000000112000
22011112201222000
02011002211221000
02211100001222200
02111111001220000
02211101000200000
22220101002222000
01221111000210000
02220021200211220
22220001201111000
STEP 38 P1 MOVE -1 -1 -1 -1
OWN
21101000000112000
22011112201222000
02011002211221000
02211100001222200
02111111001220000
02211101000200000
22220101002222000
01221111000210000
02220021200211220
22220001201111000
STEP 39 P2 MOVE -1 -1 -1 -1
OWN
21101000000112000
22011112201222000
02011002211221000
02211100001222200
02111111001220000
02211101000200000
22220101002222000
01221111000210000
02220021200211220
22220001201111000
RESULT first=46 second=50 winner=2
ANALYSIS winner=P2 score=46-50 reason=Ĺ»ĂëżěŔ§(+4Ä­ »©ľŃŔ˝,2ąčČż°ú) / żŞŔü˝Â steal(w/l)=13/9 neu(w/l)=46/50
