BOARD
62324491846361928
43838393192772464
46658218589153824
78274366828778961
42569293968128864
75772485323152313
61576585456532856
39991243449425414
78812576526288412
15246973657756857
STEP 0 P1 MOVE 7 4 8 5
OWN
00000000000000000
00000000000000000
00000000000000000
00000000000000000
00000000000000000
00000000000000000
00000000000000000
00001100000000000
00001100000000000
00000000000000000
STEP 1 P2 MOVE 1 5 4 5
OWN
00000000000000000
00000200000000000
00000200000000000
00000200000000000
00000200000000000
00000000000000000
00000000000000000
00001100000000000
00001100000000000
00000000000000000
STEP 2 P1 MOVE 3 9 5 9
OWN
00000000000000000
00000200000000000
00000200000000000
00000200010000000
00000200010000000
00000000010000000
00000000000000000
00001100000000000
00001100000000000
00000000000000000
STEP 3 P2 MOVE 0 11 0 13
OWN
00000000000222000
00000200000000000
00000200000000000
00000200010000000
00000200010000000
00000000010000000
00000000000000000
00001100000000000
00001100000000000
00000000000000000
STEP 4 P1 MOVE 0 3 0 5
OWN
00011100000222000
00000200000000000
00000200000000000
00000200010000000
00000200010000000
00000000010000000
00000000000000000
00001100000000000
00001100000000000
00000000000000000
STEP 5 P2 MOVE 8 9 8 11
OWN
00011100000222000
00000200000000000
00000200000000000
00000200010000000
00000200010000000
00000000010000000
00000000000000000
00001100000000000
00001100022200000
00000000000000000
STEP 6 P1 MOVE 5 11 7 11
OWN
00011100000222000
00000200000000000
00000200000000000
00000200010000000
00000200010000000
00000000010100000
00000000000100000
00001100000100000
00001100022200000
00000000000000000
STEP 7 P2 MOVE 4 12 6 12
OWN
00011100000222000
00000200000000000
00000200000000000
00000200010000000
00000200010020000
00000000010120000
00000000000120000
00001100000100000
00001100022200000
00000000000000000
STEP 8 P1 MOVE 7 13 7 15
OWN
00011100000222000
00000200000000000
00000200000000000
00000200010000000
00000200010020000
00000000010120000
00000000000120000
00001100000101110
00001100022200000
00000000000000000
STEP 9 P2 MOVE 0 15 0 16
OWN
00011100000222022
00000200000000000
00000200000000000
00000200010000000
00000200010020000
00000000010120000
00000000000120000
00001100000101110
00001100022200000
00000000000000000
STEP 10 P1 MOVE 3 1 3 2
OWN
00011100000222022
00000200000000000
00000200000000000
01100200010000000
00000200010020000
00000000010120000
00000000000120000
00001100000101110
00001100022200000
00000000000000000
STEP 11 P2 MOVE 1 15 1 16
OWN
00011100000222022
00000200000000022
00000200000000000
01100200010000000
00000200010020000
00000000010120000
00000000000120000
00001100000101110
00001100022200000
00000000000000000
STEP 12 P1 MOVE 0 0 1 0
OWN
10011100000222022
10000200000000022
00000200000000000
01100200010000000
00000200010020000
00000000010120000
00000000000120000
00001100000101110
00001100022200000
00000000000000000
STEP 13 P2 MOVE 5 7 6 7
OWN
10011100000222022
10000200000000022
00000200000000000
01100200010000000
00000200010020000
00000002010120000
00000002000120000
00001100000101110
00001100022200000
00000000000000000
STEP 14 P1 MOVE 2 14 2 15
OWN
10011100000222022
10000200000000022
00000200000000110
01100200010000000
00000200010020000
00000002010120000
00000002000120000
00001100000101110
00001100022200000
00000000000000000
STEP 15 P2 MOVE 4 15 4 16
OWN
10011100000222022
10000200000000022
00000200000000110
01100200010000000
00000200010020022
00000002010120000
00000002000120000
00001100000101110
00001100022200000
00000000000000000
STEP 16 P1 MOVE 1 6 2 6
OWN
10011100000222022
10000210000000022
00000210000000110
01100200010000000
00000200010020022
00000002010120000
00000002000120000
00001100000101110
00001100022200000
00000000000000000
STEP 17 P2 MOVE 3 4 3 6
OWN
10011100000222022
10000210000000022
00000210000000110
01102220010000000
00000200010020022
00000002010120000
00000002000120000
00001100000101110
00001100022200000
00000000000000000
STEP 18 P1 MOVE 9 6 9 7
OWN
10011100000222022
10000210000000022
00000210000000110
01102220010000000
00000200010020022
00000002010120000
00000002000120000
00001100000101110
00001100022200000
00000011000000000
STEP 19 P2 MOVE 0 6 0 7
OWN
10011122000222022
10000210000000022
00000210000000110
01102220010000000
00000200010020022
00000002010120000
00000002000120000
00001100000101110
00001100022200000
00000011000000000
STEP 20 P1 MOVE 0 9 0 10
OWN
10011122011222022
10000210000000022
00000210000000110
01102220010000000
00000200010020022
00000002010120000
00000002000120000
00001100000101110
00001100022200000
00000011000000000
STEP 21 P2 MOVE 7 0 8 0
OWN
10011122011222022
10000210000000022
00000210000000110
01102220010000000
00000200010020022
00000002010120000
00000002000120000
20001100000101110
20001100022200000
00000011000000000
STEP 22 P1 MOVE 6 1 7 1
OWN
10011122011222022
10000210000000022
00000210000000110
01102220010000000
00000200010020022
00000002010120000
01000002000120000
21001100000101110
20001100022200000
00000011000000000
STEP 23 P2 MOVE 1 8 1 9
OWN
10011122011222022
10000210220000022
00000210000000110
01102220010000000
00000200010020022
00000002010120000
01000002000120000
21001100000101110
20001100022200000
00000011000000000
STEP 24 P1 MOVE 7 3 8 3
OWN
10011122011222022
10000210220000022
00000210000000110
01102220010000000
00000200010020022
00000002010120000
01000002000120000
21011100000101110
20011100022200000
00000011000000000
STEP 25 P2 MOVE 6 13 6 14
OWN
10011122011222022
10000210220000022
00000210000000110
01102220010000000
00000200010020022
00000002010120000
01000002000122200
21011100000101110
20011100022200000
00000011000000000
STEP 26 P1 MOVE 4 13 5 13
OWN
10011122011222022
10000210220000022
00000210000000110
01102220010000000
00000200010021022
00000002010121000
01000002000122200
21011100000101110
20011100022200000
00000011000000000
STEP 27 P2 MOVE 9 3 9 4
OWN
10011122011222022
10000210220000022
00000210000000110
01102220010000000
00000200010021022
00000002010121000
01000002000122200
21011100000101110
20011100022200000
00022011000000000
STEP 28 P1 MOVE 2 10 2 11
OWN
10011122011222022
10000210220000022
00000210001100110
01102220010000000
00000200010021022
00000002010121000
01000002000122200
21011100000101110
20011100022200000
00022011000000000
STEP 29 P2 MOVE 8 2 9 2
OWN
10011122011222022
10000210220000022
00000210001100110
01102220010000000
00000200010021022
00000002010121000
01000002000122200
21011100000101110
20211100022200000
00222011000000000
STEP 30 P1 MOVE -1 -1 -1 -1
OWN
10011122011222022
10000210220000022
00000210001100110
01102220010000000
00000200010021022
00000002010121000
01000002000122200
21011100000101110
20211100022200000
00222011000000000
STEP 31 P2 MOVE 6 14 8 15
OWN
10011122011222022
10000210220000022
00000210001100110
01102220010000000
00000200010021022
00000002010121000
01000002000122220
21011100000101220
20211100022200220
00222011000000000
STEP 32 P1 MOVE 5 8 5 15
OWN
10011122011222022
10000210220000022
00000210001100110
01102220010000000
00000200010021022
00000002111111110
01000002000122220
21011100000101220
20211100022200220
00222011000000000
STEP 33 P2 MOVE 8 13 8 16
OWN
10011122011222022
10000210220000022
00000210001100110
01102220010000000
00000200010021022
00000002111111110
01000002000122220
21011100000101220
20211100022202222
00222011000000000
STEP 34 P1 MOVE 7 12 8 12
OWN
10011122011222022
10000210220000022
00000210001100110
01102220010000000
00000200010021022
00000002111111110
01000002000122220
21011100000111220
20211100022212222
00222011000000000
STEP 35 P2 MOVE 1 9 2 10
OWN
10011122011222022
10000210222000022
00000210022100110
01102220010000000
00000200010021022
00000002111111110
01000002000122220
21011100000111220
20211100022212222
00222011000000000
STEP 36 P1 MOVE 1 7 1 11
OWN
10011122011222022
10000211111100022
00000210022100110
01102220010000000
00000200010021022
00000002111111110
01000002000122220
21011100000111220
20211100022212222
00222011000000000
STEP 37 P2 MOVE 3 15 5 16
OWN
10011122011222022
10000211111100022
00000210022100110
01102220010000022
00000200010021022
00000002111111122
01000002000122220
21011100000111220
20211100022212222
00222011000000000
STEP 38 P1 MOVE 2 16 6 16
OWN
10011122011222022
10000211111100022
00000210022100111
01102220010000021
00000200010021021
00000002111111121
01000002000122221
21011100000111220
20211100022212222
00222011000000000
STEP 39 P2 MOVE 2 8 2 12
OWN
10011122011222022
10000211111100022
00000210222220111
01102220010000021
00000200010021021
00000002111111121
01000002000122221
21011100000111220
20211100022212222
00222011000000000
STEP 40 P1 MOVE -1 -1 -1 -1
OWN
10011122011222022
10000211111100022
00000210222220111
01102220010000021
00000200010021021
00000002111111121
01000002000122221
21011100000111220
20211100022212222
00222011000000000
STEP 41 P2 MOVE -1 -1 -1 -1
OWN
10011122011222022
10000211111100022
00000210222220111
01102220010000021
00000200010021021
00000002111111121
01000002000122221
21011100000111220
20211100022212222
00222011000000000
RESULT first=48 second=45 winner=1
ANALYSIS winner=P1 score=48-45 reason=Ľ±°řŔĚÁˇ steal(w/l)=7/5 neu(w/l)=46/47
