BOARD
47988447844164794
75253746113965366
32535698924479861
86187568997921456
89472687436411373
23726921133111412
71112832487865481
33352167883492944
22558129143213988
96148283613666247
STEP 0 P1 MOVE 8 9 8 12
OWN
00000000000000000
00000000000000000
00000000000000000
00000000000000000
00000000000000000
00000000000000000
00000000000000000
00000000000000000
00000000011110000
00000000000000000
STEP 1 P2 MOVE 2 1 2 3
OWN
00000000000000000
00000000000000000
02220000000000000
00000000000000000
00000000000000000
00000000000000000
00000000000000000
00000000000000000
00000000011110000
00000000000000000
STEP 2 P1 MOVE 9 9 9 11
OWN
00000000000000000
00000000000000000
02220000000000000
00000000000000000
00000000000000000
00000000000000000
00000000000000000
00000000000000000
00000000011110000
00000000011100000
STEP 3 P2 MOVE 3 13 3 15
OWN
00000000000000000
00000000000000000
02220000000000000
00000000000002220
00000000000000000
00000000000000000
00000000000000000
00000000000000000
00000000011110000
00000000011100000
STEP 4 P1 MOVE 7 5 8 6
OWN
00000000000000000
00000000000000000
02220000000000000
00000000000002220
00000000000000000
00000000000000000
00000000000000000
00000110000000000
00000110011110000
00000000011100000
STEP 5 P2 MOVE 5 11 5 16
OWN
00000000000000000
00000000000000000
02220000000000000
00000000000002220
00000000000000000
00000000000222222
00000000000000000
00000110000000000
00000110011110000
00000000011100000
STEP 6 P1 MOVE 5 6 5 10
OWN
00000000000000000
00000000000000000
02220000000000000
00000000000002220
00000000000000000
00000011111222222
00000000000000000
00000110000000000
00000110011110000
00000000011100000
STEP 7 P2 MOVE 2 16 4 16
OWN
00000000000000000
00000000000000000
02220000000000002
00000000000002222
00000000000000002
00000011111222222
00000000000000000
00000110000000000
00000110011110000
00000000011100000
STEP 8 P1 MOVE 9 5 9 6
OWN
00000000000000000
00000000000000000
02220000000000002
00000000000002222
00000000000000002
00000011111222222
00000000000000000
00000110000000000
00000110011110000
00000110011100000
STEP 9 P2 MOVE 2 12 4 12
OWN
00000000000000000
00000000000000000
02220000000020002
00000000000022222
00000000000020002
00000011111222222
00000000000000000
00000110000000000
00000110011110000
00000110011100000
STEP 10 P1 MOVE 4 10 4 11
OWN
00000000000000000
00000000000000000
02220000000020002
00000000000022222
00000000001120002
00000011111222222
00000000000000000
00000110000000000
00000110011110000
00000110011100000
STEP 11 P2 MOVE 4 3 6 3
OWN
00000000000000000
00000000000000000
02220000000020002
00000000000022222
00020000001120002
00020011111222222
00020000000000000
00000110000000000
00000110011110000
00000110011100000
STEP 12 P1 MOVE 6 2 9 2
OWN
00000000000000000
00000000000000000
02220000000020002
00000000000022222
00020000001120002
00020011111222222
00120000000000000
00100110000000000
00100110011110000
00100110011100000
STEP 13 P2 MOVE 6 0 6 4
OWN
00000000000000000
00000000000000000
02220000000020002
00000000000022222
00020000001120002
00020011111222222
22222000000000000
00100110000000000
00100110011110000
00100110011100000
STEP 14 P1 MOVE 4 4 7 4
OWN
00000000000000000
00000000000000000
02220000000020002
00000000000022222
00021000001120002
00021011111222222
22221000000000000
00101110000000000
00100110011110000
00100110011100000
STEP 15 P2 MOVE 7 0 8 1
OWN
00000000000000000
00000000000000000
02220000000020002
00000000000022222
00021000001120002
00021011111222222
22221000000000000
22101110000000000
22100110011110000
00100110011100000
STEP 16 P1 MOVE 4 2 4 5
OWN
00000000000000000
00000000000000000
02220000000020002
00000000000022222
00111100001120002
00021011111222222
22221000000000000
22101110000000000
22100110011110000
00100110011100000
STEP 17 P2 MOVE 9 1 9 3
OWN
00000000000000000
00000000000000000
02220000000020002
00000000000022222
00111100001120002
00021011111222222
22221000000000000
22101110000000000
22100110011110000
02220110011100000
STEP 18 P1 MOVE 1 6 1 7
OWN
00000000000000000
00000011000000000
02220000000020002
00000000000022222
00111100001120002
00021011111222222
22221000000000000
22101110000000000
22100110011110000
02220110011100000
STEP 19 P2 MOVE 0 12 0 13
OWN
00000000000022000
00000011000000000
02220000000020002
00000000000022222
00111100001120002
00021011111222222
22221000000000000
22101110000000000
22100110011110000
02220110011100000
STEP 20 P1 MOVE 5 1 5 2
OWN
00000000000022000
00000011000000000
02220000000020002
00000000000022222
00111100001120002
01121011111222222
22221000000000000
22101110000000000
22100110011110000
02220110011100000
STEP 21 P2 MOVE 4 0 5 0
OWN
00000000000022000
00000011000000000
02220000000020002
00000000000022222
20111100001120002
21121011111222222
22221000000000000
22101110000000000
22100110011110000
02220110011100000
STEP 22 P1 MOVE 0 16 1 16
OWN
00000000000022001
00000011000000001
02220000000020002
00000000000022222
20111100001120002
21121011111222222
22221000000000000
22101110000000000
22100110011110000
02220110011100000
STEP 23 P2 MOVE 1 0 2 0
OWN
00000000000022001
20000011000000001
22220000000020002
00000000000022222
20111100001120002
21121011111222222
22221000000000000
22101110000000000
22100110011110000
02220110011100000
STEP 24 P1 MOVE 7 3 8 3
OWN
00000000000022001
20000011000000001
22220000000020002
00000000000022222
20111100001120002
21121011111222222
22221000000000000
22111110000000000
22110110011110000
02220110011100000
STEP 25 P2 MOVE 6 10 7 10
OWN
00000000000022001
20000011000000001
22220000000020002
00000000000022222
20111100001120002
21121011111222222
22221000002000000
22111110002000000
22110110011110000
02220110011100000
STEP 26 P1 MOVE 1 2 1 4
OWN
00000000000022001
20111011000000001
22220000000020002
00000000000022222
20111100001120002
21121011111222222
22221000002000000
22111110002000000
22110110011110000
02220110011100000
STEP 27 P2 MOVE 1 1 2 4
OWN
00000000000022001
22222011000000001
22222000000020002
00000000000022222
20111100001120002
21121011111222222
22221000002000000
22111110002000000
22110110011110000
02220110011100000
STEP 28 P1 MOVE 0 2 3 2
OWN
00100000000022001
22122011000000001
22122000000020002
00100000000022222
20111100001120002
21121011111222222
22221000002000000
22111110002000000
22110110011110000
02220110011100000
STEP 29 P2 MOVE 1 9 2 10
OWN
00100000000022001
22122011022000001
22122000022020002
00100000000022222
20111100001120002
21121011111222222
22221000002000000
22111110002000000
22110110011110000
02220110011100000
STEP 30 P1 MOVE 1 8 1 11
OWN
00100000000022001
22122011111100001
22122000022020002
00100000000022222
20111100001120002
21121011111222222
22221000002000000
22111110002000000
22110110011110000
02220110011100000
STEP 31 P2 MOVE 0 14 1 14
OWN
00100000000022201
22122011111100201
22122000022020002
00100000000022222
20111100001120002
21121011111222222
22221000002000000
22111110002000000
22110110011110000
02220110011100000
STEP 32 P1 MOVE 8 7 8 8
OWN
00100000000022201
22122011111100201
22122000022020002
00100000000022222
20111100001120002
21121011111222222
22221000002000000
22111110002000000
22110111111110000
02220110011100000
STEP 33 P2 MOVE 7 7 9 7
OWN
00100000000022201
22122011111100201
22122000022020002
00100000000022222
20111100001120002
21121011111222222
22221000002000000
22111112002000000
22110112111110000
02220112011100000
STEP 34 P1 MOVE 6 13 8 13
OWN
00100000000022201
22122011111100201
22122000022020002
00100000000022222
20111100001120002
21121011111222222
22221000002001000
22111112002001000
22110112111111000
02220112011100000
STEP 35 P2 MOVE 6 12 6 14
OWN
00100000000022201
22122011111100201
22122000022020002
00100000000022222
20111100001120002
21121011111222222
22221000002022200
22111112002001000
22110112111111000
02220112011100000
STEP 36 P1 MOVE 4 12 7 13
OWN
00100000000022201
22122011111100201
22122000022020002
00100000000022222
20111100001111002
21121011111211222
22221000002011200
22111112002011000
22110112111111000
02220112011100000
STEP 37 P2 MOVE 4 8 4 14
OWN
00100000000022201
22122011111100201
22122000022020002
00100000000022222
20111100222222202
21121011111211222
22221000002011200
22111112002011000
22110112111111000
02220112011100000
STEP 38 P1 MOVE 7 11 9 12
OWN
00100000000022201
22122011111100201
22122000022020002
00100000000022222
20111100222222202
21121011111211222
22221000002011200
22111112002111000
22110112111111000
02220112011110000
STEP 39 P2 MOVE -1 -1 -1 -1
OWN
00100000000022201
22122011111100201
22122000022020002
00100000000022222
20111100222222202
21121011111211222
22221000002011200
22111112002111000
22110112111111000
02220112011110000
STEP 40 P1 MOVE -1 -1 -1 -1
OWN
00100000000022201
22122011111100201
22122000022020002
00100000000022222
20111100222222202
21121011111211222
22221000002011200
22111112002111000
22110112111111000
02220112011110000
RESULT first=53 second=53 winner=0
ANALYSIS winner=P0 score=53-53 reason=ą«˝ÂşÎ steal(w/l)=0/0 neu(w/l)=0/0
