BOARD
89643921756792681
36288638426124744
28716873117929723
97185595751273578
67998839627648189
52554623378971514
86956464994957524
71333952431167234
63539787425783981
69286168951462475
STEP 0 P1 MOVE 7 1 7 4
OWN
00000000000000000
00000000000000000
00000000000000000
00000000000000000
00000000000000000
00000000000000000
00000000000000000
01111000000000000
00000000000000000
00000000000000000
STEP 1 P2 MOVE 7 7 7 10
OWN
00000000000000000
00000000000000000
00000000000000000
00000000000000000
00000000000000000
00000000000000000
00000000000000000
01111002222000000
00000000000000000
00000000000000000
STEP 2 P1 MOVE 1 2 3 2
OWN
00000000000000000
00100000000000000
00100000000000000
00100000000000000
00000000000000000
00000000000000000
00000000000000000
01111002222000000
00000000000000000
00000000000000000
STEP 3 P2 MOVE 9 9 9 11
OWN
00000000000000000
00100000000000000
00100000000000000
00100000000000000
00000000000000000
00000000000000000
00000000000000000
01111002222000000
00000000000000000
00000000022200000
STEP 4 P1 MOVE 7 16 9 16
OWN
00000000000000000
00100000000000000
00100000000000000
00100000000000000
00000000000000000
00000000000000000
00000000000000000
01111002222000001
00000000000000001
00000000022200001
STEP 5 P2 MOVE 0 6 0 8
OWN
00000022200000000
00100000000000000
00100000000000000
00100000000000000
00000000000000000
00000000000000000
00000000000000000
01111002222000001
00000000000000001
00000000022200001
STEP 6 P1 MOVE 3 10 3 12
OWN
00000022200000000
00100000000000000
00100000000000000
00100000001110000
00000000000000000
00000000000000000
00000000000000000
01111002222000001
00000000000000001
00000000022200001
STEP 7 P2 MOVE 6 4 6 5
OWN
00000022200000000
00100000000000000
00100000000000000
00100000001110000
00000000000000000
00000000000000000
00002200000000000
01111002222000001
00000000000000001
00000000022200001
STEP 8 P1 MOVE 5 2 5 3
OWN
00000022200000000
00100000000000000
00100000000000000
00100000001110000
00000000000000000
00110000000000000
00002200000000000
01111002222000001
00000000000000001
00000000022200001
STEP 9 P2 MOVE 4 11 4 12
OWN
00000022200000000
00100000000000000
00100000000000000
00100000001110000
00000000000220000
00110000000000000
00002200000000000
01111002222000001
00000000000000001
00000000022200001
STEP 10 P1 MOVE 1 6 2 6
OWN
00000022200000000
00100010000000000
00100010000000000
00100000001110000
00000000000220000
00110000000000000
00002200000000000
01111002222000001
00000000000000001
00000000022200001
STEP 11 P2 MOVE 1 9 4 9
OWN
00000022200000000
00100010020000000
00100010020000000
00100000021110000
00000000020220000
00110000000000000
00002200000000000
01111002222000001
00000000000000001
00000000022200001
STEP 12 P1 MOVE 0 8 2 9
OWN
00000022110000000
00100010110000000
00100010110000000
00100000021110000
00000000020220000
00110000000000000
00002200000000000
01111002222000001
00000000000000001
00000000022200001
STEP 13 P2 MOVE 2 7 2 10
OWN
00000022110000000
00100010110000000
00100012222000000
00100000021110000
00000000020220000
00110000000000000
00002200000000000
01111002222000001
00000000000000001
00000000022200001
STEP 14 P1 MOVE 0 2 0 3
OWN
00110022110000000
00100010110000000
00100012222000000
00100000021110000
00000000020220000
00110000000000000
00002200000000000
01111002222000001
00000000000000001
00000000022200001
STEP 15 P2 MOVE 6 11 7 11
OWN
00110022110000000
00100010110000000
00100012222000000
00100000021110000
00000000020220000
00110000000000000
00002200000200000
01111002222200001
00000000000000001
00000000022200001
STEP 16 P1 MOVE 2 0 2 1
OWN
00110022110000000
00100010110000000
11100012222000000
00100000021110000
00000000020220000
00110000000000000
00002200000200000
01111002222200001
00000000000000001
00000000022200001
STEP 17 P2 MOVE 9 2 9 3
OWN
00110022110000000
00100010110000000
11100012222000000
00100000021110000
00000000020220000
00110000000000000
00002200000200000
01111002222200001
00000000000000001
00220000022200001
STEP 18 P1 MOVE 3 4 3 5
OWN
00110022110000000
00100010110000000
11100012222000000
00101100021110000
00000000020220000
00110000000000000
00002200000200000
01111002222200001
00000000000000001
00220000022200001
STEP 19 P2 MOVE 5 14 5 16
OWN
00110022110000000
00100010110000000
11100012222000000
00101100021110000
00000000020220000
00110000000000222
00002200000200000
01111002222200001
00000000000000001
00220000022200001
STEP 20 P1 MOVE 4 15 6 15
OWN
00110022110000000
00100010110000000
11100012222000000
00101100021110000
00000000020220010
00110000000000212
00002200000200010
01111002222200001
00000000000000001
00220000022200001
STEP 21 P2 MOVE 5 8 5 9
OWN
00110022110000000
00100010110000000
11100012222000000
00101100021110000
00000000020220010
00110000220000212
00002200000200010
01111002222200001
00000000000000001
00220000022200001
STEP 22 P1 MOVE 6 14 7 15
OWN
00110022110000000
00100010110000000
11100012222000000
00101100021110000
00000000020220010
00110000220000212
00002200000200110
01111002222200111
00000000000000001
00220000022200001
STEP 23 P2 MOVE 4 14 8 14
OWN
00110022110000000
00100010110000000
11100012222000000
00101100021110000
00000000020220210
00110000220000212
00002200000200210
01111002222200211
00000000000000201
00220000022200001
STEP 24 P1 MOVE 5 4 5 5
OWN
00110022110000000
00100010110000000
11100012222000000
00101100021110000
00000000020220210
00111100220000212
00002200000200210
01111002222200211
00000000000000201
00220000022200001
STEP 25 P2 MOVE 6 6 6 7
OWN
00110022110000000
00100010110000000
11100012222000000
00101100021110000
00000000020220210
00111100220000212
00002222000200210
01111002222200211
00000000000000201
00220000022200001
STEP 26 P1 MOVE 5 7 8 7
OWN
00110022110000000
00100010110000000
11100012222000000
00101100021110000
00000000020220210
00111101220000212
00002221000200210
01111001222200211
00000001000000201
00220000022200001
STEP 27 P2 MOVE 5 6 5 10
OWN
00110022110000000
00100010110000000
11100012222000000
00101100021110000
00000000020220210
00111122222000212
00002221000200210
01111001222200211
00000001000000201
00220000022200001
STEP 28 P1 MOVE 7 13 8 13
OWN
00110022110000000
00100010110000000
11100012222000000
00101100021110000
00000000020220210
00111122222000212
00002221000200210
01111001222201211
00000001000001201
00220000022200001
STEP 29 P2 MOVE 3 8 3 13
OWN
00110022110000000
00100010110000000
11100012222000000
00101100222222000
00000000020220210
00111122222000212
00002221000200210
01111001222201211
00000001000001201
00220000022200001
STEP 30 P1 MOVE 3 7 3 14
OWN
00110022110000000
00100010110000000
11100012222000000
00101101111111100
00000000020220210
00111122222000212
00002221000200210
01111001222201211
00000001000001201
00220000022200001
STEP 31 P2 MOVE 5 13 9 13
OWN
00110022110000000
00100010110000000
11100012222000000
00101101111111100
00000000020220210
00111122222002212
00002221000202210
01111001222202211
00000001000002201
00220000022202001
STEP 32 P1 MOVE 9 12 9 14
OWN
00110022110000000
00100010110000000
11100012222000000
00101101111111100
00000000020220210
00111122222002212
00002221000202210
01111001222202211
00000001000002201
00220000022211101
STEP 33 P2 MOVE -1 -1 -1 -1
OWN
00110022110000000
00100010110000000
11100012222000000
00101101111111100
00000000020220210
00111122222002212
00002221000202210
01111001222202211
00000001000002201
00220000022211101
STEP 34 P1 MOVE -1 -1 -1 -1
OWN
00110022110000000
00100010110000000
11100012222000000
00101101111111100
00000000020220210
00111122222002212
00002221000202210
01111001222202211
00000001000002201
00220000022211101
RESULT first=44 second=37 winner=1
ANALYSIS winner=P1 score=44-37 reason=Ĺ»ĂëżěŔ§(+3Ä­ »©ľŃŔ˝,2ąčČż°ú) steal(w/l)=13/10 neu(w/l)=41/40
