BOARD
55188612312543371
77965133999351628
57752613625437245
58599629371127882
72328116576628967
62931458174122195
47235372137669598
18445146441761113
93681144855299914
13173149355424955
STEP 0 P1 MOVE 5 5 9 5
OWN
00000000000000000
00000000000000000
00000000000000000
00000000000000000
00000000000000000
00000100000000000
00000100000000000
00000100000000000
00000100000000000
00000100000000000
STEP 1 P2 MOVE 4 4 5 5
OWN
00000000000000000
00000000000000000
00000000000000000
00000000000000000
00002200000000000
00002200000000000
00000100000000000
00000100000000000
00000100000000000
00000100000000000
STEP 2 P1 MOVE 5 10 5 14
OWN
00000000000000000
00000000000000000
00000000000000000
00000000000000000
00002200000000000
00002200001111100
00000100000000000
00000100000000000
00000100000000000
00000100000000000
STEP 3 P2 MOVE 3 12 6 12
OWN
00000000000000000
00000000000000000
00000000000000000
00000000000020000
00002200000020000
00002200001121100
00000100000020000
00000100000000000
00000100000000000
00000100000000000
STEP 4 P1 MOVE 0 12 0 14
OWN
00000000000011100
00000000000000000
00000000000000000
00000000000020000
00002200000020000
00002200001121100
00000100000020000
00000100000000000
00000100000000000
00000100000000000
STEP 5 P2 MOVE 6 2 6 4
OWN
00000000000011100
00000000000000000
00000000000000000
00000000000020000
00002200000020000
00002200001121100
00222100000020000
00000100000000000
00000100000000000
00000100000000000
STEP 6 P1 MOVE 9 11 9 13
OWN
00000000000011100
00000000000000000
00000000000000000
00000000000020000
00002200000020000
00002200001121100
00222100000020000
00000100000000000
00000100000000000
00000100000111000
STEP 7 P2 MOVE 9 3 9 4
OWN
00000000000011100
00000000000000000
00000000000000000
00000000000020000
00002200000020000
00002200001121100
00222100000020000
00000100000000000
00000100000000000
00022100000111000
STEP 8 P1 MOVE 8 0 9 0
OWN
00000000000011100
00000000000000000
00000000000000000
00000000000020000
00002200000020000
00002200001121100
00222100000020000
00000100000000000
10000100000000000
10022100000111000
STEP 9 P2 MOVE 5 7 6 7
OWN
00000000000011100
00000000000000000
00000000000000000
00000000000020000
00002200000020000
00002202001121100
00222102000020000
00000100000000000
10000100000000000
10022100000111000
STEP 10 P1 MOVE 0 9 1 9
OWN
00000000010011100
00000000010000000
00000000000000000
00000000000020000
00002200000020000
00002202001121100
00222102000020000
00000100000000000
10000100000000000
10022100000111000
STEP 11 P2 MOVE 9 9 9 10
OWN
00000000010011100
00000000010000000
00000000000000000
00000000000020000
00002200000020000
00002202001121100
00222102000020000
00000100000000000
10000100000000000
10022100022111000
STEP 12 P1 MOVE 5 0 6 0
OWN
00000000010011100
00000000010000000
00000000000000000
00000000000020000
00002200000020000
10002202001121100
10222102000020000
00000100000000000
10000100000000000
10022100022111000
STEP 13 P2 MOVE 9 15 9 16
OWN
00000000010011100
00000000010000000
00000000000000000
00000000000020000
00002200000020000
10002202001121100
10222102000020000
00000100000000000
10000100000000000
10022100022111022
STEP 14 P1 MOVE 0 0 0 1
OWN
11000000010011100
00000000010000000
00000000000000000
00000000000020000
00002200000020000
10002202001121100
10222102000020000
00000100000000000
10000100000000000
10022100022111022
STEP 15 P2 MOVE 0 2 1 2
OWN
11200000010011100
00200000010000000
00000000000000000
00000000000020000
00002200000020000
10002202001121100
10222102000020000
00000100000000000
10000100000000000
10022100022111022
STEP 16 P1 MOVE 1 15 1 16
OWN
11200000010011100
00200000010000011
00000000000000000
00000000000020000
00002200000020000
10002202001121100
10222102000020000
00000100000000000
10000100000000000
10022100022111022
STEP 17 P2 MOVE 7 13 8 13
OWN
11200000010011100
00200000010000011
00000000000000000
00000000000020000
00002200000020000
10002202001121100
10222102000020000
00000100000002000
10000100000002000
10022100022111022
STEP 18 P1 MOVE 7 7 8 7
OWN
11200000010011100
00200000010000011
00000000000000000
00000000000020000
00002200000020000
10002202001121100
10222102000020000
00000101000002000
10000101000002000
10022100022111022
STEP 19 P2 MOVE 2 5 2 7
OWN
11200000010011100
00200000010000011
00000222000000000
00000000000020000
00002200000020000
10002202001121100
10222102000020000
00000101000002000
10000101000002000
10022100022111022
STEP 20 P1 MOVE 2 0 3 0
OWN
11200000010011100
00200000010000011
10000222000000000
10000000000020000
00002200000020000
10002202001121100
10222102000020000
00000101000002000
10000101000002000
10022100022111022
STEP 21 P2 MOVE 8 14 8 15
OWN
11200000010011100
00200000010000011
10000222000000000
10000000000020000
00002200000020000
10002202001121100
10222102000020000
00000101000002000
10000101000002220
10022100022111022
STEP 22 P1 MOVE 2 12 2 13
OWN
11200000010011100
00200000010000011
10000222000011000
10000000000020000
00002200000020000
10002202001121100
10222102000020000
00000101000002000
10000101000002220
10022100022111022
STEP 23 P2 MOVE 3 8 3 9
OWN
11200000010011100
00200000010000011
10000222000011000
10000000220020000
00002200000020000
10002202001121100
10222102000020000
00000101000002000
10000101000002220
10022100022111022
STEP 24 P1 MOVE 3 7 3 10
OWN
11200000010011100
00200000010000011
10000222000011000
10000001111020000
00002200000020000
10002202001121100
10222102000020000
00000101000002000
10000101000002220
10022100022111022
STEP 25 P2 MOVE 3 6 3 13
OWN
11200000010011100
00200000010000011
10000222000011000
10000022222222000
00002200000020000
10002202001121100
10222102000020000
00000101000002000
10000101000002220
10022100022111022
STEP 26 P1 MOVE 2 11 4 11
OWN
11200000010011100
00200000010000011
10000222000111000
10000022222122000
00002200000120000
10002202001121100
10222102000020000
00000101000002000
10000101000002220
10022100022111022
STEP 27 P2 MOVE 2 14 3 14
OWN
11200000010011100
00200000010000011
10000222000111200
10000022222122200
00002200000120000
10002202001121100
10222102000020000
00000101000002000
10000101000002220
10022100022111022
STEP 28 P1 MOVE 3 15 3 16
OWN
11200000010011100
00200000010000011
10000222000111200
10000022222122211
00002200000120000
10002202001121100
10222102000020000
00000101000002000
10000101000002220
10022100022111022
STEP 29 P2 MOVE 5 9 6 9
OWN
11200000010011100
00200000010000011
10000222000111200
10000022222122211
00002200000120000
10002202021121100
10222102020020000
00000101000002000
10000101000002220
10022100022111022
STEP 30 P1 MOVE 5 8 7 9
OWN
11200000010011100
00200000010000011
10000222000111200
10000022222122211
00002200000120000
10002202111121100
10222102110020000
00000101110002000
10000101000002220
10022100022111022
STEP 31 P2 MOVE 7 4 7 10
OWN
11200000010011100
00200000010000011
10000222000111200
10000022222122211
00002200000120000
10002202111121100
10222102110020000
00002222222002000
10000101000002220
10022100022111022
STEP 32 P1 MOVE 3 4 8 4
OWN
11200000010011100
00200000010000011
10000222000111200
10001022222122211
00001200000120000
10001202111121100
10221102110020000
00001222222002000
10001101000002220
10022100022111022
STEP 33 P2 MOVE 8 9 8 10
OWN
11200000010011100
00200000010000011
10000222000111200
10001022222122211
00001200000120000
10001202111121100
10221102110020000
00001222222002000
10001101022002220
10022100022111022
STEP 34 P1 MOVE 2 4 2 9
OWN
11200000010011100
00200000010000011
10001111110111200
10001022222122211
00001200000120000
10001202111121100
10221102110020000
00001222222002000
10001101022002220
10022100022111022
STEP 35 P2 MOVE 1 5 3 6
OWN
11200000010011100
00200220010000011
10001221110111200
10001222222122211
00001200000120000
10001202111121100
10221102110020000
00001222222002000
10001101022002220
10022100022111022
STEP 36 P1 MOVE 2 3 2 10
OWN
11200000010011100
00200220010000011
10011111111111200
10001222222122211
00001200000120000
10001202111121100
10221102110020000
00001222222002000
10001101022002220
10022100022111022
STEP 37 P2 MOVE 2 15 4 15
OWN
11200000010011100
00200220010000011
10011111111111220
10001222222122221
00001200000120020
10001202111121100
10221102110020000
00001222222002000
10001101022002220
10022100022111022
STEP 38 P1 MOVE 3 1 4 1
OWN
11200000010011100
00200220010000011
10011111111111220
11001222222122221
01001200000120020
10001202111121100
10221102110020000
00001222222002000
10001101022002220
10022100022111022
STEP 39 P2 MOVE 4 0 4 2
OWN
11200000010011100
00200220010000011
10011111111111220
11001222222122221
22201200000120020
10001202111121100
10221102110020000
00001222222002000
10001101022002220
10022100022111022
STEP 40 P1 MOVE -1 -1 -1 -1
OWN
11200000010011100
00200220010000011
10011111111111220
11001222222122221
22201200000120020
10001202111121100
10221102110020000
00001222222002000
10001101022002220
10022100022111022
STEP 41 P2 MOVE 6 15 7 15
OWN
11200000010011100
00200220010000011
10011111111111220
11001222222122221
22201200000120020
10001202111121100
10221102110020020
00001222222002020
10001101022002220
10022100022111022
STEP 42 P1 MOVE 7 12 7 16
OWN
11200000010011100
00200220010000011
10011111111111220
11001222222122221
22201200000120020
10001202111121100
10221102110020020
00001222222011111
10001101022002220
10022100022111022
STEP 43 P2 MOVE 1 6 4 7
OWN
11200000010011100
00200222010000011
10011122111111220
11001222222122221
22201222000120020
10001202111121100
10221102110020020
00001222222011111
10001101022002220
10022100022111022
STEP 44 P1 MOVE 4 3 5 6
OWN
11200000010011100
00200222010000011
10011122111111220
11001222222122221
22211112000120020
10011112111121100
10221102110020020
00001222222011111
10001101022002220
10022100022111022
STEP 45 P2 MOVE 0 6 6 7
OWN
11200022010011100
00200222010000011
10011122111111220
11001222222122221
22211122000120020
10011122111121100
10221122110020020
00001222222011111
10001101022002220
10022100022111022
STEP 46 P1 MOVE 0 5 8 6
OWN
11200112010011100
00200112010000011
10011112111111220
11001112222122221
22211112000120020
10011112111121100
10221112110020020
00001112222011111
10001111022002220
10022100022111022
STEP 47 P2 MOVE 0 8 0 11
OWN
11200112222211100
00200112010000011
10011112111111220
11001112222122221
22211112000120020
10011112111121100
10221112110020020
00001112222011111
10001111022002220
10022100022111022
STEP 48 P1 MOVE 8 8 8 11
OWN
11200112222211100
00200112010000011
10011112111111220
11001112222122221
22211112000120020
10011112111121100
10221112110020020
00001112222011111
10001111111102220
10022100022111022
STEP 49 P2 MOVE 6 8 9 10
OWN
11200112222211100
00200112010000011
10011112111111220
11001112222122221
22211112000120020
10011112111121100
10221112222020020
00001112222011111
10001111222102220
10022100222111022
STEP 50 P1 MOVE -1 -1 -1 -1
OWN
11200112222211100
00200112010000011
10011112111111220
11001112222122221
22211112000120020
10011112111121100
10221112222020020
00001112222011111
10001111222102220
10022100222111022
STEP 51 P2 MOVE -1 -1 -1 -1
OWN
11200112222211100
00200112010000011
10011112111111220
11001112222122221
22211112000120020
10011112111121100
10221112222020020
00001112222011111
10001111222102220
10022100222111022
RESULT first=69 second=52 winner=1
ANALYSIS winner=P1 score=69-52 reason=Ĺ»ĂëżěŔ§(+8Ä­ »©ľŃŔ˝,2ąčČż°ú) / żŞŔü˝Â steal(w/l)=32/24 neu(w/l)=61/60
