BOARD
18481743332614985
72815525371115295
52812689848726518
22837143655293885
71243343386882843
42977393741951936
77284249883389799
97927175961471683
59193385811997998
56461319287388457
STEP 0 P1 MOVE 3 5 7 5
OWN
00000000000000000
00000000000000000
00000000000000000
00000100000000000
00000100000000000
00000100000000000
00000100000000000
00000100000000000
00000000000000000
00000000000000000
STEP 1 P2 MOVE 8 4 9 5
OWN
00000000000000000
00000000000000000
00000000000000000
00000100000000000
00000100000000000
00000100000000000
00000100000000000
00000100000000000
00002200000000000
00002200000000000
STEP 2 P1 MOVE 1 10 1 14
OWN
00000000000000000
00000000001111100
00000000000000000
00000100000000000
00000100000000000
00000100000000000
00000100000000000
00000100000000000
00002200000000000
00002200000000000
STEP 3 P2 MOVE 4 1 4 4
OWN
00000000000000000
00000000001111100
00000000000000000
00000100000000000
02222100000000000
00000100000000000
00000100000000000
00000100000000000
00002200000000000
00002200000000000
STEP 4 P1 MOVE 8 8 8 10
OWN
00000000000000000
00000000001111100
00000000000000000
00000100000000000
02222100000000000
00000100000000000
00000100000000000
00000100000000000
00002200111000000
00002200000000000
STEP 5 P2 MOVE 0 10 2 10
OWN
00000000002000000
00000000002111100
00000000002000000
00000100000000000
02222100000000000
00000100000000000
00000100000000000
00000100000000000
00002200111000000
00002200000000000
STEP 6 P1 MOVE 1 6 1 8
OWN
00000000002000000
00000011102111100
00000000002000000
00000100000000000
02222100000000000
00000100000000000
00000100000000000
00000100000000000
00002200111000000
00002200000000000
STEP 7 P2 MOVE 4 6 4 8
OWN
00000000002000000
00000011102111100
00000000002000000
00000100000000000
02222122200000000
00000100000000000
00000100000000000
00000100000000000
00002200111000000
00002200000000000
STEP 8 P1 MOVE 4 10 6 10
OWN
00000000002000000
00000011102111100
00000000002000000
00000100000000000
02222122201000000
00000100001000000
00000100001000000
00000100000000000
00002200111000000
00002200000000000
STEP 9 P2 MOVE 3 3 3 4
OWN
00000000002000000
00000011102111100
00000000002000000
00022100000000000
02222122201000000
00000100001000000
00000100001000000
00000100000000000
00002200111000000
00002200000000000
STEP 10 P1 MOVE 9 2 9 3
OWN
00000000002000000
00000011102111100
00000000002000000
00022100000000000
02222122201000000
00000100001000000
00000100001000000
00000100000000000
00002200111000000
00112200000000000
STEP 11 P2 MOVE 0 1 1 1
OWN
02000000002000000
02000011102111100
00000000002000000
00022100000000000
02222122201000000
00000100001000000
00000100001000000
00000100000000000
00002200111000000
00112200000000000
STEP 12 P1 MOVE 1 15 2 15
OWN
02000000002000000
02000011102111110
00000000002000010
00022100000000000
02222122201000000
00000100001000000
00000100001000000
00000100000000000
00002200111000000
00112200000000000
STEP 13 P2 MOVE 8 1 8 2
OWN
02000000002000000
02000011102111110
00000000002000010
00022100000000000
02222122201000000
00000100001000000
00000100001000000
00000100000000000
02202200111000000
00112200000000000
STEP 14 P1 MOVE 9 8 9 9
OWN
02000000002000000
02000011102111110
00000000002000010
00022100000000000
02222122201000000
00000100001000000
00000100001000000
00000100000000000
02202200111000000
00112200110000000
STEP 15 P2 MOVE 9 10 9 11
OWN
02000000002000000
02000011102111110
00000000002000010
00022100000000000
02222122201000000
00000100001000000
00000100001000000
00000100000000000
02202200111000000
00112200112200000
STEP 16 P1 MOVE 5 13 5 14
OWN
02000000002000000
02000011102111110
00000000002000010
00022100000000000
02222122201000000
00000100001001100
00000100001000000
00000100000000000
02202200111000000
00112200112200000
STEP 17 P2 MOVE 4 13 4 14
OWN
02000000002000000
02000011102111110
00000000002000010
00022100000000000
02222122201002200
00000100001001100
00000100001000000
00000100000000000
02202200111000000
00112200112200000
STEP 18 P1 MOVE 6 2 6 3
OWN
02000000002000000
02000011102111110
00000000002000010
00022100000000000
02222122201002200
00000100001001100
00110100001000000
00000100000000000
02202200111000000
00112200112200000
STEP 19 P2 MOVE 0 13 2 13
OWN
02000000002002000
02000011102112110
00000000002002010
00022100000000000
02222122201002200
00000100001001100
00110100001000000
00000100000000000
02202200111000000
00112200112200000
STEP 20 P1 MOVE 0 9 0 12
OWN
02000000011112000
02000011102112110
00000000002002010
00022100000000000
02222122201002200
00000100001001100
00110100001000000
00000100000000000
02202200111000000
00112200112200000
STEP 21 P2 MOVE 0 16 1 16
OWN
02000000011112002
02000011102112112
00000000002002010
00022100000000000
02222122201002200
00000100001001100
00110100001000000
00000100000000000
02202200111000000
00112200112200000
STEP 22 P1 MOVE 0 6 0 8
OWN
02000011111112002
02000011102112112
00000000002002010
00022100000000000
02222122201002200
00000100001001100
00110100001000000
00000100000000000
02202200111000000
00112200112200000
STEP 23 P2 MOVE 3 1 3 2
OWN
02000011111112002
02000011102112112
00000000002002010
02222100000000000
02222122201002200
00000100001001100
00110100001000000
00000100000000000
02202200111000000
00112200112200000
STEP 24 P1 MOVE 0 3 2 3
OWN
02010011111112002
02010011102112112
00010000002002010
02222100000000000
02222122201002200
00000100001001100
00110100001000000
00000100000000000
02202200111000000
00112200112200000
STEP 25 P2 MOVE 1 4 1 5
OWN
02010011111112002
02012211102112112
00010000002002010
02222100000000000
02222122201002200
00000100001001100
00110100001000000
00000100000000000
02202200111000000
00112200112200000
STEP 26 P1 MOVE 3 9 3 10
OWN
02010011111112002
02012211102112112
00010000002002010
02222100011000000
02222122201002200
00000100001001100
00110100001000000
00000100000000000
02202200111000000
00112200112200000
STEP 27 P2 MOVE 3 11 4 11
OWN
02010011111112002
02012211102112112
00010000002002010
02222100011200000
02222122201202200
00000100001001100
00110100001000000
00000100000000000
02202200111000000
00112200112200000
STEP 28 P1 MOVE 5 7 5 8
OWN
02010011111112002
02012211102112112
00010000002002010
02222100011200000
02222122201202200
00000101101001100
00110100001000000
00000100000000000
02202200111000000
00112200112200000
STEP 29 P2 MOVE 2 2 2 4
OWN
02010011111112002
02012211102112112
00222000002002010
02222100011200000
02222122201202200
00000101101001100
00110100001000000
00000100000000000
02202200111000000
00112200112200000
STEP 30 P1 MOVE 1 1 2 2
OWN
02010011111112002
01112211102112112
01122000002002010
02222100011200000
02222122201202200
00000101101001100
00110100001000000
00000100000000000
02202200111000000
00112200112200000
STEP 31 P2 MOVE 7 7 8 7
OWN
02010011111112002
01112211102112112
01122000002002010
02222100011200000
02222122201202200
00000101101001100
00110100001000000
00000102000000000
02202202111000000
00112200112200000
STEP 32 P1 MOVE 8 0 9 0
OWN
02010011111112002
01112211102112112
01122000002002010
02222100011200000
02222122201202200
00000101101001100
00110100001000000
00000102000000000
12202202111000000
10112200112200000
STEP 33 P2 MOVE 9 6 9 7
OWN
02010011111112002
01112211102112112
01122000002002010
02222100011200000
02222122201202200
00000101101001100
00110100001000000
00000102000000000
12202202111000000
10112222112200000
STEP 34 P1 MOVE -1 -1 -1 -1
OWN
02010011111112002
01112211102112112
01122000002002010
02222100011200000
02222122201202200
00000101101001100
00110100001000000
00000102000000000
12202202111000000
10112222112200000
STEP 35 P2 MOVE -1 -1 -1 -1
OWN
02010011111112002
01112211102112112
01122000002002010
02222100011200000
02222122201202200
00000101101001100
00110100001000000
00000102000000000
12202202111000000
10112222112200000
RESULT first=46 second=39 winner=1
ANALYSIS winner=P1 score=46-39 reason=şóÄ­Ľ±Áˇ(+7) steal(w/l)=3/3 neu(w/l)=46/39
