BOARD
69698913988915972
27963759181958828
62312851316524826
92942638939265273
35346275254139285
95592487588798653
56575261141394667
39813514627324947
92167114799369994
16967364719633617
STEP 0 P1 MOVE 6 7 6 11
OWN
00000000000000000
00000000000000000
00000000000000000
00000000000000000
00000000000000000
00000000000000000
00000001111100000
00000000000000000
00000000000000000
00000000000000000
STEP 1 P2 MOVE 2 6 2 9
OWN
00000000000000000
00000000000000000
00000022220000000
00000000000000000
00000000000000000
00000000000000000
00000001111100000
00000000000000000
00000000000000000
00000000000000000
STEP 2 P1 MOVE 7 6 8 7
OWN
00000000000000000
00000000000000000
00000022220000000
00000000000000000
00000000000000000
00000000000000000
00000001111100000
00000011000000000
00000011000000000
00000000000000000
STEP 3 P2 MOVE 5 9 7 9
OWN
00000000000000000
00000000000000000
00000022220000000
00000000000000000
00000000000000000
00000000020000000
00000001121100000
00000011020000000
00000011000000000
00000000000000000
STEP 4 P1 MOVE 3 11 5 11
OWN
00000000000000000
00000000000000000
00000022220000000
00000000000100000
00000000000100000
00000000020100000
00000001121100000
00000011020000000
00000011000000000
00000000000000000
STEP 5 P2 MOVE 1 8 1 10
OWN
00000000000000000
00000000222000000
00000022220000000
00000000000100000
00000000000100000
00000000020100000
00000001121100000
00000011020000000
00000011000000000
00000000000000000
STEP 6 P1 MOVE 5 1 5 2
OWN
00000000000000000
00000000222000000
00000022220000000
00000000000100000
00000000000100000
01100000020100000
00000001121100000
00000011020000000
00000011000000000
00000000000000000
STEP 7 P2 MOVE 1 15 1 16
OWN
00000000000000000
00000000222000022
00000022220000000
00000000000100000
00000000000100000
01100000020100000
00000001121100000
00000011020000000
00000011000000000
00000000000000000
STEP 8 P1 MOVE 3 14 5 14
OWN
00000000000000000
00000000222000022
00000022220000000
00000000000100100
00000000000100100
01100000020100100
00000001121100000
00000011020000000
00000011000000000
00000000000000000
STEP 9 P2 MOVE 5 4 7 4
OWN
00000000000000000
00000000222000022
00000022220000000
00000000000100100
00000000000100100
01102000020100100
00002001121100000
00002011020000000
00000011000000000
00000000000000000
STEP 10 P1 MOVE 9 4 9 5
OWN
00000000000000000
00000000222000022
00000022220000000
00000000000100100
00000000000100100
01102000020100100
00002001121100000
00002011020000000
00000011000000000
00001100000000000
STEP 11 P2 MOVE 3 6 4 6
OWN
00000000000000000
00000000222000022
00000022220000000
00000020000100100
00000020000100100
01102000020100100
00002001121100000
00002011020000000
00000011000000000
00001100000000000
STEP 12 P1 MOVE 9 9 9 10
OWN
00000000000000000
00000000222000022
00000022220000000
00000020000100100
00000020000100100
01102000020100100
00002001121100000
00002011020000000
00000011000000000
00001100011000000
STEP 13 P2 MOVE 9 6 9 7
OWN
00000000000000000
00000000222000022
00000022220000000
00000020000100100
00000020000100100
01102000020100100
00002001121100000
00002011020000000
00000011000000000
00001122011000000
STEP 14 P1 MOVE 8 15 9 15
OWN
00000000000000000
00000000222000022
00000022220000000
00000020000100100
00000020000100100
01102000020100100
00002001121100000
00002011020000000
00000011000000010
00001122011000010
STEP 15 P2 MOVE 0 5 0 6
OWN
00000220000000000
00000000222000022
00000022220000000
00000020000100100
00000020000100100
01102000020100100
00002001121100000
00002011020000000
00000011000000010
00001122011000010
STEP 16 P1 MOVE 0 11 0 12
OWN
00000220000110000
00000000222000022
00000022220000000
00000020000100100
00000020000100100
01102000020100100
00002001121100000
00002011020000000
00000011000000010
00001122011000010
STEP 17 P2 MOVE 6 13 6 14
OWN
00000220000110000
00000000222000022
00000022220000000
00000020000100100
00000020000100100
01102000020100100
00002001121102200
00002011020000000
00000011000000010
00001122011000010
STEP 18 P1 MOVE 6 15 7 15
OWN
00000220000110000
00000000222000022
00000022220000000
00000020000100100
00000020000100100
01102000020100100
00002001121102210
00002011020000010
00000011000000010
00001122011000010
STEP 19 P2 MOVE 7 10 7 11
OWN
00000220000110000
00000000222000022
00000022220000000
00000020000100100
00000020000100100
01102000020100100
00002001121102210
00002011022200010
00000011000000010
00001122011000010
STEP 20 P1 MOVE 8 0 9 0
OWN
00000220000110000
00000000222000022
00000022220000000
00000020000100100
00000020000100100
01102000020100100
00002001121102210
00002011022200010
10000011000000010
10001122011000010
STEP 21 P2 MOVE 8 2 9 2
OWN
00000220000110000
00000000222000022
00000022220000000
00000020000100100
00000020000100100
01102000020100100
00002001121102210
00002011022200010
10200011000000010
10201122011000010
STEP 22 P1 MOVE 5 16 6 16
OWN
00000220000110000
00000000222000022
00000022220000000
00000020000100100
00000020000100100
01102000020100101
00002001121102211
00002011022200010
10200011000000010
10201122011000010
STEP 23 P2 MOVE 3 15 3 16
OWN
00000220000110000
00000000222000022
00000022220000000
00000020000100122
00000020000100100
01102000020100101
00002001121102211
00002011022200010
10200011000000010
10201122011000010
STEP 24 P1 MOVE -1 -1 -1 -1
OWN
00000220000110000
00000000222000022
00000022220000000
00000020000100122
00000020000100100
01102000020100101
00002001121102211
00002011022200010
10200011000000010
10201122011000010
STEP 25 P2 MOVE 4 3 4 4
OWN
00000220000110000
00000000222000022
00000022220000000
00000020000100122
00022020000100100
01102000020100101
00002001121102211
00002011022200010
10200011000000010
10201122011000010
STEP 26 P1 MOVE 3 4 4 5
OWN
00000220000110000
00000000222000022
00000022220000000
00001120000100122
00021120000100100
01102000020100101
00002001121102211
00002011022200010
10200011000000010
10201122011000010
STEP 27 P2 MOVE 4 2 4 8
OWN
00000220000110000
00000000222000022
00000022220000000
00001120000100122
00222222200100100
01102000020100101
00002001121102211
00002011022200010
10200011000000010
10201122011000010
STEP 28 P1 MOVE 4 8 5 9
OWN
00000220000110000
00000000222000022
00000022220000000
00001120000100122
00222222110100100
01102000110100101
00002001121102211
00002011022200010
10200011000000010
10201122011000010
STEP 29 P2 MOVE -1 -1 -1 -1
OWN
00000220000110000
00000000222000022
00000022220000000
00001120000100122
00222222110100100
01102000110100101
00002001121102211
00002011022200010
10200011000000010
10201122011000010
STEP 30 P1 MOVE -1 -1 -1 -1
OWN
00000220000110000
00000000222000022
00000022220000000
00001120000100122
00222222110100100
01102000110100101
00002001121102211
00002011022200010
10200011000000010
10201122011000010
RESULT first=36 second=33 winner=1
ANALYSIS winner=P1 score=36-33 reason=şóÄ­Ľ±Áˇ(+3) / Ľ±°řŔĚÁˇ steal(w/l)=3/3 neu(w/l)=36/33
