BOARD
19551233629318382
86738941355812828
36567231773242249
16693475337965746
86747381947336429
69898592841721441
13814948314657327
59556731974128695
15691219164373686
75164495953223959
STEP 0 P1 MOVE 5 9 6 10
OWN
00000000000000000
00000000000000000
00000000000000000
00000000000000000
00000000000000000
00000000011000000
00000000011000000
00000000000000000
00000000000000000
00000000000000000
STEP 1 P2 MOVE 5 13 5 16
OWN
00000000000000000
00000000000000000
00000000000000000
00000000000000000
00000000000000000
00000000011002222
00000000011000000
00000000000000000
00000000000000000
00000000000000000
STEP 2 P1 MOVE 9 10 9 13
OWN
00000000000000000
00000000000000000
00000000000000000
00000000000000000
00000000000000000
00000000011002222
00000000011000000
00000000000000000
00000000000000000
00000000001111000
STEP 3 P2 MOVE 2 11 2 14
OWN
00000000000000000
00000000000000000
00000000000222200
00000000000000000
00000000000000000
00000000011002222
00000000011000000
00000000000000000
00000000000000000
00000000001111000
STEP 4 P1 MOVE 2 15 4 15
OWN
00000000000000000
00000000000000000
00000000000222210
00000000000000010
00000000000000010
00000000011002222
00000000011000000
00000000000000000
00000000000000000
00000000001111000
STEP 5 P2 MOVE 6 11 8 11
OWN
00000000000000000
00000000000000000
00000000000222210
00000000000000010
00000000000000010
00000000011002222
00000000011200000
00000000000200000
00000000000200000
00000000001111000
STEP 6 P1 MOVE 2 10 3 10
OWN
00000000000000000
00000000000000000
00000000001222210
00000000001000010
00000000000000010
00000000011002222
00000000011200000
00000000000200000
00000000000200000
00000000001111000
STEP 7 P2 MOVE 0 7 3 7
OWN
00000002000000000
00000002000000000
00000002001222210
00000002001000010
00000000000000010
00000000011002222
00000000011200000
00000000000200000
00000000000200000
00000000001111000
STEP 8 P1 MOVE 2 9 3 9
OWN
00000002000000000
00000002000000000
00000002011222210
00000002011000010
00000000000000010
00000000011002222
00000000011200000
00000000000200000
00000000000200000
00000000001111000
STEP 9 P2 MOVE 3 6 3 8
OWN
00000002000000000
00000002000000000
00000002011222210
00000022211000010
00000000000000010
00000000011002222
00000000011200000
00000000000200000
00000000000200000
00000000001111000
STEP 10 P1 MOVE 2 6 2 8
OWN
00000002000000000
00000002000000000
00000011111222210
00000022211000010
00000000000000010
00000000011002222
00000000011200000
00000000000200000
00000000000200000
00000000001111000
STEP 11 P2 MOVE 0 15 1 15
OWN
00000002000000020
00000002000000020
00000011111222210
00000022211000010
00000000000000010
00000000011002222
00000000011200000
00000000000200000
00000000000200000
00000000001111000
STEP 12 P1 MOVE 4 13 4 14
OWN
00000002000000020
00000002000000020
00000011111222210
00000022211000010
00000000000001110
00000000011002222
00000000011200000
00000000000200000
00000000000200000
00000000001111000
STEP 13 P2 MOVE 4 11 5 11
OWN
00000002000000020
00000002000000020
00000011111222210
00000022211000010
00000000000201110
00000000011202222
00000000011200000
00000000000200000
00000000000200000
00000000001111000
STEP 14 P1 MOVE 5 8 5 12
OWN
00000002000000020
00000002000000020
00000011111222210
00000022211000010
00000000000201110
00000000111112222
00000000011200000
00000000000200000
00000000000200000
00000000001111000
STEP 15 P2 MOVE 4 12 7 12
OWN
00000002000000020
00000002000000020
00000011111222210
00000022211000010
00000000000221110
00000000111122222
00000000011220000
00000000000220000
00000000000200000
00000000001111000
STEP 16 P1 MOVE 3 4 4 4
OWN
00000002000000020
00000002000000020
00000011111222210
00001022211000010
00001000000221110
00000000111122222
00000000011220000
00000000000220000
00000000000200000
00000000001111000
STEP 17 P2 MOVE 5 7 6 7
OWN
00000002000000020
00000002000000020
00000011111222210
00001022211000010
00001000000221110
00000002111122222
00000002011220000
00000000000220000
00000000000200000
00000000001111000
STEP 18 P1 MOVE 4 7 4 8
OWN
00000002000000020
00000002000000020
00000011111222210
00001022211000010
00001001100221110
00000002111122222
00000002011220000
00000000000220000
00000000000200000
00000000001111000
STEP 19 P2 MOVE 0 13 1 13
OWN
00000002000002020
00000002000002020
00000011111222210
00001022211000010
00001001100221110
00000002111122222
00000002011220000
00000000000220000
00000000000200000
00000000001111000
STEP 20 P1 MOVE 8 6 9 6
OWN
00000002000002020
00000002000002020
00000011111222210
00001022211000010
00001001100221110
00000002111122222
00000002011220000
00000000000220000
00000010000200000
00000010001111000
STEP 21 P2 MOVE 5 3 6 3
OWN
00000002000002020
00000002000002020
00000011111222210
00001022211000010
00001001100221110
00020002111122222
00020002011220000
00000000000220000
00000010000200000
00000010001111000
STEP 22 P1 MOVE 8 9 8 10
OWN
00000002000002020
00000002000002020
00000011111222210
00001022211000010
00001001100221110
00020002111122222
00020002011220000
00000000000220000
00000010011200000
00000010001111000
STEP 23 P2 MOVE 7 5 7 6
OWN
00000002000002020
00000002000002020
00000011111222210
00001022211000010
00001001100221110
00020002111122222
00020002011220000
00000220000220000
00000010011200000
00000010001111000
STEP 24 P1 MOVE 0 0 0 1
OWN
11000002000002020
00000002000002020
00000011111222210
00001022211000010
00001001100221110
00020002111122222
00020002011220000
00000220000220000
00000010011200000
00000010001111000
STEP 25 P2 MOVE 6 13 6 14
OWN
11000002000002020
00000002000002020
00000011111222210
00001022211000010
00001001100221110
00020002111122222
00020002011222200
00000220000220000
00000010011200000
00000010001111000
STEP 26 P1 MOVE 0 2 0 3
OWN
11110002000002020
00000002000002020
00000011111222210
00001022211000010
00001001100221110
00020002111122222
00020002011222200
00000220000220000
00000010011200000
00000010001111000
STEP 27 P2 MOVE 7 7 8 7
OWN
11110002000002020
00000002000002020
00000011111222210
00001022211000010
00001001100221110
00020002111122222
00020002011222200
00000222000220000
00000012011200000
00000010001111000
STEP 28 P1 MOVE 0 16 1 16
OWN
11110002000002021
00000002000002021
00000011111222210
00001022211000010
00001001100221110
00020002111122222
00020002011222200
00000222000220000
00000012011200000
00000010001111000
STEP 29 P2 MOVE 1 2 1 3
OWN
11110002000002021
00220002000002021
00000011111222210
00001022211000010
00001001100221110
00020002111122222
00020002011222200
00000222000220000
00000012011200000
00000010001111000
STEP 30 P1 MOVE 6 4 7 4
OWN
11110002000002021
00220002000002021
00000011111222210
00001022211000010
00001001100221110
00020002111122222
00021002011222200
00001222000220000
00000012011200000
00000010001111000
STEP 31 P2 MOVE 8 3 8 4
OWN
11110002000002021
00220002000002021
00000011111222210
00001022211000010
00001001100221110
00020002111122222
00021002011222200
00001222000220000
00022012011200000
00000010001111000
STEP 32 P1 MOVE 8 5 8 12
OWN
11110002000002021
00220002000002021
00000011111222210
00001022211000010
00001001100221110
00020002111122222
00021002011222200
00001222000220000
00022111111110000
00000010001111000
STEP 33 P2 MOVE 7 2 7 3
OWN
11110002000002021
00220002000002021
00000011111222210
00001022211000010
00001001100221110
00020002111122222
00021002011222200
00221222000220000
00022111111110000
00000010001111000
STEP 34 P1 MOVE -1 -1 -1 -1
OWN
11110002000002021
00220002000002021
00000011111222210
00001022211000010
00001001100221110
00020002111122222
00021002011222200
00221222000220000
00022111111110000
00000010001111000
STEP 35 P2 MOVE 4 3 9 3
OWN
11110002000002021
00220002000002021
00000011111222210
00001022211000010
00021001100221110
00020002111122222
00021002011222200
00221222000220000
00022111111110000
00020010001111000
STEP 36 P1 MOVE 4 2 4 5
OWN
11110002000002021
00220002000002021
00000011111222210
00001022211000010
00111101100221110
00020002111122222
00021002011222200
00221222000220000
00022111111110000
00020010001111000
STEP 37 P2 MOVE 1 9 1 10
OWN
11110002000002021
00220002022002021
00000011111222210
00001022211000010
00111101100221110
00020002111122222
00021002011222200
00221222000220000
00022111111110000
00020010001111000
STEP 38 P1 MOVE 1 8 6 9
OWN
11110002000002021
00220002112002021
00000011111222210
00001022111000010
00111101110221110
00020002111122222
00021002111222200
00221222000220000
00022111111110000
00020010001111000
STEP 39 P2 MOVE -1 -1 -1 -1
OWN
11110002000002021
00220002112002021
00000011111222210
00001022111000010
00111101110221110
00020002111122222
00021002111222200
00221222000220000
00022111111110000
00020010001111000
STEP 40 P1 MOVE -1 -1 -1 -1
OWN
11110002000002021
00220002112002021
00000011111222210
00001022111000010
00111101110221110
00020002111122222
00021002111222200
00221222000220000
00022111111110000
00020010001111000
RESULT first=51 second=40 winner=1
ANALYSIS winner=P1 score=51-40 reason=Ĺ»ĂëżěŔ§(+6Ä­ »©ľŃŔ˝,2ąčČż°ú) steal(w/l)=7/1 neu(w/l)=45/46
