BOARD
75815611246322324
85625614229665674
78596847878826647
37181468292778424
93925285682952151
95715299859538928
34326235521267823
43488431281924297
33337118853165461
72275152398621727
STEP 0 P1 MOVE 5 5 9 5
OWN
00000000000000000
00000000000000000
00000000000000000
00000000000000000
00000000000000000
00000100000000000
00000100000000000
00000100000000000
00000100000000000
00000100000000000
STEP 1 P2 MOVE 8 1 9 2
OWN
00000000000000000
00000000000000000
00000000000000000
00000000000000000
00000000000000000
00000100000000000
00000100000000000
00000100000000000
02200100000000000
02200100000000000
STEP 2 P1 MOVE 6 0 6 2
OWN
00000000000000000
00000000000000000
00000000000000000
00000000000000000
00000000000000000
00000100000000000
11100100000000000
00000100000000000
02200100000000000
02200100000000000
STEP 3 P2 MOVE 7 0 8 1
OWN
00000000000000000
00000000000000000
00000000000000000
00000000000000000
00000000000000000
00000100000000000
11100100000000000
22000100000000000
22200100000000000
02200100000000000
STEP 4 P1 MOVE 9 6 9 8
OWN
00000000000000000
00000000000000000
00000000000000000
00000000000000000
00000000000000000
00000100000000000
11100100000000000
22000100000000000
22200100000000000
02200111100000000
STEP 5 P2 MOVE 6 8 6 11
OWN
00000000000000000
00000000000000000
00000000000000000
00000000000000000
00000000000000000
00000100000000000
11100100222200000
22000100000000000
22200100000000000
02200111100000000
STEP 6 P1 MOVE 0 11 0 14
OWN
00000000000111100
00000000000000000
00000000000000000
00000000000000000
00000000000000000
00000100000000000
11100100222200000
22000100000000000
22200100000000000
02200111100000000
STEP 7 P2 MOVE 9 12 9 14
OWN
00000000000111100
00000000000000000
00000000000000000
00000000000000000
00000000000000000
00000100000000000
11100100222200000
22000100000000000
22200100000000000
02200111100022200
STEP 8 P1 MOVE 5 8 7 8
OWN
00000000000111100
00000000000000000
00000000000000000
00000000000000000
00000000000000000
00000100100000000
11100100122200000
22000100100000000
22200100000000000
02200111100022200
STEP 9 P2 MOVE 3 14 3 16
OWN
00000000000111100
00000000000000000
00000000000000000
00000000000000222
00000000000000000
00000100100000000
11100100122200000
22000100100000000
22200100000000000
02200111100022200
STEP 10 P1 MOVE 3 2 3 4
OWN
00000000000111100
00000000000000000
00000000000000000
00111000000000222
00000000000000000
00000100100000000
11100100122200000
22000100100000000
22200100000000000
02200111100022200
STEP 11 P2 MOVE 3 0 3 1
OWN
00000000000111100
00000000000000000
00000000000000000
22111000000000222
00000000000000000
00000100100000000
11100100122200000
22000100100000000
22200100000000000
02200111100022200
STEP 12 P1 MOVE 4 13 5 13
OWN
00000000000111100
00000000000000000
00000000000000000
22111000000000222
00000000000001000
00000100100001000
11100100122200000
22000100100000000
22200100000000000
02200111100022200
STEP 13 P2 MOVE 7 7 7 10
OWN
00000000000111100
00000000000000000
00000000000000000
22111000000000222
00000000000001000
00000100100001000
11100100122200000
22000102222000000
22200100000000000
02200111100022200
STEP 14 P1 MOVE 7 11 8 11
OWN
00000000000111100
00000000000000000
00000000000000000
22111000000000222
00000000000001000
00000100100001000
11100100122200000
22000102222100000
22200100000100000
02200111100022200
STEP 15 P2 MOVE 5 9 8 9
OWN
00000000000111100
00000000000000000
00000000000000000
22111000000000222
00000000000001000
00000100120001000
11100100122200000
22000102222100000
22200100020100000
02200111100022200
STEP 16 P1 MOVE 3 7 3 8
OWN
00000000000111100
00000000000000000
00000000000000000
22111001100000222
00000000000001000
00000100120001000
11100100122200000
22000102222100000
22200100020100000
02200111100022200
STEP 17 P2 MOVE 4 9 4 10
OWN
00000000000111100
00000000000000000
00000000000000000
22111001100000222
00000000022001000
00000100120001000
11100100122200000
22000102222100000
22200100020100000
02200111100022200
STEP 18 P1 MOVE 1 8 2 8
OWN
00000000000111100
00000000100000000
00000000100000000
22111001100000222
00000000022001000
00000100120001000
11100100122200000
22000102222100000
22200100020100000
02200111100022200
STEP 19 P2 MOVE 8 3 8 4
OWN
00000000000111100
00000000100000000
00000000100000000
22111001100000222
00000000022001000
00000100120001000
11100100122200000
22000102222100000
22222100020100000
02200111100022200
STEP 20 P1 MOVE 6 14 7 14
OWN
00000000000111100
00000000100000000
00000000100000000
22111001100000222
00000000022001000
00000100120001000
11100100122200100
22000102222100100
22222100020100000
02200111100022200
STEP 21 P2 MOVE 5 2 6 3
OWN
00000000000111100
00000000100000000
00000000100000000
22111001100000222
00000000022001000
00220100120001000
11220100122200100
22000102222100100
22222100020100000
02200111100022200
STEP 22 P1 MOVE 5 1 5 4
OWN
00000000000111100
00000000100000000
00000000100000000
22111001100000222
00000000022001000
01111100120001000
11220100122200100
22000102222100100
22222100020100000
02200111100022200
STEP 23 P2 MOVE 4 3 7 3
OWN
00000000000111100
00000000100000000
00000000100000000
22111001100000222
00020000022001000
01121100120001000
11220100122200100
22020102222100100
22222100020100000
02200111100022200
STEP 24 P1 MOVE 0 1 1 1
OWN
01000000000111100
01000000100000000
00000000100000000
22111001100000222
00020000022001000
01121100120001000
11220100122200100
22020102222100100
22222100020100000
02200111100022200
STEP 25 P2 MOVE 0 4 1 4
OWN
01002000000111100
01002000100000000
00000000100000000
22111001100000222
00020000022001000
01121100120001000
11220100122200100
22020102222100100
22222100020100000
02200111100022200
STEP 26 P1 MOVE 2 10 3 10
OWN
01002000000111100
01002000100000000
00000000101000000
22111001101000222
00020000022001000
01121100120001000
11220100122200100
22020102222100100
22222100020100000
02200111100022200
STEP 27 P2 MOVE 2 11 2 12
OWN
01002000000111100
01002000100000000
00000000101220000
22111001101000222
00020000022001000
01121100120001000
11220100122200100
22020102222100100
22222100020100000
02200111100022200
STEP 28 P1 MOVE 2 14 2 15
OWN
01002000000111100
01002000100000000
00000000101220110
22111001101000222
00020000022001000
01121100120001000
11220100122200100
22020102222100100
22222100020100000
02200111100022200
STEP 29 P2 MOVE 4 14 5 14
OWN
01002000000111100
01002000100000000
00000000101220110
22111001101000222
00020000022001200
01121100120001200
11220100122200100
22020102222100100
22222100020100000
02200111100022200
STEP 30 P1 MOVE 1 14 8 14
OWN
01002000000111100
01002000100000100
00000000101220110
22111001101000122
00020000022001100
01121100120001100
11220100122200100
22020102222100100
22222100020100100
02200111100022200
STEP 31 P2 MOVE 5 11 5 15
OWN
01002000000111100
01002000100000100
00000000101220110
22111001101000122
00020000022001100
01121100120222220
11220100122200100
22020102222100100
22222100020100100
02200111100022200
STEP 32 P1 MOVE 4 5 4 6
OWN
01002000000111100
01002000100000100
00000000101220110
22111001101000122
00020110022001100
01121100120222220
11220100122200100
22020102222100100
22222100020100100
02200111100022200
STEP 33 P2 MOVE 2 6 3 6
OWN
01002000000111100
01002000100000100
00000020101220110
22111021101000122
00020110022001100
01121100120222220
11220100122200100
22020102222100100
22222100020100100
02200111100022200
STEP 34 P1 MOVE 1 6 5 6
OWN
01002000000111100
01002010100000100
00000010101220110
22111011101000122
00020110022001100
01121110120222220
11220100122200100
22020102222100100
22222100020100100
02200111100022200
STEP 35 P2 MOVE 3 5 7 6
OWN
01002000000111100
01002010100000100
00000010101220110
22111221101000122
00020220022001100
01121220120222220
11220220122200100
22020222222100100
22222100020100100
02200111100022200
STEP 36 P1 MOVE 7 4 7 12
OWN
01002000000111100
01002010100000100
00000010101220110
22111221101000122
00020220022001100
01121220120222220
11220220122200100
22021111111110100
22222100020100100
02200111100022200
STEP 37 P2 MOVE 4 4 4 7
OWN
01002000000111100
01002010100000100
00000010101220110
22111221101000122
00022222022001100
01121220120222220
11220220122200100
22021111111110100
22222100020100100
02200111100022200
STEP 38 P1 MOVE -1 -1 -1 -1
OWN
01002000000111100
01002010100000100
00000010101220110
22111221101000122
00022222022001100
01121220120222220
11220220122200100
22021111111110100
22222100020100100
02200111100022200
STEP 39 P2 MOVE 4 12 4 15
OWN
01002000000111100
01002010100000100
00000010101220110
22111221101000122
00022222022022220
01121220120222220
11220220122200100
22021111111110100
22222100020100100
02200111100022200
STEP 40 P1 MOVE 4 11 4 16
OWN
01002000000111100
01002010100000100
00000010101220110
22111221101000122
00022222022111111
01121220120222220
11220220122200100
22021111111110100
22222100020100100
02200111100022200
STEP 41 P2 MOVE 6 2 7 4
OWN
01002000000111100
01002010100000100
00000010101220110
22111221101000122
00022222022111111
01121220120222220
11222220122200100
22222111111110100
22222100020100100
02200111100022200
STEP 42 P1 MOVE 5 0 8 6
OWN
01002000000111100
01002010100000100
00000010101220110
22111221101000122
00022222022111111
11111110120222220
11111110122200100
11111111111110100
11111110020100100
02200111100022200
STEP 43 P2 MOVE -1 -1 -1 -1
OWN
01002000000111100
01002010100000100
00000010101220110
22111221101000122
00022222022111111
11111110120222220
11111110122200100
11111111111110100
11111110020100100
02200111100022200
STEP 44 P1 MOVE -1 -1 -1 -1
OWN
01002000000111100
01002010100000100
00000010101220110
22111221101000122
00022222022111111
11111110120222220
11111110122200100
11111111111110100
11111110020100100
02200111100022200
RESULT first=71 second=32 winner=1
ANALYSIS winner=P1 score=71-32 reason=Ĺ»ĂëżěŔ§(+21Ä­ »©ľŃŔ˝,2ąčČż°ú) steal(w/l)=36/15 neu(w/l)=50/53
