BOARD
82663184322196986
12582868339162794
43425747149275313
46685215785468841
45667744739346398
51733218587862471
27386798617914831
46422346693559392
17642254524477621
68931452196126935
STEP 0 P1 MOVE 5 16 9 16
OWN
00000000000000000
00000000000000000
00000000000000000
00000000000000000
00000000000000000
00000000000000001
00000000000000001
00000000000000001
00000000000000001
00000000000000001
STEP 1 P2 MOVE 1 11 4 11
OWN
00000000000000000
00000000000200000
00000000000200000
00000000000200000
00000000000200000
00000000000000001
00000000000000001
00000000000000001
00000000000000001
00000000000000001
STEP 2 P1 MOVE 8 3 9 4
OWN
00000000000000000
00000000000200000
00000000000200000
00000000000200000
00000000000200000
00000000000000001
00000000000000001
00000000000000001
00011000000000001
00011000000000001
STEP 3 P2 MOVE 1 0 2 1
OWN
00000000000000000
22000000000200000
22000000000200000
00000000000200000
00000000000200000
00000000000000001
00000000000000001
00000000000000001
00011000000000001
00011000000000001
STEP 4 P1 MOVE 0 4 2 4
OWN
00001000000000000
22001000000200000
22001000000200000
00000000000200000
00000000000200000
00000000000000001
00000000000000001
00000000000000001
00011000000000001
00011000000000001
STEP 5 P2 MOVE 7 11 9 11
OWN
00001000000000000
22001000000200000
22001000000200000
00000000000200000
00000000000200000
00000000000000001
00000000000000001
00000000000200001
00011000000200001
00011000000200001
STEP 6 P1 MOVE 3 12 4 12
OWN
00001000000000000
22001000000200000
22001000000200000
00000000000210000
00000000000210000
00000000000000001
00000000000000001
00000000000200001
00011000000200001
00011000000200001
STEP 7 P2 MOVE 2 3 3 3
OWN
00001000000000000
22001000000200000
22021000000200000
00020000000210000
00000000000210000
00000000000000001
00000000000000001
00000000000200001
00011000000200001
00011000000200001
STEP 8 P1 MOVE 5 2 5 3
OWN
00001000000000000
22001000000200000
22021000000200000
00020000000210000
00000000000210000
00110000000000001
00000000000000001
00000000000200001
00011000000200001
00011000000200001
STEP 9 P2 MOVE 2 6 5 6
OWN
00001000000000000
22001000000200000
22021020000200000
00020020000210000
00000020000210000
00110020000000001
00000000000000001
00000000000200001
00011000000200001
00011000000200001
STEP 10 P1 MOVE 7 0 7 1
OWN
00001000000000000
22001000000200000
22021020000200000
00020020000210000
00000020000210000
00110020000000001
00000000000000001
11000000000200001
00011000000200001
00011000000200001
STEP 11 P2 MOVE 5 5 5 7
OWN
00001000000000000
22001000000200000
22021020000200000
00020020000210000
00000020000210000
00110222000000001
00000000000000001
11000000000200001
00011000000200001
00011000000200001
STEP 12 P1 MOVE 0 0 0 1
OWN
11001000000000000
22001000000200000
22021020000200000
00020020000210000
00000020000210000
00110222000000001
00000000000000001
11000000000200001
00011000000200001
00011000000200001
STEP 13 P2 MOVE 4 4 5 4
OWN
11001000000000000
22001000000200000
22021020000200000
00020020000210000
00002020000210000
00112222000000001
00000000000000001
11000000000200001
00011000000200001
00011000000200001
STEP 14 P1 MOVE 0 16 1 16
OWN
11001000000000001
22001000000200001
22021020000200000
00020020000210000
00002020000210000
00112222000000001
00000000000000001
11000000000200001
00011000000200001
00011000000200001
STEP 15 P2 MOVE 8 6 9 6
OWN
11001000000000001
22001000000200001
22021020000200000
00020020000210000
00002020000210000
00112222000000001
00000000000000001
11000000000200001
00011020000200001
00011020000200001
STEP 16 P1 MOVE 1 14 2 14
OWN
11001000000000001
22001000000200101
22021020000200100
00020020000210000
00002020000210000
00112222000000001
00000000000000001
11000000000200001
00011020000200001
00011020000200001
STEP 17 P2 MOVE 7 6 7 7
OWN
11001000000000001
22001000000200101
22021020000200100
00020020000210000
00002020000210000
00112222000000001
00000000000000001
11000022000200001
00011020000200001
00011020000200001
STEP 18 P1 MOVE 6 3 7 3
OWN
11001000000000001
22001000000200101
22021020000200100
00020020000210000
00002020000210000
00112222000000001
00010000000000001
11010022000200001
00011020000200001
00011020000200001
STEP 19 P2 MOVE 2 2 3 2
OWN
11001000000000001
22001000000200101
22221020000200100
00220020000210000
00002020000210000
00112222000000001
00010000000000001
11010022000200001
00011020000200001
00011020000200001
STEP 20 P1 MOVE 3 0 3 1
OWN
11001000000000001
22001000000200101
22221020000200100
11220020000210000
00002020000210000
00112222000000001
00010000000000001
11010022000200001
00011020000200001
00011020000200001
STEP 21 P2 MOVE 4 8 4 9
OWN
11001000000000001
22001000000200101
22221020000200100
11220020000210000
00002020220210000
00112222000000001
00010000000000001
11010022000200001
00011020000200001
00011020000200001
STEP 22 P1 MOVE 5 15 6 15
OWN
11001000000000001
22001000000200101
22221020000200100
11220020000210000
00002020220210000
00112222000000011
00010000000000011
11010022000200001
00011020000200001
00011020000200001
STEP 23 P2 MOVE 8 10 9 10
OWN
11001000000000001
22001000000200101
22221020000200100
11220020000210000
00002020220210000
00112222000000011
00010000000000011
11010022000200001
00011020002200001
00011020002200001
STEP 24 P1 MOVE 9 8 9 9
OWN
11001000000000001
22001000000200101
22221020000200100
11220020000210000
00002020220210000
00112222000000011
00010000000000011
11010022000200001
00011020002200001
00011020112200001
STEP 25 P2 MOVE 9 7 9 13
OWN
11001000000000001
22001000000200101
22221020000200100
11220020000210000
00002020220210000
00112222000000011
00010000000000011
11010022000200001
00011020002200001
00011022222222001
STEP 26 P1 MOVE 8 5 9 7
OWN
11001000000000001
22001000000200101
22221020000200100
11220020000210000
00002020220210000
00112222000000011
00010000000000011
11010022000200001
00011111002200001
00011111222222001
STEP 27 P2 MOVE 6 5 7 5
OWN
11001000000000001
22001000000200101
22221020000200100
11220020000210000
00002020220210000
00112222000000011
00010200000000011
11010222000200001
00011111002200001
00011111222222001
STEP 28 P1 MOVE 6 11 6 12
OWN
11001000000000001
22001000000200101
22221020000200100
11220020000210000
00002020220210000
00112222000000011
00010200000110011
11010222000200001
00011111002200001
00011111222222001
STEP 29 P2 MOVE 6 10 7 10
OWN
11001000000000001
22001000000200101
22221020000200100
11220020000210000
00002020220210000
00112222000000011
00010200002110011
11010222002200001
00011111002200001
00011111222222001
STEP 30 P1 MOVE -1 -1 -1 -1
OWN
11001000000000001
22001000000200101
22221020000200100
11220020000210000
00002020220210000
00112222000000011
00010200002110011
11010222002200001
00011111002200001
00011111222222001
STEP 31 P2 MOVE 6 1 6 2
OWN
11001000000000001
22001000000200101
22221020000200100
11220020000210000
00002020220210000
00112222000000011
02210200002110011
11010222002200001
00011111002200001
00011111222222001
STEP 32 P1 MOVE 4 2 7 2
OWN
11001000000000001
22001000000200101
22221020000200100
11220020000210000
00102020220210000
00112222000000011
02110200002110011
11110222002200001
00011111002200001
00011111222222001
STEP 33 P2 MOVE 6 0 8 1
OWN
11001000000000001
22001000000200101
22221020000200100
11220020000210000
00102020220210000
00112222000000011
22110200002110011
22110222002200001
22011111002200001
00011111222222001
STEP 34 P1 MOVE 6 9 7 9
OWN
11001000000000001
22001000000200101
22221020000200100
11220020000210000
00102020220210000
00112222000000011
22110200012110011
22110222012200001
22011111002200001
00011111222222001
STEP 35 P2 MOVE 6 8 6 13
OWN
11001000000000001
22001000000200101
22221020000200100
11220020000210000
00102020220210000
00112222000000011
22110200222222011
22110222012200001
22011111002200001
00011111222222001
STEP 36 P1 MOVE 5 9 8 9
OWN
11001000000000001
22001000000200101
22221020000200100
11220020000210000
00102020220210000
00112222010000011
22110200212222011
22110222012200001
22011111012200001
00011111222222001
STEP 37 P2 MOVE -1 -1 -1 -1
OWN
11001000000000001
22001000000200101
22221020000200100
11220020000210000
00102020220210000
00112222010000011
22110200212222011
22110222012200001
22011111012200001
00011111222222001
STEP 38 P1 MOVE 1 1 4 2
OWN
11001000000000001
21101000000200101
21121020000200100
11120020000210000
01102020220210000
00112222010000011
22110200212222011
22110222012200001
22011111012200001
00011111222222001
STEP 39 P2 MOVE 0 0 4 2
OWN
22201000000000001
22201000000200101
22221020000200100
22220020000210000
22202020220210000
00112222010000011
22110200212222011
22110222012200001
22011111012200001
00011111222222001
STEP 40 P1 MOVE -1 -1 -1 -1
OWN
22201000000000001
22201000000200101
22221020000200100
22220020000210000
22202020220210000
00112222010000011
22110200212222011
22110222012200001
22011111012200001
00011111222222001
STEP 41 P2 MOVE -1 -1 -1 -1
OWN
22201000000000001
22201000000200101
22221020000200100
22220020000210000
22202020220210000
00112222010000011
22110200212222011
22110222012200001
22011111012200001
00011111222222001
RESULT first=36 second=56 winner=2
ANALYSIS winner=P2 score=36-56 reason=Ĺ»ĂëżěŔ§(+9Ä­ »©ľŃŔ˝,2ąčČż°ú) steal(w/l)=18/9 neu(w/l)=47/45
