BOARD
91118417186528658
66192798525364561
94893465748278316
46993981342324926
53975241178178982
27625694418617939
59385516585438113
63226836424695111
94614775696542766
51142258764479896
STEP 0 P1 MOVE 0 2 0 4
OWN
00111000000000000
00000000000000000
00000000000000000
00000000000000000
00000000000000000
00000000000000000
00000000000000000
00000000000000000
00000000000000000
00000000000000000
STEP 1 P2 MOVE 0 11 2 11
OWN
00111000000200000
00000000000200000
00000000000200000
00000000000000000
00000000000000000
00000000000000000
00000000000000000
00000000000000000
00000000000000000
00000000000000000
STEP 2 P1 MOVE 6 16 8 16
OWN
00111000000200000
00000000000200000
00000000000200000
00000000000000000
00000000000000000
00000000000000000
00000000000000001
00000000000000001
00000000000000001
00000000000000000
STEP 3 P2 MOVE 7 8 7 10
OWN
00111000000200000
00000000000200000
00000000000200000
00000000000000000
00000000000000000
00000000000000000
00000000000000001
00000000222000001
00000000000000001
00000000000000000
STEP 4 P1 MOVE 2 14 2 16
OWN
00111000000200000
00000000000200000
00000000000200111
00000000000000000
00000000000000000
00000000000000000
00000000000000001
00000000222000001
00000000000000001
00000000000000000
STEP 5 P2 MOVE 7 2 7 4
OWN
00111000000200000
00000000000200000
00000000000200111
00000000000000000
00000000000000000
00000000000000000
00000000000000001
00222000222000001
00000000000000001
00000000000000000
STEP 6 P1 MOVE 5 4 6 4
OWN
00111000000200000
00000000000200000
00000000000200111
00000000000000000
00000000000000000
00001000000000000
00001000000000001
00222000222000001
00000000000000001
00000000000000000
STEP 7 P2 MOVE 9 9 9 10
OWN
00111000000200000
00000000000200000
00000000000200111
00000000000000000
00000000000000000
00001000000000000
00001000000000001
00222000222000001
00000000000000001
00000000022000000
STEP 8 P1 MOVE 3 0 3 1
OWN
00111000000200000
00000000000200000
00000000000200111
11000000000000000
00000000000000000
00001000000000000
00001000000000001
00222000222000001
00000000000000001
00000000022000000
STEP 9 P2 MOVE 6 11 7 11
OWN
00111000000200000
00000000000200000
00000000000200111
11000000000000000
00000000000000000
00001000000000000
00001000000200001
00222000222200001
00000000000000001
00000000022000000
STEP 10 P1 MOVE 4 15 4 16
OWN
00111000000200000
00000000000200000
00000000000200111
11000000000000000
00000000000000011
00001000000000000
00001000000200001
00222000222200001
00000000000000001
00000000022000000
STEP 11 P2 MOVE 0 0 0 1
OWN
22111000000200000
00000000000200000
00000000000200111
11000000000000000
00000000000000011
00001000000000000
00001000000200001
00222000222200001
00000000000000001
00000000022000000
STEP 12 P1 MOVE 1 1 2 1
OWN
22111000000200000
01000000000200000
01000000000200111
11000000000000000
00000000000000011
00001000000000000
00001000000200001
00222000222200001
00000000000000001
00000000022000000
STEP 13 P2 MOVE 1 2 1 3
OWN
22111000000200000
01220000000200000
01000000000200111
11000000000000000
00000000000000011
00001000000000000
00001000000200001
00222000222200001
00000000000000001
00000000022000000
STEP 14 P1 MOVE 0 12 0 13
OWN
22111000000211000
01220000000200000
01000000000200111
11000000000000000
00000000000000011
00001000000000000
00001000000200001
00222000222200001
00000000000000001
00000000022000000
STEP 15 P2 MOVE 0 6 1 6
OWN
22111020000211000
01220020000200000
01000000000200111
11000000000000000
00000000000000011
00001000000000000
00001000000200001
00222000222200001
00000000000000001
00000000022000000
STEP 16 P1 MOVE 5 3 6 3
OWN
22111020000211000
01220020000200000
01000000000200111
11000000000000000
00000000000000011
00011000000000000
00011000000200001
00222000222200001
00000000000000001
00000000022000000
STEP 17 P2 MOVE 4 1 5 1
OWN
22111020000211000
01220020000200000
01000000000200111
11000000000000000
02000000000000011
02011000000000000
00011000000200001
00222000222200001
00000000000000001
00000000022000000
STEP 18 P1 MOVE 4 7 5 8
OWN
22111020000211000
01220020000200000
01000000000200111
11000000000000000
02000001100000011
02011001100000000
00011000000200001
00222000222200001
00000000000000001
00000000022000000
STEP 19 P2 MOVE 3 7 3 10
OWN
22111020000211000
01220020000200000
01000000000200111
11000002222000000
02000001100000011
02011001100000000
00011000000200001
00222000222200001
00000000000000001
00000000022000000
STEP 20 P1 MOVE 5 6 5 9
OWN
22111020000211000
01220020000200000
01000000000200111
11000002222000000
02000001100000011
02011011110000000
00011000000200001
00222000222200001
00000000000000001
00000000022000000
STEP 21 P2 MOVE 2 5 2 6
OWN
22111020000211000
01220020000200000
01000220000200111
11000002222000000
02000001100000011
02011011110000000
00011000000200001
00222000222200001
00000000000000001
00000000022000000
STEP 22 P1 MOVE 5 11 6 12
OWN
22111020000211000
01220020000200000
01000220000200111
11000002222000000
02000001100000011
02011011110110000
00011000000110001
00222000222200001
00000000000000001
00000000022000000
STEP 23 P2 MOVE 4 11 9 11
OWN
22111020000211000
01220020000200000
01000220000200111
11000002222000000
02000001100200011
02011011110210000
00011000000210001
00222000222200001
00000000000200001
00000000022200000
STEP 24 P1 MOVE 8 10 8 12
OWN
22111020000211000
01220020000200000
01000220000200111
11000002222000000
02000001100200011
02011011110210000
00011000000210001
00222000222200001
00000000001110001
00000000022200000
STEP 25 P2 MOVE 7 6 8 6
OWN
22111020000211000
01220020000200000
01000220000200111
11000002222000000
02000001100200011
02011011110210000
00011000000210001
00222020222200001
00000020001110001
00000000022200000
STEP 26 P1 MOVE 4 6 9 6
OWN
22111020000211000
01220020000200000
01000220000200111
11000002222000000
02000011100200011
02011011110210000
00011010000210001
00222010222200001
00000010001110001
00000010022200000
STEP 27 P2 MOVE 9 1 9 5
OWN
22111020000211000
01220020000200000
01000220000200111
11000002222000000
02000011100200011
02011011110210000
00011010000210001
00222010222200001
00000010001110001
02222210022200000
STEP 28 P1 MOVE 6 13 6 15
OWN
22111020000211000
01220020000200000
01000220000200111
11000002222000000
02000011100200011
02011011110210000
00011010000211111
00222010222200001
00000010001110001
02222210022200000
STEP 29 P2 MOVE 5 15 8 15
OWN
22111020000211000
01220020000200000
01000220000200111
11000002222000000
02000011100200011
02011011110210020
00011010000211121
00222010222200021
00000010001110021
02222210022200000
STEP 30 P1 MOVE 5 14 7 14
OWN
22111020000211000
01220020000200000
01000220000200111
11000002222000000
02000011100200011
02011011110210120
00011010000211121
00222010222200121
00000010001110021
02222210022200000
STEP 31 P2 MOVE 0 9 1 9
OWN
22111020020211000
01220020020200000
01000220000200111
11000002222000000
02000011100200011
02011011110210120
00011010000211121
00222010222200121
00000010001110021
02222210022200000
STEP 32 P1 MOVE 1 8 1 10
OWN
22111020020211000
01220020111200000
01000220000200111
11000002222000000
02000011100200011
02011011110210120
00011010000211121
00222010222200121
00000010001110021
02222210022200000
STEP 33 P2 MOVE 1 12 1 13
OWN
22111020020211000
01220020111222000
01000220000200111
11000002222000000
02000011100200011
02011011110210120
00011010000211121
00222010222200121
00000010001110021
02222210022200000
STEP 34 P1 MOVE -1 -1 -1 -1
OWN
22111020020211000
01220020111222000
01000220000200111
11000002222000000
02000011100200011
02011011110210120
00011010000211121
00222010222200121
00000010001110021
02222210022200000
STEP 35 P2 MOVE -1 -1 -1 -1
OWN
22111020020211000
01220020111222000
01000220000200111
11000002222000000
02000011100200011
02011011110210120
00011010000211121
00222010222200121
00000010001110021
02222210022200000
RESULT first=44 second=42 winner=1
ANALYSIS winner=P1 score=44-42 reason=Ľ±°řŔĚÁˇ steal(w/l)=5/3 neu(w/l)=42/44
