BOARD
93384868847468993
53885119319558478
98847699672386331
23858848553958771
54722717832477321
57684745216427656
27291366824245157
36985363148223452
24312442227331868
32838836917183112
STEP 0 P1 MOVE 5 9 9 9
OWN
00000000000000000
00000000000000000
00000000000000000
00000000000000000
00000000000000000
00000000010000000
00000000010000000
00000000010000000
00000000010000000
00000000010000000
STEP 1 P2 MOVE 8 0 8 3
OWN
00000000000000000
00000000000000000
00000000000000000
00000000000000000
00000000000000000
00000000010000000
00000000010000000
00000000010000000
22220000010000000
00000000010000000
STEP 2 P1 MOVE 4 4 4 6
OWN
00000000000000000
00000000000000000
00000000000000000
00000000000000000
00001110000000000
00000000010000000
00000000010000000
00000000010000000
22220000010000000
00000000010000000
STEP 3 P2 MOVE 7 6 7 8
OWN
00000000000000000
00000000000000000
00000000000000000
00000000000000000
00001110000000000
00000000010000000
00000000010000000
00000022210000000
22220000010000000
00000000010000000
STEP 4 P1 MOVE 6 3 6 4
OWN
00000000000000000
00000000000000000
00000000000000000
00000000000000000
00001110000000000
00000000010000000
00011000010000000
00000022210000000
22220000010000000
00000000010000000
STEP 5 P2 MOVE 8 5 8 7
OWN
00000000000000000
00000000000000000
00000000000000000
00000000000000000
00001110000000000
00000000010000000
00011000010000000
00000022210000000
22220222010000000
00000000010000000
STEP 6 P1 MOVE 1 11 1 12
OWN
00000000000000000
00000000000110000
00000000000000000
00000000000000000
00001110000000000
00000000010000000
00011000010000000
00000022210000000
22220222010000000
00000000010000000
STEP 7 P2 MOVE 7 11 8 12
OWN
00000000000000000
00000000000110000
00000000000000000
00000000000000000
00001110000000000
00000000010000000
00011000010000000
00000022210220000
22220222010220000
00000000010000000
STEP 8 P1 MOVE 0 11 0 12
OWN
00000000000110000
00000000000110000
00000000000000000
00000000000000000
00001110000000000
00000000010000000
00011000010000000
00000022210220000
22220222010220000
00000000010000000
STEP 9 P2 MOVE 9 1 9 2
OWN
00000000000110000
00000000000110000
00000000000000000
00000000000000000
00001110000000000
00000000010000000
00011000010000000
00000022210220000
22220222010220000
02200000010000000
STEP 10 P1 MOVE 1 9 1 10
OWN
00000000000110000
00000000011110000
00000000000000000
00000000000000000
00001110000000000
00000000010000000
00011000010000000
00000022210220000
22220222010220000
02200000010000000
STEP 11 P2 MOVE 4 8 5 8
OWN
00000000000110000
00000000011110000
00000000000000000
00000000000000000
00001110200000000
00000000210000000
00011000010000000
00000022210220000
22220222010220000
02200000010000000
STEP 12 P1 MOVE 1 6 1 7
OWN
00000000000110000
00000011011110000
00000000000000000
00000000000000000
00001110200000000
00000000210000000
00011000010000000
00000022210220000
22220222010220000
02200000010000000
STEP 13 P2 MOVE 5 6 6 6
OWN
00000000000110000
00000011011110000
00000000000000000
00000000000000000
00001110200000000
00000020210000000
00011020010000000
00000022210220000
22220222010220000
02200000010000000
STEP 14 P1 MOVE 5 10 5 11
OWN
00000000000110000
00000011011110000
00000000000000000
00000000000000000
00001110200000000
00000020211100000
00011020010000000
00000022210220000
22220222010220000
02200000010000000
STEP 15 P2 MOVE 7 16 8 16
OWN
00000000000110000
00000011011110000
00000000000000000
00000000000000000
00001110200000000
00000020211100000
00011020010000000
00000022210220002
22220222010220002
02200000010000000
STEP 16 P1 MOVE 5 5 6 5
OWN
00000000000110000
00000011011110000
00000000000000000
00000000000000000
00001110200000000
00000120211100000
00011120010000000
00000022210220002
22220222010220002
02200000010000000
STEP 17 P2 MOVE 4 7 4 9
OWN
00000000000110000
00000011011110000
00000000000000000
00000000000000000
00001112220000000
00000120211100000
00011120010000000
00000022210220002
22220222010220002
02200000010000000
STEP 18 P1 MOVE 6 15 7 15
OWN
00000000000110000
00000011011110000
00000000000000000
00000000000000000
00001112220000000
00000120211100000
00011120010000010
00000022210220012
22220222010220002
02200000010000000
STEP 19 P2 MOVE 3 8 3 9
OWN
00000000000110000
00000011011110000
00000000000000000
00000000220000000
00001112220000000
00000120211100000
00011120010000010
00000022210220012
22220222010220002
02200000010000000
STEP 20 P1 MOVE 6 12 6 14
OWN
00000000000110000
00000011011110000
00000000000000000
00000000220000000
00001112220000000
00000120211100000
00011120010011110
00000022210220012
22220222010220002
02200000010000000
STEP 21 P2 MOVE 3 14 4 14
OWN
00000000000110000
00000011011110000
00000000000000000
00000000220000200
00001112220000200
00000120211100000
00011120010011110
00000022210220012
22220222010220002
02200000010000000
STEP 22 P1 MOVE 1 15 2 15
OWN
00000000000110000
00000011011110010
00000000000000010
00000000220000200
00001112220000200
00000120211100000
00011120010011110
00000022210220012
22220222010220002
02200000010000000
STEP 23 P2 MOVE 4 13 4 16
OWN
00000000000110000
00000011011110010
00000000000000010
00000000220000200
00001112220002222
00000120211100000
00011120010011110
00000022210220012
22220222010220002
02200000010000000
STEP 24 P1 MOVE 1 16 3 16
OWN
00000000000110000
00000011011110011
00000000000000011
00000000220000201
00001112220002222
00000120211100000
00011120010011110
00000022210220012
22220222010220002
02200000010000000
STEP 25 P2 MOVE 4 3 5 3
OWN
00000000000110000
00000011011110011
00000000000000011
00000000220000201
00021112220002222
00020120211100000
00011120010011110
00000022210220012
22220222010220002
02200000010000000
STEP 26 P1 MOVE 5 2 5 4
OWN
00000000000110000
00000011011110011
00000000000000011
00000000220000201
00021112220002222
00111120211100000
00011120010011110
00000022210220012
22220222010220002
02200000010000000
STEP 27 P2 MOVE 5 14 7 14
OWN
00000000000110000
00000011011110011
00000000000000011
00000000220000201
00021112220002222
00111120211100200
00011120010011210
00000022210220212
22220222010220002
02200000010000000
STEP 28 P1 MOVE 6 13 7 16
OWN
00000000000110000
00000011011110011
00000000000000011
00000000220000201
00021112220002222
00111120211100200
00011120010011111
00000022210221111
22220222010220002
02200000010000000
STEP 29 P2 MOVE 2 14 3 15
OWN
00000000000110000
00000011011110011
00000000000000221
00000000220000221
00021112220002222
00111120211100200
00011120010011111
00000022210221111
22220222010220002
02200000010000000
STEP 30 P1 MOVE 5 12 9 12
OWN
00000000000110000
00000011011110011
00000000000000221
00000000220000221
00021112220002222
00111120211110200
00011120010011111
00000022210211111
22220222010210002
02200000010010000
STEP 31 P2 MOVE 5 11 8 13
OWN
00000000000110000
00000011011110011
00000000000000221
00000000220000221
00021112220002222
00111120211222200
00011120010222111
00000022210222111
22220222010222002
02200000010010000
STEP 32 P1 MOVE 4 12 9 13
OWN
00000000000110000
00000011011110011
00000000000000221
00000000220000221
00021112220011222
00111120211211200
00011120010211111
00000022210211111
22220222010211002
02200000010011000
STEP 33 P2 MOVE 8 11 9 14
OWN
00000000000110000
00000011011110011
00000000000000221
00000000220000221
00021112220011222
00111120211211200
00011120010211111
00000022210211111
22220222010222202
02200000010222200
STEP 34 P1 MOVE 4 10 6 11
OWN
00000000000110000
00000011011110011
00000000000000221
00000000220000221
00021112221111222
00111120211111200
00011120011111111
00000022210211111
22220222010222202
02200000010222200
STEP 35 P2 MOVE 5 0 7 0
OWN
00000000000110000
00000011011110011
00000000000000221
00000000220000221
00021112221111222
20111120211111200
20011120011111111
20000022210211111
22220222010222202
02200000010222200
STEP 36 P1 MOVE 3 0 9 0
OWN
00000000000110000
00000011011110011
00000000000000221
10000000220000221
10021112221111222
10111120211111200
10011120011111111
10000022210211111
12220222010222202
12200000010222200
STEP 37 P2 MOVE 5 7 5 15
OWN
00000000000110000
00000011011110011
00000000000000221
10000000220000221
10021112221111222
10111122222222220
10011120011111111
10000022210211111
12220222010222202
12200000010222200
STEP 38 P1 MOVE 1 14 5 16
OWN
00000000000110000
00000011011110111
00000000000000111
10000000220000111
10021112221111111
10111122222222111
10011120011111111
10000022210211111
12220222010222202
12200000010222200
STEP 39 P2 MOVE 9 10 9 16
OWN
00000000000110000
00000011011110111
00000000000000111
10000000220000111
10021112221111111
10111122222222111
10011120011111111
10000022210211111
12220222010222202
12200000012222222
STEP 40 P1 MOVE 6 8 8 8
OWN
00000000000110000
00000011011110111
00000000000000111
10000000220000111
10021112221111111
10111122222222111
10011120111111111
10000022110211111
12220222110222202
12200000012222222
STEP 41 P2 MOVE 7 4 8 5
OWN
00000000000110000
00000011011110111
00000000000000111
10000000220000111
10021112221111111
10111122222222111
10011120111111111
10002222110211111
12222222110222202
12200000012222222
STEP 42 P1 MOVE -1 -1 -1 -1
OWN
00000000000110000
00000011011110111
00000000000000111
10000000220000111
10021112221111111
10111122222222111
10011120111111111
10002222110211111
12222222110222202
12200000012222222
STEP 43 P2 MOVE -1 -1 -1 -1
OWN
00000000000110000
00000011011110111
00000000000000111
10000000220000111
10021112221111111
10111122222222111
10011120111111111
10002222110211111
12222222110222202
12200000012222222
RESULT first=63 second=41 winner=1
ANALYSIS winner=P1 score=63-41 reason=탈취우위(+13칸 빼앗음,2배효과) steal(w/l)=31/18 neu(w/l)=50/54
