BOARD
62839471264992845
96389419976516561
14363544543862842
24392158343154448
54812397123992321
39334126694715373
57371973323424192
25192868454732165
91639526832889572
62721231742883564
STEP 0 P1 MOVE 2 5 5 5
OWN
00000000000000000
00000000000000000
00000100000000000
00000100000000000
00000100000000000
00000100000000000
00000000000000000
00000000000000000
00000000000000000
00000000000000000
STEP 1 P2 MOVE 4 3 5 4
OWN
00000000000000000
00000000000000000
00000100000000000
00000100000000000
00022100000000000
00022100000000000
00000000000000000
00000000000000000
00000000000000000
00000000000000000
STEP 2 P1 MOVE 5 14 8 14
OWN
00000000000000000
00000000000000000
00000100000000000
00000100000000000
00022100000000000
00022100000000100
00000000000000100
00000000000000100
00000000000000100
00000000000000000
STEP 3 P2 MOVE 0 13 2 13
OWN
00000000000002000
00000000000002000
00000100000002000
00000100000000000
00022100000000000
00022100000000100
00000000000000100
00000000000000100
00000000000000100
00000000000000000
STEP 4 P1 MOVE 8 1 8 3
OWN
00000000000002000
00000000000002000
00000100000002000
00000100000000000
00022100000000000
00022100000000100
00000000000000100
00000000000000100
01110000000000100
00000000000000000
STEP 5 P2 MOVE 3 0 5 0
OWN
00000000000002000
00000000000002000
00000100000002000
20000100000000000
20022100000000000
20022100000000100
00000000000000100
00000000000000100
01110000000000100
00000000000000000
STEP 6 P1 MOVE 3 8 5 8
OWN
00000000000002000
00000000000002000
00000100000002000
20000100100000000
20022100100000000
20022100100000100
00000000000000100
00000000000000100
01110000000000100
00000000000000000
STEP 7 P2 MOVE 3 11 3 13
OWN
00000000000002000
00000000000002000
00000100000002000
20000100100222000
20022100100000000
20022100100000100
00000000000000100
00000000000000100
01110000000000100
00000000000000000
STEP 8 P1 MOVE 5 16 7 16
OWN
00000000000002000
00000000000002000
00000100000002000
20000100100222000
20022100100000000
20022100100000101
00000000000000101
00000000000000101
01110000000000100
00000000000000000
STEP 9 P2 MOVE 6 11 6 13
OWN
00000000000002000
00000000000002000
00000100000002000
20000100100222000
20022100100000000
20022100100000101
00000000000222101
00000000000000101
01110000000000100
00000000000000000
STEP 10 P1 MOVE 1 6 1 7
OWN
00000000000002000
00000011000002000
00000100000002000
20000100100222000
20022100100000000
20022100100000101
00000000000222101
00000000000000101
01110000000000100
00000000000000000
STEP 11 P2 MOVE 2 9 4 9
OWN
00000000000002000
00000011000002000
00000100020002000
20000100120222000
20022100120000000
20022100100000101
00000000000222101
00000000000000101
01110000000000100
00000000000000000
STEP 12 P1 MOVE 6 2 6 3
OWN
00000000000002000
00000011000002000
00000100020002000
20000100120222000
20022100120000000
20022100100000101
00110000000222101
00000000000000101
01110000000000100
00000000000000000
STEP 13 P2 MOVE 8 4 9 4
OWN
00000000000002000
00000011000002000
00000100020002000
20000100120222000
20022100120000000
20022100100000101
00110000000222101
00000000000000101
01112000000000100
00002000000000000
STEP 14 P1 MOVE 0 15 1 15
OWN
00000000000002010
00000011000002010
00000100020002000
20000100120222000
20022100120000000
20022100100000101
00110000000222101
00000000000000101
01112000000000100
00002000000000000
STEP 15 P2 MOVE 9 10 9 11
OWN
00000000000002010
00000011000002010
00000100020002000
20000100120222000
20022100120000000
20022100100000101
00110000000222101
00000000000000101
01112000000000100
00002000002200000
STEP 16 P1 MOVE 9 15 9 16
OWN
00000000000002010
00000011000002010
00000100020002000
20000100120222000
20022100120000000
20022100100000101
00110000000222101
00000000000000101
01112000000000100
00002000002200011
STEP 17 P2 MOVE 7 2 7 3
OWN
00000000000002010
00000011000002010
00000100020002000
20000100120222000
20022100120000000
20022100100000101
00110000000222101
00220000000000101
01112000000000100
00002000002200011
STEP 18 P1 MOVE 1 0 2 0
OWN
00000000000002010
10000011000002010
10000100020002000
20000100120222000
20022100120000000
20022100100000101
00110000000222101
00220000000000101
01112000000000100
00002000002200011
STEP 19 P2 MOVE 0 9 0 10
OWN
00000000022002010
10000011000002010
10000100020002000
20000100120222000
20022100120000000
20022100100000101
00110000000222101
00220000000000101
01112000000000100
00002000002200011
STEP 20 P1 MOVE 0 6 0 8
OWN
00000011122002010
10000011000002010
10000100020002000
20000100120222000
20022100120000000
20022100100000101
00110000000222101
00220000000000101
01112000000000100
00002000002200011
STEP 21 P2 MOVE 2 15 4 15
OWN
00000011122002010
10000011000002010
10000100020002020
20000100120222020
20022100120000020
20022100100000101
00110000000222101
00220000000000101
01112000000000100
00002000002200011
STEP 22 P1 MOVE 4 13 5 14
OWN
00000011122002010
10000011000002010
10000100020002020
20000100120222020
20022100120001120
20022100100001101
00110000000222101
00220000000000101
01112000000000100
00002000002200011
STEP 23 P2 MOVE 6 6 6 7
OWN
00000011122002010
10000011000002010
10000100020002020
20000100120222020
20022100120001120
20022100100001101
00110022000222101
00220000000000101
01112000000000100
00002000002200011
STEP 24 P1 MOVE 5 6 8 6
OWN
00000011122002010
10000011000002010
10000100020002020
20000100120222020
20022100120001120
20022110100001101
00110012000222101
00220010000000101
01112010000000100
00002000002200011
STEP 25 P2 MOVE 8 6 9 7
OWN
00000011122002010
10000011000002010
10000100020002020
20000100120222020
20022100120001120
20022110100001101
00110012000222101
00220010000000101
01112022000000100
00002022002200011
STEP 26 P1 MOVE 6 9 8 9
OWN
00000011122002010
10000011000002010
10000100020002020
20000100120222020
20022100120001120
20022110100001101
00110012010222101
00220010010000101
01112022010000100
00002022002200011
STEP 27 P2 MOVE 8 8 8 10
OWN
00000011122002010
10000011000002010
10000100020002020
20000100120222020
20022100120001120
20022110100001101
00110012010222101
00220010010000101
01112022222000100
00002022002200011
STEP 28 P1 MOVE 2 14 2 16
OWN
00000011122002010
10000011000002010
10000100020002111
20000100120222020
20022100120001120
20022110100001101
00110012010222101
00220010010000101
01112022222000100
00002022002200011
STEP 29 P2 MOVE 1 16 4 16
OWN
00000011122002010
10000011000002012
10000100020002112
20000100120222022
20022100120001122
20022110100001101
00110012010222101
00220010010000101
01112022222000100
00002022002200011
STEP 30 P1 MOVE 0 1 0 2
OWN
01100011122002010
10000011000002012
10000100020002112
20000100120222022
20022100120001122
20022110100001101
00110012010222101
00220010010000101
01112022222000100
00002022002200011
STEP 31 P2 MOVE 7 4 7 5
OWN
01100011122002010
10000011000002012
10000100020002112
20000100120222022
20022100120001122
20022110100001101
00110012010222101
00222210010000101
01112022222000100
00002022002200011
STEP 32 P1 MOVE 2 12 3 14
OWN
01100011122002010
10000011000002012
10000100020011112
20000100120211122
20022100120001122
20022110100001101
00110012010222101
00222210010000101
01112022222000100
00002022002200011
STEP 33 P2 MOVE 1 12 4 12
OWN
01100011122002010
10000011000022012
10000100020021112
20000100120221122
20022100120021122
20022110100001101
00110012010222101
00222210010000101
01112022222000100
00002022002200011
STEP 34 P1 MOVE 5 2 9 2
OWN
01100011122002010
10000011000022012
10000100020021112
20000100120221122
20022100120021122
20122110100001101
00110012010222101
00122210010000101
01112022222000100
00102022002200011
STEP 35 P2 MOVE 9 0 9 3
OWN
01100011122002010
10000011000022012
10000100020021112
20000100120221122
20022100120021122
20122110100001101
00110012010222101
00122210010000101
01112022222000100
22222022002200011
STEP 36 P1 MOVE 7 11 7 12
OWN
01100011122002010
10000011000022012
10000100020021112
20000100120221122
20022100120021122
20122110100001101
00110012010222101
00122210010110101
01112022222000100
22222022002200011
STEP 37 P2 MOVE 0 12 5 12
OWN
01100011122022010
10000011000022012
10000100020021112
20000100120221122
20022100120021122
20122110100021101
00110012010222101
00122210010110101
01112022222000100
22222022002200011
STEP 38 P1 MOVE 6 4 6 5
OWN
01100011122022010
10000011000022012
10000100020021112
20000100120221122
20022100120021122
20122110100021101
00111112010222101
00122210010110101
01112022222000100
22222022002200011
STEP 39 P2 MOVE 6 1 6 8
OWN
01100011122022010
10000011000022012
10000100020021112
20000100120221122
20022100120021122
20122110100021101
02222222210222101
00122210010110101
01112022222000100
22222022002200011
STEP 40 P1 MOVE 4 7 4 10
OWN
01100011122022010
10000011000022012
10000100020021112
20000100120221122
20022101111021122
20122110100021101
02222222210222101
00122210010110101
01112022222000100
22222022002200011
STEP 41 P2 MOVE 3 10 6 10
OWN
01100011122022010
10000011000022012
10000100020021112
20000100122221122
20022101112021122
20122110102021101
02222222212222101
00122210010110101
01112022222000100
22222022002200011
STEP 42 P1 MOVE 1 11 1 14
OWN
01100011122022010
10000011000111112
10000100020021112
20000100122221122
20022101112021122
20122110102021101
02222222212222101
00122210010110101
01112022222000100
22222022002200011
STEP 43 P2 MOVE 0 13 7 14
OWN
01100011122022210
10000011000112212
10000100020022212
20000100122222222
20022101112022222
20122110102022201
02222222212222201
00122210010112201
01112022222000100
22222022002200011
STEP 44 P1 MOVE 7 1 8 5
OWN
01100011122022210
10000011000112212
10000100020022212
20000100122222222
20022101112022222
20122110102022201
02222222212222201
01111110010112201
01111122222000100
22222022002200011
STEP 45 P2 MOVE 4 2 9 5
OWN
01100011122022210
10000011000112212
10000100020022212
20000100122222222
20222201112022222
20222210102022201
02222222212222201
01222210010112201
01222222222000100
22222222002200011
STEP 46 P1 MOVE 7 0 7 7
OWN
01100011122022210
10000011000112212
10000100020022212
20000100122222222
20222201112022222
20222210102022201
02222222212222201
11111111010112201
01222222222000100
22222222002200011
STEP 47 P2 MOVE 5 7 7 8
OWN
01100011122022210
10000011000112212
10000100020022212
20000100122222222
20222201112022222
20222212202022201
02222222212222201
11111112210112201
01222222222000100
22222222002200011
STEP 48 P1 MOVE 7 10 7 15
OWN
01100011122022210
10000011000112212
10000100020022212
20000100122222222
20222201112022222
20222212202022201
02222222212222201
11111112211111111
01222222222000100
22222222002200011
STEP 49 P2 MOVE 1 1 2 1
OWN
01100011122022210
12000011000112212
12000100020022212
20000100122222222
20222201112022222
20222212202022201
02222222212222201
11111112211111111
01222222222000100
22222222002200011
STEP 50 P1 MOVE 0 0 3 1
OWN
11100011122022210
11000011000112212
11000100020022212
11000100122222222
20222201112022222
20222212202022201
02222222212222201
11111112211111111
01222222222000100
22222222002200011
STEP 51 P2 MOVE 2 1 4 2
OWN
11100011122022210
11000011000112212
12200100020022212
12200100122222222
22222201112022222
20222212202022201
02222222212222201
11111112211111111
01222222222000100
22222222002200011
STEP 52 P1 MOVE -1 -1 -1 -1
OWN
11100011122022210
11000011000112212
12200100020022212
12200100122222222
22222201112022222
20222212202022201
02222222212222201
11111112211111111
01222222222000100
22222222002200011
STEP 53 P2 MOVE -1 -1 -1 -1
OWN
11100011122022210
11000011000112212
12200100020022212
12200100122222222
22222201112022222
20222212202022201
02222222212222201
11111112211111111
01222222222000100
22222222002200011
RESULT first=46 second=82 winner=2
ANALYSIS winner=P2 score=46-82 reason=탈취우위(+17칸 빼앗음,2배효과) steal(w/l)=39/22 neu(w/l)=65/63
