BOARD
88319869841575177
22987213497211631
46937749183864222
69924866416298137
68281596964947826
38543995481145154
35524921259827695
75175446686126261
34975733545379273
86287944927626711
STEP 0 P1 MOVE 6 16 9 16
OWN
00000000000000000
00000000000000000
00000000000000000
00000000000000000
00000000000000000
00000000000000000
00000000000000001
00000000000000001
00000000000000001
00000000000000001
STEP 1 P2 MOVE 2 13 2 16
OWN
00000000000000000
00000000000000000
00000000000002222
00000000000000000
00000000000000000
00000000000000000
00000000000000001
00000000000000001
00000000000000001
00000000000000001
STEP 2 P1 MOVE 5 9 5 11
OWN
00000000000000000
00000000000000000
00000000000002222
00000000000000000
00000000000000000
00000000011100000
00000000000000001
00000000000000001
00000000000000001
00000000000000001
STEP 3 P2 MOVE 6 6 6 9
OWN
00000000000000000
00000000000000000
00000000000002222
00000000000000000
00000000000000000
00000000011100000
00000022220000001
00000000000000001
00000000000000001
00000000000000001
STEP 4 P1 MOVE 5 14 5 16
OWN
00000000000000000
00000000000000000
00000000000002222
00000000000000000
00000000000000000
00000000011100111
00000022220000001
00000000000000001
00000000000000001
00000000000000001
STEP 5 P2 MOVE 7 12 7 14
OWN
00000000000000000
00000000000000000
00000000000002222
00000000000000000
00000000000000000
00000000011100111
00000022220000001
00000000000022201
00000000000000001
00000000000000001
STEP 6 P1 MOVE 4 12 6 12
OWN
00000000000000000
00000000000000000
00000000000002222
00000000000000000
00000000000010000
00000000011110111
00000022220010001
00000000000022201
00000000000000001
00000000000000001
STEP 7 P2 MOVE 1 11 2 11
OWN
00000000000000000
00000000000200000
00000000000202222
00000000000000000
00000000000010000
00000000011110111
00000022220010001
00000000000022201
00000000000000001
00000000000000001
STEP 8 P1 MOVE 0 9 0 11
OWN
00000000011100000
00000000000200000
00000000000202222
00000000000000000
00000000000010000
00000000011110111
00000022220010001
00000000000022201
00000000000000001
00000000000000001
STEP 9 P2 MOVE 7 11 9 11
OWN
00000000011100000
00000000000200000
00000000000202222
00000000000000000
00000000000010000
00000000011110111
00000022220010001
00000000000222201
00000000000200001
00000000000200001
STEP 10 P1 MOVE 7 0 8 0
OWN
00000000011100000
00000000000200000
00000000000202222
00000000000000000
00000000000010000
00000000011110111
00000022220010001
10000000000222201
10000000000200001
00000000000200001
STEP 11 P2 MOVE 4 2 4 3
OWN
00000000011100000
00000000000200000
00000000000202222
00000000000000000
00220000000010000
00000000011110111
00000022220010001
10000000000222201
10000000000200001
00000000000200001
STEP 12 P1 MOVE 7 2 8 2
OWN
00000000011100000
00000000000200000
00000000000202222
00000000000000000
00220000000010000
00000000011110111
00000022220010001
10100000000222201
10100000000200001
00000000000200001
STEP 13 P2 MOVE 1 5 1 8
OWN
00000000011100000
00000222200200000
00000000000202222
00000000000000000
00220000000010000
00000000011110111
00000022220010001
10100000000222201
10100000000200001
00000000000200001
STEP 14 P1 MOVE 2 0 2 1
OWN
00000000011100000
00000222200200000
11000000000202222
00000000000000000
00220000000010000
00000000011110111
00000022220010001
10100000000222201
10100000000200001
00000000000200001
STEP 15 P2 MOVE 2 6 3 6
OWN
00000000011100000
00000222200200000
11000020000202222
00000020000000000
00220000000010000
00000000011110111
00000022220010001
10100000000222201
10100000000200001
00000000000200001
STEP 16 P1 MOVE 3 10 4 10
OWN
00000000011100000
00000222200200000
11000020000202222
00000020001000000
00220000001010000
00000000011110111
00000022220010001
10100000000222201
10100000000200001
00000000000200001
STEP 17 P2 MOVE 6 1 6 2
OWN
00000000011100000
00000222200200000
11000020000202222
00000020001000000
00220000001010000
00000000011110111
02200022220010001
10100000000222201
10100000000200001
00000000000200001
STEP 18 P1 MOVE 4 14 4 15
OWN
00000000011100000
00000222200200000
11000020000202222
00000020001000000
00220000001010110
00000000011110111
02200022220010001
10100000000222201
10100000000200001
00000000000200001
STEP 19 P2 MOVE 3 7 3 8
OWN
00000000011100000
00000222200200000
11000020000202222
00000022201000000
00220000001010110
00000000011110111
02200022220010001
10100000000222201
10100000000200001
00000000000200001
STEP 20 P1 MOVE 9 2 9 3
OWN
00000000011100000
00000222200200000
11000020000202222
00000022201000000
00220000001010110
00000000011110111
02200022220010001
10100000000222201
10100000000200001
00110000000200001
STEP 21 P2 MOVE 2 8 4 8
OWN
00000000011100000
00000222200200000
11000020200202222
00000022201000000
00220000201010110
00000000011110111
02200022220010001
10100000000222201
10100000000200001
00110000000200001
STEP 22 P1 MOVE 0 0 1 0
OWN
10000000011100000
10000222200200000
11000020200202222
00000022201000000
00220000201010110
00000000011110111
02200022220010001
10100000000222201
10100000000200001
00110000000200001
STEP 23 P2 MOVE 8 1 9 1
OWN
10000000011100000
10000222200200000
11000020200202222
00000022201000000
00220000201010110
00000000011110111
02200022220010001
10100000000222201
12100000000200001
02110000000200001
STEP 24 P1 MOVE 0 1 1 1
OWN
11000000011100000
11000222200200000
11000020200202222
00000022201000000
00220000201010110
00000000011110111
02200022220010001
10100000000222201
12100000000200001
02110000000200001
STEP 25 P2 MOVE 0 3 0 4
OWN
11022000011100000
11000222200200000
11000020200202222
00000022201000000
00220000201010110
00000000011110111
02200022220010001
10100000000222201
12100000000200001
02110000000200001
STEP 26 P1 MOVE 7 4 8 4
OWN
11022000011100000
11000222200200000
11000020200202222
00000022201000000
00220000201010110
00000000011110111
02200022220010001
10101000000222201
12101000000200001
02110000000200001
STEP 27 P2 MOVE 0 15 1 15
OWN
11022000011100020
11000222200200020
11000020200202222
00000022201000000
00220000201010110
00000000011110111
02200022220010001
10101000000222201
12101000000200001
02110000000200001
STEP 28 P1 MOVE 1 10 2 10
OWN
11022000011100020
11000222201200020
11000020201202222
00000022201000000
00220000201010110
00000000011110111
02200022220010001
10101000000222201
12101000000200001
02110000000200001
STEP 29 P2 MOVE 1 14 3 15
OWN
11022000011100020
11000222201200220
11000020201202222
00000022201000220
00220000201010110
00000000011110111
02200022220010001
10101000000222201
12101000000200001
02110000000200001
STEP 30 P1 MOVE 1 9 1 12
OWN
11022000011100020
11000222211110220
11000020201202222
00000022201000220
00220000201010110
00000000011110111
02200022220010001
10101000000222201
12101000000200001
02110000000200001
STEP 31 P2 MOVE 2 3 2 4
OWN
11022000011100020
11000222211110220
11022020201202222
00000022201000220
00220000201010110
00000000011110111
02200022220010001
10101000000222201
12101000000200001
02110000000200001
STEP 32 P1 MOVE 1 3 3 3
OWN
11022000011100020
11010222211110220
11012020201202222
00010022201000220
00220000201010110
00000000011110111
02200022220010001
10101000000222201
12101000000200001
02110000000200001
STEP 33 P2 MOVE 5 8 7 8
OWN
11022000011100020
11010222211110220
11012020201202222
00010022201000220
00220000201010110
00000000211110111
02200022220010001
10101000200222201
12101000000200001
02110000000200001
STEP 34 P1 MOVE 5 7 5 13
OWN
11022000011100020
11010222211110220
11012020201202222
00010022201000220
00220000201010110
00000001111111111
02200022220010001
10101000200222201
12101000000200001
02110000000200001
STEP 35 P2 MOVE 7 6 7 7
OWN
11022000011100020
11010222211110220
11012020201202222
00010022201000220
00220000201010110
00000001111111111
02200022220010001
10101022200222201
12101000000200001
02110000000200001
STEP 36 P1 MOVE 8 5 8 6
OWN
11022000011100020
11010222211110220
11012020201202222
00010022201000220
00220000201010110
00000001111111111
02200022220010001
10101022200222201
12101110000200001
02110000000200001
STEP 37 P2 MOVE 8 3 8 7
OWN
11022000011100020
11010222211110220
11012020201202222
00010022201000220
00220000201010110
00000001111111111
02200022220010001
10101022200222201
12122222000200001
02110000000200001
STEP 38 P1 MOVE 4 7 9 7
OWN
11022000011100020
11010222211110220
11012020201202222
00010022201000220
00220001201010110
00000001111111111
02200021220010001
10101021200222201
12122221000200001
02110001000200001
STEP 39 P2 MOVE -1 -1 -1 -1
OWN
11022000011100020
11010222211110220
11012020201202222
00010022201000220
00220001201010110
00000001111111111
02200021220010001
10101021200222201
12122221000200001
02110001000200001
STEP 40 P1 MOVE -1 -1 -1 -1
OWN
11022000011100020
11010222211110220
11012020201202222
00010022201000220
00220001201010110
00000001111111111
02200021220010001
10101021200222201
12122221000200001
02110001000200001
RESULT first=49 second=44 winner=1
ANALYSIS winner=P1 score=49-44 reason=Ĺ»ĂëżěŔ§(+3Ä­ »©ľŃŔ˝,2ąčČż°ú) steal(w/l)=6/3 neu(w/l)=46/47
