BOARD
15841981645978129
96613573466733493
73767268869424672
16511275279728177
65752198464882456
61864493329964161
86637749446358192
29564247545986587
42571836114713917
28648639552229162
STEP 0 P1 MOVE 1 12 1 14
OWN
00000000000000000
00000000000011100
00000000000000000
00000000000000000
00000000000000000
00000000000000000
00000000000000000
00000000000000000
00000000000000000
00000000000000000
STEP 1 P2 MOVE 3 4 3 6
OWN
00000000000000000
00000000000011100
00000000000000000
00002220000000000
00000000000000000
00000000000000000
00000000000000000
00000000000000000
00000000000000000
00000000000000000
STEP 2 P1 MOVE 2 11 2 13
OWN
00000000000000000
00000000000011100
00000000000111000
00002220000000000
00000000000000000
00000000000000000
00000000000000000
00000000000000000
00000000000000000
00000000000000000
STEP 3 P2 MOVE 5 16 7 16
OWN
00000000000000000
00000000000011100
00000000000111000
00002220000000000
00000000000000000
00000000000000002
00000000000000002
00000000000000002
00000000000000000
00000000000000000
STEP 4 P1 MOVE 8 14 9 14
OWN
00000000000000000
00000000000011100
00000000000111000
00002220000000000
00000000000000000
00000000000000002
00000000000000002
00000000000000002
00000000000000100
00000000000000100
STEP 5 P2 MOVE 7 6 9 6
OWN
00000000000000000
00000000000011100
00000000000111000
00002220000000000
00000000000000000
00000000000000002
00000000000000002
00000020000000002
00000020000000100
00000020000000100
STEP 6 P1 MOVE 6 8 8 8
OWN
00000000000000000
00000000000011100
00000000000111000
00002220000000000
00000000000000000
00000000000000002
00000000100000002
00000020100000002
00000020100000100
00000020000000100
STEP 7 P2 MOVE 0 8 0 9
OWN
00000000220000000
00000000000011100
00000000000111000
00002220000000000
00000000000000000
00000000000000002
00000000100000002
00000020100000002
00000020100000100
00000020000000100
STEP 8 P1 MOVE 0 4 0 5
OWN
00001100220000000
00000000000011100
00000000000111000
00002220000000000
00000000000000000
00000000000000002
00000000100000002
00000020100000002
00000020100000100
00000020000000100
STEP 9 P2 MOVE 2 1 2 2
OWN
00001100220000000
00000000000011100
02200000000111000
00002220000000000
00000000000000000
00000000000000002
00000000100000002
00000020100000002
00000020100000100
00000020000000100
STEP 10 P1 MOVE 4 12 4 13
OWN
00001100220000000
00000000000011100
02200000000111000
00002220000000000
00000000000011000
00000000000000002
00000000100000002
00000020100000002
00000020100000100
00000020000000100
STEP 11 P2 MOVE 4 9 4 10
OWN
00001100220000000
00000000000011100
02200000000111000
00002220000000000
00000000022011000
00000000000000002
00000000100000002
00000020100000002
00000020100000100
00000020000000100
STEP 12 P1 MOVE 1 2 1 4
OWN
00001100220000000
00111000000011100
02200000000111000
00002220000000000
00000000022011000
00000000000000002
00000000100000002
00000020100000002
00000020100000100
00000020000000100
STEP 13 P2 MOVE 7 5 8 5
OWN
00001100220000000
00111000000011100
02200000000111000
00002220000000000
00000000022011000
00000000000000002
00000000100000002
00000220100000002
00000220100000100
00000020000000100
STEP 14 P1 MOVE 0 3 2 3
OWN
00011100220000000
00111000000011100
02210000000111000
00002220000000000
00000000022011000
00000000000000002
00000000100000002
00000220100000002
00000220100000100
00000020000000100
STEP 15 P2 MOVE 9 0 9 1
OWN
00011100220000000
00111000000011100
02210000000111000
00002220000000000
00000000022011000
00000000000000002
00000000100000002
00000220100000002
00000220100000100
22000020000000100
STEP 16 P1 MOVE 9 8 9 9
OWN
00011100220000000
00111000000011100
02210000000111000
00002220000000000
00000000022011000
00000000000000002
00000000100000002
00000220100000002
00000220100000100
22000020110000100
STEP 17 P2 MOVE 6 9 6 10
OWN
00011100220000000
00111000000011100
02210000000111000
00002220000000000
00000000022011000
00000000000000002
00000000122000002
00000220100000002
00000220100000100
22000020110000100
STEP 18 P1 MOVE 5 8 8 9
OWN
00011100220000000
00111000000011100
02210000000111000
00002220000000000
00000000022011000
00000000110000002
00000000112000002
00000220110000002
00000220110000100
22000020110000100
STEP 19 P2 MOVE 8 7 8 10
OWN
00011100220000000
00111000000011100
02210000000111000
00002220000000000
00000000022011000
00000000110000002
00000000112000002
00000220110000002
00000222222000100
22000020110000100
STEP 20 P1 MOVE 9 2 9 3
OWN
00011100220000000
00111000000011100
02210000000111000
00002220000000000
00000000022011000
00000000110000002
00000000112000002
00000220110000002
00000222222000100
22110020110000100
STEP 21 P2 MOVE 0 0 1 0
OWN
20011100220000000
20111000000011100
02210000000111000
00002220000000000
00000000022011000
00000000110000002
00000000112000002
00000220110000002
00000222222000100
22110020110000100
STEP 22 P1 MOVE 1 6 1 7
OWN
20011100220000000
20111011000011100
02210000000111000
00002220000000000
00000000022011000
00000000110000002
00000000112000002
00000220110000002
00000222222000100
22110020110000100
STEP 23 P2 MOVE 1 8 1 9
OWN
20011100220000000
20111011220011100
02210000000111000
00002220000000000
00000000022011000
00000000110000002
00000000112000002
00000220110000002
00000222222000100
22110020110000100
STEP 24 P1 MOVE 7 3 7 4
OWN
20011100220000000
20111011220011100
02210000000111000
00002220000000000
00000000022011000
00000000110000002
00000000112000002
00011220110000002
00000222222000100
22110020110000100
STEP 25 P2 MOVE 6 3 8 3
OWN
20011100220000000
20111011220011100
02210000000111000
00002220000000000
00000000022011000
00000000110000002
00020000112000002
00021220110000002
00020222222000100
22110020110000100
STEP 26 P1 MOVE 2 8 3 8
OWN
20011100220000000
20111011220011100
02210000100111000
00002220100000000
00000000022011000
00000000110000002
00020000112000002
00021220110000002
00020222222000100
22110020110000100
STEP 27 P2 MOVE 6 14 6 15
OWN
20011100220000000
20111011220011100
02210000100111000
00002220100000000
00000000022011000
00000000110000002
00020000112000222
00021220110000002
00020222222000100
22110020110000100
STEP 28 P1 MOVE 4 14 7 14
OWN
20011100220000000
20111011220011100
02210000100111000
00002220100000000
00000000022011100
00000000110000102
00020000112000122
00021220110000102
00020222222000100
22110020110000100
STEP 29 P2 MOVE 5 13 5 15
OWN
20011100220000000
20111011220011100
02210000100111000
00002220100000000
00000000022011100
00000000110002222
00020000112000122
00021220110000102
00020222222000100
22110020110000100
STEP 30 P1 MOVE 3 12 3 13
OWN
20011100220000000
20111011220011100
02210000100111000
00002220100011000
00000000022011100
00000000110002222
00020000112000122
00021220110000102
00020222222000100
22110020110000100
STEP 31 P2 MOVE 5 3 5 4
OWN
20011100220000000
20111011220011100
02210000100111000
00002220100011000
00000000022011100
00022000110002222
00020000112000122
00021220110000102
00020222222000100
22110020110000100
STEP 32 P1 MOVE 4 5 4 6
OWN
20011100220000000
20111011220011100
02210000100111000
00002220100011000
00000110022011100
00022000110002222
00020000112000122
00021220110000102
00020222222000100
22110020110000100
STEP 33 P2 MOVE 4 4 8 4
OWN
20011100220000000
20111011220011100
02210000100111000
00002220100011000
00002110022011100
00022000110002222
00022000112000122
00022220110000102
00022222222000100
22110020110000100
STEP 34 P1 MOVE 3 3 5 5
OWN
20011100220000000
20111011220011100
02210000100111000
00011120100011000
00011110022011100
00011100110002222
00022000112000122
00022220110000102
00022222222000100
22110020110000100
STEP 35 P2 MOVE 3 2 3 7
OWN
20011100220000000
20111011220011100
02210000100111000
00222222100011000
00011110022011100
00011100110002222
00022000112000122
00022220110000102
00022222222000100
22110020110000100
STEP 36 P1 MOVE -1 -1 -1 -1
OWN
20011100220000000
20111011220011100
02210000100111000
00222222100011000
00011110022011100
00011100110002222
00022000112000122
00022220110000102
00022222222000100
22110020110000100
STEP 37 P2 MOVE 7 2 8 2
OWN
20011100220000000
20111011220011100
02210000100111000
00222222100011000
00011110022011100
00011100110002222
00022000112000122
00222220110000102
00222222222000100
22110020110000100
STEP 38 P1 MOVE 8 1 8 12
OWN
20011100220000000
20111011220011100
02210000100111000
00222222100011000
00011110022011100
00011100110002222
00022000112000122
00222220110000102
01111111111110100
22110020110000100
STEP 39 P2 MOVE 7 12 9 12
OWN
20011100220000000
20111011220011100
02210000100111000
00222222100011000
00011110022011100
00011100110002222
00022000112000122
00222220110020102
01111111111120100
22110020110020100
STEP 40 P1 MOVE -1 -1 -1 -1
OWN
20011100220000000
20111011220011100
02210000100111000
00222222100011000
00011110022011100
00011100110002222
00022000112000122
00222220110020102
01111111111120100
22110020110020100
STEP 41 P2 MOVE -1 -1 -1 -1
OWN
20011100220000000
20111011220011100
02210000100111000
00222222100011000
00011110022011100
00011100110002222
00022000112000122
00222220110020102
01111111111120100
22110020110020100
RESULT first=54 second=37 winner=1
ANALYSIS winner=P1 score=54-37 reason=Ĺ»ĂëżěŔ§(+7Ä­ »©ľŃŔ˝,2ąčČż°ú) / şóÄ­Ľ±Áˇ(+3) steal(w/l)=16/9 neu(w/l)=47/44
