BOARD
78197229627329334
23179792345695696
54248342494542885
61134748488756767
96759515993392435
29247313254283723
61918149928581191
88168368486539215
95394278856383559
23375232286788393
STEP 0 P1 MOVE 1 1 2 2
OWN
00000000000000000
01100000000000000
01100000000000000
00000000000000000
00000000000000000
00000000000000000
00000000000000000
00000000000000000
00000000000000000
00000000000000000
STEP 1 P2 MOVE 2 6 5 6
OWN
00000000000000000
01100000000000000
01100020000000000
00000020000000000
00000020000000000
00000020000000000
00000000000000000
00000000000000000
00000000000000000
00000000000000000
STEP 2 P1 MOVE 4 3 6 3
OWN
00000000000000000
01100000000000000
01100020000000000
00000020000000000
00010020000000000
00010020000000000
00010000000000000
00000000000000000
00000000000000000
00000000000000000
STEP 3 P2 MOVE 2 13 4 13
OWN
00000000000000000
01100000000000000
01100020000002000
00000020000002000
00010020000002000
00010020000000000
00010000000000000
00000000000000000
00000000000000000
00000000000000000
STEP 4 P1 MOVE 0 14 0 16
OWN
00000000000000111
01100000000000000
01100020000002000
00000020000002000
00010020000002000
00010020000000000
00010000000000000
00000000000000000
00000000000000000
00000000000000000
STEP 5 P2 MOVE 4 11 6 11
OWN
00000000000000111
01100000000000000
01100020000002000
00000020000002000
00010020000202000
00010020000200000
00010000000200000
00000000000000000
00000000000000000
00000000000000000
STEP 6 P1 MOVE 5 7 5 9
OWN
00000000000000111
01100000000000000
01100020000002000
00000020000002000
00010020000202000
00010021110200000
00010000000200000
00000000000000000
00000000000000000
00000000000000000
STEP 7 P2 MOVE 9 4 9 6
OWN
00000000000000111
01100000000000000
01100020000002000
00000020000002000
00010020000202000
00010021110200000
00010000000200000
00000000000000000
00000000000000000
00002220000000000
STEP 8 P1 MOVE 6 12 6 14
OWN
00000000000000111
01100000000000000
01100020000002000
00000020000002000
00010020000202000
00010021110200000
00010000000211100
00000000000000000
00000000000000000
00002220000000000
STEP 9 P2 MOVE 8 11 9 11
OWN
00000000000000111
01100000000000000
01100020000002000
00000020000002000
00010020000202000
00010021110200000
00010000000211100
00000000000000000
00000000000200000
00002220000200000
STEP 10 P1 MOVE 9 8 9 9
OWN
00000000000000111
01100000000000000
01100020000002000
00000020000002000
00010020000202000
00010021110200000
00010000000211100
00000000000000000
00000000000200000
00002220110200000
STEP 11 P2 MOVE 6 2 7 2
OWN
00000000000000111
01100000000000000
01100020000002000
00000020000002000
00010020000202000
00010021110200000
00210000000211100
00200000000000000
00000000000200000
00002220110200000
STEP 12 P1 MOVE 5 13 5 14
OWN
00000000000000111
01100000000000000
01100020000002000
00000020000002000
00010020000202000
00010021110201100
00210000000211100
00200000000000000
00000000000200000
00002220110200000
STEP 13 P2 MOVE 8 7 9 7
OWN
00000000000000111
01100000000000000
01100020000002000
00000020000002000
00010020000202000
00010021110201100
00210000000211100
00200000000000000
00000002000200000
00002222110200000
STEP 14 P1 MOVE 9 2 9 3
OWN
00000000000000111
01100000000000000
01100020000002000
00000020000002000
00010020000202000
00010021110201100
00210000000211100
00200000000000000
00000002000200000
00112222110200000
STEP 15 P2 MOVE 2 7 3 7
OWN
00000000000000111
01100000000000000
01100022000002000
00000022000002000
00010020000202000
00010021110201100
00210000000211100
00200000000000000
00000002000200000
00112222110200000
STEP 16 P1 MOVE 1 5 2 5
OWN
00000000000000111
01100100000000000
01100122000002000
00000022000002000
00010020000202000
00010021110201100
00210000000211100
00200000000000000
00000002000200000
00112222110200000
STEP 17 P2 MOVE 6 15 6 16
OWN
00000000000000111
01100100000000000
01100122000002000
00000022000002000
00010020000202000
00010021110201100
00210000000211122
00200000000000000
00000002000200000
00112222110200000
STEP 18 P1 MOVE 8 14 8 15
OWN
00000000000000111
01100100000000000
01100122000002000
00000022000002000
00010020000202000
00010021110201100
00210000000211122
00200000000000000
00000002000200110
00112222110200000
STEP 19 P2 MOVE 5 4 5 5
OWN
00000000000000111
01100100000000000
01100122000002000
00000022000002000
00010020000202000
00012221110201100
00210000000211122
00200000000000000
00000002000200110
00112222110200000
STEP 20 P1 MOVE 5 2 6 4
OWN
00000000000000111
01100100000000000
01100122000002000
00000022000002000
00010020000202000
00111221110201100
00111000000211122
00200000000000000
00000002000200110
00112222110200000
STEP 21 P2 MOVE 5 12 5 15
OWN
00000000000000111
01100100000000000
01100122000002000
00000022000002000
00010020000202000
00111221110222220
00111000000211122
00200000000000000
00000002000200110
00112222110200000
STEP 22 P1 MOVE 4 5 6 6
OWN
00000000000000111
01100100000000000
01100122000002000
00000022000002000
00010110000202000
00111111110222220
00111110000211122
00200000000000000
00000002000200110
00112222110200000
STEP 23 P2 MOVE 6 1 6 7
OWN
00000000000000111
01100100000000000
01100122000002000
00000022000002000
00010110000202000
00111111110222220
02222222000211122
00200000000000000
00000002000200110
00112222110200000
STEP 24 P1 MOVE 4 14 7 15
OWN
00000000000000111
01100100000000000
01100122000002000
00000022000002000
00010110000202110
00111111110222110
02222222000211112
00200000000000110
00000002000200110
00112222110200000
STEP 25 P2 MOVE 3 14 9 14
OWN
00000000000000111
01100100000000000
01100122000002000
00000022000002200
00010110000202210
00111111110222210
02222222000211212
00200000000000210
00000002000200210
00112222110200200
STEP 26 P1 MOVE 3 5 7 5
OWN
00000000000000111
01100100000000000
01100122000002000
00000122000002200
00010110000202210
00111111110222210
02222122000211212
00200100000000210
00000002000200210
00112222110200200
STEP 27 P2 MOVE 0 2 0 3
OWN
00220000000000111
01100100000000000
01100122000002000
00000122000002200
00010110000202210
00111111110222210
02222122000211212
00200100000000210
00000002000200210
00112222110200200
STEP 28 P1 MOVE 0 1 3 2
OWN
01120000000000111
01100100000000000
01100122000002000
01100122000002200
00010110000202210
00111111110222210
02222122000211212
00200100000000210
00000002000200210
00112222110200200
STEP 29 P2 MOVE 4 2 8 2
OWN
01120000000000111
01100100000000000
01100122000002000
01100122000002200
00210110000202210
00211111110222210
02222122000211212
00200100000000210
00200002000200210
00112222110200200
STEP 30 P1 MOVE -1 -1 -1 -1
OWN
01120000000000111
01100100000000000
01100122000002000
01100122000002200
00210110000202210
00211111110222210
02222122000211212
00200100000000210
00200002000200210
00112222110200200
STEP 31 P2 MOVE -1 -1 -1 -1
OWN
01120000000000111
01100100000000000
01100122000002000
01100122000002200
00210110000202210
00211111110222210
02222122000211212
00200100000000210
00200002000200210
00112222110200200
RESULT first=37 second=38 winner=2
ANALYSIS winner=P2 score=37-38 reason=Ĺ»ĂëżěŔ§(+3Ä­ »©ľŃŔ˝,2ąčČż°ú) / żŞŔü˝Â steal(w/l)=13/10 neu(w/l)=35/40
