BOARD
71912666956922651
18922233255413369
84784978537969531
84719911666927962
35144677611163291
79884262427183758
42657728427111833
69159321132653445
87969766568681949
26339513741473145
STEP 0 P1 MOVE 1 4 1 7
OWN
00000000000000000
00001111000000000
00000000000000000
00000000000000000
00000000000000000
00000000000000000
00000000000000000
00000000000000000
00000000000000000
00000000000000000
STEP 1 P2 MOVE 7 5 7 9
OWN
00000000000000000
00001111000000000
00000000000000000
00000000000000000
00000000000000000
00000000000000000
00000000000000000
00000222220000000
00000000000000000
00000000000000000
STEP 2 P1 MOVE 5 9 8 9
OWN
00000000000000000
00001111000000000
00000000000000000
00000000000000000
00000000000000000
00000000010000000
00000000010000000
00000222210000000
00000000010000000
00000000000000000
STEP 3 P2 MOVE 2 9 2 10
OWN
00000000000000000
00001111000000000
00000000022000000
00000000000000000
00000000000000000
00000000010000000
00000000010000000
00000222210000000
00000000010000000
00000000000000000
STEP 4 P1 MOVE 0 12 0 14
OWN
00000000000011100
00001111000000000
00000000022000000
00000000000000000
00000000000000000
00000000010000000
00000000010000000
00000222210000000
00000000010000000
00000000000000000
STEP 5 P2 MOVE 4 1 4 3
OWN
00000000000011100
00001111000000000
00000000022000000
00000000000000000
02220000000000000
00000000010000000
00000000010000000
00000222210000000
00000000010000000
00000000000000000
STEP 6 P1 MOVE 9 14 9 16
OWN
00000000000011100
00001111000000000
00000000022000000
00000000000000000
02220000000000000
00000000010000000
00000000010000000
00000222210000000
00000000010000000
00000000000000111
STEP 7 P2 MOVE 4 13 7 13
OWN
00000000000011100
00001111000000000
00000000022000000
00000000000000000
02220000000002000
00000000010002000
00000000010002000
00000222210002000
00000000010000000
00000000000000111
STEP 8 P1 MOVE 3 7 5 7
OWN
00000000000011100
00001111000000000
00000000022000000
00000001000000000
02220001000002000
00000001010002000
00000000010002000
00000222210002000
00000000010000000
00000000000000111
STEP 9 P2 MOVE 1 16 2 16
OWN
00000000000011100
00001111000000002
00000000022000002
00000001000000000
02220001000002000
00000001010002000
00000000010002000
00000222210002000
00000000010000000
00000000000000111
STEP 10 P1 MOVE 7 10 8 10
OWN
00000000000011100
00001111000000002
00000000022000002
00000001000000000
02220001000002000
00000001010002000
00000000010002000
00000222211002000
00000000011000000
00000000000000111
STEP 11 P2 MOVE 0 9 1 9
OWN
00000000020011100
00001111020000002
00000000022000002
00000001000000000
02220001000002000
00000001010002000
00000000010002000
00000222211002000
00000000011000000
00000000000000111
STEP 12 P1 MOVE 4 0 5 0
OWN
00000000020011100
00001111020000002
00000000022000002
00000001000000000
12220001000002000
10000001010002000
00000000010002000
00000222211002000
00000000011000000
00000000000000111
STEP 13 P2 MOVE 4 4 4 5
OWN
00000000020011100
00001111020000002
00000000022000002
00000001000000000
12222201000002000
10000001010002000
00000000010002000
00000222211002000
00000000011000000
00000000000000111
STEP 14 P1 MOVE 8 11 9 11
OWN
00000000020011100
00001111020000002
00000000022000002
00000001000000000
12222201000002000
10000001010002000
00000000010002000
00000222211002000
00000000011100000
00000000000100111
STEP 15 P2 MOVE 7 2 8 2
OWN
00000000020011100
00001111020000002
00000000022000002
00000001000000000
12222201000002000
10000001010002000
00000000010002000
00200222211002000
00200000011100000
00000000000100111
STEP 16 P1 MOVE 8 0 9 0
OWN
00000000020011100
00001111020000002
00000000022000002
00000001000000000
12222201000002000
10000001010002000
00000000010002000
00200222211002000
10200000011100000
10000000000100111
STEP 17 P2 MOVE 3 11 4 11
OWN
00000000020011100
00001111020000002
00000000022000002
00000001000200000
12222201000202000
10000001010002000
00000000010002000
00200222211002000
10200000011100000
10000000000100111
STEP 18 P1 MOVE 3 5 3 6
OWN
00000000020011100
00001111020000002
00000000022000002
00000111000200000
12222201000202000
10000001010002000
00000000010002000
00200222211002000
10200000011100000
10000000000100111
STEP 19 P2 MOVE 6 6 6 7
OWN
00000000020011100
00001111020000002
00000000022000002
00000111000200000
12222201000202000
10000001010002000
00000022010002000
00200222211002000
10200000011100000
10000000000100111
STEP 20 P1 MOVE 4 9 4 14
OWN
00000000020011100
00001111020000002
00000000022000002
00000111000200000
12222201011111100
10000001010002000
00000022010002000
00200222211002000
10200000011100000
10000000000100111
STEP 21 P2 MOVE 3 9 9 9
OWN
00000000020011100
00001111020000002
00000000022000002
00000111020200000
12222201021111100
10000001020002000
00000022020002000
00200222221002000
10200000021100000
10000000020100111
STEP 22 P1 MOVE 6 0 7 0
OWN
00000000020011100
00001111020000002
00000000022000002
00000111020200000
12222201021111100
10000001020002000
10000022020002000
10200222221002000
10200000021100000
10000000020100111
STEP 23 P2 MOVE 2 11 5 11
OWN
00000000020011100
00001111020000002
00000000022200002
00000111020200000
12222201021211100
10000001020202000
10000022020002000
10200222221002000
10200000021100000
10000000020100111
STEP 24 P1 MOVE 5 11 6 12
OWN
00000000020011100
00001111020000002
00000000022200002
00000111020200000
12222201021211100
10000001020112000
10000022020112000
10200222221002000
10200000021100000
10000000020100111
STEP 25 P2 MOVE 1 11 7 11
OWN
00000000020011100
00001111020200002
00000000022200002
00000111020200000
12222201021211100
10000001020212000
10000022020212000
10200222221202000
10200000021100000
10000000020100111
STEP 26 P1 MOVE 1 3 1 12
OWN
00000000020011100
00011111111110002
00000000022200002
00000111020200000
12222201021211100
10000001020212000
10000022020212000
10200222221202000
10200000021100000
10000000020100111
STEP 27 P2 MOVE 0 3 3 3
OWN
00020000020011100
00021111111110002
00020000022200002
00020111020200000
12222201021211100
10000001020212000
10000022020212000
10200222221202000
10200000021100000
10000000020100111
STEP 28 P1 MOVE 0 1 0 2
OWN
01120000020011100
00021111111110002
00020000022200002
00020111020200000
12222201021211100
10000001020212000
10000022020212000
10200222221202000
10200000021100000
10000000020100111
STEP 29 P2 MOVE 5 6 5 8
OWN
01120000020011100
00021111111110002
00020000022200002
00020111020200000
12222201021211100
10000022220212000
10000022020212000
10200222221202000
10200000021100000
10000000020100111
STEP 30 P1 MOVE 4 8 6 8
OWN
01120000020011100
00021111111110002
00020000022200002
00020111020200000
12222201121211100
10000022120212000
10000022120212000
10200222221202000
10200000021100000
10000000020100111
STEP 31 P2 MOVE 6 3 7 3
OWN
01120000020011100
00021111111110002
00020000022200002
00020111020200000
12222201121211100
10000022120212000
10020022120212000
10220222221202000
10200000021100000
10000000020100111
STEP 32 P1 MOVE 9 7 9 8
OWN
01120000020011100
00021111111110002
00020000022200002
00020111020200000
12222201121211100
10000022120212000
10020022120212000
10220222221202000
10200000021100000
10000001120100111
STEP 33 P2 MOVE 9 12 9 13
OWN
01120000020011100
00021111111110002
00020000022200002
00020111020200000
12222201121211100
10000022120212000
10020022120212000
10220222221202000
10200000021100000
10000001120122111
STEP 34 P1 MOVE 8 13 8 14
OWN
01120000020011100
00021111111110002
00020000022200002
00020111020200000
12222201121211100
10000022120212000
10020022120212000
10220222221202000
10200000021101100
10000001120122111
STEP 35 P2 MOVE -1 -1 -1 -1
OWN
01120000020011100
00021111111110002
00020000022200002
00020111020200000
12222201121211100
10000022120212000
10020022120212000
10220222221202000
10200000021101100
10000001120122111
STEP 36 P1 MOVE -1 -1 -1 -1
OWN
01120000020011100
00021111111110002
00020000022200002
00020111020200000
12222201121211100
10000022120212000
10020022120212000
10220222221202000
10200000021101100
10000001120122111
RESULT first=44 second=44 winner=0
ANALYSIS winner=P0 score=44-44 reason=ą«˝ÂşÎ steal(w/l)=0/0 neu(w/l)=0/0
