BOARD
65166976272615952
83917365659669894
89886997165385218
46447143335297191
21194441938485331
25814924987429951
85471859976193134
38335993882513464
21578724163189974
65132144998942385
STEP 0 P1 MOVE 4 15 5 16
OWN
00000000000000000
00000000000000000
00000000000000000
00000000000000000
00000000000000011
00000000000000011
00000000000000000
00000000000000000
00000000000000000
00000000000000000
STEP 1 P2 MOVE 4 0 5 1
OWN
00000000000000000
00000000000000000
00000000000000000
00000000000000000
22000000000000011
22000000000000011
00000000000000000
00000000000000000
00000000000000000
00000000000000000
STEP 2 P1 MOVE 5 4 7 4
OWN
00000000000000000
00000000000000000
00000000000000000
00000000000000000
22000000000000011
22001000000000011
00001000000000000
00001000000000000
00000000000000000
00000000000000000
STEP 3 P2 MOVE 6 3 7 3
OWN
00000000000000000
00000000000000000
00000000000000000
00000000000000000
22000000000000011
22001000000000011
00021000000000000
00021000000000000
00000000000000000
00000000000000000
STEP 4 P1 MOVE 8 9 8 11
OWN
00000000000000000
00000000000000000
00000000000000000
00000000000000000
22000000000000011
22001000000000011
00021000000000000
00021000000000000
00000000011100000
00000000000000000
STEP 5 P2 MOVE 7 10 9 10
OWN
00000000000000000
00000000000000000
00000000000000000
00000000000000000
22000000000000011
22001000000000011
00021000000000000
00021000002000000
00000000012100000
00000000002000000
STEP 6 P1 MOVE 5 11 7 11
OWN
00000000000000000
00000000000000000
00000000000000000
00000000000000000
22000000000000011
22001000000100011
00021000000100000
00021000002100000
00000000012100000
00000000002000000
STEP 7 P2 MOVE 3 6 5 6
OWN
00000000000000000
00000000000000000
00000000000000000
00000020000000000
22000020000000011
22001020000100011
00021000000100000
00021000002100000
00000000012100000
00000000002000000
STEP 8 P1 MOVE 3 5 3 9
OWN
00000000000000000
00000000000000000
00000000000000000
00000111110000000
22000020000000011
22001020000100011
00021000000100000
00021000002100000
00000000012100000
00000000002000000
STEP 9 P2 MOVE 5 3 5 5
OWN
00000000000000000
00000000000000000
00000000000000000
00000111110000000
22000020000000011
22022220000100011
00021000000100000
00021000002100000
00000000012100000
00000000002000000
STEP 10 P1 MOVE 2 8 4 8
OWN
00000000000000000
00000000000000000
00000000100000000
00000111110000000
22000020100000011
22022220000100011
00021000000100000
00021000002100000
00000000012100000
00000000002000000
STEP 11 P2 MOVE 0 2 1 2
OWN
00200000000000000
00200000000000000
00000000100000000
00000111110000000
22000020100000011
22022220000100011
00021000000100000
00021000002100000
00000000012100000
00000000002000000
STEP 12 P1 MOVE 8 8 9 8
OWN
00200000000000000
00200000000000000
00000000100000000
00000111110000000
22000020100000011
22022220000100011
00021000000100000
00021000002100000
00000000112100000
00000000102000000
STEP 13 P2 MOVE 3 0 3 1
OWN
00200000000000000
00200000000000000
00000000100000000
22000111110000000
22000020100000011
22022220000100011
00021000000100000
00021000002100000
00000000112100000
00000000102000000
STEP 14 P1 MOVE 2 10 3 10
OWN
00200000000000000
00200000000000000
00000000101000000
22000111111000000
22000020100000011
22022220000100011
00021000000100000
00021000002100000
00000000112100000
00000000102000000
STEP 15 P2 MOVE 8 4 9 4
OWN
00200000000000000
00200000000000000
00000000101000000
22000111111000000
22000020100000011
22022220000100011
00021000000100000
00021000002100000
00002000112100000
00002000102000000
STEP 16 P1 MOVE 4 2 4 3
OWN
00200000000000000
00200000000000000
00000000101000000
22000111111000000
22110020100000011
22022220000100011
00021000000100000
00021000002100000
00002000112100000
00002000102000000
STEP 17 P2 MOVE 4 12 5 12
OWN
00200000000000000
00200000000000000
00000000101000000
22000111111000000
22110020100020011
22022220000120011
00021000000100000
00021000002100000
00002000112100000
00002000102000000
STEP 18 P1 MOVE 6 12 7 12
OWN
00200000000000000
00200000000000000
00000000101000000
22000111111000000
22110020100020011
22022220000120011
00021000000110000
00021000002110000
00002000112100000
00002000102000000
STEP 19 P2 MOVE 7 14 7 15
OWN
00200000000000000
00200000000000000
00000000101000000
22000111111000000
22110020100020011
22022220000120011
00021000000110000
00021000002110220
00002000112100000
00002000102000000
STEP 20 P1 MOVE 3 14 3 15
OWN
00200000000000000
00200000000000000
00000000101000000
22000111111000110
22110020100020011
22022220000120011
00021000000110000
00021000002110220
00002000112100000
00002000102000000
STEP 21 P2 MOVE 6 15 8 15
OWN
00200000000000000
00200000000000000
00000000101000000
22000111111000110
22110020100020011
22022220000120011
00021000000110020
00021000002110220
00002000112100020
00002000102000000
STEP 22 P1 MOVE 6 10 6 14
OWN
00200000000000000
00200000000000000
00000000101000000
22000111111000110
22110020100020011
22022220000120011
00021000001111120
00021000002110220
00002000112100020
00002000102000000
STEP 23 P2 MOVE 9 1 9 5
OWN
00200000000000000
00200000000000000
00000000101000000
22000111111000110
22110020100020011
22022220000120011
00021000001111120
00021000002110220
00002000112100020
02222200102000000
STEP 24 P1 MOVE 9 0 9 6
OWN
00200000000000000
00200000000000000
00000000101000000
22000111111000110
22110020100020011
22022220000120011
00021000001111120
00021000002110220
00002000112100020
11111110102000000
STEP 25 P2 MOVE 8 6 9 7
OWN
00200000000000000
00200000000000000
00000000101000000
22000111111000110
22110020100020011
22022220000120011
00021000001111120
00021000002110220
00002022112100020
11111122102000000
STEP 26 P1 MOVE 1 15 2 15
OWN
00200000000000000
00200000000000010
00000000101000010
22000111111000110
22110020100020011
22022220000120011
00021000001111120
00021000002110220
00002022112100020
11111122102000000
STEP 27 P2 MOVE 2 14 2 16
OWN
00200000000000000
00200000000000010
00000000101000222
22000111111000110
22110020100020011
22022220000120011
00021000001111120
00021000002110220
00002022112100020
11111122102000000
STEP 28 P1 MOVE -1 -1 -1 -1
OWN
00200000000000000
00200000000000010
00000000101000222
22000111111000110
22110020100020011
22022220000120011
00021000001111120
00021000002110220
00002022112100020
11111122102000000
STEP 29 P2 MOVE -1 -1 -1 -1
OWN
00200000000000000
00200000000000010
00000000101000222
22000111111000110
22110020100020011
22022220000120011
00021000001111120
00021000002110220
00002022112100020
11111122102000000
RESULT first=38 second=32 winner=1
ANALYSIS winner=P1 score=38-32 reason=±ŮĽŇşąÇŐżěŔ§ steal(w/l)=6/4 neu(w/l)=36/34
