BOARD
99421656749922732
56563618695216562
63521594728936912
91945931643775642
26118386994571321
12937149448711426
87491544469255568
66946479128737721
36599346137422865
23219825848826443
STEP 0 P1 MOVE 0 4 3 4
OWN
00001000000000000
00001000000000000
00001000000000000
00001000000000000
00000000000000000
00000000000000000
00000000000000000
00000000000000000
00000000000000000
00000000000000000
STEP 1 P2 MOVE 2 1 4 1
OWN
00001000000000000
00001000000000000
02001000000000000
02001000000000000
02000000000000000
00000000000000000
00000000000000000
00000000000000000
00000000000000000
00000000000000000
STEP 2 P1 MOVE 8 7 8 9
OWN
00001000000000000
00001000000000000
02001000000000000
02001000000000000
02000000000000000
00000000000000000
00000000000000000
00000000000000000
00000001110000000
00000000000000000
STEP 3 P2 MOVE 4 2 4 4
OWN
00001000000000000
00001000000000000
02001000000000000
02001000000000000
02222000000000000
00000000000000000
00000000000000000
00000000000000000
00000001110000000
00000000000000000
STEP 4 P1 MOVE 5 5 7 5
OWN
00001000000000000
00001000000000000
02001000000000000
02001000000000000
02222000000000000
00000100000000000
00000100000000000
00000100000000000
00000001110000000
00000000000000000
STEP 5 P2 MOVE 7 14 7 16
OWN
00001000000000000
00001000000000000
02001000000000000
02001000000000000
02222000000000000
00000100000000000
00000100000000000
00000100000000222
00000001110000000
00000000000000000
STEP 6 P1 MOVE 1 6 2 6
OWN
00001000000000000
00001010000000000
02001010000000000
02001000000000000
02222000000000000
00000100000000000
00000100000000000
00000100000000222
00000001110000000
00000000000000000
STEP 7 P2 MOVE 8 15 9 15
OWN
00001000000000000
00001010000000000
02001010000000000
02001000000000000
02222000000000000
00000100000000000
00000100000000000
00000100000000222
00000001110000020
00000000000000020
STEP 8 P1 MOVE 8 3 9 3
OWN
00001000000000000
00001010000000000
02001010000000000
02001000000000000
02222000000000000
00000100000000000
00000100000000000
00000100000000222
00010001110000020
00010000000000020
STEP 9 P2 MOVE 3 8 3 9
OWN
00001000000000000
00001010000000000
02001010000000000
02001000220000000
02222000000000000
00000100000000000
00000100000000000
00000100000000222
00010001110000020
00010000000000020
STEP 10 P1 MOVE 5 9 6 9
OWN
00001000000000000
00001010000000000
02001010000000000
02001000220000000
02222000000000000
00000100010000000
00000100010000000
00000100000000222
00010001110000020
00010000000000020
STEP 11 P2 MOVE 9 13 9 14
OWN
00001000000000000
00001010000000000
02001010000000000
02001000220000000
02222000000000000
00000100010000000
00000100010000000
00000100000000222
00010001110000020
00010000000002220
STEP 12 P1 MOVE 4 15 6 15
OWN
00001000000000000
00001010000000000
02001010000000000
02001000220000000
02222000000000010
00000100010000010
00000100010000010
00000100000000222
00010001110000020
00010000000002220
STEP 13 P2 MOVE 9 11 9 12
OWN
00001000000000000
00001010000000000
02001010000000000
02001000220000000
02222000000000010
00000100010000010
00000100010000010
00000100000000222
00010001110000020
00010000000222220
STEP 14 P1 MOVE 6 3 6 4
OWN
00001000000000000
00001010000000000
02001010000000000
02001000220000000
02222000000000010
00000100010000010
00011100010000010
00000100000000222
00010001110000020
00010000000222220
STEP 15 P2 MOVE 5 14 5 16
OWN
00001000000000000
00001010000000000
02001010000000000
02001000220000000
02222000000000010
00000100010000222
00011100010000010
00000100000000222
00010001110000020
00010000000222220
STEP 16 P1 MOVE 2 15 4 16
OWN
00001000000000000
00001010000000000
02001010000000011
02001000220000011
02222000000000011
00000100010000222
00011100010000010
00000100000000222
00010001110000020
00010000000222220
STEP 17 P2 MOVE 6 13 6 14
OWN
00001000000000000
00001010000000000
02001010000000011
02001000220000011
02222000000000011
00000100010000222
00011100010002210
00000100000000222
00010001110000020
00010000000222220
STEP 18 P1 MOVE 5 13 8 13
OWN
00001000000000000
00001010000000000
02001010000000011
02001000220000011
02222000000000011
00000100010001222
00011100010001210
00000100000001222
00010001110001020
00010000000222220
STEP 19 P2 MOVE 8 12 8 14
OWN
00001000000000000
00001010000000000
02001010000000011
02001000220000011
02222000000000011
00000100010001222
00011100010001210
00000100000001222
00010001110022220
00010000000222220
STEP 20 P1 MOVE 4 4 5 5
OWN
00001000000000000
00001010000000000
02001010000000011
02001000220000011
02221100000000011
00001100010001222
00011100010001210
00000100000001222
00010001110022220
00010000000222220
STEP 21 P2 MOVE 4 0 4 6
OWN
00001000000000000
00001010000000000
02001010000000011
02001000220000011
22222220000000011
00001100010001222
00011100010001210
00000100000001222
00010001110022220
00010000000222220
STEP 22 P1 MOVE 3 6 4 7
OWN
00001000000000000
00001010000000000
02001010000000011
02001011220000011
22222211000000011
00001100010001222
00011100010001210
00000100000001222
00010001110022220
00010000000222220
STEP 23 P2 MOVE 3 0 5 0
OWN
00001000000000000
00001010000000000
02001010000000011
22001011220000011
22222211000000011
20001100010001222
00011100010001210
00000100000001222
00010001110022220
00010000000222220
STEP 24 P1 MOVE 9 5 9 6
OWN
00001000000000000
00001010000000000
02001010000000011
22001011220000011
22222211000000011
20001100010001222
00011100010001210
00000100000001222
00010001110022220
00010110000222220
STEP 25 P2 MOVE 3 10 3 11
OWN
00001000000000000
00001010000000000
02001010000000011
22001011222200011
22222211000000011
20001100010001222
00011100010001210
00000100000001222
00010001110022220
00010110000222220
STEP 26 P1 MOVE 7 9 7 10
OWN
00001000000000000
00001010000000000
02001010000000011
22001011222200011
22222211000000011
20001100010001222
00011100010001210
00000100011001222
00010001110022220
00010110000222220
STEP 27 P2 MOVE 1 2 2 2
OWN
00001000000000000
00201010000000000
02201010000000011
22001011222200011
22222211000000011
20001100010001222
00011100010001210
00000100011001222
00010001110022220
00010110000222220
STEP 28 P1 MOVE 2 9 2 10
OWN
00001000000000000
00201010000000000
02201010011000011
22001011222200011
22222211000000011
20001100010001222
00011100010001210
00000100011001222
00010001110022220
00010110000222220
STEP 29 P2 MOVE 7 3 7 4
OWN
00001000000000000
00201010000000000
02201010011000011
22001011222200011
22222211000000011
20001100010001222
00011100010001210
00022100011001222
00010001110022220
00010110000222220
STEP 30 P1 MOVE 7 7 7 8
OWN
00001000000000000
00201010000000000
02201010011000011
22001011222200011
22222211000000011
20001100010001222
00011100010001210
00022101111001222
00010001110022220
00010110000222220
STEP 31 P2 MOVE 7 11 7 12
OWN
00001000000000000
00201010000000000
02201010011000011
22001011222200011
22222211000000011
20001100010001222
00011100010001210
00022101111221222
00010001110022220
00010110000222220
STEP 32 P1 MOVE 2 12 3 12
OWN
00001000000000000
00201010000000000
02201010011010011
22001011222210011
22222211000000011
20001100010001222
00011100010001210
00022101111221222
00010001110022220
00010110000222220
STEP 33 P2 MOVE 0 12 4 12
OWN
00001000000020000
00201010000020000
02201010011020011
22001011222220011
22222211000020011
20001100010001222
00011100010001210
00022101111221222
00010001110022220
00010110000222220
STEP 34 P1 MOVE 4 10 4 13
OWN
00001000000020000
00201010000020000
02201010011020011
22001011222220011
22222211001111011
20001100010001222
00011100010001210
00022101111221222
00010001110022220
00010110000222220
STEP 35 P2 MOVE 1 16 6 16
OWN
00001000000020000
00201010000020002
02201010011020012
22001011222220012
22222211001111012
20001100010001222
00011100010001212
00022101111221222
00010001110022220
00010110000222220
STEP 36 P1 MOVE 0 16 9 16
OWN
00001000000020001
00201010000020001
02201010011020011
22001011222220011
22222211001111011
20001100010001221
00011100010001211
00022101111221221
00010001110022221
00010110000222221
STEP 37 P2 MOVE 0 14 0 15
OWN
00001000000020221
00201010000020001
02201010011020011
22001011222220011
22222211001111011
20001100010001221
00011100010001211
00022101111221221
00010001110022221
00010110000222221
STEP 38 P1 MOVE -1 -1 -1 -1
OWN
00001000000020221
00201010000020001
02201010011020011
22001011222220011
22222211001111011
20001100010001221
00011100010001211
00022101111221221
00010001110022221
00010110000222221
STEP 39 P2 MOVE -1 -1 -1 -1
OWN
00001000000020221
00201010000020001
02201010011020011
22001011222220011
22222211001111011
20001100010001221
00011100010001211
00022101111221221
00010001110022221
00010110000222221
RESULT first=52 second=40 winner=1
ANALYSIS winner=P1 score=52-40 reason=şóÄ­Ľ±Áˇ(+8) steal(w/l)=11/9 neu(w/l)=50/42
