BOARD
92337527431697312
27393328611497534
28434766793619892
87783427465796659
35913738565223749
69531162911831999
68865359877953998
86743432599639221
48777642435669688
88676954262332313
STEP 0 P1 MOVE 0 15 1 16
OWN
00000000000000011
00000000000000011
00000000000000000
00000000000000000
00000000000000000
00000000000000000
00000000000000000
00000000000000000
00000000000000000
00000000000000000
STEP 1 P2 MOVE 5 2 5 5
OWN
00000000000000011
00000000000000011
00000000000000000
00000000000000000
00000000000000000
00222200000000000
00000000000000000
00000000000000000
00000000000000000
00000000000000000
STEP 2 P1 MOVE 0 10 3 10
OWN
00000000001000011
00000000001000011
00000000001000000
00000000001000000
00000000000000000
00222200000000000
00000000000000000
00000000000000000
00000000000000000
00000000000000000
STEP 3 P2 MOVE 7 4 7 6
OWN
00000000001000011
00000000001000011
00000000001000000
00000000001000000
00000000000000000
00222200000000000
00000000000000000
00002220000000000
00000000000000000
00000000000000000
STEP 4 P1 MOVE 0 2 2 2
OWN
00100000001000011
00100000001000011
00100000001000000
00000000001000000
00000000000000000
00222200000000000
00000000000000000
00002220000000000
00000000000000000
00000000000000000
STEP 5 P2 MOVE 0 6 2 6
OWN
00100020001000011
00100020001000011
00100020001000000
00000000001000000
00000000000000000
00222200000000000
00000000000000000
00002220000000000
00000000000000000
00000000000000000
STEP 6 P1 MOVE 3 13 5 13
OWN
00100020001000011
00100020001000011
00100020001000000
00000000001001000
00000000000001000
00222200000001000
00000000000000000
00002220000000000
00000000000000000
00000000000000000
STEP 7 P2 MOVE 4 11 5 11
OWN
00100020001000011
00100020001000011
00100020001000000
00000000001001000
00000000000201000
00222200000201000
00000000000000000
00002220000000000
00000000000000000
00000000000000000
STEP 8 P1 MOVE 1 5 2 5
OWN
00100020001000011
00100120001000011
00100120001000000
00000000001001000
00000000000201000
00222200000201000
00000000000000000
00002220000000000
00000000000000000
00000000000000000
STEP 9 P2 MOVE 2 4 4 4
OWN
00100020001000011
00100120001000011
00102120001000000
00002000001001000
00002000000201000
00222200000201000
00000000000000000
00002220000000000
00000000000000000
00000000000000000
STEP 10 P1 MOVE 2 12 3 12
OWN
00100020001000011
00100120001000011
00102120001010000
00002000001011000
00002000000201000
00222200000201000
00000000000000000
00002220000000000
00000000000000000
00000000000000000
STEP 11 P2 MOVE 0 3 0 4
OWN
00122020001000011
00100120001000011
00102120001010000
00002000001011000
00002000000201000
00222200000201000
00000000000000000
00002220000000000
00000000000000000
00000000000000000
STEP 12 P1 MOVE 8 6 8 8
OWN
00122020001000011
00100120001000011
00102120001010000
00002000001011000
00002000000201000
00222200000201000
00000000000000000
00002220000000000
00000011100000000
00000000000000000
STEP 13 P2 MOVE 6 6 9 6
OWN
00122020001000011
00100120001000011
00102120001010000
00002000001011000
00002000000201000
00222200000201000
00000020000000000
00002220000000000
00000021100000000
00000020000000000
STEP 14 P1 MOVE 2 0 3 0
OWN
00122020001000011
00100120001000011
10102120001010000
10002000001011000
00002000000201000
00222200000201000
00000020000000000
00002220000000000
00000021100000000
00000020000000000
STEP 15 P2 MOVE 4 12 6 12
OWN
00122020001000011
00100120001000011
10102120001010000
10002000001011000
00002000000221000
00222200000221000
00000020000020000
00002220000000000
00000021100000000
00000020000000000
STEP 16 P1 MOVE 4 2 4 3
OWN
00122020001000011
00100120001000011
10102120001010000
10002000001011000
00112000000221000
00222200000221000
00000020000020000
00002220000000000
00000021100000000
00000020000000000
STEP 17 P2 MOVE 4 5 4 6
OWN
00122020001000011
00100120001000011
10102120001010000
10002000001011000
00112220000221000
00222200000221000
00000020000020000
00002220000000000
00000021100000000
00000020000000000
STEP 18 P1 MOVE 6 3 7 3
OWN
00122020001000011
00100120001000011
10102120001010000
10002000001011000
00112220000221000
00222200000221000
00010020000020000
00012220000000000
00000021100000000
00000020000000000
STEP 19 P2 MOVE 0 13 0 14
OWN
00122020001002211
00100120001000011
10102120001010000
10002000001011000
00112220000221000
00222200000221000
00010020000020000
00012220000000000
00000021100000000
00000020000000000
STEP 20 P1 MOVE 3 8 3 9
OWN
00122020001002211
00100120001000011
10102120001010000
10002000111011000
00112220000221000
00222200000221000
00010020000020000
00012220000000000
00000021100000000
00000020000000000
STEP 21 P2 MOVE 7 15 8 15
OWN
00122020001002211
00100120001000011
10102120001010000
10002000111011000
00112220000221000
00222200000221000
00010020000020000
00012220000000020
00000021100000020
00000020000000000
STEP 22 P1 MOVE 6 15 9 15
OWN
00122020001002211
00100120001000011
10102120001010000
10002000111011000
00112220000221000
00222200000221000
00010020000020010
00012220000000010
00000021100000010
00000020000000010
STEP 23 P2 MOVE 9 10 9 13
OWN
00122020001002211
00100120001000011
10102120001010000
10002000111011000
00112220000221000
00222200000221000
00010020000020010
00012220000000010
00000021100000010
00000020002222010
STEP 24 P1 MOVE -1 -1 -1 -1
OWN
00122020001002211
00100120001000011
10102120001010000
10002000111011000
00112220000221000
00222200000221000
00010020000020010
00012220000000010
00000021100000010
00000020002222010
STEP 25 P2 MOVE 4 7 5 7
OWN
00122020001002211
00100120001000011
10102120001010000
10002000111011000
00112222000221000
00222202000221000
00010020000020010
00012220000000010
00000021100000010
00000020002222010
STEP 26 P1 MOVE 4 1 4 8
OWN
00122020001002211
00100120001000011
10102120001010000
10002000111011000
01111111100221000
00222202000221000
00010020000020010
00012220000000010
00000021100000010
00000020002222010
STEP 27 P2 MOVE 3 0 4 1
OWN
00122020001002211
00100120001000011
10102120001010000
22002000111011000
22111111100221000
00222202000221000
00010020000020010
00012220000000010
00000021100000010
00000020002222010
STEP 28 P1 MOVE 1 9 2 9
OWN
00122020001002211
00100120011000011
10102120011010000
22002000111011000
22111111100221000
00222202000221000
00010020000020010
00012220000000010
00000021100000010
00000020002222010
STEP 29 P2 MOVE 5 10 5 14
OWN
00122020001002211
00100120011000011
10102120011010000
22002000111011000
22111111100221000
00222202002222200
00010020000020010
00012220000000010
00000021100000010
00000020002222010
STEP 30 P1 MOVE 5 9 5 15
OWN
00122020001002211
00100120011000011
10102120011010000
22002000111011000
22111111100221000
00222202011111110
00010020000020010
00012220000000010
00000021100000010
00000020002222010
STEP 31 P2 MOVE 1 8 1 11
OWN
00122020001002211
00100120222200011
10102120011010000
22002000111011000
22111111100221000
00222202011111110
00010020000020010
00012220000000010
00000021100000010
00000020002222010
STEP 32 P1 MOVE -1 -1 -1 -1
OWN
00122020001002211
00100120222200011
10102120011010000
22002000111011000
22111111100221000
00222202011111110
00010020000020010
00012220000000010
00000021100000010
00000020002222010
STEP 33 P2 MOVE -1 -1 -1 -1
OWN
00122020001002211
00100120222200011
10102120011010000
22002000111011000
22111111100221000
00222202011111110
00010020000020010
00012220000000010
00000021100000010
00000020002222010
RESULT first=42 second=35 winner=1
ANALYSIS winner=P1 score=42-35 reason=탈취우위(+5칸 빼앗음,2배효과) / 역전승 steal(w/l)=11/6 neu(w/l)=37/40
