BOARD
84636997773946289
38882714694395363
58381198639557419
89854824581832632
21793611719147552
35449558554784425
17882283426551855
93452162268329853
62188718662355856
88517159646739965
STEP 0 P1 MOVE 4 6 4 9
OWN
00000000000000000
00000000000000000
00000000000000000
00000000000000000
00000011110000000
00000000000000000
00000000000000000
00000000000000000
00000000000000000
00000000000000000
STEP 1 P2 MOVE 9 11 9 12
OWN
00000000000000000
00000000000000000
00000000000000000
00000000000000000
00000011110000000
00000000000000000
00000000000000000
00000000000000000
00000000000000000
00000000000220000
STEP 2 P1 MOVE 7 1 8 2
OWN
00000000000000000
00000000000000000
00000000000000000
00000000000000000
00000011110000000
00000000000000000
00000000000000000
01100000000000000
01100000000000000
00000000000220000
STEP 3 P2 MOVE 1 4 4 4
OWN
00000000000000000
00002000000000000
00002000000000000
00002000000000000
00002011110000000
00000000000000000
00000000000000000
01100000000000000
01100000000000000
00000000000220000
STEP 4 P1 MOVE 4 0 4 2
OWN
00000000000000000
00002000000000000
00002000000000000
00002000000000000
11102011110000000
00000000000000000
00000000000000000
01100000000000000
01100000000000000
00000000000220000
STEP 5 P2 MOVE 8 10 8 12
OWN
00000000000000000
00002000000000000
00002000000000000
00002000000000000
11102011110000000
00000000000000000
00000000000000000
01100000000000000
01100000002220000
00000000000220000
STEP 6 P1 MOVE 3 10 4 10
OWN
00000000000000000
00002000000000000
00002000000000000
00002000001000000
11102011111000000
00000000000000000
00000000000000000
01100000000000000
01100000002220000
00000000000220000
STEP 7 P2 MOVE 1 6 2 6
OWN
00000000000000000
00002020000000000
00002020000000000
00002000001000000
11102011111000000
00000000000000000
00000000000000000
01100000000000000
01100000002220000
00000000000220000
STEP 8 P1 MOVE 9 8 9 9
OWN
00000000000000000
00002020000000000
00002020000000000
00002000001000000
11102011111000000
00000000000000000
00000000000000000
01100000000000000
01100000002220000
00000000110220000
STEP 9 P2 MOVE 6 0 7 0
OWN
00000000000000000
00002020000000000
00002020000000000
00002000001000000
11102011111000000
00000000000000000
20000000000000000
21100000000000000
01100000002220000
00000000110220000
STEP 10 P1 MOVE 3 15 5 15
OWN
00000000000000000
00002020000000000
00002020000000000
00002000001000010
11102011111000010
00000000000000010
20000000000000000
21100000000000000
01100000002220000
00000000110220000
STEP 11 P2 MOVE 7 4 8 4
OWN
00000000000000000
00002020000000000
00002020000000000
00002000001000010
11102011111000010
00000000000000010
20000000000000000
21102000000000000
01102000002220000
00000000110220000
STEP 12 P1 MOVE 2 15 2 16
OWN
00000000000000000
00002020000000000
00002020000000011
00002000001000010
11102011111000010
00000000000000010
20000000000000000
21102000000000000
01102000002220000
00000000110220000
STEP 13 P2 MOVE 7 15 8 15
OWN
00000000000000000
00002020000000000
00002020000000011
00002000001000010
11102011111000010
00000000000000010
20000000000000000
21102000000000020
01102000002220020
00000000110220000
STEP 14 P1 MOVE 7 7 8 7
OWN
00000000000000000
00002020000000000
00002020000000011
00002000001000010
11102011111000010
00000000000000010
20000000000000000
21102001000000020
01102001002220020
00000000110220000
STEP 15 P2 MOVE 5 10 6 10
OWN
00000000000000000
00002020000000000
00002020000000011
00002000001000010
11102011111000010
00000000002000010
20000000002000000
21102001000000020
01102001002220020
00000000110220000
STEP 16 P1 MOVE 2 14 3 14
OWN
00000000000000000
00002020000000000
00002020000000111
00002000001000110
11102011111000010
00000000002000010
20000000002000000
21102001000000020
01102001002220020
00000000110220000
STEP 17 P2 MOVE 3 5 3 6
OWN
00000000000000000
00002020000000000
00002020000000111
00002220001000110
11102011111000010
00000000002000010
20000000002000000
21102001000000020
01102001002220020
00000000110220000
STEP 18 P1 MOVE 0 1 0 2
OWN
01100000000000000
00002020000000000
00002020000000111
00002220001000110
11102011111000010
00000000002000010
20000000002000000
21102001000000020
01102001002220020
00000000110220000
STEP 19 P2 MOVE 6 15 6 16
OWN
01100000000000000
00002020000000000
00002020000000111
00002220001000110
11102011111000010
00000000002000010
20000000002000022
21102001000000020
01102001002220020
00000000110220000
STEP 20 P1 MOVE 0 12 0 13
OWN
01100000000011000
00002020000000000
00002020000000111
00002220001000110
11102011111000010
00000000002000010
20000000002000022
21102001000000020
01102001002220020
00000000110220000
STEP 21 P2 MOVE 0 13 1 14
OWN
01100000000012200
00002020000002200
00002020000000111
00002220001000110
11102011111000010
00000000002000010
20000000002000022
21102001000000020
01102001002220020
00000000110220000
STEP 22 P1 MOVE 4 16 7 16
OWN
01100000000012200
00002020000002200
00002020000000111
00002220001000110
11102011111000011
00000000002000011
20000000002000021
21102001000000021
01102001002220020
00000000110220000
STEP 23 P2 MOVE 5 5 5 6
OWN
01100000000012200
00002020000002200
00002020000000111
00002220001000110
11102011111000011
00000220002000011
20000000002000021
21102001000000021
01102001002220020
00000000110220000
STEP 24 P1 MOVE 0 9 0 10
OWN
01100000011012200
00002020000002200
00002020000000111
00002220001000110
11102011111000011
00000220002000011
20000000002000021
21102001000000021
01102001002220020
00000000110220000
STEP 25 P2 MOVE 1 7 1 8
OWN
01100000011012200
00002022200002200
00002020000000111
00002220001000110
11102011111000011
00000220002000011
20000000002000021
21102001000000021
01102001002220020
00000000110220000
STEP 26 P1 MOVE 2 11 2 12
OWN
01100000011012200
00002022200002200
00002020000110111
00002220001000110
11102011111000011
00000220002000011
20000000002000021
21102001000000021
01102001002220020
00000000110220000
STEP 27 P2 MOVE 6 5 6 6
OWN
01100000011012200
00002022200002200
00002020000110111
00002220001000110
11102011111000011
00000220002000011
20000220002000021
21102001000000021
01102001002220020
00000000110220000
STEP 28 P1 MOVE 6 4 8 5
OWN
01100000011012200
00002022200002200
00002020000110111
00002220001000110
11102011111000011
00000220002000011
20001120002000021
21101101000000021
01101101002220020
00000000110220000
STEP 29 P2 MOVE 6 6 8 7
OWN
01100000011012200
00002022200002200
00002020000110111
00002220001000110
11102011111000011
00000220002000011
20001122002000021
21101122000000021
01101122002220020
00000000110220000
STEP 30 P1 MOVE -1 -1 -1 -1
OWN
01100000011012200
00002022200002200
00002020000110111
00002220001000110
11102011111000011
00000220002000011
20001122002000021
21101122000000021
01101122002220020
00000000110220000
STEP 31 P2 MOVE 5 8 5 9
OWN
01100000011012200
00002022200002200
00002020000110111
00002220001000110
11102011111000011
00000220222000011
20001122002000021
21101122000000021
01101122002220020
00000000110220000
STEP 32 P1 MOVE 3 9 6 9
OWN
01100000011012200
00002022200002200
00002020000110111
00002220011000110
11102011111000011
00000220212000011
20001122012000021
21101122000000021
01101122002220020
00000000110220000
STEP 33 P2 MOVE 6 11 6 12
OWN
01100000011012200
00002022200002200
00002020000110111
00002220011000110
11102011111000011
00000220212000011
20001122012220021
21101122000000021
01101122002220020
00000000110220000
STEP 34 P1 MOVE 5 12 7 12
OWN
01100000011012200
00002022200002200
00002020000110111
00002220011000110
11102011111000011
00000220212010011
20001122012210021
21101122000010021
01101122002220020
00000000110220000
STEP 35 P2 MOVE 5 11 7 11
OWN
01100000011012200
00002022200002200
00002020000110111
00002220011000110
11102011111000011
00000220212210011
20001122012210021
21101122000210021
01101122002220020
00000000110220000
STEP 36 P1 MOVE 6 13 7 13
OWN
01100000011012200
00002022200002200
00002020000110111
00002220011000110
11102011111000011
00000220212210011
20001122012211021
21101122000211021
01101122002220020
00000000110220000
STEP 37 P2 MOVE 3 5 4 7
OWN
01100000011012200
00002022200002200
00002020000110111
00002222011000110
11102222111000011
00000220212210011
20001122012211021
21101122000211021
01101122002220020
00000000110220000
STEP 38 P1 MOVE 3 3 3 8
OWN
01100000011012200
00002022200002200
00002020000110111
00011111111000110
11102222111000011
00000220212210011
20001122012211021
21101122000211021
01101122002220020
00000000110220000
STEP 39 P2 MOVE -1 -1 -1 -1
OWN
01100000011012200
00002022200002200
00002020000110111
00011111111000110
11102222111000011
00000220212210011
20001122012211021
21101122000211021
01101122002220020
00000000110220000
STEP 40 P1 MOVE 2 8 6 8
OWN
01100000011012200
00002022200002200
00002020100110111
00011111111000110
11102222111000011
00000220112210011
20001122112211021
21101122000211021
01101122002220020
00000000110220000
STEP 41 P2 MOVE 4 3 4 11
OWN
01100000011012200
00002022200002200
00002020100110111
00011111111000110
11122222222200011
00000220112210011
20001122112211021
21101122000211021
01101122002220020
00000000110220000
STEP 42 P1 MOVE 2 4 5 5
OWN
01100000011012200
00002022200002200
00001120100110111
00011111111000110
11121122222200011
00001120112210011
20001122112211021
21101122000211021
01101122002220020
00000000110220000
STEP 43 P2 MOVE 5 7 7 8
OWN
01100000011012200
00002022200002200
00001120100110111
00011111111000110
11121122222200011
00001122212210011
20001122212211021
21101122200211021
01101122002220020
00000000110220000
STEP 44 P1 MOVE -1 -1 -1 -1
OWN
01100000011012200
00002022200002200
00001120100110111
00011111111000110
11121122222200011
00001122212210011
20001122212211021
21101122200211021
01101122002220020
00000000110220000
STEP 45 P2 MOVE -1 -1 -1 -1
OWN
01100000011012200
00002022200002200
00001120100110111
00011111111000110
11121122222200011
00001122212210011
20001122212211021
21101122200211021
01101122002220020
00000000110220000
RESULT first=55 second=42 winner=1
ANALYSIS winner=P1 score=55-42 reason=Ĺ»ĂëżěŔ§(+5Ä­ »©ľŃŔ˝,2ąčČż°ú) / şóÄ­Ľ±Áˇ(+3) steal(w/l)=15/10 neu(w/l)=50/47
