BOARD
57229234623278527
96732468159376367
31437277213221238
15355964369186762
22573597245958171
56678334879413226
43486172118566438
98576218315623619
22514429469228198
93762463394695787
STEP 0 P1 MOVE 2 10 2 14
OWN
00000000000000000
00000000000000000
00000000001111100
00000000000000000
00000000000000000
00000000000000000
00000000000000000
00000000000000000
00000000000000000
00000000000000000
STEP 1 P2 MOVE 5 5 8 5
OWN
00000000000000000
00000000000000000
00000000001111100
00000000000000000
00000000000000000
00000200000000000
00000200000000000
00000200000000000
00000200000000000
00000000000000000
STEP 2 P1 MOVE 8 0 8 3
OWN
00000000000000000
00000000000000000
00000000001111100
00000000000000000
00000000000000000
00000200000000000
00000200000000000
00000200000000000
11110200000000000
00000000000000000
STEP 3 P2 MOVE 8 4 9 5
OWN
00000000000000000
00000000000000000
00000000001111100
00000000000000000
00000000000000000
00000200000000000
00000200000000000
00000200000000000
11112200000000000
00002200000000000
STEP 4 P1 MOVE 2 0 3 1
OWN
00000000000000000
00000000000000000
11000000001111100
11000000000000000
00000000000000000
00000200000000000
00000200000000000
00000200000000000
11112200000000000
00002200000000000
STEP 5 P2 MOVE 6 6 6 8
OWN
00000000000000000
00000000000000000
11000000001111100
11000000000000000
00000000000000000
00000200000000000
00000222200000000
00000200000000000
11112200000000000
00002200000000000
STEP 6 P1 MOVE 5 11 5 14
OWN
00000000000000000
00000000000000000
11000000001111100
11000000000000000
00000000000000000
00000200000111100
00000222200000000
00000200000000000
11112200000000000
00002200000000000
STEP 7 P2 MOVE 4 14 5 15
OWN
00000000000000000
00000000000000000
11000000001111100
11000000000000000
00000000000000220
00000200000111220
00000222200000000
00000200000000000
11112200000000000
00002200000000000
STEP 8 P1 MOVE 3 15 7 15
OWN
00000000000000000
00000000000000000
11000000001111100
11000000000000010
00000000000000210
00000200000111210
00000222200000010
00000200000000010
11112200000000000
00002200000000000
STEP 9 P2 MOVE 3 14 4 16
OWN
00000000000000000
00000000000000000
11000000001111100
11000000000000222
00000000000000222
00000200000111210
00000222200000010
00000200000000010
11112200000000000
00002200000000000
STEP 10 P1 MOVE 3 10 3 11
OWN
00000000000000000
00000000000000000
11000000001111100
11000000001100222
00000000000000222
00000200000111210
00000222200000010
00000200000000010
11112200000000000
00002200000000000
STEP 11 P2 MOVE 8 14 8 15
OWN
00000000000000000
00000000000000000
11000000001111100
11000000001100222
00000000000000222
00000200000111210
00000222200000010
00000200000000010
11112200000000220
00002200000000000
STEP 12 P1 MOVE 9 10 9 11
OWN
00000000000000000
00000000000000000
11000000001111100
11000000001100222
00000000000000222
00000200000111210
00000222200000010
00000200000000010
11112200000000220
00002200001100000
STEP 13 P2 MOVE 2 7 2 9
OWN
00000000000000000
00000000000000000
11000002221111100
11000000001100222
00000000000000222
00000200000111210
00000222200000010
00000200000000010
11112200000000220
00002200001100000
STEP 14 P1 MOVE 9 1 9 2
OWN
00000000000000000
00000000000000000
11000002221111100
11000000001100222
00000000000000222
00000200000111210
00000222200000010
00000200000000010
11112200000000220
01102200001100000
STEP 15 P2 MOVE 1 11 1 12
OWN
00000000000000000
00000000000220000
11000002221111100
11000000001100222
00000000000000222
00000200000111210
00000222200000010
00000200000000010
11112200000000220
01102200001100000
STEP 16 P1 MOVE 6 13 6 14
OWN
00000000000000000
00000000000220000
11000002221111100
11000000001100222
00000000000000222
00000200000111210
00000222200001110
00000200000000010
11112200000000220
01102200001100000
STEP 17 P2 MOVE 2 3 2 4
OWN
00000000000000000
00000000000220000
11022002221111100
11000000001100222
00000000000000222
00000200000111210
00000222200001110
00000200000000010
11112200000000220
01102200001100000
STEP 18 P1 MOVE 0 3 3 3
OWN
00010000000000000
00010000000220000
11012002221111100
11010000001100222
00000000000000222
00000200000111210
00000222200001110
00000200000000010
11112200000000220
01102200001100000
STEP 19 P2 MOVE 1 4 4 4
OWN
00010000000000000
00012000000220000
11012002221111100
11012000001100222
00002000000000222
00000200000111210
00000222200001110
00000200000000010
11112200000000220
01102200001100000
STEP 20 P1 MOVE 4 8 5 8
OWN
00010000000000000
00012000000220000
11012002221111100
11012000001100222
00002000100000222
00000200100111210
00000222200001110
00000200000000010
11112200000000220
01102200001100000
STEP 21 P2 MOVE 5 2 6 2
OWN
00010000000000000
00012000000220000
11012002221111100
11012000001100222
00002000100000222
00200200100111210
00200222200001110
00000200000000010
11112200000000220
01102200001100000
STEP 22 P1 MOVE 0 8 3 8
OWN
00010000100000000
00012000100220000
11012002121111100
11012000101100222
00002000100000222
00200200100111210
00200222200001110
00000200000000010
11112200000000220
01102200001100000
STEP 23 P2 MOVE 3 7 3 9
OWN
00010000100000000
00012000100220000
11012002121111100
11012002221100222
00002000100000222
00200200100111210
00200222200001110
00000200000000010
11112200000000220
01102200001100000
STEP 24 P1 MOVE 6 12 8 12
OWN
00010000100000000
00012000100220000
11012002121111100
11012002221100222
00002000100000222
00200200100111210
00200222200011110
00000200000010010
11112200000010220
01102200001100000
STEP 25 P2 MOVE 8 11 8 13
OWN
00010000100000000
00012000100220000
11012002121111100
11012002221100222
00002000100000222
00200200100111210
00200222200011110
00000200000010010
11112200000222220
01102200001100000
STEP 26 P1 MOVE 1 5 1 6
OWN
00010000100000000
00012110100220000
11012002121111100
11012002221100222
00002000100000222
00200200100111210
00200222200011110
00000200000010010
11112200000222220
01102200001100000
STEP 27 P2 MOVE 0 6 2 6
OWN
00010020100000000
00012120100220000
11012022121111100
11012002221100222
00002000100000222
00200200100111210
00200222200011110
00000200000010010
11112200000222220
01102200001100000
STEP 28 P1 MOVE -1 -1 -1 -1
OWN
00010020100000000
00012120100220000
11012022121111100
11012002221100222
00002000100000222
00200200100111210
00200222200011110
00000200000010010
11112200000222220
01102200001100000
STEP 29 P2 MOVE 1 5 2 7
OWN
00010020100000000
00012222100220000
11012222121111100
11012002221100222
00002000100000222
00200200100111210
00200222200011110
00000200000010010
11112200000222220
01102200001100000
STEP 30 P1 MOVE 0 6 3 7
OWN
00010011100000000
00012211100220000
11012211121111100
11012011221100222
00002000100000222
00200200100111210
00200222200011110
00000200000010010
11112200000222220
01102200001100000
STEP 31 P2 MOVE -1 -1 -1 -1
OWN
00010011100000000
00012211100220000
11012211121111100
11012011221100222
00002000100000222
00200200100111210
00200222200011110
00000200000010010
11112200000222220
01102200001100000
STEP 32 P1 MOVE -1 -1 -1 -1
OWN
00010011100000000
00012211100220000
11012211121111100
11012011221100222
00002000100000222
00200200100111210
00200222200011110
00000200000010010
11112200000222220
01102200001100000
RESULT first=46 second=35 winner=1
ANALYSIS winner=P1 score=46-35 reason=Ĺ»ĂëżěŔ§(+3Ä­ »©ľŃŔ˝,2ąčČż°ú) / şóÄ­Ľ±Áˇ(+5) steal(w/l)=10/7 neu(w/l)=43/38
