BOARD
62366828148844684
33112549827939122
96548394442794274
76527851981336657
78684974477944768
84168117222724512
72323959719276443
63222934554492563
56469542332455391
58912223655482719
STEP 0 P1 MOVE 9 3 9 7
OWN
00000000000000000
00000000000000000
00000000000000000
00000000000000000
00000000000000000
00000000000000000
00000000000000000
00000000000000000
00000000000000000
00011111000000000
STEP 1 P2 MOVE 1 0 1 4
OWN
00000000000000000
22222000000000000
00000000000000000
00000000000000000
00000000000000000
00000000000000000
00000000000000000
00000000000000000
00000000000000000
00011111000000000
STEP 2 P1 MOVE 5 15 6 16
OWN
00000000000000000
22222000000000000
00000000000000000
00000000000000000
00000000000000000
00000000000000011
00000000000000011
00000000000000000
00000000000000000
00011111000000000
STEP 3 P2 MOVE 5 2 8 2
OWN
00000000000000000
22222000000000000
00000000000000000
00000000000000000
00000000000000000
00200000000000011
00200000000000011
00200000000000000
00200000000000000
00011111000000000
STEP 4 P1 MOVE 2 10 4 10
OWN
00000000000000000
22222000000000000
00000000001000000
00000000001000000
00000000001000000
00200000000000011
00200000000000011
00200000000000000
00200000000000000
00011111000000000
STEP 5 P2 MOVE 8 7 8 10
OWN
00000000000000000
22222000000000000
00000000001000000
00000000001000000
00000000001000000
00200000000000011
00200000000000011
00200000000000000
00200002222000000
00011111000000000
STEP 6 P1 MOVE 7 9 9 9
OWN
00000000000000000
22222000000000000
00000000001000000
00000000001000000
00000000001000000
00200000000000011
00200000000000011
00200000010000000
00200002212000000
00011111010000000
STEP 7 P2 MOVE 0 9 2 9
OWN
00000000020000000
22222000020000000
00000000021000000
00000000001000000
00000000001000000
00200000000000011
00200000000000011
00200000010000000
00200002212000000
00011111010000000
STEP 8 P1 MOVE 5 4 5 6
OWN
00000000020000000
22222000020000000
00000000021000000
00000000001000000
00000000001000000
00201110000000011
00200000000000011
00200000010000000
00200002212000000
00011111010000000
STEP 9 P2 MOVE 0 16 2 16
OWN
00000000020000002
22222000020000002
00000000021000002
00000000001000000
00000000001000000
00201110000000011
00200000000000011
00200000010000000
00200002212000000
00011111010000000
STEP 10 P1 MOVE 0 3 2 3
OWN
00010000020000002
22212000020000002
00010000021000002
00000000001000000
00000000001000000
00201110000000011
00200000000000011
00200000010000000
00200002212000000
00011111010000000
STEP 11 P2 MOVE 6 11 8 11
OWN
00010000020000002
22212000020000002
00010000021000002
00000000001000000
00000000001000000
00201110000000011
00200000000200011
00200000010200000
00200002212200000
00011111010000000
STEP 12 P1 MOVE 9 13 9 15
OWN
00010000020000002
22212000020000002
00010000021000002
00000000001000000
00000000001000000
00201110000000011
00200000000200011
00200000010200000
00200002212200000
00011111010001110
STEP 13 P2 MOVE 8 16 9 16
OWN
00010000020000002
22212000020000002
00010000021000002
00000000001000000
00000000001000000
00201110000000011
00200000000200011
00200000010200000
00200002212200002
00011111010001112
STEP 14 P1 MOVE 2 13 3 13
OWN
00010000020000002
22212000020000002
00010000021001002
00000000001001000
00000000001000000
00201110000000011
00200000000200011
00200000010200000
00200002212200002
00011111010001112
STEP 15 P2 MOVE 8 0 9 0
OWN
00010000020000002
22212000020000002
00010000021001002
00000000001001000
00000000001000000
00201110000000011
00200000000200011
00200000010200000
20200002212200002
20011111010001112
STEP 16 P1 MOVE 6 9 6 10
OWN
00010000020000002
22212000020000002
00010000021001002
00000000001001000
00000000001000000
00201110000000011
00200000011200011
00200000010200000
20200002212200002
20011111010001112
STEP 17 P2 MOVE 0 5 0 6
OWN
00010220020000002
22212000020000002
00010000021001002
00000000001001000
00000000001000000
00201110000000011
00200000011200011
00200000010200000
20200002212200002
20011111010001112
STEP 18 P1 MOVE 1 13 1 14
OWN
00010220020000002
22212000020001102
00010000021001002
00000000001001000
00000000001000000
00201110000000011
00200000011200011
00200000010200000
20200002212200002
20011111010001112
STEP 19 P2 MOVE 0 13 0 14
OWN
00010220020002202
22212000020001102
00010000021001002
00000000001001000
00000000001000000
00201110000000011
00200000011200011
00200000010200000
20200002212200002
20011111010001112
STEP 20 P1 MOVE 0 15 1 15
OWN
00010220020002212
22212000020001112
00010000021001002
00000000001001000
00000000001000000
00201110000000011
00200000011200011
00200000010200000
20200002212200002
20011111010001112
STEP 21 P2 MOVE 8 12 8 13
OWN
00010220020002212
22212000020001112
00010000021001002
00000000001001000
00000000001000000
00201110000000011
00200000011200011
00200000010200000
20200002212222002
20011111010001112
STEP 22 P1 MOVE 5 13 6 13
OWN
00010220020002212
22212000020001112
00010000021001002
00000000001001000
00000000001000000
00201110000001011
00200000011201011
00200000010200000
20200002212222002
20011111010001112
STEP 23 P2 MOVE 7 13 8 14
OWN
00010220020002212
22212000020001112
00010000021001002
00000000001001000
00000000001000000
00201110000001011
00200000011201011
00200000010202200
20200002212222202
20011111010001112
STEP 24 P1 MOVE 6 14 7 15
OWN
00010220020002212
22212000020001112
00010000021001002
00000000001001000
00000000001000000
00201110000001011
00200000011201111
00200000010202110
20200002212222202
20011111010001112
STEP 25 P2 MOVE 4 12 5 13
OWN
00010220020002212
22212000020001112
00010000021001002
00000000001001000
00000000001022000
00201110000022011
00200000011201111
00200000010202110
20200002212222202
20011111010001112
STEP 26 P1 MOVE 3 12 6 12
OWN
00010220020002212
22212000020001112
00010000021001002
00000000001011000
00000000001012000
00201110000012011
00200000011211111
00200000010202110
20200002212222202
20011111010001112
STEP 27 P2 MOVE 2 2 3 2
OWN
00010220020002212
22212000020001112
00210000021001002
00200000001011000
00000000001012000
00201110000012011
00200000011211111
00200000010202110
20200002212222202
20011111010001112
STEP 28 P1 MOVE 2 11 3 11
OWN
00010220020002212
22212000020001112
00210000021101002
00200000001111000
00000000001012000
00201110000012011
00200000011211111
00200000010202110
20200002212222202
20011111010001112
STEP 29 P2 MOVE 3 3 4 3
OWN
00010220020002212
22212000020001112
00210000021101002
00220000001111000
00020000001012000
00201110000012011
00200000011211111
00200000010202110
20200002212222202
20011111010001112
STEP 30 P1 MOVE 4 2 4 4
OWN
00010220020002212
22212000020001112
00210000021101002
00220000001111000
00111000001012000
00201110000012011
00200000011211111
00200000010202110
20200002212222202
20011111010001112
STEP 31 P2 MOVE 5 1 5 3
OWN
00010220020002212
22212000020001112
00210000021101002
00220000001111000
00111000001012000
02221110000012011
00200000011211111
00200000010202110
20200002212222202
20011111010001112
STEP 32 P1 MOVE 4 1 6 1
OWN
00010220020002212
22212000020001112
00210000021101002
00220000001111000
01111000001012000
01221110000012011
01200000011211111
00200000010202110
20200002212222202
20011111010001112
STEP 33 P2 MOVE 3 4 6 4
OWN
00010220020002212
22212000020001112
00210000021101002
00222000001111000
01112000001012000
01222110000012011
01202000011211111
00200000010202110
20200002212222202
20011111010001112
STEP 34 P1 MOVE -1 -1 -1 -1
OWN
00010220020002212
22212000020001112
00210000021101002
00222000001111000
01112000001012000
01222110000012011
01202000011211111
00200000010202110
20200002212222202
20011111010001112
STEP 35 P2 MOVE 8 6 9 8
OWN
00010220020002212
22212000020001112
00210000021101002
00222000001111000
01112000001012000
01222110000012011
01202000011211111
00200000010202110
20200022212222202
20011122210001112
STEP 36 P1 MOVE 8 5 9 10
OWN
00010220020002212
22212000020001112
00210000021101002
00222000001111000
01112000001012000
01222110000012011
01202000011211111
00200000010202110
20200111111222202
20011111111001112
STEP 37 P2 MOVE 2 3 6 4
OWN
00010220020002212
22212000020001112
00222000021101002
00222000001111000
01122000001012000
01222110000012011
01222000011211111
00200000010202110
20200111111222202
20011111111001112
STEP 38 P1 MOVE 0 3 7 4
OWN
00011220020002212
22211000020001112
00211000021101002
00211000001111000
01111000001012000
01211110000012011
01211000011211111
00211000010202110
20200111111222202
20011111111001112
STEP 39 P2 MOVE -1 -1 -1 -1
OWN
00011220020002212
22211000020001112
00211000021101002
00211000001111000
01111000001012000
01211110000012011
01211000011211111
00211000010202110
20200111111222202
20011111111001112
STEP 40 P1 MOVE -1 -1 -1 -1
OWN
00011220020002212
22211000020001112
00211000021101002
00211000001111000
01111000001012000
01211110000012011
01211000011211111
00211000010202110
20200111111222202
20011111111001112
RESULT first=65 second=32 winner=1
ANALYSIS winner=P1 score=65-32 reason=Ĺ»ĂëżěŔ§(+18Ä­ »©ľŃŔ˝,2ąčČż°ú) steal(w/l)=25/7 neu(w/l)=47/50
