BOARD
15825416514555429
52726137836618922
84148371863281787
19354145133553124
99413937829484177
66755236382546854
83493978693118829
41647944685427387
17725426299927779
35796161342432444
STEP 0 P1 MOVE 3 13 3 16
OWN
00000000000000000
00000000000000000
00000000000000000
00000000000001111
00000000000000000
00000000000000000
00000000000000000
00000000000000000
00000000000000000
00000000000000000
STEP 1 P2 MOVE 9 9 9 11
OWN
00000000000000000
00000000000000000
00000000000000000
00000000000001111
00000000000000000
00000000000000000
00000000000000000
00000000000000000
00000000000000000
00000000022200000
STEP 2 P1 MOVE 0 8 0 10
OWN
00000000111000000
00000000000000000
00000000000000000
00000000000001111
00000000000000000
00000000000000000
00000000000000000
00000000000000000
00000000000000000
00000000022200000
STEP 3 P2 MOVE 1 4 1 6
OWN
00000000111000000
00002220000000000
00000000000000000
00000000000001111
00000000000000000
00000000000000000
00000000000000000
00000000000000000
00000000000000000
00000000022200000
STEP 4 P1 MOVE 0 4 0 6
OWN
00001110111000000
00002220000000000
00000000000000000
00000000000001111
00000000000000000
00000000000000000
00000000000000000
00000000000000000
00000000000000000
00000000022200000
STEP 5 P2 MOVE 7 7 7 8
OWN
00001110111000000
00002220000000000
00000000000000000
00000000000001111
00000000000000000
00000000000000000
00000000000000000
00000002200000000
00000000000000000
00000000022200000
STEP 6 P1 MOVE 8 6 8 8
OWN
00001110111000000
00002220000000000
00000000000000000
00000000000001111
00000000000000000
00000000000000000
00000000000000000
00000002200000000
00000011100000000
00000000022200000
STEP 7 P2 MOVE 5 12 5 13
OWN
00001110111000000
00002220000000000
00000000000000000
00000000000001111
00000000000000000
00000000000022000
00000000000000000
00000002200000000
00000011100000000
00000000022200000
STEP 8 P1 MOVE 3 11 3 12
OWN
00001110111000000
00002220000000000
00000000000000000
00000000000111111
00000000000000000
00000000000022000
00000000000000000
00000002200000000
00000011100000000
00000000022200000
STEP 9 P2 MOVE 3 3 3 5
OWN
00001110111000000
00002220000000000
00000000000000000
00022200000111111
00000000000000000
00000000000022000
00000000000000000
00000002200000000
00000011100000000
00000000022200000
STEP 10 P1 MOVE 3 6 5 6
OWN
00001110111000000
00002220000000000
00000000000000000
00022210000111111
00000010000000000
00000010000022000
00000000000000000
00000002200000000
00000011100000000
00000000022200000
STEP 11 P2 MOVE 0 11 0 12
OWN
00001110111220000
00002220000000000
00000000000000000
00022210000111111
00000010000000000
00000010000022000
00000000000000000
00000002200000000
00000011100000000
00000000022200000
STEP 12 P1 MOVE 7 14 8 14
OWN
00001110111220000
00002220000000000
00000000000000000
00022210000111111
00000010000000000
00000010000022000
00000000000000000
00000002200000100
00000011100000100
00000000022200000
STEP 13 P2 MOVE 3 0 4 0
OWN
00001110111220000
00002220000000000
00000000000000000
20022210000111111
20000010000000000
00000010000022000
00000000000000000
00000002200000100
00000011100000100
00000000022200000
STEP 14 P1 MOVE 6 14 6 15
OWN
00001110111220000
00002220000000000
00000000000000000
20022210000111111
20000010000000000
00000010000022000
00000000000000110
00000002200000100
00000011100000100
00000000022200000
STEP 15 P2 MOVE 6 11 6 13
OWN
00001110111220000
00002220000000000
00000000000000000
20022210000111111
20000010000000000
00000010000022000
00000000000222110
00000002200000100
00000011100000100
00000000022200000
STEP 16 P1 MOVE 7 6 9 6
OWN
00001110111220000
00002220000000000
00000000000000000
20022210000111111
20000010000000000
00000010000022000
00000000000222110
00000012200000100
00000011100000100
00000010022200000
STEP 17 P2 MOVE 5 10 7 10
OWN
00001110111220000
00002220000000000
00000000000000000
20022210000111111
20000010000000000
00000010002022000
00000000002222110
00000012202000100
00000011100000100
00000010022200000
STEP 18 P1 MOVE 4 9 5 9
OWN
00001110111220000
00002220000000000
00000000000000000
20022210000111111
20000010010000000
00000010012022000
00000000002222110
00000012202000100
00000011100000100
00000010022200000
STEP 19 P2 MOVE 5 3 5 4
OWN
00001110111220000
00002220000000000
00000000000000000
20022210000111111
20000010010000000
00022010012022000
00000000002222110
00000012202000100
00000011100000100
00000010022200000
STEP 20 P1 MOVE 4 3 6 3
OWN
00001110111220000
00002220000000000
00000000000000000
20022210000111111
20010010010000000
00012010012022000
00010000002222110
00000012202000100
00000011100000100
00000010022200000
STEP 21 P2 MOVE 0 2 0 3
OWN
00221110111220000
00002220000000000
00000000000000000
20022210000111111
20010010010000000
00012010012022000
00010000002222110
00000012202000100
00000011100000100
00000010022200000
STEP 22 P1 MOVE 6 1 6 4
OWN
00221110111220000
00002220000000000
00000000000000000
20022210000111111
20010010010000000
00012010012022000
01111000002222110
00000012202000100
00000011100000100
00000010022200000
STEP 23 P2 MOVE 1 3 7 3
OWN
00221110111220000
00022220000000000
00020000000000000
20022210000111111
20020010010000000
00022010012022000
01121000002222110
00020012202000100
00000011100000100
00000010022200000
STEP 24 P1 MOVE 3 2 4 4
OWN
00221110111220000
00022220000000000
00020000000000000
20111210000111111
20111010010000000
00022010012022000
01121000002222110
00020012202000100
00000011100000100
00000010022200000
STEP 25 P2 MOVE 1 15 2 15
OWN
00221110111220000
00022220000000020
00020000000000020
20111210000111111
20111010010000000
00022010012022000
01121000002222110
00020012202000100
00000011100000100
00000010022200000
STEP 26 P1 MOVE 9 13 9 15
OWN
00221110111220000
00022220000000020
00020000000000020
20111210000111111
20111010010000000
00022010012022000
01121000002222110
00020012202000100
00000011100000100
00000010022201110
STEP 27 P2 MOVE 9 8 9 16
OWN
00221110111220000
00022220000000020
00020000000000020
20111210000111111
20111010010000000
00022010012022000
01121000002222110
00020012202000100
00000011100000100
00000010222222222
STEP 28 P1 MOVE 8 7 9 9
OWN
00221110111220000
00022220000000020
00020000000000020
20111210000111111
20111010010000000
00022010012022000
01121000002222110
00020012202000100
00000011110000100
00000011112222222
STEP 29 P2 MOVE 4 12 7 12
OWN
00221110111220000
00022220000000020
00020000000000020
20111210000111111
20111010010020000
00022010012022000
01121000002222110
00020012202020100
00000011110000100
00000011112222222
STEP 30 P1 MOVE 2 12 8 12
OWN
00221110111220000
00022220000000020
00020000000010020
20111210000111111
20111010010010000
00022010012012000
01121000002212110
00020012202010100
00000011110010100
00000011112222222
STEP 31 P2 MOVE 1 12 2 13
OWN
00221110111220000
00022220000022020
00020000000022020
20111210000111111
20111010010010000
00022010012012000
01121000002212110
00020012202010100
00000011110010100
00000011112222222
STEP 32 P1 MOVE 2 11 4 13
OWN
00221110111220000
00022220000022020
00020000000111020
20111210000111111
20111010010111000
00022010012012000
01121000002212110
00020012202010100
00000011110010100
00000011112222222
STEP 33 P2 MOVE 4 10 4 14
OWN
00221110111220000
00022220000022020
00020000000111020
20111210000111111
20111010012222200
00022010012012000
01121000002212110
00020012202010100
00000011110010100
00000011112222222
STEP 34 P1 MOVE 2 10 2 14
OWN
00221110111220000
00022220000022020
00020000001111120
20111210000111111
20111010012222200
00022010012012000
01121000002212110
00020012202010100
00000011110010100
00000011112222222
STEP 35 P2 MOVE 2 10 3 16
OWN
00221110111220000
00022220000022020
00020000002222222
20111210002222222
20111010012222200
00022010012012000
01121000002212110
00020012202010100
00000011110010100
00000011112222222
STEP 36 P1 MOVE 3 9 4 15
OWN
00221110111220000
00022220000022020
00020000002222222
20111210011111112
20111010011111110
00022010012012000
01121000002212110
00020012202010100
00000011110010100
00000011112222222
STEP 37 P2 MOVE -1 -1 -1 -1
OWN
00221110111220000
00022220000022020
00020000002222222
20111210011111112
20111010011111110
00022010012012000
01121000002212110
00020012202010100
00000011110010100
00000011112222222
STEP 38 P1 MOVE -1 -1 -1 -1
OWN
00221110111220000
00022220000022020
00020000002222222
20111210011111112
20111010011111110
00022010012012000
01121000002212110
00020012202010100
00000011110010100
00000011112222222
RESULT first=50 second=42 winner=1
ANALYSIS winner=P1 score=50-42 reason=綴蘊摹薄(+4) steal(w/l)=23/21 neu(w/l)=48/44
