BOARD
56363563824713568
19115334196495196
16737817561813466
12734478662155838
93812881314277747
52353326241461875
33276321153963751
14292581713564174
85158445561898451
68971667133688453
STEP 0 P1 MOVE 2 10 2 12
OWN
00000000000000000
00000000000000000
00000000001110000
00000000000000000
00000000000000000
00000000000000000
00000000000000000
00000000000000000
00000000000000000
00000000000000000
STEP 1 P2 MOVE 4 9 5 10
OWN
00000000000000000
00000000000000000
00000000001110000
00000000000000000
00000000022000000
00000000022000000
00000000000000000
00000000000000000
00000000000000000
00000000000000000
STEP 2 P1 MOVE 2 0 3 1
OWN
00000000000000000
00000000000000000
11000000001110000
11000000000000000
00000000022000000
00000000022000000
00000000000000000
00000000000000000
00000000000000000
00000000000000000
STEP 3 P2 MOVE 8 14 8 16
OWN
00000000000000000
00000000000000000
11000000001110000
11000000000000000
00000000022000000
00000000022000000
00000000000000000
00000000000000000
00000000000000222
00000000000000000
STEP 4 P1 MOVE 0 3 2 3
OWN
00010000000000000
00010000000000000
11010000001110000
11000000000000000
00000000022000000
00000000022000000
00000000000000000
00000000000000000
00000000000000222
00000000000000000
STEP 5 P2 MOVE 5 0 5 2
OWN
00010000000000000
00010000000000000
11010000001110000
11000000000000000
00000000022000000
22200000022000000
00000000000000000
00000000000000000
00000000000000222
00000000000000000
STEP 6 P1 MOVE 3 3 4 4
OWN
00010000000000000
00010000000000000
11010000001110000
11011000000000000
00011000022000000
22200000022000000
00000000000000000
00000000000000000
00000000000000222
00000000000000000
STEP 7 P2 MOVE 0 6 2 6
OWN
00010020000000000
00010020000000000
11010020001110000
11011000000000000
00011000022000000
22200000022000000
00000000000000000
00000000000000000
00000000000000222
00000000000000000
STEP 8 P1 MOVE 1 0 4 0
OWN
00010020000000000
10010020000000000
11010020001110000
11011000000000000
10011000022000000
22200000022000000
00000000000000000
00000000000000000
00000000000000222
00000000000000000
STEP 9 P2 MOVE 1 10 1 11
OWN
00010020000000000
10010020002200000
11010020001110000
11011000000000000
10011000022000000
22200000022000000
00000000000000000
00000000000000000
00000000000000222
00000000000000000
STEP 10 P1 MOVE 4 1 7 1
OWN
00010020000000000
10010020002200000
11010020001110000
11011000000000000
11011000022000000
21200000022000000
01000000000000000
01000000000000000
00000000000000222
00000000000000000
STEP 11 P2 MOVE 6 1 8 2
OWN
00010020000000000
10010020002200000
11010020001110000
11011000000000000
11011000022000000
21200000022000000
02200000000000000
02200000000000000
02200000000000222
00000000000000000
STEP 12 P1 MOVE 7 0 7 3
OWN
00010020000000000
10010020002200000
11010020001110000
11011000000000000
11011000022000000
21200000022000000
02200000000000000
11110000000000000
02200000000000222
00000000000000000
STEP 13 P2 MOVE 6 0 6 3
OWN
00010020000000000
10010020002200000
11010020001110000
11011000000000000
11011000022000000
21200000022000000
22220000000000000
11110000000000000
02200000000000222
00000000000000000
STEP 14 P1 MOVE 5 3 8 3
OWN
00010020000000000
10010020002200000
11010020001110000
11011000000000000
11011000022000000
21210000022000000
22210000000000000
11110000000000000
02210000000000222
00000000000000000
STEP 15 P2 MOVE 2 4 5 4
OWN
00010020000000000
10010020002200000
11012020001110000
11012000000000000
11012000022000000
21212000022000000
22210000000000000
11110000000000000
02210000000000222
00000000000000000
STEP 16 P1 MOVE 2 14 2 15
OWN
00010020000000000
10010020002200000
11012020001110110
11012000000000000
11012000022000000
21212000022000000
22210000000000000
11110000000000000
02210000000000222
00000000000000000
STEP 17 P2 MOVE 8 6 9 6
OWN
00010020000000000
10010020002200000
11012020001110110
11012000000000000
11012000022000000
21212000022000000
22210000000000000
11110000000000000
02210020000000222
00000020000000000
STEP 18 P1 MOVE 5 8 7 8
OWN
00010020000000000
10010020002200000
11012020001110110
11012000000000000
11012000022000000
21212000122000000
22210000100000000
11110000100000000
02210020000000222
00000020000000000
STEP 19 P2 MOVE 5 5 6 6
OWN
00010020000000000
10010020002200000
11012020001110110
11012000000000000
11012000022000000
21212220122000000
22210220100000000
11110000100000000
02210020000000222
00000020000000000
STEP 20 P1 MOVE 6 6 7 7
OWN
00010020000000000
10010020002200000
11012020001110110
11012000000000000
11012000022000000
21212220122000000
22210211100000000
11110011100000000
02210020000000222
00000020000000000
STEP 21 P2 MOVE 0 8 0 9
OWN
00010020220000000
10010020002200000
11012020001110110
11012000000000000
11012000022000000
21212220122000000
22210211100000000
11110011100000000
02210020000000222
00000020000000000
STEP 22 P1 MOVE 1 14 1 15
OWN
00010020220000000
10010020002200110
11012020001110110
11012000000000000
11012000022000000
21212220122000000
22210211100000000
11110011100000000
02210020000000222
00000020000000000
STEP 23 P2 MOVE 7 4 8 4
OWN
00010020220000000
10010020002200110
11012020001110110
11012000000000000
11012000022000000
21212220122000000
22210211100000000
11112011100000000
02212020000000222
00000020000000000
STEP 24 P1 MOVE 6 13 6 14
OWN
00010020220000000
10010020002200110
11012020001110110
11012000000000000
11012000022000000
21212220122000000
22210211100001100
11112011100000000
02212020000000222
00000020000000000
STEP 25 P2 MOVE 5 11 5 12
OWN
00010020220000000
10010020002200110
11012020001110110
11012000000000000
11012000022000000
21212220122220000
22210211100001100
11112011100000000
02212020000000222
00000020000000000
STEP 26 P1 MOVE 0 11 4 11
OWN
00010020220100000
10010020002100110
11012020001110110
11012000000100000
11012000022100000
21212220122220000
22210211100001100
11112011100000000
02212020000000222
00000020000000000
STEP 27 P2 MOVE 4 8 4 12
OWN
00010020220100000
10010020002100110
11012020001110110
11012000000100000
11012000222220000
21212220122220000
22210211100001100
11112011100000000
02212020000000222
00000020000000000
STEP 28 P1 MOVE 0 12 1 12
OWN
00010020220110000
10010020002110110
11012020001110110
11012000000100000
11012000222220000
21212220122220000
22210211100001100
11112011100000000
02212020000000222
00000020000000000
STEP 29 P2 MOVE 8 7 8 8
OWN
00010020220110000
10010020002110110
11012020001110110
11012000000100000
11012000222220000
21212220122220000
22210211100001100
11112011100000000
02212022200000222
00000020000000000
STEP 30 P1 MOVE 6 10 9 10
OWN
00010020220110000
10010020002110110
11012020001110110
11012000000100000
11012000222220000
21212220122220000
22210211101001100
11112011101000000
02212022201000222
00000020001000000
STEP 31 P2 MOVE 7 9 9 9
OWN
00010020220110000
10010020002110110
11012020001110110
11012000000100000
11012000222220000
21212220122220000
22210211101001100
11112011121000000
02212022221000222
00000020021000000
STEP 32 P1 MOVE 6 5 7 9
OWN
00010020220110000
10010020002110110
11012020001110110
11012000000100000
11012000222220000
21212220122220000
22210111111001100
11112111111000000
02212022221000222
00000020021000000
STEP 33 P2 MOVE 6 4 8 5
OWN
00010020220110000
10010020002110110
11012020001110110
11012000000100000
11012000222220000
21212220122220000
22212211111001100
11112211111000000
02212222221000222
00000020021000000
STEP 34 P1 MOVE -1 -1 -1 -1
OWN
00010020220110000
10010020002110110
11012020001110110
11012000000100000
11012000222220000
21212220122220000
22212211111001100
11112211111000000
02212222221000222
00000020021000000
STEP 35 P2 MOVE 7 12 7 13
OWN
00010020220110000
10010020002110110
11012020001110110
11012000000100000
11012000222220000
21212220122220000
22212211111001100
11112211111022000
02212222221000222
00000020021000000
STEP 36 P1 MOVE 5 13 7 14
OWN
00010020220110000
10010020002110110
11012020001110110
11012000000100000
11012000222220000
21212220122221100
22212211111001100
11112211111021100
02212222221000222
00000020021000000
STEP 37 P2 MOVE 3 12 3 13
OWN
00010020220110000
10010020002110110
11012020001110110
11012000000122000
11012000222220000
21212220122221100
22212211111001100
11112211111021100
02212222221000222
00000020021000000
STEP 38 P1 MOVE 1 10 3 13
OWN
00010020220110000
10010020001111110
11012020001111110
11012000001111000
11012000222220000
21212220122221100
22212211111001100
11112211111021100
02212222221000222
00000020021000000
STEP 39 P2 MOVE 0 13 4 13
OWN
00010020220112000
10010020001112110
11012020001112110
11012000001112000
11012000222222000
21212220122221100
22212211111001100
11112211111021100
02212222221000222
00000020021000000
STEP 40 P1 MOVE -1 -1 -1 -1
OWN
00010020220112000
10010020001112110
11012020001112110
11012000001112000
11012000222222000
21212220122221100
22212211111001100
11112211111021100
02212222221000222
00000020021000000
STEP 41 P2 MOVE 1 8 1 9
OWN
00010020220112000
10010020221112110
11012020001112110
11012000001112000
11012000222222000
21212220122221100
22212211111001100
11112211111021100
02212222221000222
00000020021000000
STEP 42 P1 MOVE 1 7 1 16
OWN
00010020220112000
10010021111111111
11012020001112110
11012000001112000
11012000222222000
21212220122221100
22212211111001100
11112211111021100
02212222221000222
00000020021000000
STEP 43 P2 MOVE 0 7 2 7
OWN
00010022220112000
10010022111111111
11012022001112110
11012000001112000
11012000222222000
21212220122221100
22212211111001100
11112211111021100
02212222221000222
00000020021000000
STEP 44 P1 MOVE -1 -1 -1 -1
OWN
00010022220112000
10010022111111111
11012022001112110
11012000001112000
11012000222222000
21212220122221100
22212211111001100
11112211111021100
02212222221000222
00000020021000000
STEP 45 P2 MOVE 0 9 2 10
OWN
00010022222112000
10010022122111111
11012022022112110
11012000001112000
11012000222222000
21212220122221100
22212211111001100
11112211111021100
02212222221000222
00000020021000000
STEP 46 P1 MOVE 0 8 2 14
OWN
00010022111111100
10010022111111111
11012022111111110
11012000001112000
11012000222222000
21212220122221100
22212211111001100
11112211111021100
02212222221000222
00000020021000000
STEP 47 P2 MOVE -1 -1 -1 -1
OWN
00010022111111100
10010022111111111
11012022111111110
11012000001112000
11012000222222000
21212220122221100
22212211111001100
11112211111021100
02212222221000222
00000020021000000
STEP 48 P1 MOVE -1 -1 -1 -1
OWN
00010022111111100
10010022111111111
11012022111111110
11012000001112000
11012000222222000
21212220122221100
22212211111001100
11112211111021100
02212222221000222
00000020021000000
RESULT first=66 second=46 winner=1
ANALYSIS winner=P1 score=66-46 reason=탈취우위(+10칸 빼앗음,2배효과) steal(w/l)=24/14 neu(w/l)=56/56
