BOARD
98163326372942436
75379394451878393
12282557296383814
38835242453487838
54211465395411621
11369562734974267
38677658761963586
42658832936275248
14893798339555653
18389772193199155
STEP 0 P1 MOVE 5 0 9 0
OWN
00000000000000000
00000000000000000
00000000000000000
00000000000000000
00000000000000000
10000000000000000
10000000000000000
10000000000000000
10000000000000000
10000000000000000
STEP 1 P2 MOVE 4 0 5 1
OWN
00000000000000000
00000000000000000
00000000000000000
00000000000000000
22000000000000000
22000000000000000
10000000000000000
10000000000000000
10000000000000000
10000000000000000
STEP 2 P1 MOVE 3 3 4 4
OWN
00000000000000000
00000000000000000
00000000000000000
00011000000000000
22011000000000000
22000000000000000
10000000000000000
10000000000000000
10000000000000000
10000000000000000
STEP 3 P2 MOVE 3 2 3 5
OWN
00000000000000000
00000000000000000
00000000000000000
00222200000000000
22011000000000000
22000000000000000
10000000000000000
10000000000000000
10000000000000000
10000000000000000
STEP 4 P1 MOVE 3 1 4 2
OWN
00000000000000000
00000000000000000
00000000000000000
01122200000000000
21111000000000000
22000000000000000
10000000000000000
10000000000000000
10000000000000000
10000000000000000
STEP 5 P2 MOVE 1 8 1 10
OWN
00000000000000000
00000000222000000
00000000000000000
01122200000000000
21111000000000000
22000000000000000
10000000000000000
10000000000000000
10000000000000000
10000000000000000
STEP 6 P1 MOVE 0 2 0 4
OWN
00111000000000000
00000000222000000
00000000000000000
01122200000000000
21111000000000000
22000000000000000
10000000000000000
10000000000000000
10000000000000000
10000000000000000
STEP 7 P2 MOVE 0 12 0 14
OWN
00111000000022200
00000000222000000
00000000000000000
01122200000000000
21111000000000000
22000000000000000
10000000000000000
10000000000000000
10000000000000000
10000000000000000
STEP 8 P1 MOVE 3 6 3 8
OWN
00111000000022200
00000000222000000
00000000000000000
01122211100000000
21111000000000000
22000000000000000
10000000000000000
10000000000000000
10000000000000000
10000000000000000
STEP 9 P2 MOVE 4 10 6 10
OWN
00111000000022200
00000000222000000
00000000000000000
01122211100000000
21111000002000000
22000000002000000
10000000002000000
10000000000000000
10000000000000000
10000000000000000
STEP 10 P1 MOVE 9 6 9 8
OWN
00111000000022200
00000000222000000
00000000000000000
01122211100000000
21111000002000000
22000000002000000
10000000002000000
10000000000000000
10000000000000000
10000011100000000
STEP 11 P2 MOVE 4 12 4 15
OWN
00111000000022200
00000000222000000
00000000000000000
01122211100000000
21111000002022220
22000000002000000
10000000002000000
10000000000000000
10000000000000000
10000011100000000
STEP 12 P1 MOVE 8 12 8 13
OWN
00111000000022200
00000000222000000
00000000000000000
01122211100000000
21111000002022220
22000000002000000
10000000002000000
10000000000000000
10000000000011000
10000011100000000
STEP 13 P2 MOVE 1 15 2 15
OWN
00111000000022200
00000000222000020
00000000000000020
01122211100000000
21111000002022220
22000000002000000
10000000002000000
10000000000000000
10000000000011000
10000011100000000
STEP 14 P1 MOVE 3 14 5 14
OWN
00111000000022200
00000000222000020
00000000000000020
01122211100000100
21111000002022120
22000000002000100
10000000002000000
10000000000000000
10000000000011000
10000011100000000
STEP 15 P2 MOVE 2 13 3 13
OWN
00111000000022200
00000000222000020
00000000000002020
01122211100002100
21111000002022120
22000000002000100
10000000002000000
10000000000000000
10000000000011000
10000011100000000
STEP 16 P1 MOVE 5 13 5 15
OWN
00111000000022200
00000000222000020
00000000000002020
01122211100002100
21111000002022120
22000000002001110
10000000002000000
10000000000000000
10000000000011000
10000011100000000
STEP 17 P2 MOVE 2 5 2 6
OWN
00111000000022200
00000000222000020
00000220000002020
01122211100002100
21111000002022120
22000000002001110
10000000002000000
10000000000000000
10000000000011000
10000011100000000
STEP 18 P1 MOVE 9 15 9 16
OWN
00111000000022200
00000000222000020
00000220000002020
01122211100002100
21111000002022120
22000000002001110
10000000002000000
10000000000000000
10000000000011000
10000011100000011
STEP 19 P2 MOVE 4 5 4 6
OWN
00111000000022200
00000000222000020
00000220000002020
01122211100002100
21111220002022120
22000000002001110
10000000002000000
10000000000000000
10000000000011000
10000011100000011
STEP 20 P1 MOVE 7 7 8 7
OWN
00111000000022200
00000000222000020
00000220000002020
01122211100002100
21111220002022120
22000000002001110
10000000002000000
10000001000000000
10000001000011000
10000011100000011
STEP 21 P2 MOVE 0 7 1 7
OWN
00111002000022200
00000002222000020
00000220000002020
01122211100002100
21111220002022120
22000000002001110
10000000002000000
10000001000000000
10000001000011000
10000011100000011
STEP 22 P1 MOVE 2 2 2 3
OWN
00111002000022200
00000002222000020
00110220000002020
01122211100002100
21111220002022120
22000000002001110
10000000002000000
10000001000000000
10000001000011000
10000011100000011
STEP 23 P2 MOVE 1 2 1 3
OWN
00111002000022200
00220002222000020
00110220000002020
01122211100002100
21111220002022120
22000000002001110
10000000002000000
10000001000000000
10000001000011000
10000011100000011
STEP 24 P1 MOVE 0 8 0 9
OWN
00111002110022200
00220002222000020
00110220000002020
01122211100002100
21111220002022120
22000000002001110
10000000002000000
10000001000000000
10000001000011000
10000011100000011
STEP 25 P2 MOVE 4 8 5 8
OWN
00111002110022200
00220002222000020
00110220000002020
01122211100002100
21111220202022120
22000000202001110
10000000002000000
10000001000000000
10000001000011000
10000011100000011
STEP 26 P1 MOVE 5 7 6 7
OWN
00111002110022200
00220002222000020
00110220000002020
01122211100002100
21111220202022120
22000001202001110
10000001002000000
10000001000000000
10000001000011000
10000011100000011
STEP 27 P2 MOVE 8 4 8 5
OWN
00111002110022200
00220002222000020
00110220000002020
01122211100002100
21111220202022120
22000001202001110
10000001002000000
10000001000000000
10002201000011000
10000011100000011
STEP 28 P1 MOVE 9 11 9 12
OWN
00111002110022200
00220002222000020
00110220000002020
01122211100002100
21111220202022120
22000001202001110
10000001002000000
10000001000000000
10002201000011000
10000011100110011
STEP 29 P2 MOVE 9 13 9 14
OWN
00111002110022200
00220002222000020
00110220000002020
01122211100002100
21111220202022120
22000001202001110
10000001002000000
10000001000000000
10002201000011000
10000011100112211
STEP 30 P1 MOVE -1 -1 -1 -1
OWN
00111002110022200
00220002222000020
00110220000002020
01122211100002100
21111220202022120
22000001202001110
10000001002000000
10000001000000000
10002201000011000
10000011100112211
STEP 31 P2 MOVE -1 -1 -1 -1
OWN
00111002110022200
00220002222000020
00110220000002020
01122211100002100
21111220202022120
22000001202001110
10000001002000000
10000001000000000
10002201000011000
10000011100112211
RESULT first=38 second=36 winner=1
ANALYSIS winner=P1 score=38-36 reason=Ľ±°řŔĚÁˇ steal(w/l)=3/3 neu(w/l)=38/36
