BOARD
86674228522112516
27725322284194793
87641629676544159
25216616773878784
86486889147219924
95532735963796541
75942591167477425
17893811393948629
55856728721555769
14647467732456659
STEP 0 P1 MOVE 0 8 0 11
OWN
00000000111100000
00000000000000000
00000000000000000
00000000000000000
00000000000000000
00000000000000000
00000000000000000
00000000000000000
00000000000000000
00000000000000000
STEP 1 P2 MOVE 4 15 7 15
OWN
00000000111100000
00000000000000000
00000000000000000
00000000000000000
00000000000000020
00000000000000020
00000000000000020
00000000000000020
00000000000000000
00000000000000000
STEP 2 P1 MOVE 3 0 3 3
OWN
00000000111100000
00000000000000000
00000000000000000
11110000000000000
00000000000000020
00000000000000020
00000000000000020
00000000000000020
00000000000000000
00000000000000000
STEP 3 P2 MOVE 2 2 4 2
OWN
00000000111100000
00000000000000000
00200000000000000
11210000000000000
00200000000000020
00000000000000020
00000000000000020
00000000000000020
00000000000000000
00000000000000000
STEP 4 P1 MOVE 1 4 1 6
OWN
00000000111100000
00001110000000000
00200000000000000
11210000000000000
00200000000000020
00000000000000020
00000000000000020
00000000000000020
00000000000000000
00000000000000000
STEP 5 P2 MOVE 2 13 2 15
OWN
00000000111100000
00001110000000000
00200000000002220
11210000000000000
00200000000000020
00000000000000020
00000000000000020
00000000000000020
00000000000000000
00000000000000000
STEP 6 P1 MOVE 4 10 4 12
OWN
00000000111100000
00001110000000000
00200000000002220
11210000000000000
00200000001110020
00000000000000020
00000000000000020
00000000000000020
00000000000000000
00000000000000000
STEP 7 P2 MOVE 8 12 8 13
OWN
00000000111100000
00001110000000000
00200000000002220
11210000000000000
00200000001110020
00000000000000020
00000000000000020
00000000000000020
00000000000022000
00000000000000000
STEP 8 P1 MOVE 4 8 5 8
OWN
00000000111100000
00001110000000000
00200000000002220
11210000000000000
00200000101110020
00000000100000020
00000000000000020
00000000000000020
00000000000022000
00000000000000000
STEP 9 P2 MOVE 4 16 6 16
OWN
00000000111100000
00001110000000000
00200000000002220
11210000000000000
00200000101110022
00000000100000022
00000000000000022
00000000000000020
00000000000022000
00000000000000000
STEP 10 P1 MOVE 5 2 5 4
OWN
00000000111100000
00001110000000000
00200000000002220
11210000000000000
00200000101110022
00111000100000022
00000000000000022
00000000000000020
00000000000022000
00000000000000000
STEP 11 P2 MOVE 6 7 8 7
OWN
00000000111100000
00001110000000000
00200000000002220
11210000000000000
00200000101110022
00111000100000022
00000002000000022
00000002000000020
00000002000022000
00000000000000000
STEP 12 P1 MOVE 1 0 2 0
OWN
00000000111100000
10001110000000000
10200000000002220
11210000000000000
00200000101110022
00111000100000022
00000002000000022
00000002000000020
00000002000022000
00000000000000000
STEP 13 P2 MOVE 1 8 1 9
OWN
00000000111100000
10001110220000000
10200000000002220
11210000000000000
00200000101110022
00111000100000022
00000002000000022
00000002000000020
00000002000022000
00000000000000000
STEP 14 P1 MOVE 4 9 5 9
OWN
00000000111100000
10001110220000000
10200000000002220
11210000000000000
00200000111110022
00111000110000022
00000002000000022
00000002000000020
00000002000022000
00000000000000000
STEP 15 P2 MOVE 0 7 1 7
OWN
00000002111100000
10001112220000000
10200000000002220
11210000000000000
00200000111110022
00111000110000022
00000002000000022
00000002000000020
00000002000022000
00000000000000000
STEP 16 P1 MOVE 0 15 1 15
OWN
00000002111100010
10001112220000010
10200000000002220
11210000000000000
00200000111110022
00111000110000022
00000002000000022
00000002000000020
00000002000022000
00000000000000000
STEP 17 P2 MOVE 0 6 0 14
OWN
00000022222222210
10001112220000010
10200000000002220
11210000000000000
00200000111110022
00111000110000022
00000002000000022
00000002000000020
00000002000022000
00000000000000000
STEP 18 P1 MOVE 9 8 9 9
OWN
00000022222222210
10001112220000010
10200000000002220
11210000000000000
00200000111110022
00111000110000022
00000002000000022
00000002000000020
00000002000022000
00000000110000000
STEP 19 P2 MOVE 5 10 5 11
OWN
00000022222222210
10001112220000010
10200000000002220
11210000000000000
00200000111110022
00111000112200022
00000002000000022
00000002000000020
00000002000022000
00000000110000000
STEP 20 P1 MOVE 8 8 8 10
OWN
00000022222222210
10001112220000010
10200000000002220
11210000000000000
00200000111110022
00111000112200022
00000002000000022
00000002000000020
00000002111022000
00000000110000000
STEP 21 P2 MOVE 3 9 3 10
OWN
00000022222222210
10001112220000010
10200000000002220
11210000022000000
00200000111110022
00111000112200022
00000002000000022
00000002000000020
00000002111022000
00000000110000000
STEP 22 P1 MOVE 9 1 9 2
OWN
00000022222222210
10001112220000010
10200000000002220
11210000022000000
00200000111110022
00111000112200022
00000002000000022
00000002000000020
00000002111022000
01100000110000000
STEP 23 P2 MOVE 5 1 6 1
OWN
00000022222222210
10001112220000010
10200000000002220
11210000022000000
00200000111110022
02111000112200022
02000002000000022
00000002000000020
00000002111022000
01100000110000000
STEP 24 P1 MOVE 5 5 5 6
OWN
00000022222222210
10001112220000010
10200000000002220
11210000022000000
00200000111110022
02111110112200022
02000002000000022
00000002000000020
00000002111022000
01100000110000000
STEP 25 P2 MOVE 6 14 7 14
OWN
00000022222222210
10001112220000010
10200000000002220
11210000022000000
00200000111110022
02111110112200022
02000002000000222
00000002000000220
00000002111022000
01100000110000000
STEP 26 P1 MOVE 8 0 8 1
OWN
00000022222222210
10001112220000010
10200000000002220
11210000022000000
00200000111110022
02111110112200022
02000002000000222
00000002000000220
11000002111022000
01100000110000000
STEP 27 P2 MOVE -1 -1 -1 -1
OWN
00000022222222210
10001112220000010
10200000000002220
11210000022000000
00200000111110022
02111110112200022
02000002000000222
00000002000000220
11000002111022000
01100000110000000
STEP 28 P1 MOVE 6 6 7 6
OWN
00000022222222210
10001112220000010
10200000000002220
11210000022000000
00200000111110022
02111110112200022
02000012000000222
00000012000000220
11000002111022000
01100000110000000
STEP 29 P2 MOVE 6 10 7 10
OWN
00000022222222210
10001112220000010
10200000000002220
11210000022000000
00200000111110022
02111110112200022
02000012002000222
00000012002000220
11000002111022000
01100000110000000
STEP 30 P1 MOVE 4 6 8 6
OWN
00000022222222210
10001112220000010
10200000000002220
11210000022000000
00200010111110022
02111110112200022
02000012002000222
00000012002000220
11000012111022000
01100000110000000
STEP 31 P2 MOVE 7 7 9 8
OWN
00000022222222210
10001112220000010
10200000000002220
11210000022000000
00200010111110022
02111110112200022
02000012002000222
00000012202000220
11000012211022000
01100002210000000
STEP 32 P1 MOVE 6 9 6 11
OWN
00000022222222210
10001112220000010
10200000000002220
11210000022000000
00200010111110022
02111110112200022
02000012011100222
00000012202000220
11000012211022000
01100002210000000
STEP 33 P2 MOVE 6 8 7 9
OWN
00000022222222210
10001112220000010
10200000000002220
11210000022000000
00200010111110022
02111110112200022
02000012221100222
00000012222000220
11000012211022000
01100002210000000
STEP 34 P1 MOVE 5 5 6 7
OWN
00000022222222210
10001112220000010
10200000000002220
11210000022000000
00200010111110022
02111111112200022
02000111221100222
00000012222000220
11000012211022000
01100002210000000
STEP 35 P2 MOVE 9 5 9 6
OWN
00000022222222210
10001112220000010
10200000000002220
11210000022000000
00200010111110022
02111111112200022
02000111221100222
00000012222000220
11000012211022000
01100222210000000
STEP 36 P1 MOVE 1 14 1 16
OWN
00000022222222210
10001112220000111
10200000000002220
11210000022000000
00200010111110022
02111111112200022
02000111221100222
00000012222000220
11000012211022000
01100222210000000
STEP 37 P2 MOVE 0 13 1 16
OWN
00000022222222222
10001112220002222
10200000000002220
11210000022000000
00200010111110022
02111111112200022
02000111221100222
00000012222000220
11000012211022000
01100222210000000
STEP 38 P1 MOVE 0 5 2 6
OWN
00000112222222222
10001112220002222
10200110000002220
11210000022000000
00200010111110022
02111111112200022
02000111221100222
00000012222000220
11000012211022000
01100222210000000
STEP 39 P2 MOVE 1 11 1 12
OWN
00000112222222222
10001112220222222
10200110000002220
11210000022000000
00200010111110022
02111111112200022
02000111221100222
00000012222000220
11000012211022000
01100222210000000
STEP 40 P1 MOVE 1 10 2 10
OWN
00000112222222222
10001112221222222
10200110001002220
11210000022000000
00200010111110022
02111111112200022
02000111221100222
00000012222000220
11000012211022000
01100222210000000
STEP 41 P2 MOVE -1 -1 -1 -1
OWN
00000112222222222
10001112221222222
10200110001002220
11210000022000000
00200010111110022
02111111112200022
02000111221100222
00000012222000220
11000012211022000
01100222210000000
STEP 42 P1 MOVE -1 -1 -1 -1
OWN
00000112222222222
10001112221222222
10200110001002220
11210000022000000
00200010111110022
02111111112200022
02000111221100222
00000012222000220
11000012211022000
01100222210000000
RESULT first=42 second=54 winner=2
ANALYSIS winner=P2 score=42-54 reason=Ĺ»ĂëżěŔ§(+9Ä­ »©ľŃŔ˝,2ąčČż°ú) steal(w/l)=12/3 neu(w/l)=45/51
