BOARD
69561975159692541
76889734654729869
25651462332321511
27376159125464394
78243711248954141
38112161158269491
25361186127676711
55351381457943237
46296817946494438
98922529488755169
STEP 0 P1 MOVE 2 12 2 16
OWN
00000000000000000
00000000000000000
00000000000011111
00000000000000000
00000000000000000
00000000000000000
00000000000000000
00000000000000000
00000000000000000
00000000000000000
STEP 1 P2 MOVE 4 16 7 16
OWN
00000000000000000
00000000000000000
00000000000011111
00000000000000000
00000000000000002
00000000000000002
00000000000000002
00000000000000002
00000000000000000
00000000000000000
STEP 2 P1 MOVE 6 4 9 4
OWN
00000000000000000
00000000000000000
00000000000011111
00000000000000000
00000000000000002
00000000000000002
00001000000000002
00001000000000002
00001000000000000
00001000000000000
STEP 3 P2 MOVE 5 4 5 7
OWN
00000000000000000
00000000000000000
00000000000011111
00000000000000000
00000000000000002
00002222000000002
00001000000000002
00001000000000002
00001000000000000
00001000000000000
STEP 4 P1 MOVE 2 4 4 4
OWN
00000000000000000
00000000000000000
00001000000011111
00001000000000000
00001000000000002
00002222000000002
00001000000000002
00001000000000002
00001000000000000
00001000000000000
STEP 5 P2 MOVE 1 7 1 8
OWN
00000000000000000
00000002200000000
00001000000011111
00001000000000000
00001000000000002
00002222000000002
00001000000000002
00001000000000002
00001000000000000
00001000000000000
STEP 6 P1 MOVE 5 0 7 0
OWN
00000000000000000
00000002200000000
00001000000011111
00001000000000000
00001000000000002
10002222000000002
10001000000000002
10001000000000002
00001000000000000
00001000000000000
STEP 7 P2 MOVE 0 14 0 16
OWN
00000000000000222
00000002200000000
00001000000011111
00001000000000000
00001000000000002
10002222000000002
10001000000000002
10001000000000002
00001000000000000
00001000000000000
STEP 8 P1 MOVE 2 7 2 10
OWN
00000000000000222
00000002200000000
00001001111011111
00001000000000000
00001000000000002
10002222000000002
10001000000000002
10001000000000002
00001000000000000
00001000000000000
STEP 9 P2 MOVE 0 8 7 8
OWN
00000000200000222
00000002200000000
00001001211011111
00001000200000000
00001000200000002
10002222200000002
10001000200000002
10001000200000002
00001000000000000
00001000000000000
STEP 10 P1 MOVE 4 7 5 9
OWN
00000000200000222
00000002200000000
00001001211011111
00001000200000000
00001001110000002
10002221110000002
10001000200000002
10001000200000002
00001000000000000
00001000000000000
STEP 11 P2 MOVE 4 12 4 14
OWN
00000000200000222
00000002200000000
00001001211011111
00001000200000000
00001001110022202
10002221110000002
10001000200000002
10001000200000002
00001000000000000
00001000000000000
STEP 12 P1 MOVE 0 7 0 9
OWN
00000001110000222
00000002200000000
00001001211011111
00001000200000000
00001001110022202
10002221110000002
10001000200000002
10001000200000002
00001000000000000
00001000000000000
STEP 13 P2 MOVE 0 6 1 6
OWN
00000021110000222
00000022200000000
00001001211011111
00001000200000000
00001001110022202
10002221110000002
10001000200000002
10001000200000002
00001000000000000
00001000000000000
STEP 14 P1 MOVE 2 5 2 6
OWN
00000021110000222
00000022200000000
00001111211011111
00001000200000000
00001001110022202
10002221110000002
10001000200000002
10001000200000002
00001000000000000
00001000000000000
STEP 15 P2 MOVE 8 10 8 11
OWN
00000021110000222
00000022200000000
00001111211011111
00001000200000000
00001001110022202
10002221110000002
10001000200000002
10001000200000002
00001000002200000
00001000000000000
STEP 16 P1 MOVE 5 10 5 11
OWN
00000021110000222
00000022200000000
00001111211011111
00001000200000000
00001001110022202
10002221111100002
10001000200000002
10001000200000002
00001000002200000
00001000000000000
STEP 17 P2 MOVE 3 2 3 3
OWN
00000021110000222
00000022200000000
00001111211011111
00221000200000000
00001001110022202
10002221111100002
10001000200000002
10001000200000002
00001000002200000
00001000000000000
STEP 18 P1 MOVE 2 3 5 3
OWN
00000021110000222
00000022200000000
00011111211011111
00211000200000000
00011001110022202
10012221111100002
10001000200000002
10001000200000002
00001000002200000
00001000000000000
STEP 19 P2 MOVE 4 2 4 6
OWN
00000021110000222
00000022200000000
00011111211011111
00211000200000000
00222221110022202
10012221111100002
10001000200000002
10001000200000002
00001000002200000
00001000000000000
STEP 20 P1 MOVE 6 2 6 5
OWN
00000021110000222
00000022200000000
00011111211011111
00211000200000000
00222221110022202
10012221111100002
10111100200000002
10001000200000002
00001000002200000
00001000000000000
STEP 21 P2 MOVE 8 0 8 1
OWN
00000021110000222
00000022200000000
00011111211011111
00211000200000000
00222221110022202
10012221111100002
10111100200000002
10001000200000002
22001000002200000
00001000000000000
STEP 22 P1 MOVE 0 4 0 5
OWN
00001121110000222
00000022200000000
00011111211011111
00211000200000000
00222221110022202
10012221111100002
10111100200000002
10001000200000002
22001000002200000
00001000000000000
STEP 23 P2 MOVE 9 12 9 13
OWN
00001121110000222
00000022200000000
00011111211011111
00211000200000000
00222221110022202
10012221111100002
10111100200000002
10001000200000002
22001000002200000
00001000000022000
STEP 24 P1 MOVE 1 11 2 11
OWN
00001121110000222
00000022200100000
00011111211111111
00211000200000000
00222221110022202
10012221111100002
10111100200000002
10001000200000002
22001000002200000
00001000000022000
STEP 25 P2 MOVE 3 0 3 5
OWN
00001121110000222
00000022200100000
00011111211111111
22222200200000000
00222221110022202
10012221111100002
10111100200000002
10001000200000002
22001000002200000
00001000000022000
STEP 26 P1 MOVE 1 5 7 5
OWN
00001121110000222
00000122200100000
00011111211111111
22222100200000000
00222121110022202
10012121111100002
10111100200000002
10001100200000002
22001000002200000
00001000000022000
STEP 27 P2 MOVE 0 11 3 11
OWN
00001121110200222
00000122200200000
00011111211211111
22222100200200000
00222121110022202
10012121111100002
10111100200000002
10001100200000002
22001000002200000
00001000000022000
STEP 28 P1 MOVE 6 1 7 1
OWN
00001121110200222
00000122200200000
00011111211211111
22222100200200000
00222121110022202
10012121111100002
11111100200000002
11001100200000002
22001000002200000
00001000000022000
STEP 29 P2 MOVE 2 2 7 2
OWN
00001121110200222
00000122200200000
00211111211211111
22222100200200000
00222121110022202
10212121111100002
11211100200000002
11201100200000002
22001000002200000
00001000000022000
STEP 30 P1 MOVE 2 1 3 6
OWN
00001121110200222
00000122200200000
01111111211211111
21111110200200000
00222121110022202
10212121111100002
11211100200000002
11201100200000002
22001000002200000
00001000000022000
STEP 31 P2 MOVE 1 2 8 2
OWN
00001121110200222
00200122200200000
01211111211211111
21211110200200000
00222121110022202
10212121111100002
11211100200000002
11201100200000002
22201000002200000
00001000000022000
STEP 32 P1 MOVE -1 -1 -1 -1
OWN
00001121110200222
00200122200200000
01211111211211111
21211110200200000
00222121110022202
10212121111100002
11211100200000002
11201100200000002
22201000002200000
00001000000022000
STEP 33 P2 MOVE -1 -1 -1 -1
OWN
00001121110200222
00200122200200000
01211111211211111
21211110200200000
00222121110022202
10212121111100002
11211100200000002
11201100200000002
22201000002200000
00001000000022000
RESULT first=47 second=42 winner=1
ANALYSIS winner=P1 score=47-42 reason=탈취우위(+3칸 빼앗음,2배효과) steal(w/l)=13/10 neu(w/l)=44/45
