BOARD
36389276818951651
43485417116193328
88125994488287185
76659216889257888
84216557439865428
82967415465138526
48591271938781887
28472719476323748
14518586148362816
21475261337279693
STEP 0 P1 MOVE 1 4 1 6
OWN
00000000000000000
00001110000000000
00000000000000000
00000000000000000
00000000000000000
00000000000000000
00000000000000000
00000000000000000
00000000000000000
00000000000000000
STEP 1 P2 MOVE 0 14 2 14
OWN
00000000000000200
00001110000000200
00000000000000200
00000000000000000
00000000000000000
00000000000000000
00000000000000000
00000000000000000
00000000000000000
00000000000000000
STEP 2 P1 MOVE 7 4 7 6
OWN
00000000000000200
00001110000000200
00000000000000200
00000000000000000
00000000000000000
00000000000000000
00000000000000000
00001110000000000
00000000000000000
00000000000000000
STEP 3 P2 MOVE 2 11 2 12
OWN
00000000000000200
00001110000000200
00000000000220200
00000000000000000
00000000000000000
00000000000000000
00000000000000000
00001110000000000
00000000000000000
00000000000000000
STEP 4 P1 MOVE 0 9 2 9
OWN
00000000010000200
00001110010000200
00000000010220200
00000000000000000
00000000000000000
00000000000000000
00000000000000000
00001110000000000
00000000000000000
00000000000000000
STEP 5 P2 MOVE 8 0 8 2
OWN
00000000010000200
00001110010000200
00000000010220200
00000000000000000
00000000000000000
00000000000000000
00000000000000000
00001110000000000
22200000000000000
00000000000000000
STEP 6 P1 MOVE 5 15 6 15
OWN
00000000010000200
00001110010000200
00000000010220200
00000000000000000
00000000000000000
00000000000000010
00000000000000010
00001110000000000
22200000000000000
00000000000000000
STEP 7 P2 MOVE 5 1 6 1
OWN
00000000010000200
00001110010000200
00000000010220200
00000000000000000
00000000000000000
02000000000000010
02000000000000010
00001110000000000
22200000000000000
00000000000000000
STEP 8 P1 MOVE 3 15 4 15
OWN
00000000010000200
00001110010000200
00000000010220200
00000000000000010
00000000000000010
02000000000000010
02000000000000010
00001110000000000
22200000000000000
00000000000000000
STEP 9 P2 MOVE 5 5 5 7
OWN
00000000010000200
00001110010000200
00000000010220200
00000000000000010
00000000000000010
02000222000000010
02000000000000010
00001110000000000
22200000000000000
00000000000000000
STEP 10 P1 MOVE 0 11 1 11
OWN
00000000010100200
00001110010100200
00000000010220200
00000000000000010
00000000000000010
02000222000000010
02000000000000010
00001110000000000
22200000000000000
00000000000000000
STEP 11 P2 MOVE 6 3 6 4
OWN
00000000010100200
00001110010100200
00000000010220200
00000000000000010
00000000000000010
02000222000000010
02022000000000010
00001110000000000
22200000000000000
00000000000000000
STEP 12 P1 MOVE 6 7 7 7
OWN
00000000010100200
00001110010100200
00000000010220200
00000000000000010
00000000000000010
02000222000000010
02022001000000010
00001111000000000
22200000000000000
00000000000000000
STEP 13 P2 MOVE 2 7 3 7
OWN
00000000010100200
00001110010100200
00000002010220200
00000002000000010
00000000000000010
02000222000000010
02022001000000010
00001111000000000
22200000000000000
00000000000000000
STEP 14 P1 MOVE 1 13 2 13
OWN
00000000010100200
00001110010101200
00000002010221200
00000002000000010
00000000000000010
02000222000000010
02022001000000010
00001111000000000
22200000000000000
00000000000000000
STEP 15 P2 MOVE 5 8 5 9
OWN
00000000010100200
00001110010101200
00000002010221200
00000002000000010
00000000000000010
02000222220000010
02022001000000010
00001111000000000
22200000000000000
00000000000000000
STEP 16 P1 MOVE 1 15 1 16
OWN
00000000010100200
00001110010101211
00000002010221200
00000002000000010
00000000000000010
02000222220000010
02022001000000010
00001111000000000
22200000000000000
00000000000000000
STEP 17 P2 MOVE 7 0 7 1
OWN
00000000010100200
00001110010101211
00000002010221200
00000002000000010
00000000000000010
02000222220000010
02022001000000010
22001111000000000
22200000000000000
00000000000000000
STEP 18 P1 MOVE 9 9 9 10
OWN
00000000010100200
00001110010101211
00000002010221200
00000002000000010
00000000000000010
02000222220000010
02022001000000010
22001111000000000
22200000000000000
00000000011000000
STEP 19 P2 MOVE 9 6 9 8
OWN
00000000010100200
00001110010101211
00000002010221200
00000002000000010
00000000000000010
02000222220000010
02022001000000010
22001111000000000
22200000000000000
00000022211000000
STEP 20 P1 MOVE 6 12 7 12
OWN
00000000010100200
00001110010101211
00000002010221200
00000002000000010
00000000000000010
02000222220000010
02022001000010010
22001111000010000
22200000000000000
00000022211000000
STEP 21 P2 MOVE 6 11 7 11
OWN
00000000010100200
00001110010101211
00000002010221200
00000002000000010
00000000000000010
02000222220000010
02022001000210010
22001111000210000
22200000000000000
00000022211000000
STEP 22 P1 MOVE 8 15 9 15
OWN
00000000010100200
00001110010101211
00000002010221200
00000002000000010
00000000000000010
02000222220000010
02022001000210010
22001111000210000
22200000000000010
00000022211000010
STEP 23 P2 MOVE 8 13 8 14
OWN
00000000010100200
00001110010101211
00000002010221200
00000002000000010
00000000000000010
02000222220000010
02022001000210010
22001111000210000
22200000000002210
00000022211000010
STEP 24 P1 MOVE 6 9 7 9
OWN
00000000010100200
00001110010101211
00000002010221200
00000002000000010
00000000000000010
02000222220000010
02022001010210010
22001111010210000
22200000000002210
00000022211000010
STEP 25 P2 MOVE 1 3 2 3
OWN
00000000010100200
00021110010101211
00020002010221200
00000002000000010
00000000000000010
02000222220000010
02022001010210010
22001111010210000
22200000000002210
00000022211000010
STEP 26 P1 MOVE 2 6 3 6
OWN
00000000010100200
00021110010101211
00020012010221200
00000012000000010
00000000000000010
02000222220000010
02022001010210010
22001111010210000
22200000000002210
00000022211000010
STEP 27 P2 MOVE 3 5 3 8
OWN
00000000010100200
00021110010101211
00020012010221200
00000222200000010
00000000000000010
02000222220000010
02022001010210010
22001111010210000
22200000000002210
00000022211000010
STEP 28 P1 MOVE 4 5 4 6
OWN
00000000010100200
00021110010101211
00020012010221200
00000222200000010
00000110000000010
02000222220000010
02022001010210010
22001111010210000
22200000000002210
00000022211000010
STEP 29 P2 MOVE 6 12 8 13
OWN
00000000010100200
00021110010101211
00020012010221200
00000222200000010
00000110000000010
02000222220000010
02022001010222010
22001111010222000
22200000000022210
00000022211000010
STEP 30 P1 MOVE 7 11 8 14
OWN
00000000010100200
00021110010101211
00020012010221200
00000222200000010
00000110000000010
02000222220000010
02022001010222010
22001111010111100
22200000000111110
00000022211000010
STEP 31 P2 MOVE 7 14 9 15
OWN
00000000010100200
00021110010101211
00020012010221200
00000222200000010
00000110000000010
02000222220000010
02022001010222010
22001111010111220
22200000000111220
00000022211000220
STEP 32 P1 MOVE 5 12 9 12
OWN
00000000010100200
00021110010101211
00020012010221200
00000222200000010
00000110000000010
02000222220010010
02022001010212010
22001111010111220
22200000000111220
00000022211010220
STEP 33 P2 MOVE 3 11 4 11
OWN
00000000010100200
00021110010101211
00020012010221200
00000222200200010
00000110000200010
02000222220010010
02022001010212010
22001111010111220
22200000000111220
00000022211010220
STEP 34 P1 MOVE 3 1 4 1
OWN
00000000010100200
00021110010101211
00020012010221200
01000222200200010
01000110000200010
02000222220010010
02022001010212010
22001111010111220
22200000000111220
00000022211010220
STEP 35 P2 MOVE 4 0 4 2
OWN
00000000010100200
00021110010101211
00020012010221200
01000222200200010
22200110000200010
02000222220010010
02022001010212010
22001111010111220
22200000000111220
00000022211010220
STEP 36 P1 MOVE 1 2 2 4
OWN
00000000010100200
00111110010101211
00111012010221200
01000222200200010
22200110000200010
02000222220010010
02022001010212010
22001111010111220
22200000000111220
00000022211010220
STEP 37 P2 MOVE 1 1 1 7
OWN
00000000010100200
02222222010101211
00111012010221200
01000222200200010
22200110000200010
02000222220010010
02022001010212010
22001111010111220
22200000000111220
00000022211010220
STEP 38 P1 MOVE 8 10 9 11
OWN
00000000010100200
02222222010101211
00111012010221200
01000222200200010
22200110000200010
02000222220010010
02022001010212010
22001111010111220
22200000001111220
00000022211110220
STEP 39 P2 MOVE 8 9 8 16
OWN
00000000010100200
02222222010101211
00111012010221200
01000222200200010
22200110000200010
02000222220010010
02022001010212010
22001111010111220
22200000022222222
00000022211110220
STEP 40 P1 MOVE 8 8 9 13
OWN
00000000010100200
02222222010101211
00111012010221200
01000222200200010
22200110000200010
02000222220010010
02022001010212010
22001111010111220
22200000111111222
00000022111111220
STEP 41 P2 MOVE 9 4 9 16
OWN
00000000010100200
02222222010101211
00111012010221200
01000222200200010
22200110000200010
02000222220010010
02022001010212010
22001111010111220
22200000111111222
00002222222222222
STEP 42 P1 MOVE 7 8 7 10
OWN
00000000010100200
02222222010101211
00111012010221200
01000222200200010
22200110000200010
02000222220010010
02022001010212010
22001111111111220
22200000111111222
00002222222222222
STEP 43 P2 MOVE -1 -1 -1 -1
OWN
00000000010100200
02222222010101211
00111012010221200
01000222200200010
22200110000200010
02000222220010010
02022001010212010
22001111111111220
22200000111111222
00002222222222222
STEP 44 P1 MOVE -1 -1 -1 -1
OWN
00000000010100200
02222222010101211
00111012010221200
01000222200200010
22200110000200010
02000222220010010
02022001010212010
22001111111111220
22200000111111222
00002222222222222
RESULT first=40 second=56 winner=2
ANALYSIS winner=P2 score=40-56 reason=Ĺ»ĂëżěŔ§(+8Ä­ »©ľŃŔ˝,2ąčČż°ú) / żŞŔü˝Â steal(w/l)=23/15 neu(w/l)=48/48
