BOARD
81199994646317145
52853534876737143
85389749959656457
91131122845292266
67148458393834954
28983262858381341
62771676342812258
59318448346666114
61151691187666821
92311429371613522
STEP 0 P1 MOVE 3 2 3 7
OWN
00000000000000000
00000000000000000
00000000000000000
00111111000000000
00000000000000000
00000000000000000
00000000000000000
00000000000000000
00000000000000000
00000000000000000
STEP 1 P2 MOVE 6 12 6 15
OWN
00000000000000000
00000000000000000
00000000000000000
00111111000000000
00000000000000000
00000000000000000
00000000000022220
00000000000000000
00000000000000000
00000000000000000
STEP 2 P1 MOVE 6 8 9 8
OWN
00000000000000000
00000000000000000
00000000000000000
00111111000000000
00000000000000000
00000000000000000
00000000100022220
00000000100000000
00000000100000000
00000000100000000
STEP 3 P2 MOVE 0 0 0 2
OWN
22200000000000000
00000000000000000
00000000000000000
00111111000000000
00000000000000000
00000000000000000
00000000100022220
00000000100000000
00000000100000000
00000000100000000
STEP 4 P1 MOVE 7 2 8 3
OWN
22200000000000000
00000000000000000
00000000000000000
00111111000000000
00000000000000000
00000000000000000
00000000100022220
00110000100000000
00110000100000000
00000000100000000
STEP 5 P2 MOVE 0 14 0 16
OWN
22200000000000222
00000000000000000
00000000000000000
00111111000000000
00000000000000000
00000000000000000
00000000100022220
00110000100000000
00110000100000000
00000000100000000
STEP 6 P1 MOVE 0 10 0 12
OWN
22200000001110222
00000000000000000
00000000000000000
00111111000000000
00000000000000000
00000000000000000
00000000100022220
00110000100000000
00110000100000000
00000000100000000
STEP 7 P2 MOVE 6 4 8 4
OWN
22200000001110222
00000000000000000
00000000000000000
00111111000000000
00000000000000000
00000000000000000
00002000100022220
00112000100000000
00112000100000000
00000000100000000
STEP 8 P1 MOVE 6 7 6 9
OWN
22200000001110222
00000000000000000
00000000000000000
00111111000000000
00000000000000000
00000000000000000
00002001110022220
00112000100000000
00112000100000000
00000000100000000
STEP 9 P2 MOVE 5 7 7 7
OWN
22200000001110222
00000000000000000
00000000000000000
00111111000000000
00000000000000000
00000002000000000
00002002110022220
00112002100000000
00112000100000000
00000000100000000
STEP 10 P1 MOVE 5 10 6 10
OWN
22200000001110222
00000000000000000
00000000000000000
00111111000000000
00000000000000000
00000002001000000
00002002111022220
00112002100000000
00112000100000000
00000000100000000
STEP 11 P2 MOVE 0 7 0 8
OWN
22200002201110222
00000000000000000
00000000000000000
00111111000000000
00000000000000000
00000002001000000
00002002111022220
00112002100000000
00112000100000000
00000000100000000
STEP 12 P1 MOVE 1 11 1 12
OWN
22200002201110222
00000000000110000
00000000000000000
00111111000000000
00000000000000000
00000002001000000
00002002111022220
00112002100000000
00112000100000000
00000000100000000
STEP 13 P2 MOVE 8 7 9 7
OWN
22200002201110222
00000000000110000
00000000000000000
00111111000000000
00000000000000000
00000002001000000
00002002111022220
00112002100000000
00112002100000000
00000002100000000
STEP 14 P1 MOVE 5 1 6 1
OWN
22200002201110222
00000000000110000
00000000000000000
00111111000000000
00000000000000000
01000002001000000
01002002111022220
00112002100000000
00112002100000000
00000002100000000
STEP 15 P2 MOVE 6 5 7 5
OWN
22200002201110222
00000000000110000
00000000000000000
00111111000000000
00000000000000000
01000002001000000
01002202111022220
00112202100000000
00112002100000000
00000002100000000
STEP 16 P1 MOVE 3 0 3 1
OWN
22200002201110222
00000000000110000
00000000000000000
11111111000000000
00000000000000000
01000002001000000
01002202111022220
00112202100000000
00112002100000000
00000002100000000
STEP 17 P2 MOVE 7 9 7 10
OWN
22200002201110222
00000000000110000
00000000000000000
11111111000000000
00000000000000000
01000002001000000
01002202111022220
00112202122000000
00112002100000000
00000002100000000
STEP 18 P1 MOVE 3 11 4 11
OWN
22200002201110222
00000000000110000
00000000000000000
11111111000100000
00000000000100000
01000002001000000
01002202111022220
00112202122000000
00112002100000000
00000002100000000
STEP 19 P2 MOVE 7 1 8 1
OWN
22200002201110222
00000000000110000
00000000000000000
11111111000100000
00000000000100000
01000002001000000
01002202111022220
02112202122000000
02112002100000000
00000002100000000
STEP 20 P1 MOVE 7 6 7 11
OWN
22200002201110222
00000000000110000
00000000000000000
11111111000100000
00000000000100000
01000002001000000
01002202111022220
02112211111100000
02112002100000000
00000002100000000
STEP 21 P2 MOVE 4 10 8 10
OWN
22200002201110222
00000000000110000
00000000000000000
11111111000100000
00000000002100000
01000002002000000
01002202112022220
02112211112100000
02112002102000000
00000002100000000
STEP 22 P1 MOVE 1 16 2 16
OWN
22200002201110222
00000000000110001
00000000000000001
11111111000100000
00000000002100000
01000002002000000
01002202112022220
02112211112100000
02112002102000000
00000002100000000
STEP 23 P2 MOVE 9 6 9 10
OWN
22200002201110222
00000000000110001
00000000000000001
11111111000100000
00000000002100000
01000002002000000
01002202112022220
02112211112100000
02112002102000000
00000022222000000
STEP 24 P1 MOVE 9 5 9 11
OWN
22200002201110222
00000000000110001
00000000000000001
11111111000100000
00000000002100000
01000002002000000
01002202112022220
02112211112100000
02112002102000000
00000111111100000
STEP 25 P2 MOVE 2 13 2 14
OWN
22200002201110222
00000000000110001
00000000000002201
11111111000100000
00000000002100000
01000002002000000
01002202112022220
02112211112100000
02112002102000000
00000111111100000
STEP 26 P1 MOVE 1 14 2 15
OWN
22200002201110222
00000000000110111
00000000000002111
11111111000100000
00000000002100000
01000002002000000
01002202112022220
02112211112100000
02112002102000000
00000111111100000
STEP 27 P2 MOVE 4 15 7 15
OWN
22200002201110222
00000000000110111
00000000000002111
11111111000100000
00000000002100020
01000002002000020
01002202112022220
02112211112100020
02112002102000000
00000111111100000
STEP 28 P1 MOVE 3 15 9 15
OWN
22200002201110222
00000000000110111
00000000000002111
11111111000100010
00000000002100010
01000002002000010
01002202112022210
02112211112100010
02112002102000010
00000111111100010
STEP 29 P2 MOVE 9 4 9 14
OWN
22200002201110222
00000000000110111
00000000000002111
11111111000100010
00000000002100010
01000002002000010
01002202112022210
02112211112100010
02112002102000010
00002222222222210
STEP 30 P1 MOVE 8 2 9 5
OWN
22200002201110222
00000000000110111
00000000000002111
11111111000100010
00000000002100010
01000002002000010
01002202112022210
02112211112100010
02111102102000010
00111122222222210
STEP 31 P2 MOVE 3 13 3 16
OWN
22200002201110222
00000000000110111
00000000000002111
11111111000102222
00000000002100010
01000002002000010
01002202112022210
02112211112100010
02111102102000010
00111122222222210
STEP 32 P1 MOVE -1 -1 -1 -1
OWN
22200002201110222
00000000000110111
00000000000002111
11111111000102222
00000000002100010
01000002002000010
01002202112022210
02112211112100010
02111102102000010
00111122222222210
STEP 33 P2 MOVE 1 1 1 2
OWN
22200002201110222
02200000000110111
00000000000002111
11111111000102222
00000000002100010
01000002002000010
01002202112022210
02112211112100010
02111102102000010
00111122222222210
STEP 34 P1 MOVE 1 0 1 3
OWN
22200002201110222
11110000000110111
00000000000002111
11111111000102222
00000000002100010
01000002002000010
01002202112022210
02112211112100010
02111102102000010
00111122222222210
STEP 35 P2 MOVE -1 -1 -1 -1
OWN
22200002201110222
11110000000110111
00000000000002111
11111111000102222
00000000002100010
01000002002000010
01002202112022210
02112211112100010
02111102102000010
00111122222222210
STEP 36 P1 MOVE -1 -1 -1 -1
OWN
22200002201110222
11110000000110111
00000000000002111
11111111000102222
00000000002100010
01000002002000010
01002202112022210
02112211112100010
02111102102000010
00111122222222210
RESULT first=51 second=39 winner=1
ANALYSIS winner=P1 score=51-39 reason=Ĺ»ĂëżěŔ§(+5Ä­ »©ľŃŔ˝,2ąčČż°ú) steal(w/l)=18/13 neu(w/l)=46/44
