BOARD
76571289588848353
68776235461327583
97561293949469152
16461366551277999
88691866973429546
57866743284835316
84942727915675729
91445849592867573
13224449742249636
81189363825568123
STEP 0 P1 MOVE 0 4 4 4
OWN
00001000000000000
00001000000000000
00001000000000000
00001000000000000
00001000000000000
00000000000000000
00000000000000000
00000000000000000
00000000000000000
00000000000000000
STEP 1 P2 MOVE 3 10 4 11
OWN
00001000000000000
00001000000000000
00001000000000000
00001000002200000
00001000002200000
00000000000000000
00000000000000000
00000000000000000
00000000000000000
00000000000000000
STEP 2 P1 MOVE 5 15 7 15
OWN
00001000000000000
00001000000000000
00001000000000000
00001000002200000
00001000002200000
00000000000000010
00000000000000010
00000000000000010
00000000000000000
00000000000000000
STEP 3 P2 MOVE 1 5 1 7
OWN
00001000000000000
00001222000000000
00001000000000000
00001000002200000
00001000002200000
00000000000000010
00000000000000010
00000000000000010
00000000000000000
00000000000000000
STEP 4 P1 MOVE 1 9 1 11
OWN
00001000000000000
00001222011100000
00001000000000000
00001000002200000
00001000002200000
00000000000000010
00000000000000010
00000000000000010
00000000000000000
00000000000000000
STEP 5 P2 MOVE 3 2 4 2
OWN
00001000000000000
00001222011100000
00001000000000000
00201000002200000
00201000002200000
00000000000000010
00000000000000010
00000000000000010
00000000000000000
00000000000000000
STEP 6 P1 MOVE 7 12 8 12
OWN
00001000000000000
00001222011100000
00001000000000000
00201000002200000
00201000002200000
00000000000000010
00000000000000010
00000000000010010
00000000000010000
00000000000000000
STEP 7 P2 MOVE 2 13 2 14
OWN
00001000000000000
00001222011100000
00001000000002200
00201000002200000
00201000002200000
00000000000000010
00000000000000010
00000000000010010
00000000000010000
00000000000000000
STEP 8 P1 MOVE 6 8 6 9
OWN
00001000000000000
00001222011100000
00001000000002200
00201000002200000
00201000002200000
00000000000000010
00000000110000010
00000000000010010
00000000000010000
00000000000000000
STEP 9 P2 MOVE 9 0 9 2
OWN
00001000000000000
00001222011100000
00001000000002200
00201000002200000
00201000002200000
00000000000000010
00000000110000010
00000000000010010
00000000000010000
22200000000000000
STEP 10 P1 MOVE 7 1 8 2
OWN
00001000000000000
00001222011100000
00001000000002200
00201000002200000
00201000002200000
00000000000000010
00000000110000010
01100000000010010
01100000000010000
22200000000000000
STEP 11 P2 MOVE 8 3 8 5
OWN
00001000000000000
00001222011100000
00001000000002200
00201000002200000
00201000002200000
00000000000000010
00000000110000010
01100000000010010
01122200000010000
22200000000000000
STEP 12 P1 MOVE 5 7 6 7
OWN
00001000000000000
00001222011100000
00001000000002200
00201000002200000
00201000002200000
00000001000000010
00000001110000010
01100000000010010
01122200000010000
22200000000000000
STEP 13 P2 MOVE 7 10 7 11
OWN
00001000000000000
00001222011100000
00001000000002200
00201000002200000
00201000002200000
00000001000000010
00000001110000010
01100000002210010
01122200000010000
22200000000000000
STEP 14 P1 MOVE 4 6 5 6
OWN
00001000000000000
00001222011100000
00001000000002200
00201000002200000
00201010002200000
00000011000000010
00000001110000010
01100000002210010
01122200000010000
22200000000000000
STEP 15 P2 MOVE 0 5 0 6
OWN
00001220000000000
00001222011100000
00001000000002200
00201000002200000
00201010002200000
00000011000000010
00000001110000010
01100000002210010
01122200000010000
22200000000000000
STEP 16 P1 MOVE 2 0 3 0
OWN
00001220000000000
00001222011100000
10001000000002200
10201000002200000
00201010002200000
00000011000000010
00000001110000010
01100000002210010
01122200000010000
22200000000000000
STEP 17 P2 MOVE 2 11 2 12
OWN
00001220000000000
00001222011100000
10001000000222200
10201000002200000
00201010002200000
00000011000000010
00000001110000010
01100000002210010
01122200000010000
22200000000000000
STEP 18 P1 MOVE 3 8 3 9
OWN
00001220000000000
00001222011100000
10001000000222200
10201000112200000
00201010002200000
00000011000000010
00000001110000010
01100000002210010
01122200000010000
22200000000000000
STEP 19 P2 MOVE 4 15 4 16
OWN
00001220000000000
00001222011100000
10001000000222200
10201000112200000
00201010002200022
00000011000000010
00000001110000010
01100000002210010
01122200000010000
22200000000000000
STEP 20 P1 MOVE 5 3 6 3
OWN
00001220000000000
00001222011100000
10001000000222200
10201000112200000
00201010002200022
00010011000000010
00010001110000010
01100000002210010
01122200000010000
22200000000000000
STEP 21 P2 MOVE 5 8 5 9
OWN
00001220000000000
00001222011100000
10001000000222200
10201000112200000
00201010002200022
00010011220000010
00010001110000010
01100000002210010
01122200000010000
22200000000000000
STEP 22 P1 MOVE 5 13 6 13
OWN
00001220000000000
00001222011100000
10001000000222200
10201000112200000
00201010002200022
00010011220001010
00010001110001010
01100000002210010
01122200000010000
22200000000000000
STEP 23 P2 MOVE 9 8 9 9
OWN
00001220000000000
00001222011100000
10001000000222200
10201000112200000
00201010002200022
00010011220001010
00010001110001010
01100000002210010
01122200000010000
22200000220000000
STEP 24 P1 MOVE -1 -1 -1 -1
OWN
00001220000000000
00001222011100000
10001000000222200
10201000112200000
00201010002200022
00010011220001010
00010001110001010
01100000002210010
01122200000010000
22200000220000000
STEP 25 P2 MOVE 7 0 8 0
OWN
00001220000000000
00001222011100000
10001000000222200
10201000112200000
00201010002200022
00010011220001010
00010001110001010
21100000002210010
21122200000010000
22200000220000000
STEP 26 P1 MOVE 6 6 8 6
OWN
00001220000000000
00001222011100000
10001000000222200
10201000112200000
00201010002200022
00010011220001010
00010011110001010
21100010002210010
21122210000010000
22200000220000000
STEP 27 P2 MOVE 5 14 6 14
OWN
00001220000000000
00001222011100000
10001000000222200
10201000112200000
00201010002200022
00010011220001210
00010011110001210
21100010002210010
21122210000010000
22200000220000000
STEP 28 P1 MOVE 5 12 6 12
OWN
00001220000000000
00001222011100000
10001000000222200
10201000112200000
00201010002200022
00010011220011210
00010011110011210
21100010002210010
21122210000010000
22200000220000000
STEP 29 P2 MOVE 4 11 5 12
OWN
00001220000000000
00001222011100000
10001000000222200
10201000112200000
00201010002220022
00010011220221210
00010011110011210
21100010002210010
21122210000010000
22200000220000000
STEP 30 P1 MOVE 5 10 5 16
OWN
00001220000000000
00001222011100000
10001000000222200
10201000112200000
00201010002220022
00010011221111111
00010011110011210
21100010002210010
21122210000010000
22200000220000000
STEP 31 P2 MOVE 4 14 7 14
OWN
00001220000000000
00001222011100000
10001000000222200
10201000112200000
00201010002220222
00010011221111211
00010011110011210
21100010002210210
21122210000010000
22200000220000000
STEP 32 P1 MOVE 7 13 7 16
OWN
00001220000000000
00001222011100000
10001000000222200
10201000112200000
00201010002220222
00010011221111211
00010011110011210
21100010002211111
21122210000010000
22200000220000000
STEP 33 P2 MOVE -1 -1 -1 -1
OWN
00001220000000000
00001222011100000
10001000000222200
10201000112200000
00201010002220222
00010011221111211
00010011110011210
21100010002211111
21122210000010000
22200000220000000
STEP 34 P1 MOVE -1 -1 -1 -1
OWN
00001220000000000
00001222011100000
10001000000222200
10201000112200000
00201010002220222
00010011221111211
00010011110011210
21100010002211111
21122210000010000
22200000220000000
RESULT first=42 second=35 winner=1
ANALYSIS winner=P1 score=42-35 reason=şóÄ­Ľ±Áˇ(+3) steal(w/l)=4/2 neu(w/l)=40/37
