BOARD
36111137211388689
91882463834771767
39153459562854893
26839142571322867
73716433623797947
55932796229539883
46923118954643453
56415285663642336
35525651375763885
56483793371144553
STEP 0 P1 MOVE 3 3 7 3
OWN
00000000000000000
00000000000000000
00000000000000000
00010000000000000
00010000000000000
00010000000000000
00010000000000000
00010000000000000
00000000000000000
00000000000000000
STEP 1 P2 MOVE 0 1 0 5
OWN
02222200000000000
00000000000000000
00000000000000000
00010000000000000
00010000000000000
00010000000000000
00010000000000000
00010000000000000
00000000000000000
00000000000000000
STEP 2 P1 MOVE 8 7 9 8
OWN
02222200000000000
00000000000000000
00000000000000000
00010000000000000
00010000000000000
00010000000000000
00010000000000000
00010000000000000
00000001100000000
00000001100000000
STEP 3 P2 MOVE 9 10 9 13
OWN
02222200000000000
00000000000000000
00000000000000000
00010000000000000
00010000000000000
00010000000000000
00010000000000000
00010000000000000
00000001100000000
00000001102222000
STEP 4 P1 MOVE 1 1 2 1
OWN
02222200000000000
01000000000000000
01000000000000000
00010000000000000
00010000000000000
00010000000000000
00010000000000000
00010000000000000
00000001100000000
00000001102222000
STEP 5 P2 MOVE 5 7 5 9
OWN
02222200000000000
01000000000000000
01000000000000000
00010000000000000
00010000000000000
00010002220000000
00010000000000000
00010000000000000
00000001100000000
00000001102222000
STEP 6 P1 MOVE 4 1 4 2
OWN
02222200000000000
01000000000000000
01000000000000000
00010000000000000
01110000000000000
00010002220000000
00010000000000000
00010000000000000
00000001100000000
00000001102222000
STEP 7 P2 MOVE 6 10 6 11
OWN
02222200000000000
01000000000000000
01000000000000000
00010000000000000
01110000000000000
00010002220000000
00010000002200000
00010000000000000
00000001100000000
00000001102222000
STEP 8 P1 MOVE 4 5 4 7
OWN
02222200000000000
01000000000000000
01000000000000000
00010000000000000
01110111000000000
00010002220000000
00010000002200000
00010000000000000
00000001100000000
00000001102222000
STEP 9 P2 MOVE 6 5 6 7
OWN
02222200000000000
01000000000000000
01000000000000000
00010000000000000
01110111000000000
00010002220000000
00010222002200000
00010000000000000
00000001100000000
00000001102222000
STEP 10 P1 MOVE 5 4 7 4
OWN
02222200000000000
01000000000000000
01000000000000000
00010000000000000
01110111000000000
00011002220000000
00011222002200000
00011000000000000
00000001100000000
00000001102222000
STEP 11 P2 MOVE 9 1 9 2
OWN
02222200000000000
01000000000000000
01000000000000000
00010000000000000
01110111000000000
00011002220000000
00011222002200000
00011000000000000
00000001100000000
02200001102222000
STEP 12 P1 MOVE 7 1 7 2
OWN
02222200000000000
01000000000000000
01000000000000000
00010000000000000
01110111000000000
00011002220000000
00011222002200000
01111000000000000
00000001100000000
02200001102222000
STEP 13 P2 MOVE 2 16 3 16
OWN
02222200000000000
01000000000000000
01000000000000002
00010000000000002
01110111000000000
00011002220000000
00011222002200000
01111000000000000
00000001100000000
02200001102222000
STEP 14 P1 MOVE 9 4 9 5
OWN
02222200000000000
01000000000000000
01000000000000002
00010000000000002
01110111000000000
00011002220000000
00011222002200000
01111000000000000
00000001100000000
02201101102222000
STEP 15 P2 MOVE 2 10 2 11
OWN
02222200000000000
01000000000000000
01000000002200002
00010000000000002
01110111000000000
00011002220000000
00011222002200000
01111000000000000
00000001100000000
02201101102222000
STEP 16 P1 MOVE 3 15 4 15
OWN
02222200000000000
01000000000000000
01000000002200002
00010000000000012
01110111000000010
00011002220000000
00011222002200000
01111000000000000
00000001100000000
02201101102222000
STEP 17 P2 MOVE 3 4 3 5
OWN
02222200000000000
01000000000000000
01000000002200002
00012200000000012
01110111000000010
00011002220000000
00011222002200000
01111000000000000
00000001100000000
02201101102222000
STEP 18 P1 MOVE 0 9 2 9
OWN
02222200010000000
01000000010000000
01000000012200002
00012200000000012
01110111000000010
00011002220000000
00011222002200000
01111000000000000
00000001100000000
02201101102222000
STEP 19 P2 MOVE 2 8 2 12
OWN
02222200010000000
01000000010000000
01000000222220002
00012200000000012
01110111000000010
00011002220000000
00011222002200000
01111000000000000
00000001100000000
02201101102222000
STEP 20 P1 MOVE 7 12 8 12
OWN
02222200010000000
01000000010000000
01000000222220002
00012200000000012
01110111000000010
00011002220000000
00011222002200000
01111000000010000
00000001100010000
02201101102222000
STEP 21 P2 MOVE 8 11 8 13
OWN
02222200010000000
01000000010000000
01000000222220002
00012200000000012
01110111000000010
00011002220000000
00011222002200000
01111000000010000
00000001100222000
02201101102222000
STEP 22 P1 MOVE 0 7 0 10
OWN
02222201111000000
01000000010000000
01000000222220002
00012200000000012
01110111000000010
00011002220000000
00011222002200000
01111000000010000
00000001100222000
02201101102222000
STEP 23 P2 MOVE 3 4 4 6
OWN
02222201111000000
01000000010000000
01000000222220002
00012220000000012
01112221000000010
00011002220000000
00011222002200000
01111000000010000
00000001100222000
02201101102222000
STEP 24 P1 MOVE 1 3 1 4
OWN
02222201111000000
01011000010000000
01000000222220002
00012220000000012
01112221000000010
00011002220000000
00011222002200000
01111000000010000
00000001100222000
02201101102222000
STEP 25 P2 MOVE 3 2 3 7
OWN
02222201111000000
01011000010000000
01000000222220002
00222222000000012
01112221000000010
00011002220000000
00011222002200000
01111000000010000
00000001100222000
02201101102222000
STEP 26 P1 MOVE 2 2 5 2
OWN
02222201111000000
01011000010000000
01100000222220002
00122222000000012
01112221000000010
00111002220000000
00011222002200000
01111000000010000
00000001100222000
02201101102222000
STEP 27 P2 MOVE 0 11 1 11
OWN
02222201111200000
01011000010200000
01100000222220002
00122222000000012
01112221000000010
00111002220000000
00011222002200000
01111000000010000
00000001100222000
02201101102222000
STEP 28 P1 MOVE 1 5 1 6
OWN
02222201111200000
01011110010200000
01100000222220002
00122222000000012
01112221000000010
00111002220000000
00011222002200000
01111000000010000
00000001100222000
02201101102222000
STEP 29 P2 MOVE 5 0 5 1
OWN
02222201111200000
01011110010200000
01100000222220002
00122222000000012
01112221000000010
22111002220000000
00011222002200000
01111000000010000
00000001100222000
02201101102222000
STEP 30 P1 MOVE 6 0 6 1
OWN
02222201111200000
01011110010200000
01100000222220002
00122222000000012
01112221000000010
22111002220000000
11011222002200000
01111000000010000
00000001100222000
02201101102222000
STEP 31 P2 MOVE -1 -1 -1 -1
OWN
02222201111200000
01011110010200000
01100000222220002
00122222000000012
01112221000000010
22111002220000000
11011222002200000
01111000000010000
00000001100222000
02201101102222000
STEP 32 P1 MOVE 8 3 9 3
OWN
02222201111200000
01011110010200000
01100000222220002
00122222000000012
01112221000000010
22111002220000000
11011222002200000
01111000000010000
00010001100222000
02211101102222000
STEP 33 P2 MOVE 8 2 8 4
OWN
02222201111200000
01011110010200000
01100000222220002
00122222000000012
01112221000000010
22111002220000000
11011222002200000
01111000000010000
00222001100222000
02211101102222000
STEP 34 P1 MOVE 3 11 4 11
OWN
02222201111200000
01011110010200000
01100000222220002
00122222000100012
01112221000100010
22111002220000000
11011222002200000
01111000000010000
00222001100222000
02211101102222000
STEP 35 P2 MOVE 3 9 3 12
OWN
02222201111200000
01011110010200000
01100000222220002
00122222022220012
01112221000100010
22111002220000000
11011222002200000
01111000000010000
00222001100222000
02211101102222000
STEP 36 P1 MOVE 6 11 7 12
OWN
02222201111200000
01011110010200000
01100000222220002
00122222022220012
01112221000100010
22111002220000000
11011222002110000
01111000000110000
00222001100222000
02211101102222000
STEP 37 P2 MOVE 7 10 8 13
OWN
02222201111200000
01011110010200000
01100000222220002
00122222022220012
01112221000100010
22111002220000000
11011222002110000
01111000002222000
00222001102222000
02211101102222000
STEP 38 P1 MOVE 3 13 3 14
OWN
02222201111200000
01011110010200000
01100000222220002
00122222022221112
01112221000100010
22111002220000000
11011222002110000
01111000002222000
00222001102222000
02211101102222000
STEP 39 P2 MOVE -1 -1 -1 -1
OWN
02222201111200000
01011110010200000
01100000222220002
00122222022221112
01112221000100010
22111002220000000
11011222002110000
01111000002222000
00222001102222000
02211101102222000
STEP 40 P1 MOVE 6 13 7 14
OWN
02222201111200000
01011110010200000
01100000222220002
00122222022221112
01112221000100010
22111002220000000
11011222002111100
01111000002221100
00222001102222000
02211101102222000
STEP 41 P2 MOVE 6 9 6 15
OWN
02222201111200000
01011110010200000
01100000222220002
00122222022221112
01112221000100010
22111002220000000
11011222022222220
01111000002221100
00222001102222000
02211101102222000
STEP 42 P1 MOVE 4 16 5 16
OWN
02222201111200000
01011110010200000
01100000222220002
00122222022221112
01112221000100011
22111002220000001
11011222022222220
01111000002221100
00222001102222000
02211101102222000
STEP 43 P2 MOVE 1 16 6 16
OWN
02222201111200000
01011110010200002
01100000222220002
00122222022221112
01112221000100012
22111002220000002
11011222022222222
01111000002221100
00222001102222000
02211101102222000
STEP 44 P1 MOVE -1 -1 -1 -1
OWN
02222201111200000
01011110010200002
01100000222220002
00122222022221112
01112221000100012
22111002220000002
11011222022222222
01111000002221100
00222001102222000
02211101102222000
STEP 45 P2 MOVE -1 -1 -1 -1
OWN
02222201111200000
01011110010200002
01100000222220002
00122222022221112
01112221000100012
22111002220000002
11011222022222222
01111000002221100
00222001102222000
02211101102222000
RESULT first=42 second=61 winner=2
ANALYSIS winner=P2 score=42-61 reason=Ĺ»ĂëżěŔ§(+12Ä­ »©ľŃŔ˝,2ąčČż°ú) steal(w/l)=15/3 neu(w/l)=49/54
