BOARD
72649129168599953
33725952128286871
76757748663839374
99386148143144889
63298467957684127
27882826595638763
95828491577924646
72266341344618936
94355787398977314
54492943157152944
STEP 0 P1 MOVE 6 7 7 8
OWN
00000000000000000
00000000000000000
00000000000000000
00000000000000000
00000000000000000
00000000000000000
00000001100000000
00000001100000000
00000000000000000
00000000000000000
STEP 1 P2 MOVE 1 6 1 9
OWN
00000000000000000
00000022220000000
00000000000000000
00000000000000000
00000000000000000
00000000000000000
00000001100000000
00000001100000000
00000000000000000
00000000000000000
STEP 2 P1 MOVE 0 6 3 6
OWN
00000010000000000
00000012220000000
00000010000000000
00000010000000000
00000000000000000
00000000000000000
00000001100000000
00000001100000000
00000000000000000
00000000000000000
STEP 3 P2 MOVE 7 1 7 3
OWN
00000010000000000
00000012220000000
00000010000000000
00000010000000000
00000000000000000
00000000000000000
00000001100000000
02220001100000000
00000000000000000
00000000000000000
STEP 4 P1 MOVE 6 12 8 12
OWN
00000010000000000
00000012220000000
00000010000000000
00000010000000000
00000000000000000
00000000000000000
00000001100010000
02220001100010000
00000000000010000
00000000000000000
STEP 5 P2 MOVE 4 14 4 16
OWN
00000010000000000
00000012220000000
00000010000000000
00000010000000000
00000000000000222
00000000000000000
00000001100010000
02220001100010000
00000000000010000
00000000000000000
STEP 6 P1 MOVE 6 3 6 4
OWN
00000010000000000
00000012220000000
00000010000000000
00000010000000000
00000000000000222
00000000000000000
00011001100010000
02220001100010000
00000000000010000
00000000000000000
STEP 7 P2 MOVE 6 13 6 14
OWN
00000010000000000
00000012220000000
00000010000000000
00000010000000000
00000000000000222
00000000000000000
00011001100012200
02220001100010000
00000000000010000
00000000000000000
STEP 8 P1 MOVE 5 3 5 4
OWN
00000010000000000
00000012220000000
00000010000000000
00000010000000000
00000000000000222
00011000000000000
00011001100012200
02220001100010000
00000000000010000
00000000000000000
STEP 9 P2 MOVE 1 11 2 11
OWN
00000010000000000
00000012220200000
00000010000200000
00000010000000000
00000000000000222
00011000000000000
00011001100012200
02220001100010000
00000000000010000
00000000000000000
STEP 10 P1 MOVE 0 0 1 0
OWN
10000010000000000
10000012220200000
00000010000200000
00000010000000000
00000000000000222
00011000000000000
00011001100012200
02220001100010000
00000000000010000
00000000000000000
STEP 11 P2 MOVE 0 5 1 5
OWN
10000210000000000
10000212220200000
00000010000200000
00000010000000000
00000000000000222
00011000000000000
00011001100012200
02220001100010000
00000000000010000
00000000000000000
STEP 12 P1 MOVE 8 11 9 11
OWN
10000210000000000
10000212220200000
00000010000200000
00000010000000000
00000000000000222
00011000000000000
00011001100012200
02220001100010000
00000000000110000
00000000000100000
STEP 13 P2 MOVE 8 7 8 8
OWN
10000210000000000
10000212220200000
00000010000200000
00000010000000000
00000000000000222
00011000000000000
00011001100012200
02220001100010000
00000002200110000
00000000000100000
STEP 14 P1 MOVE 0 2 0 3
OWN
10110210000000000
10000212220200000
00000010000200000
00000010000000000
00000000000000222
00011000000000000
00011001100012200
02220001100010000
00000002200110000
00000000000100000
STEP 15 P2 MOVE 3 8 4 8
OWN
10110210000000000
10000212220200000
00000010000200000
00000010200000000
00000000200000222
00011000000000000
00011001100012200
02220001100010000
00000002200110000
00000000000100000
STEP 16 P1 MOVE 1 1 1 2
OWN
10110210000000000
11100212220200000
00000010000200000
00000010200000000
00000000200000222
00011000000000000
00011001100012200
02220001100010000
00000002200110000
00000000000100000
STEP 17 P2 MOVE 0 7 0 8
OWN
10110212200000000
11100212220200000
00000010000200000
00000010200000000
00000000200000222
00011000000000000
00011001100012200
02220001100010000
00000002200110000
00000000000100000
STEP 18 P1 MOVE 2 2 3 2
OWN
10110212200000000
11100212220200000
00100010000200000
00100010200000000
00000000200000222
00011000000000000
00011001100012200
02220001100010000
00000002200110000
00000000000100000
STEP 19 P2 MOVE 2 9 3 9
OWN
10110212200000000
11100212220200000
00100010020200000
00100010220000000
00000000200000222
00011000000000000
00011001100012200
02220001100010000
00000002200110000
00000000000100000
STEP 20 P1 MOVE 2 14 2 15
OWN
10110212200000000
11100212220200000
00100010020200110
00100010220000000
00000000200000222
00011000000000000
00011001100012200
02220001100010000
00000002200110000
00000000000100000
STEP 21 P2 MOVE 4 2 5 2
OWN
10110212200000000
11100212220200000
00100010020200110
00100010220000000
00200000200000222
00211000000000000
00011001100012200
02220001100010000
00000002200110000
00000000000100000
STEP 22 P1 MOVE 5 5 5 6
OWN
10110212200000000
11100212220200000
00100010020200110
00100010220000000
00200000200000222
00211110000000000
00011001100012200
02220001100010000
00000002200110000
00000000000100000
STEP 23 P2 MOVE 4 1 5 1
OWN
10110212200000000
11100212220200000
00100010020200110
00100010220000000
02200000200000222
02211110000000000
00011001100012200
02220001100010000
00000002200110000
00000000000100000
STEP 24 P1 MOVE 4 5 4 6
OWN
10110212200000000
11100212220200000
00100010020200110
00100010220000000
02200110200000222
02211110000000000
00011001100012200
02220001100010000
00000002200110000
00000000000100000
STEP 25 P2 MOVE 7 10 7 11
OWN
10110212200000000
11100212220200000
00100010020200110
00100010220000000
02200110200000222
02211110000000000
00011001100012200
02220001102210000
00000002200110000
00000000000100000
STEP 26 P1 MOVE 6 15 6 16
OWN
10110212200000000
11100212220200000
00100010020200110
00100010220000000
02200110200000222
02211110000000000
00011001100012211
02220001102210000
00000002200110000
00000000000100000
STEP 27 P2 MOVE 5 15 8 15
OWN
10110212200000000
11100212220200000
00100010020200110
00100010220000000
02200110200000222
02211110000000020
00011001100012221
02220001102210020
00000002200110020
00000000000100000
STEP 28 P1 MOVE 5 14 5 16
OWN
10110212200000000
11100212220200000
00100010020200110
00100010220000000
02200110200000222
02211110000000111
00011001100012221
02220001102210020
00000002200110020
00000000000100000
STEP 29 P2 MOVE 7 16 8 16
OWN
10110212200000000
11100212220200000
00100010020200110
00100010220000000
02200110200000222
02211110000000111
00011001100012221
02220001102210022
00000002200110022
00000000000100000
STEP 30 P1 MOVE -1 -1 -1 -1
OWN
10110212200000000
11100212220200000
00100010020200110
00100010220000000
02200110200000222
02211110000000111
00011001100012221
02220001102210022
00000002200110022
00000000000100000
STEP 31 P2 MOVE 8 3 8 4
OWN
10110212200000000
11100212220200000
00100010020200110
00100010220000000
02200110200000222
02211110000000111
00011001100012221
02220001102210022
00022002200110022
00000000000100000
STEP 32 P1 MOVE 8 2 8 5
OWN
10110212200000000
11100212220200000
00100010020200110
00100010220000000
02200110200000222
02211110000000111
00011001100012221
02220001102210022
00111102200110022
00000000000100000
STEP 33 P2 MOVE 7 1 8 4
OWN
10110212200000000
11100212220200000
00100010020200110
00100010220000000
02200110200000222
02211110000000111
00011001100012221
02222001102210022
02222102200110022
00000000000100000
STEP 34 P1 MOVE 7 0 7 5
OWN
10110212200000000
11100212220200000
00100010020200110
00100010220000000
02200110200000222
02211110000000111
00011001100012221
11111101102210022
02222102200110022
00000000000100000
STEP 35 P2 MOVE 4 4 9 4
OWN
10110212200000000
11100212220200000
00100010020200110
00100010220000000
02202110200000222
02212110000000111
00012001100012221
11112101102210022
02222102200110022
00002000000100000
STEP 36 P1 MOVE -1 -1 -1 -1
OWN
10110212200000000
11100212220200000
00100010020200110
00100010220000000
02202110200000222
02212110000000111
00012001100012221
11112101102210022
02222102200110022
00002000000100000
STEP 37 P2 MOVE -1 -1 -1 -1
OWN
10110212200000000
11100212220200000
00100010020200110
00100010220000000
02202110200000222
02212110000000111
00012001100012221
11112101102210022
02222102200110022
00002000000100000
RESULT first=39 second=40 winner=2
ANALYSIS winner=P2 score=39-40 reason=şóÄ­Ľ±Áˇ(+3) / żŞŔü˝Â steal(w/l)=7/8 neu(w/l)=41/38
