BOARD
34425594274121596
59176443759424167
81974586968965134
85359957576549611
83493784864996735
59342537158384953
15156859763666459
65936724449374411
15784861776592727
77615245941664441
STEP 0 P1 MOVE 7 13 7 16
OWN
00000000000000000
00000000000000000
00000000000000000
00000000000000000
00000000000000000
00000000000000000
00000000000000000
00000000000001111
00000000000000000
00000000000000000
STEP 1 P2 MOVE 5 6 7 6
OWN
00000000000000000
00000000000000000
00000000000000000
00000000000000000
00000000000000000
00000020000000000
00000020000000000
00000020000001111
00000000000000000
00000000000000000
STEP 2 P1 MOVE 3 15 4 16
OWN
00000000000000000
00000000000000000
00000000000000000
00000000000000011
00000000000000011
00000020000000000
00000020000000000
00000020000001111
00000000000000000
00000000000000000
STEP 3 P2 MOVE 2 14 3 15
OWN
00000000000000000
00000000000000000
00000000000000220
00000000000000221
00000000000000011
00000020000000000
00000020000000000
00000020000001111
00000000000000000
00000000000000000
STEP 4 P1 MOVE 0 1 0 3
OWN
01110000000000000
00000000000000000
00000000000000220
00000000000000221
00000000000000011
00000020000000000
00000020000000000
00000020000001111
00000000000000000
00000000000000000
STEP 5 P2 MOVE 7 7 9 7
OWN
01110000000000000
00000000000000000
00000000000000220
00000000000000221
00000000000000011
00000020000000000
00000020000000000
00000022000001111
00000002000000000
00000002000000000
STEP 6 P1 MOVE 1 1 2 1
OWN
01110000000000000
01000000000000000
01000000000000220
00000000000000221
00000000000000011
00000020000000000
00000020000000000
00000022000001111
00000002000000000
00000002000000000
STEP 7 P2 MOVE 2 12 3 12
OWN
01110000000000000
01000000000000000
01000000000020220
00000000000020221
00000000000000011
00000020000000000
00000020000000000
00000022000001111
00000002000000000
00000002000000000
STEP 8 P1 MOVE 3 10 4 10
OWN
01110000000000000
01000000000000000
01000000000020220
00000000001020221
00000000001000011
00000020000000000
00000020000000000
00000022000001111
00000002000000000
00000002000000000
STEP 9 P2 MOVE 4 4 4 5
OWN
01110000000000000
01000000000000000
01000000000020220
00000000001020221
00002200001000011
00000020000000000
00000020000000000
00000022000001111
00000002000000000
00000002000000000
STEP 10 P1 MOVE 8 6 9 6
OWN
01110000000000000
01000000000000000
01000000000020220
00000000001020221
00002200001000011
00000020000000000
00000020000000000
00000022000001111
00000012000000000
00000012000000000
STEP 11 P2 MOVE 1 4 2 4
OWN
01110000000000000
01002000000000000
01002000000020220
00000000001020221
00002200001000011
00000020000000000
00000020000000000
00000022000001111
00000012000000000
00000012000000000
STEP 12 P1 MOVE 8 5 9 5
OWN
01110000000000000
01002000000000000
01002000000020220
00000000001020221
00002200001000011
00000020000000000
00000020000000000
00000022000001111
00000112000000000
00000112000000000
STEP 13 P2 MOVE 6 9 7 9
OWN
01110000000000000
01002000000000000
01002000000020220
00000000001020221
00002200001000011
00000020000000000
00000020020000000
00000022020001111
00000112000000000
00000112000000000
STEP 14 P1 MOVE 7 11 7 12
OWN
01110000000000000
01002000000000000
01002000000020220
00000000001020221
00002200001000011
00000020000000000
00000020020000000
00000022020111111
00000112000000000
00000112000000000
STEP 15 P2 MOVE 9 12 9 13
OWN
01110000000000000
01002000000000000
01002000000020220
00000000001020221
00002200001000011
00000020000000000
00000020020000000
00000022020111111
00000112000000000
00000112000022000
STEP 16 P1 MOVE 7 1 8 1
OWN
01110000000000000
01002000000000000
01002000000020220
00000000001020221
00002200001000011
00000020000000000
00000020020000000
01000022020111111
01000112000000000
00000112000022000
STEP 17 P2 MOVE 4 13 5 13
OWN
01110000000000000
01002000000000000
01002000000020220
00000000001020221
00002200001002011
00000020000002000
00000020020000000
01000022020111111
01000112000000000
00000112000022000
STEP 18 P1 MOVE 6 2 7 2
OWN
01110000000000000
01002000000000000
01002000000020220
00000000001020221
00002200001002011
00000020000002000
00100020020000000
01100022020111111
01000112000000000
00000112000022000
STEP 19 P2 MOVE 7 4 8 4
OWN
01110000000000000
01002000000000000
01002000000020220
00000000001020221
00002200001002011
00000020000002000
00100020020000000
01102022020111111
01002112000000000
00000112000022000
STEP 20 P1 MOVE 5 15 6 15
OWN
01110000000000000
01002000000000000
01002000000020220
00000000001020221
00002200001002011
00000020000002010
00100020020000010
01102022020111111
01002112000000000
00000112000022000
STEP 21 P2 MOVE 0 4 0 5
OWN
01112200000000000
01002000000000000
01002000000020220
00000000001020221
00002200001002011
00000020000002010
00100020020000010
01102022020111111
01002112000000000
00000112000022000
STEP 22 P1 MOVE 6 8 6 10
OWN
01112200000000000
01002000000000000
01002000000020220
00000000001020221
00002200001002011
00000020000002010
00100020111000010
01102022020111111
01002112000000000
00000112000022000
STEP 23 P2 MOVE 5 8 7 9
OWN
01112200000000000
01002000000000000
01002000000020220
00000000001020221
00002200001002011
00000020220002010
00100020221000010
01102022220111111
01002112000000000
00000112000022000
STEP 24 P1 MOVE 7 3 7 5
OWN
01112200000000000
01002000000000000
01002000000020220
00000000001020221
00002200001002011
00000020220002010
00100020221000010
01111122220111111
01002112000000000
00000112000022000
STEP 25 P2 MOVE 6 1 6 3
OWN
01112200000000000
01002000000000000
01002000000020220
00000000001020221
00002200001002011
00000020220002010
02220020221000010
01111122220111111
01002112000000000
00000112000022000
STEP 26 P1 MOVE 3 2 5 2
OWN
01112200000000000
01002000000000000
01002000000020220
00100000001020221
00102200001002011
00100020220002010
02220020221000010
01111122220111111
01002112000000000
00000112000022000
STEP 27 P2 MOVE 3 1 3 3
OWN
01112200000000000
01002000000000000
01002000000020220
02220000001020221
00102200001002011
00100020220002010
02220020221000010
01111122220111111
01002112000000000
00000112000022000
STEP 28 P1 MOVE 1 13 2 14
OWN
01112200000000000
01002000000001100
01002000000021120
02220000001020221
00102200001002011
00100020220002010
02220020221000010
01111122220111111
01002112000000000
00000112000022000
STEP 29 P2 MOVE 0 11 1 13
OWN
01112200000222000
01002000000222100
01002000000021120
02220000001020221
00102200001002011
00100020220002010
02220020221000010
01111122220111111
01002112000000000
00000112000022000
STEP 30 P1 MOVE 9 11 9 14
OWN
01112200000222000
01002000000222100
01002000000021120
02220000001020221
00102200001002011
00100020220002010
02220020221000010
01111122220111111
01002112000000000
00000112000111100
STEP 31 P2 MOVE 9 9 9 16
OWN
01112200000222000
01002000000222100
01002000000021120
02220000001020221
00102200001002011
00100020220002010
02220020221000010
01111122220111111
01002112000000000
00000112022222222
STEP 32 P1 MOVE 1 2 2 2
OWN
01112200000222000
01102000000222100
01102000000021120
02220000001020221
00102200001002011
00100020220002010
02220020221000010
01111122220111111
01002112000000000
00000112022222222
STEP 33 P2 MOVE 6 13 6 14
OWN
01112200000222000
01102000000222100
01102000000021120
02220000001020221
00102200001002011
00100020220002010
02220020221002210
01111122220111111
01002112000000000
00000112022222222
STEP 34 P1 MOVE -1 -1 -1 -1
OWN
01112200000222000
01102000000222100
01102000000021120
02220000001020221
00102200001002011
00100020220002010
02220020221002210
01111122220111111
01002112000000000
00000112022222222
STEP 35 P2 MOVE -1 -1 -1 -1
OWN
01112200000222000
01102000000222100
01102000000021120
02220000001020221
00102200001002011
00100020220002010
02220020221002210
01111122220111111
01002112000000000
00000112022222222
RESULT first=36 second=48 winner=2
ANALYSIS winner=P2 score=36-48 reason=Ĺ»ĂëżěŔ§(+5Ä­ »©ľŃŔ˝,2ąčČż°ú) / żŞŔü˝Â steal(w/l)=10/5 neu(w/l)=43/41
