BOARD
92876341764775712
48333459617318898
85597132964225774
21925833378452826
44495481584616553
12914544962783575
26333443483589539
46728652329122554
22582465614751626
63844479132118187
STEP 0 P1 MOVE 9 12 9 14
OWN
00000000000000000
00000000000000000
00000000000000000
00000000000000000
00000000000000000
00000000000000000
00000000000000000
00000000000000000
00000000000000000
00000000000011100
STEP 1 P2 MOVE 2 7 5 7
OWN
00000000000000000
00000000000000000
00000002000000000
00000002000000000
00000002000000000
00000002000000000
00000000000000000
00000000000000000
00000000000000000
00000000000011100
STEP 2 P1 MOVE 7 12 8 13
OWN
00000000000000000
00000000000000000
00000002000000000
00000002000000000
00000002000000000
00000002000000000
00000000000000000
00000000000011000
00000000000011000
00000000000011100
STEP 3 P2 MOVE 7 4 8 4
OWN
00000000000000000
00000000000000000
00000002000000000
00000002000000000
00000002000000000
00000002000000000
00000000000000000
00002000000011000
00002000000011000
00000000000011100
STEP 4 P1 MOVE 0 12 2 12
OWN
00000000000010000
00000000000010000
00000002000010000
00000002000000000
00000002000000000
00000002000000000
00000000000000000
00002000000011000
00002000000011000
00000000000011100
STEP 5 P2 MOVE 0 14 0 16
OWN
00000000000010222
00000000000010000
00000002000010000
00000002000000000
00000002000000000
00000002000000000
00000000000000000
00002000000011000
00002000000011000
00000000000011100
STEP 6 P1 MOVE 7 14 7 15
OWN
00000000000010222
00000000000010000
00000002000010000
00000002000000000
00000002000000000
00000002000000000
00000000000000000
00002000000011110
00002000000011000
00000000000011100
STEP 7 P2 MOVE 6 2 7 2
OWN
00000000000010222
00000000000010000
00000002000010000
00000002000000000
00000002000000000
00000002000000000
00200000000000000
00202000000011110
00002000000011000
00000000000011100
STEP 8 P1 MOVE 3 8 3 9
OWN
00000000000010222
00000000000010000
00000002000010000
00000002110000000
00000002000000000
00000002000000000
00200000000000000
00202000000011110
00002000000011000
00000000000011100
STEP 9 P2 MOVE 7 10 7 11
OWN
00000000000010222
00000000000010000
00000002000010000
00000002110000000
00000002000000000
00000002000000000
00200000000000000
00202000002211110
00002000000011000
00000000000011100
STEP 10 P1 MOVE 1 3 1 5
OWN
00000000000010222
00011100000010000
00000002000010000
00000002110000000
00000002000000000
00000002000000000
00200000000000000
00202000002211110
00002000000011000
00000000000011100
STEP 11 P2 MOVE 6 7 8 7
OWN
00000000000010222
00011100000010000
00000002000010000
00000002110000000
00000002000000000
00000002000000000
00200002000000000
00202002002211110
00002002000011000
00000000000011100
STEP 12 P1 MOVE 5 3 5 5
OWN
00000000000010222
00011100000010000
00000002000010000
00000002110000000
00000002000000000
00011102000000000
00200002000000000
00202002002211110
00002002000011000
00000000000011100
STEP 13 P2 MOVE 7 8 9 8
OWN
00000000000010222
00011100000010000
00000002000010000
00000002110000000
00000002000000000
00011102000000000
00200002000000000
00202002202211110
00002002200011000
00000000200011100
STEP 14 P1 MOVE 1 10 1 11
OWN
00000000000010222
00011100001110000
00000002000010000
00000002110000000
00000002000000000
00011102000000000
00200002000000000
00202002202211110
00002002200011000
00000000200011100
STEP 15 P2 MOVE 3 13 3 14
OWN
00000000000010222
00011100001110000
00000002000010000
00000002110002200
00000002000000000
00011102000000000
00200002000000000
00202002202211110
00002002200011000
00000000200011100
STEP 16 P1 MOVE 3 11 4 11
OWN
00000000000010222
00011100001110000
00000002000010000
00000002110102200
00000002000100000
00011102000000000
00200002000000000
00202002202211110
00002002200011000
00000000200011100
STEP 17 P2 MOVE 7 16 8 16
OWN
00000000000010222
00011100001110000
00000002000010000
00000002110102200
00000002000100000
00011102000000000
00200002000000000
00202002202211112
00002002200011002
00000000200011100
STEP 18 P1 MOVE 6 5 7 5
OWN
00000000000010222
00011100001110000
00000002000010000
00000002110102200
00000002000100000
00011102000000000
00200102000000000
00202102202211112
00002002200011002
00000000200011100
STEP 19 P2 MOVE 2 1 2 2
OWN
00000000000010222
00011100001110000
02200002000010000
00000002110102200
00000002000100000
00011102000000000
00200102000000000
00202102202211112
00002002200011002
00000000200011100
STEP 20 P1 MOVE 2 9 2 10
OWN
00000000000010222
00011100001110000
02200002011010000
00000002110102200
00000002000100000
00011102000000000
00200102000000000
00202102202211112
00002002200011002
00000000200011100
STEP 21 P2 MOVE 0 1 1 1
OWN
02000000000010222
02011100001110000
02200002011010000
00000002110102200
00000002000100000
00011102000000000
00200102000000000
00202102202211112
00002002200011002
00000000200011100
STEP 22 P1 MOVE 6 3 6 6
OWN
02000000000010222
02011100001110000
02200002011010000
00000002110102200
00000002000100000
00011102000000000
00211112000000000
00202102202211112
00002002200011002
00000000200011100
STEP 23 P2 MOVE 8 15 9 15
OWN
02000000000010222
02011100001110000
02200002011010000
00000002110102200
00000002000100000
00011102000000000
00211112000000000
00202102202211112
00002002200011022
00000000200011120
STEP 24 P1 MOVE 7 3 8 3
OWN
02000000000010222
02011100001110000
02200002011010000
00000002110102200
00000002000100000
00011102000000000
00211112000000000
00212102202211112
00012002200011022
00000000200011120
STEP 25 P2 MOVE 5 14 6 14
OWN
02000000000010222
02011100001110000
02200002011010000
00000002110102200
00000002000100000
00011102000000200
00211112000000200
00212102202211112
00012002200011022
00000000200011120
STEP 26 P1 MOVE 9 10 9 16
OWN
02000000000010222
02011100001110000
02200002011010000
00000002110102200
00000002000100000
00011102000000200
00211112000000200
00212102202211112
00012002200011022
00000000201111111
STEP 27 P2 MOVE 7 9 9 10
OWN
02000000000010222
02011100001110000
02200002011010000
00000002110102200
00000002000100000
00011102000000200
00211112000000200
00212102222211112
00012002222011022
00000000222111111
STEP 28 P1 MOVE 0 7 1 7
OWN
02000001000010222
02011101001110000
02200002011010000
00000002110102200
00000002000100000
00011102000000200
00211112000000200
00212102222211112
00012002222011022
00000000222111111
STEP 29 P2 MOVE 2 0 3 0
OWN
02000001000010222
02011101001110000
22200002011010000
20000002110102200
00000002000100000
00011102000000200
00211112000000200
00212102222211112
00012002222011022
00000000222111111
STEP 30 P1 MOVE 3 1 3 2
OWN
02000001000010222
02011101001110000
22200002011010000
21100002110102200
00000002000100000
00011102000000200
00211112000000200
00212102222211112
00012002222011022
00000000222111111
STEP 31 P2 MOVE 5 15 6 15
OWN
02000001000010222
02011101001110000
22200002011010000
21100002110102200
00000002000100000
00011102000000220
00211112000000220
00212102222211112
00012002222011022
00000000222111111
STEP 32 P1 MOVE 2 16 3 16
OWN
02000001000010222
02011101001110000
22200002011010001
21100002110102201
00000002000100000
00011102000000220
00211112000000220
00212102222211112
00012002222011022
00000000222111111
STEP 33 P2 MOVE 7 0 7 1
OWN
02000001000010222
02011101001110000
22200002011010001
21100002110102201
00000002000100000
00011102000000220
00211112000000220
22212102222211112
00012002222011022
00000000222111111
STEP 34 P1 MOVE -1 -1 -1 -1
OWN
02000001000010222
02011101001110000
22200002011010001
21100002110102201
00000002000100000
00011102000000220
00211112000000220
22212102222211112
00012002222011022
00000000222111111
STEP 35 P2 MOVE 3 4 4 4
OWN
02000001000010222
02011101001110000
22200002011010001
21102002110102201
00002002000100000
00011102000000220
00211112000000220
22212102222211112
00012002222011022
00000000222111111
STEP 36 P1 MOVE 3 3 3 5
OWN
02000001000010222
02011101001110000
22200002011010001
21111102110102201
00002002000100000
00011102000000220
00211112000000220
22212102222211112
00012002222011022
00000000222111111
STEP 37 P2 MOVE 6 0 9 0
OWN
02000001000010222
02011101001110000
22200002011010001
21111102110102201
00002002000100000
00011102000000220
20211112000000220
22212102222211112
20012002222011022
20000000222111111
STEP 38 P1 MOVE 6 1 6 8
OWN
02000001000010222
02011101001110000
22200002011010001
21111102110102201
00002002000100000
00011102000000220
21111111100000220
22212102222211112
20012002222011022
20000000222111111
STEP 39 P2 MOVE 8 5 8 6
OWN
02000001000010222
02011101001110000
22200002011010001
21111102110102201
00002002000100000
00011102000000220
21111111100000220
22212102222211112
20012222222011022
20000000222111111
STEP 40 P1 MOVE -1 -1 -1 -1
OWN
02000001000010222
02011101001110000
22200002011010001
21111102110102201
00002002000100000
00011102000000220
21111111100000220
22212102222211112
20012222222011022
20000000222111111
STEP 41 P2 MOVE 2 12 3 13
OWN
02000001000010222
02011101001110000
22200002011022001
21111102110122201
00002002000100000
00011102000000220
21111111100000220
22212102222211112
20012222222011022
20000000222111111
STEP 42 P1 MOVE 1 11 2 13
OWN
02000001000010222
02011101001111000
22200002011111001
21111102110122201
00002002000100000
00011102000000220
21111111100000220
22212102222211112
20012222222011022
20000000222111111
STEP 43 P2 MOVE 7 2 8 6
OWN
02000001000010222
02011101001111000
22200002011111001
21111102110122201
00002002000100000
00011102000000220
21111111100000220
22222222222211112
20222222222011022
20000000222111111
STEP 44 P1 MOVE 6 1 8 9
OWN
02000001000010222
02011101001111000
22200002011111001
21111102110122201
00002002000100000
00011102000000220
21111111110000220
21111111112211112
21111111112011022
20000000222111111
STEP 45 P2 MOVE 3 10 3 15
OWN
02000001000010222
02011101001111000
22200002011111001
21111102112222221
00002002000100000
00011102000000220
21111111110000220
21111111112211112
21111111112011022
20000000222111111
STEP 46 P1 MOVE 0 9 0 10
OWN
02000001011010222
02011101001111000
22200002011111001
21111102112222221
00002002000100000
00011102000000220
21111111110000220
21111111112211112
21111111112011022
20000000222111111
STEP 47 P2 MOVE -1 -1 -1 -1
OWN
02000001011010222
02011101001111000
22200002011111001
21111102112222221
00002002000100000
00011102000000220
21111111110000220
21111111112211112
21111111112011022
20000000222111111
STEP 48 P1 MOVE -1 -1 -1 -1
OWN
02000001011010222
02011101001111000
22200002011111001
21111102112222221
00002002000100000
00011102000000220
21111111110000220
21111111112211112
21111111112011022
20000000222111111
RESULT first=69 second=37 winner=1
ANALYSIS winner=P1 score=69-37 reason=탈취우위(+17칸 빼앗음,2배효과) steal(w/l)=23/6 neu(w/l)=52/54
