BOARD
68591573282427868
62721252955721328
42291615168623966
12769746311892344
33844152581925275
34244763472469739
66555578176954198
76876921732619579
92693837392759448
59191671782926142
STEP 0 P1 MOVE 1 4 1 7
OWN
00000000000000000
00001111000000000
00000000000000000
00000000000000000
00000000000000000
00000000000000000
00000000000000000
00000000000000000
00000000000000000
00000000000000000
STEP 1 P2 MOVE 2 10 4 10
OWN
00000000000000000
00001111000000000
00000000002000000
00000000002000000
00000000002000000
00000000000000000
00000000000000000
00000000000000000
00000000000000000
00000000000000000
STEP 2 P1 MOVE 8 8 9 8
OWN
00000000000000000
00001111000000000
00000000002000000
00000000002000000
00000000002000000
00000000000000000
00000000000000000
00000000000000000
00000000100000000
00000000100000000
STEP 3 P2 MOVE 0 9 0 10
OWN
00000000022000000
00001111000000000
00000000002000000
00000000002000000
00000000002000000
00000000000000000
00000000000000000
00000000000000000
00000000100000000
00000000100000000
STEP 4 P1 MOVE 2 4 3 4
OWN
00000000022000000
00001111000000000
00001000002000000
00001000002000000
00000000002000000
00000000000000000
00000000000000000
00000000000000000
00000000100000000
00000000100000000
STEP 5 P2 MOVE 4 15 5 15
OWN
00000000022000000
00001111000000000
00001000002000000
00001000002000000
00000000002000020
00000000000000020
00000000000000000
00000000000000000
00000000100000000
00000000100000000
STEP 6 P1 MOVE 0 6 0 7
OWN
00000011022000000
00001111000000000
00001000002000000
00001000002000000
00000000002000020
00000000000000020
00000000000000000
00000000000000000
00000000100000000
00000000100000000
STEP 7 P2 MOVE 9 1 9 2
OWN
00000011022000000
00001111000000000
00001000002000000
00001000002000000
00000000002000020
00000000000000020
00000000000000000
00000000000000000
00000000100000000
02200000100000000
STEP 8 P1 MOVE 8 16 9 16
OWN
00000011022000000
00001111000000000
00001000002000000
00001000002000000
00000000002000020
00000000000000020
00000000000000000
00000000000000000
00000000100000001
02200000100000001
STEP 9 P2 MOVE 5 1 5 3
OWN
00000011022000000
00001111000000000
00001000002000000
00001000002000000
00000000002000020
02220000000000020
00000000000000000
00000000000000000
00000000100000001
02200000100000001
STEP 10 P1 MOVE 6 12 6 14
OWN
00000011022000000
00001111000000000
00001000002000000
00001000002000000
00000000002000020
02220000000000020
00000000000011100
00000000000000000
00000000100000001
02200000100000001
STEP 11 P2 MOVE 7 4 9 4
OWN
00000011022000000
00001111000000000
00001000002000000
00001000002000000
00000000002000020
02220000000000020
00000000000011100
00002000000000000
00002000100000001
02202000100000001
STEP 12 P1 MOVE 2 6 4 6
OWN
00000011022000000
00001111000000000
00001010002000000
00001010002000000
00000010002000020
02220000000000020
00000000000011100
00002000000000000
00002000100000001
02202000100000001
STEP 13 P2 MOVE 6 4 6 5
OWN
00000011022000000
00001111000000000
00001010002000000
00001010002000000
00000010002000020
02220000000000020
00002200000011100
00002000000000000
00002000100000001
02202000100000001
STEP 14 P1 MOVE 6 10 8 10
OWN
00000011022000000
00001111000000000
00001010002000000
00001010002000000
00000010002000020
02220000000000020
00002200001011100
00002000001000000
00002000101000001
02202000100000001
STEP 15 P2 MOVE 3 3 4 3
OWN
00000011022000000
00001111000000000
00001010002000000
00021010002000000
00020010002000020
02220000000000020
00002200001011100
00002000001000000
00002000101000001
02202000100000001
STEP 16 P1 MOVE 7 9 7 12
OWN
00000011022000000
00001111000000000
00001010002000000
00021010002000000
00020010002000020
02220000000000020
00002200001011100
00002000011110000
00002000101000001
02202000100000001
STEP 17 P2 MOVE 3 7 3 9
OWN
00000011022000000
00001111000000000
00001010002000000
00021012222000000
00020010002000020
02220000000000020
00002200001011100
00002000011110000
00002000101000001
02202000100000001
STEP 18 P1 MOVE 2 7 5 7
OWN
00000011022000000
00001111000000000
00001011002000000
00021011222000000
00020011002000020
02220001000000020
00002200001011100
00002000011110000
00002000101000001
02202000100000001
STEP 19 P2 MOVE 4 4 4 8
OWN
00000011022000000
00001111000000000
00001011002000000
00021011222000000
00022222202000020
02220001000000020
00002200001011100
00002000011110000
00002000101000001
02202000100000001
STEP 20 P1 MOVE 3 0 3 2
OWN
00000011022000000
00001111000000000
00001011002000000
11121011222000000
00022222202000020
02220001000000020
00002200001011100
00002000011110000
00002000101000001
02202000100000001
STEP 21 P2 MOVE 2 0 5 0
OWN
00000011022000000
00001111000000000
20001011002000000
21121011222000000
20022222202000020
22220001000000020
00002200001011100
00002000011110000
00002000101000001
02202000100000001
STEP 22 P1 MOVE 1 0 2 1
OWN
00000011022000000
11001111000000000
11001011002000000
21121011222000000
20022222202000020
22220001000000020
00002200001011100
00002000011110000
00002000101000001
02202000100000001
STEP 23 P2 MOVE 7 6 7 8
OWN
00000011022000000
11001111000000000
11001011002000000
21121011222000000
20022222202000020
22220001000000020
00002200001011100
00002022211110000
00002000101000001
02202000100000001
STEP 24 P1 MOVE 6 6 8 6
OWN
00000011022000000
11001111000000000
11001011002000000
21121011222000000
20022222202000020
22220001000000020
00002210001011100
00002012211110000
00002010101000001
02202000100000001
STEP 25 P2 MOVE 1 8 2 8
OWN
00000011022000000
11001111200000000
11001011202000000
21121011222000000
20022222202000020
22220001000000020
00002210001011100
00002012211110000
00002010101000001
02202000100000001
STEP 26 P1 MOVE 5 6 5 8
OWN
00000011022000000
11001111200000000
11001011202000000
21121011222000000
20022222202000020
22220011100000020
00002210001011100
00002012211110000
00002010101000001
02202000100000001
STEP 27 P2 MOVE 1 9 1 10
OWN
00000011022000000
11001111222000000
11001011202000000
21121011222000000
20022222202000020
22220011100000020
00002210001011100
00002012211110000
00002010101000001
02202000100000001
STEP 28 P1 MOVE 1 15 1 16
OWN
00000011022000000
11001111222000011
11001011202000000
21121011222000000
20022222202000020
22220011100000020
00002210001011100
00002012211110000
00002010101000001
02202000100000001
STEP 29 P2 MOVE 0 3 0 4
OWN
00022011022000000
11001111222000011
11001011202000000
21121011222000000
20022222202000020
22220011100000020
00002210001011100
00002012211110000
00002010101000001
02202000100000001
STEP 30 P1 MOVE 7 14 9 14
OWN
00022011022000000
11001111222000011
11001011202000000
21121011222000000
20022222202000020
22220011100000020
00002210001011100
00002012211110100
00002010101000101
02202000100000101
STEP 31 P2 MOVE 5 11 5 12
OWN
00022011022000000
11001111222000011
11001011202000000
21121011222000000
20022222202000020
22220011100220020
00002210001011100
00002012211110100
00002010101000101
02202000100000101
STEP 32 P1 MOVE 9 13 9 15
OWN
00022011022000000
11001111222000011
11001011202000000
21121011222000000
20022222202000020
22220011100220020
00002210001011100
00002012211110100
00002010101000101
02202000100001111
STEP 33 P2 MOVE 1 11 1 13
OWN
00022011022000000
11001111222222011
11001011202000000
21121011222000000
20022222202000020
22220011100220020
00002210001011100
00002012211110100
00002010101000101
02202000100001111
STEP 34 P1 MOVE 0 11 2 11
OWN
00022011022100000
11001111222122011
11001011202100000
21121011222000000
20022222202000020
22220011100220020
00002210001011100
00002012211110100
00002010101000101
02202000100001111
STEP 35 P2 MOVE 2 13 4 13
OWN
00022011022100000
11001111222122011
11001011202102000
21121011222002000
20022222202002020
22220011100220020
00002210001011100
00002012211110100
00002010101000101
02202000100001111
STEP 36 P1 MOVE 2 15 3 15
OWN
00022011022100000
11001111222122011
11001011202102010
21121011222002010
20022222202002020
22220011100220020
00002210001011100
00002012211110100
00002010101000101
02202000100001111
STEP 37 P2 MOVE 9 9 9 10
OWN
00022011022100000
11001111222122011
11001011202102010
21121011222002010
20022222202002020
22220011100220020
00002210001011100
00002012211110100
00002010101000101
02202000122001111
STEP 38 P1 MOVE 9 7 9 11
OWN
00022011022100000
11001111222122011
11001011202102010
21121011222002010
20022222202002020
22220011100220020
00002210001011100
00002012211110100
00002010101000101
02202001111101111
STEP 39 P2 MOVE 2 16 3 16
OWN
00022011022100000
11001111222122011
11001011202102012
21121011222002012
20022222202002020
22220011100220020
00002210001011100
00002012211110100
00002010101000101
02202001111101111
STEP 40 P1 MOVE 3 14 4 16
OWN
00022011022100000
11001111222122011
11001011202102012
21121011222002111
20022222202002111
22220011100220020
00002210001011100
00002012211110100
00002010101000101
02202001111101111
STEP 41 P2 MOVE 2 2 4 2
OWN
00022011022100000
11001111222122011
11201011202102012
21221011222002111
20222222202002111
22220011100220020
00002210001011100
00002012211110100
00002010101000101
02202001111101111
STEP 42 P1 MOVE 3 1 4 5
OWN
00022011022100000
11001111222122011
11201011202102012
21111111222002111
21111122202002111
22220011100220020
00002210001011100
00002012211110100
00002010101000101
02202001111101111
STEP 43 P2 MOVE 6 2 6 3
OWN
00022011022100000
11001111222122011
11201011202102012
21111111222002111
21111122202002111
22220011100220020
00222210001011100
00002012211110100
00002010101000101
02202001111101111
STEP 44 P1 MOVE 5 1 6 4
OWN
00022011022100000
11001111222122011
11201011202102012
21111111222002111
21111122202002111
21111011100220020
01111210001011100
00002012211110100
00002010101000101
02202001111101111
STEP 45 P2 MOVE 0 2 0 5
OWN
00222211022100000
11001111222122011
11201011202102012
21111111222002111
21111122202002111
21111011100220020
01111210001011100
00002012211110100
00002010101000101
02202001111101111
STEP 46 P1 MOVE 0 1 0 8
OWN
01111111122100000
11001111222122011
11201011202102012
21111111222002111
21111122202002111
21111011100220020
01111210001011100
00002012211110100
00002010101000101
02202001111101111
STEP 47 P2 MOVE 0 9 2 12
OWN
01111111122220000
11001111222222011
11201011222222012
21111111222002111
21111122202002111
21111011100220020
01111210001011100
00002012211110100
00002010101000101
02202001111101111
STEP 48 P1 MOVE -1 -1 -1 -1
OWN
01111111122220000
11001111222222011
11201011222222012
21111111222002111
21111122202002111
21111011100220020
01111210001011100
00002012211110100
00002010101000101
02202001111101111
STEP 49 P2 MOVE -1 -1 -1 -1
OWN
01111111122220000
11001111222222011
11201011222222012
21111111222002111
21111122202002111
21111011100220020
01111210001011100
00002012211110100
00002010101000101
02202001111101111
RESULT first=76 second=41 winner=1
ANALYSIS winner=P1 score=76-41 reason=Ĺ»ĂëżěŔ§(+17Ä­ »©ľŃŔ˝,2ąčČż°ú) steal(w/l)=24/7 neu(w/l)=59/58
