BOARD
28514819455215594
27516913273129598
89296945114241183
91377498777224342
26195753917843359
72294637485666565
59629736634587217
89426353592383343
85618935613967265
34866238893787979
STEP 0 P1 MOVE 0 2 0 4
OWN
00111000000000000
00000000000000000
00000000000000000
00000000000000000
00000000000000000
00000000000000000
00000000000000000
00000000000000000
00000000000000000
00000000000000000
STEP 1 P2 MOVE 8 8 8 10
OWN
00111000000000000
00000000000000000
00000000000000000
00000000000000000
00000000000000000
00000000000000000
00000000000000000
00000000000000000
00000000222000000
00000000000000000
STEP 2 P1 MOVE 7 14 7 16
OWN
00111000000000000
00000000000000000
00000000000000000
00000000000000000
00000000000000000
00000000000000000
00000000000000000
00000000000000111
00000000222000000
00000000000000000
STEP 3 P2 MOVE 0 9 0 10
OWN
00111000022000000
00000000000000000
00000000000000000
00000000000000000
00000000000000000
00000000000000000
00000000000000000
00000000000000111
00000000222000000
00000000000000000
STEP 4 P1 MOVE 1 2 3 2
OWN
00111000022000000
00100000000000000
00100000000000000
00100000000000000
00000000000000000
00000000000000000
00000000000000000
00000000000000111
00000000222000000
00000000000000000
STEP 5 P2 MOVE 1 0 1 3
OWN
00111000022000000
22220000000000000
00100000000000000
00100000000000000
00000000000000000
00000000000000000
00000000000000000
00000000000000111
00000000222000000
00000000000000000
STEP 6 P1 MOVE 4 14 6 14
OWN
00111000022000000
22220000000000000
00100000000000000
00100000000000000
00000000000000100
00000000000000100
00000000000000100
00000000000000111
00000000222000000
00000000000000000
STEP 7 P2 MOVE 0 0 0 1
OWN
22111000022000000
22220000000000000
00100000000000000
00100000000000000
00000000000000100
00000000000000100
00000000000000100
00000000000000111
00000000222000000
00000000000000000
STEP 8 P1 MOVE 1 13 2 13
OWN
22111000022000000
22220000000001000
00100000000001000
00100000000000000
00000000000000100
00000000000000100
00000000000000100
00000000000000111
00000000222000000
00000000000000000
STEP 9 P2 MOVE 7 13 8 13
OWN
22111000022000000
22220000000001000
00100000000001000
00100000000000000
00000000000000100
00000000000000100
00000000000000100
00000000000002111
00000000222002000
00000000000000000
STEP 10 P1 MOVE 6 5 7 5
OWN
22111000022000000
22220000000001000
00100000000001000
00100000000000000
00000000000000100
00000000000000100
00000100000000100
00000100000002111
00000000222002000
00000000000000000
STEP 11 P2 MOVE 2 1 3 1
OWN
22111000022000000
22220000000001000
02100000000001000
02100000000000000
00000000000000100
00000000000000100
00000100000000100
00000100000002111
00000000222002000
00000000000000000
STEP 12 P1 MOVE 6 2 7 2
OWN
22111000022000000
22220000000001000
02100000000001000
02100000000000000
00000000000000100
00000000000000100
00100100000000100
00100100000002111
00000000222002000
00000000000000000
STEP 13 P2 MOVE 4 7 5 7
OWN
22111000022000000
22220000000001000
02100000000001000
02100000000000000
00000002000000100
00000002000000100
00100100000000100
00100100000002111
00000000222002000
00000000000000000
STEP 14 P1 MOVE 1 5 1 6
OWN
22111000022000000
22220110000001000
02100000000001000
02100000000000000
00000002000000100
00000002000000100
00100100000000100
00100100000002111
00000000222002000
00000000000000000
STEP 15 P2 MOVE 9 10 9 11
OWN
22111000022000000
22220110000001000
02100000000001000
02100000000000000
00000002000000100
00000002000000100
00100100000000100
00100100000002111
00000000222002000
00000000002200000
STEP 16 P1 MOVE 0 6 0 7
OWN
22111011022000000
22220110000001000
02100000000001000
02100000000000000
00000002000000100
00000002000000100
00100100000000100
00100100000002111
00000000222002000
00000000002200000
STEP 17 P2 MOVE 5 8 6 8
OWN
22111011022000000
22220110000001000
02100000000001000
02100000000000000
00000002000000100
00000002200000100
00100100200000100
00100100000002111
00000000222002000
00000000002200000
STEP 18 P1 MOVE 2 11 3 12
OWN
22111011022000000
22220110000001000
02100000000111000
02100000000110000
00000002000000100
00000002200000100
00100100200000100
00100100000002111
00000000222002000
00000000002200000
STEP 19 P2 MOVE 5 4 5 5
OWN
22111011022000000
22220110000001000
02100000000111000
02100000000110000
00000002000000100
00002202200000100
00100100200000100
00100100000002111
00000000222002000
00000000002200000
STEP 20 P1 MOVE 3 13 4 14
OWN
22111011022000000
22220110000001000
02100000000111000
02100000000111100
00000002000001100
00002202200000100
00100100200000100
00100100000002111
00000000222002000
00000000002200000
STEP 21 P2 MOVE 0 13 0 14
OWN
22111011022002200
22220110000001000
02100000000111000
02100000000111100
00000002000001100
00002202200000100
00100100200000100
00100100000002111
00000000222002000
00000000002200000
STEP 22 P1 MOVE 4 12 5 12
OWN
22111011022002200
22220110000001000
02100000000111000
02100000000111100
00000002000011100
00002202200010100
00100100200000100
00100100000002111
00000000222002000
00000000002200000
STEP 23 P2 MOVE 4 8 4 9
OWN
22111011022002200
22220110000001000
02100000000111000
02100000000111100
00000002220011100
00002202200010100
00100100200000100
00100100000002111
00000000222002000
00000000002200000
STEP 24 P1 MOVE 1 9 1 10
OWN
22111011022002200
22220110011001000
02100000000111000
02100000000111100
00000002220011100
00002202200010100
00100100200000100
00100100000002111
00000000222002000
00000000002200000
STEP 25 P2 MOVE 1 8 3 8
OWN
22111011022002200
22220110211001000
02100000200111000
02100000200111100
00000002220011100
00002202200010100
00100100200000100
00100100000002111
00000000222002000
00000000002200000
STEP 26 P1 MOVE 0 8 1 12
OWN
22111011111112200
22220110111111000
02100000200111000
02100000200111100
00000002220011100
00002202200010100
00100100200000100
00100100000002111
00000000222002000
00000000002200000
STEP 27 P2 MOVE 1 10 2 14
OWN
22111011111112200
22220110112222200
02100000202222200
02100000200111100
00000002220011100
00002202200010100
00100100200000100
00100100000002111
00000000222002000
00000000002200000
STEP 28 P1 MOVE 2 6 2 9
OWN
22111011111112200
22220110112222200
02100011112222200
02100000200111100
00000002220011100
00002202200010100
00100100200000100
00100100000002111
00000000222002000
00000000002200000
STEP 29 P2 MOVE -1 -1 -1 -1
OWN
22111011111112200
22220110112222200
02100011112222200
02100000200111100
00000002220011100
00002202200010100
00100100200000100
00100100000002111
00000000222002000
00000000002200000
STEP 30 P1 MOVE -1 -1 -1 -1
OWN
22111011111112200
22220110112222200
02100011112222200
02100000200111100
00000002220011100
00002202200010100
00100100200000100
00100100000002111
00000000222002000
00000000002200000
RESULT first=37 second=36 winner=1
ANALYSIS winner=P1 score=37-36 reason=şóÄ­Ľ±Áˇ(+9) / Ľ±°řŔĚÁˇ steal(w/l)=4/8 neu(w/l)=41/32
