BOARD
39774334686194241
89168672611222891
67656414474959343
54426186225812495
66674722199352535
41967573963914372
19349318915928173
93751477151516385
36311958176464713
24991346774587561
STEP 0 P1 MOVE 5 12 8 12
OWN
00000000000000000
00000000000000000
00000000000000000
00000000000000000
00000000000000000
00000000000010000
00000000000010000
00000000000010000
00000000000010000
00000000000000000
STEP 1 P2 MOVE 0 10 1 11
OWN
00000000002200000
00000000002200000
00000000000000000
00000000000000000
00000000000000000
00000000000010000
00000000000010000
00000000000010000
00000000000010000
00000000000000000
STEP 2 P1 MOVE 3 12 4 13
OWN
00000000002200000
00000000002200000
00000000000000000
00000000000011000
00000000000011000
00000000000010000
00000000000010000
00000000000010000
00000000000010000
00000000000000000
STEP 3 P2 MOVE 0 16 3 16
OWN
00000000002200002
00000000002200002
00000000000000002
00000000000011002
00000000000011000
00000000000010000
00000000000010000
00000000000010000
00000000000010000
00000000000000000
STEP 4 P1 MOVE 8 1 8 3
OWN
00000000002200002
00000000002200002
00000000000000002
00000000000011002
00000000000011000
00000000000010000
00000000000010000
00000000000010000
01110000000010000
00000000000000000
STEP 5 P2 MOVE 0 4 0 6
OWN
00002220002200002
00000000002200002
00000000000000002
00000000000011002
00000000000011000
00000000000010000
00000000000010000
00000000000010000
01110000000010000
00000000000000000
STEP 6 P1 MOVE 0 13 0 15
OWN
00002220002201112
00000000002200002
00000000000000002
00000000000011002
00000000000011000
00000000000010000
00000000000010000
00000000000010000
01110000000010000
00000000000000000
STEP 7 P2 MOVE 0 7 2 7
OWN
00002222002201112
00000002002200002
00000002000000002
00000000000011002
00000000000011000
00000000000010000
00000000000010000
00000000000010000
01110000000010000
00000000000000000
STEP 8 P1 MOVE 3 1 3 3
OWN
00002222002201112
00000002002200002
00000002000000002
01110000000011002
00000000000011000
00000000000010000
00000000000010000
00000000000010000
01110000000010000
00000000000000000
STEP 9 P2 MOVE 3 7 3 9
OWN
00002222002201112
00000002002200002
00000002000000002
01110002220011002
00000000000011000
00000000000010000
00000000000010000
00000000000010000
01110000000010000
00000000000000000
STEP 10 P1 MOVE 4 16 6 16
OWN
00002222002201112
00000002002200002
00000002000000002
01110002220011002
00000000000011001
00000000000010001
00000000000010001
00000000000010000
01110000000010000
00000000000000000
STEP 11 P2 MOVE 4 15 5 15
OWN
00002222002201112
00000002002200002
00000002000000002
01110002220011002
00000000000011021
00000000000010021
00000000000010001
00000000000010000
01110000000010000
00000000000000000
STEP 12 P1 MOVE 4 8 5 8
OWN
00002222002201112
00000002002200002
00000002000000002
01110002220011002
00000000100011021
00000000100010021
00000000000010001
00000000000010000
01110000000010000
00000000000000000
STEP 13 P2 MOVE 3 4 4 4
OWN
00002222002201112
00000002002200002
00000002000000002
01112002220011002
00002000100011021
00000000100010021
00000000000010001
00000000000010000
01110000000010000
00000000000000000
STEP 14 P1 MOVE 5 3 6 3
OWN
00002222002201112
00000002002200002
00000002000000002
01112002220011002
00002000100011021
00010000100010021
00010000000010001
00000000000010000
01110000000010000
00000000000000000
STEP 15 P2 MOVE 5 1 5 2
OWN
00002222002201112
00000002002200002
00000002000000002
01112002220011002
00002000100011021
02210000100010021
00010000000010001
00000000000010000
01110000000010000
00000000000000000
STEP 16 P1 MOVE 6 0 6 1
OWN
00002222002201112
00000002002200002
00000002000000002
01112002220011002
00002000100011021
02210000100010021
11010000000010001
00000000000010000
01110000000010000
00000000000000000
STEP 17 P2 MOVE 1 5 2 5
OWN
00002222002201112
00000202002200002
00000202000000002
01112002220011002
00002000100011021
02210000100010021
11010000000010001
00000000000010000
01110000000010000
00000000000000000
STEP 18 P1 MOVE 1 8 2 8
OWN
00002222002201112
00000202102200002
00000202100000002
01112002220011002
00002000100011021
02210000100010021
11010000000010001
00000000000010000
01110000000010000
00000000000000000
STEP 19 P2 MOVE 6 8 6 9
OWN
00002222002201112
00000202102200002
00000202100000002
01112002220011002
00002000100011021
02210000100010021
11010000220010001
00000000000010000
01110000000010000
00000000000000000
STEP 20 P1 MOVE 8 4 8 5
OWN
00002222002201112
00000202102200002
00000202100000002
01112002220011002
00002000100011021
02210000100010021
11010000220010001
00000000000010000
01111100000010000
00000000000000000
STEP 21 P2 MOVE 1 1 1 2
OWN
00002222002201112
02200202102200002
00000202100000002
01112002220011002
00002000100011021
02210000100010021
11010000220010001
00000000000010000
01111100000010000
00000000000000000
STEP 22 P1 MOVE 7 14 8 14
OWN
00002222002201112
02200202102200002
00000202100000002
01112002220011002
00002000100011021
02210000100010021
11010000220010001
00000000000010100
01111100000010100
00000000000000000
STEP 23 P2 MOVE 7 3 7 5
OWN
00002222002201112
02200202102200002
00000202100000002
01112002220011002
00002000100011021
02210000100010021
11010000220010001
00022200000010100
01111100000010100
00000000000000000
STEP 24 P1 MOVE 9 3 9 4
OWN
00002222002201112
02200202102200002
00000202100000002
01112002220011002
00002000100011021
02210000100010021
11010000220010001
00022200000010100
01111100000010100
00011000000000000
STEP 25 P2 MOVE 4 0 5 0
OWN
00002222002201112
02200202102200002
00000202100000002
01112002220011002
20002000100011021
22210000100010021
11010000220010001
00022200000010100
01111100000010100
00011000000000000
STEP 26 P1 MOVE 7 13 8 13
OWN
00002222002201112
02200202102200002
00000202100000002
01112002220011002
20002000100011021
22210000100010021
11010000220010001
00022200000011100
01111100000011100
00011000000000000
STEP 27 P2 MOVE 4 6 6 6
OWN
00002222002201112
02200202102200002
00000202100000002
01112002220011002
20002020100011021
22210020100010021
11010020220010001
00022200000011100
01111100000011100
00011000000000000
STEP 28 P1 MOVE 3 6 4 7
OWN
00002222002201112
02200202102200002
00000202100000002
01112011220011002
20002011100011021
22210020100010021
11010020220010001
00022200000011100
01111100000011100
00011000000000000
STEP 29 P2 MOVE 1 13 1 14
OWN
00002222002201112
02200202102202202
00000202100000002
01112011220011002
20002011100011021
22210020100010021
11010020220010001
00022200000011100
01111100000011100
00011000000000000
STEP 30 P1 MOVE 6 2 7 2
OWN
00002222002201112
02200202102202202
00000202100000002
01112011220011002
20002011100011021
22210020100010021
11110020220010001
00122200000011100
01111100000011100
00011000000000000
STEP 31 P2 MOVE 6 5 7 6
OWN
00002222002201112
02200202102202202
00000202100000002
01112011220011002
20002011100011021
22210020100010021
11110220220010001
00122220000011100
01111100000011100
00011000000000000
STEP 32 P1 MOVE 9 6 9 7
OWN
00002222002201112
02200202102202202
00000202100000002
01112011220011002
20002011100011021
22210020100010021
11110220220010001
00122220000011100
01111100000011100
00011011000000000
STEP 33 P2 MOVE 8 10 8 11
OWN
00002222002201112
02200202102202202
00000202100000002
01112011220011002
20002011100011021
22210020100010021
11110220220010001
00122220000011100
01111100002211100
00011011000000000
STEP 34 P1 MOVE 5 5 8 6
OWN
00002222002201112
02200202102202202
00000202100000002
01112011220011002
20002011100011021
22210110100010021
11110110220010001
00122110000011100
01111110002211100
00011011000000000
STEP 35 P2 MOVE 4 5 9 5
OWN
00002222002201112
02200202102202202
00000202100000002
01112011220011002
20002211100011021
22210210100010021
11110210220010001
00122210000011100
01111210002211100
00011211000000000
STEP 36 P1 MOVE 6 10 9 10
OWN
00002222002201112
02200202102202202
00000202100000002
01112011220011002
20002211100011021
22210210100010021
11110210221010001
00122210001011100
01111210001211100
00011211001000000
STEP 37 P2 MOVE 7 11 9 11
OWN
00002222002201112
02200202102202202
00000202100000002
01112011220011002
20002211100011021
22210210100010021
11110210221010001
00122210001211100
01111210001211100
00011211001200000
STEP 38 P1 MOVE -1 -1 -1 -1
OWN
00002222002201112
02200202102202202
00000202100000002
01112011220011002
20002211100011021
22210210100010021
11110210221010001
00122210001211100
01111210001211100
00011211001200000
STEP 39 P2 MOVE 7 1 7 7
OWN
00002222002201112
02200202102202202
00000202100000002
01112011220011002
20002211100011021
22210210100010021
11110210221010001
02222222001211100
01111210001211100
00011211001200000
STEP 40 P1 MOVE 7 0 7 8
OWN
00002222002201112
02200202102202202
00000202100000002
01112011220011002
20002211100011021
22210210100010021
11110210221010001
11111111101211100
01111210001211100
00011211001200000
STEP 41 P2 MOVE 4 1 9 1
OWN
00002222002201112
02200202102202202
00000202100000002
01112011220011002
22002211100011021
22210210100010021
12110210221010001
12111111101211100
02111210001211100
02011211001200000
STEP 42 P1 MOVE 3 0 9 0
OWN
00002222002201112
02200202102202202
00000202100000002
11112011220011002
12002211100011021
12210210100010021
12110210221010001
12111111101211100
12111210001211100
12011211001200000
STEP 43 P2 MOVE 3 5 4 9
OWN
00002222002201112
02200202102202202
00000202100000002
11112222220011002
12002222220011021
12210210100010021
12110210221010001
12111111101211100
12111210001211100
12011211001200000
STEP 44 P1 MOVE -1 -1 -1 -1
OWN
00002222002201112
02200202102202202
00000202100000002
11112222220011002
12002222220011021
12210210100010021
12110210221010001
12111111101211100
12111210001211100
12011211001200000
STEP 45 P2 MOVE -1 -1 -1 -1
OWN
00002222002201112
02200202102202202
00000202100000002
11112222220011002
12002222220011021
12210210100010021
12110210221010001
12111111101211100
12111210001211100
12011211001200000
RESULT first=55 second=50 winner=1
ANALYSIS winner=P1 score=55-50 reason=Ĺ»ĂëżěŔ§(+3Ä­ »©ľŃŔ˝,2ąčČż°ú) steal(w/l)=17/14 neu(w/l)=52/53
