BOARD
98915681826767723
33716288347865598
16755167424839763
96975951487384467
51925389849235171
82692818587283676
96828225123549878
32987618844586161
43786838579136777
18188697526856128
STEP 0 P1 MOVE 2 8 2 10
OWN
00000000000000000
00000000000000000
00000000111000000
00000000000000000
00000000000000000
00000000000000000
00000000000000000
00000000000000000
00000000000000000
00000000000000000
STEP 1 P2 MOVE 3 6 3 8
OWN
00000000000000000
00000000000000000
00000000111000000
00000022200000000
00000000000000000
00000000000000000
00000000000000000
00000000000000000
00000000000000000
00000000000000000
STEP 2 P1 MOVE 4 3 4 5
OWN
00000000000000000
00000000000000000
00000000111000000
00000022200000000
00011100000000000
00000000000000000
00000000000000000
00000000000000000
00000000000000000
00000000000000000
STEP 3 P2 MOVE 6 2 6 3
OWN
00000000000000000
00000000000000000
00000000111000000
00000022200000000
00011100000000000
00000000000000000
00220000000000000
00000000000000000
00000000000000000
00000000000000000
STEP 4 P1 MOVE 8 11 8 13
OWN
00000000000000000
00000000000000000
00000000111000000
00000022200000000
00011100000000000
00000000000000000
00220000000000000
00000000000000000
00000000000111000
00000000000000000
STEP 5 P2 MOVE 9 0 9 2
OWN
00000000000000000
00000000000000000
00000000111000000
00000022200000000
00011100000000000
00000000000000000
00220000000000000
00000000000000000
00000000000111000
22200000000000000
STEP 6 P1 MOVE 2 4 3 4
OWN
00000000000000000
00000000000000000
00001000111000000
00001022200000000
00011100000000000
00000000000000000
00220000000000000
00000000000000000
00000000000111000
22200000000000000
STEP 7 P2 MOVE 6 4 6 5
OWN
00000000000000000
00000000000000000
00001000111000000
00001022200000000
00011100000000000
00000000000000000
00222200000000000
00000000000000000
00000000000111000
22200000000000000
STEP 8 P1 MOVE 0 2 0 3
OWN
00110000000000000
00000000000000000
00001000111000000
00001022200000000
00011100000000000
00000000000000000
00222200000000000
00000000000000000
00000000000111000
22200000000000000
STEP 9 P2 MOVE 0 8 0 9
OWN
00110000220000000
00000000000000000
00001000111000000
00001022200000000
00011100000000000
00000000000000000
00222200000000000
00000000000000000
00000000000111000
22200000000000000
STEP 10 P1 MOVE 1 5 1 6
OWN
00110000220000000
00000110000000000
00001000111000000
00001022200000000
00011100000000000
00000000000000000
00222200000000000
00000000000000000
00000000000111000
22200000000000000
STEP 11 P2 MOVE 5 9 6 9
OWN
00110000220000000
00000110000000000
00001000111000000
00001022200000000
00011100000000000
00000000020000000
00222200020000000
00000000000000000
00000000000111000
22200000000000000
STEP 12 P1 MOVE 5 0 5 1
OWN
00110000220000000
00000110000000000
00001000111000000
00001022200000000
00011100000000000
11000000020000000
00222200020000000
00000000000000000
00000000000111000
22200000000000000
STEP 13 P2 MOVE 1 13 1 14
OWN
00110000220000000
00000110000002200
00001000111000000
00001022200000000
00011100000000000
11000000020000000
00222200020000000
00000000000000000
00000000000111000
22200000000000000
STEP 14 P1 MOVE 2 0 3 0
OWN
00110000220000000
00000110000002200
10001000111000000
10001022200000000
00011100000000000
11000000020000000
00222200020000000
00000000000000000
00000000000111000
22200000000000000
STEP 15 P2 MOVE 8 1 8 2
OWN
00110000220000000
00000110000002200
10001000111000000
10001022200000000
00011100000000000
11000000020000000
00222200020000000
00000000000000000
02200000000111000
22200000000000000
STEP 16 P1 MOVE 8 8 9 8
OWN
00110000220000000
00000110000002200
10001000111000000
10001022200000000
00011100000000000
11000000020000000
00222200020000000
00000000000000000
02200000100111000
22200000100000000
STEP 17 P2 MOVE 9 15 9 16
OWN
00110000220000000
00000110000002200
10001000111000000
10001022200000000
00011100000000000
11000000020000000
00222200020000000
00000000000000000
02200000100111000
22200000100000022
STEP 18 P1 MOVE 2 5 3 5
OWN
00110000220000000
00000110000002200
10001100111000000
10001122200000000
00011100000000000
11000000020000000
00222200020000000
00000000000000000
02200000100111000
22200000100000022
STEP 19 P2 MOVE 2 16 3 16
OWN
00110000220000000
00000110000002200
10001100111000002
10001122200000002
00011100000000000
11000000020000000
00222200020000000
00000000000000000
02200000100111000
22200000100000022
STEP 20 P1 MOVE 4 1 4 2
OWN
00110000220000000
00000110000002200
10001100111000002
10001122200000002
01111100000000000
11000000020000000
00222200020000000
00000000000000000
02200000100111000
22200000100000022
STEP 21 P2 MOVE 1 1 1 2
OWN
00110000220000000
02200110000002200
10001100111000002
10001122200000002
01111100000000000
11000000020000000
00222200020000000
00000000000000000
02200000100111000
22200000100000022
STEP 22 P1 MOVE 3 14 3 15
OWN
00110000220000000
02200110000002200
10001100111000002
10001122200000112
01111100000000000
11000000020000000
00222200020000000
00000000000000000
02200000100111000
22200000100000022
STEP 23 P2 MOVE 5 11 5 12
OWN
00110000220000000
02200110000002200
10001100111000002
10001122200000112
01111100000000000
11000000020220000
00222200020000000
00000000000000000
02200000100111000
22200000100000022
STEP 24 P1 MOVE 3 13 4 14
OWN
00110000220000000
02200110000002200
10001100111000002
10001122200001112
01111100000001100
11000000020220000
00222200020000000
00000000000000000
02200000100111000
22200000100000022
STEP 25 P2 MOVE 5 10 5 13
OWN
00110000220000000
02200110000002200
10001100111000002
10001122200001112
01111100000001100
11000000022222000
00222200020000000
00000000000000000
02200000100111000
22200000100000022
STEP 26 P1 MOVE 3 11 6 11
OWN
00110000220000000
02200110000002200
10001100111000002
10001122200101112
01111100000101100
11000000022122000
00222200020100000
00000000000000000
02200000100111000
22200000100000022
STEP 27 P2 MOVE 4 12 4 15
OWN
00110000220000000
02200110000002200
10001100111000002
10001122200101112
01111100000122220
11000000022122000
00222200020100000
00000000000000000
02200000100111000
22200000100000022
STEP 28 P1 MOVE -1 -1 -1 -1
OWN
00110000220000000
02200110000002200
10001100111000002
10001122200101112
01111100000122220
11000000022122000
00222200020100000
00000000000000000
02200000100111000
22200000100000022
STEP 29 P2 MOVE 4 10 4 16
OWN
00110000220000000
02200110000002200
10001100111000002
10001122200101112
01111100002222222
11000000022122000
00222200020100000
00000000000000000
02200000100111000
22200000100000022
STEP 30 P1 MOVE 4 9 5 14
OWN
00110000220000000
02200110000002200
10001100111000002
10001122200101112
01111100011111122
11000000011111100
00222200020100000
00000000000000000
02200000100111000
22200000100000022
STEP 31 P2 MOVE 3 10 6 10
OWN
00110000220000000
02200110000002200
10001100111000002
10001122202101112
01111100012111122
11000000012111100
00222200022100000
00000000000000000
02200000100111000
22200000100000022
STEP 32 P1 MOVE 5 8 6 12
OWN
00110000220000000
02200110000002200
10001100111000002
10001122202101112
01111100012111122
11000000111111100
00222200111110000
00000000000000000
02200000100111000
22200000100000022
STEP 33 P2 MOVE -1 -1 -1 -1
OWN
00110000220000000
02200110000002200
10001100111000002
10001122202101112
01111100012111122
11000000111111100
00222200111110000
00000000000000000
02200000100111000
22200000100000022
STEP 34 P1 MOVE -1 -1 -1 -1
OWN
00110000220000000
02200110000002200
10001100111000002
10001122202101112
01111100012111122
11000000111111100
00222200111110000
00000000000000000
02200000100111000
22200000100000022
RESULT first=46 second=26 winner=1
ANALYSIS winner=P1 score=46-26 reason=Ĺ»ĂëżěŔ§(+8Ä­ »©ľŃŔ˝,2ąčČż°ú) / şóÄ­Ľ±Áˇ(+4) steal(w/l)=13/5 neu(w/l)=38/34
