BOARD
82327341779625868
14861865517513933
48782352162424976
85244511525196911
67946391331729765
65843964175979141
11611943574339194
86639263658896291
36732461166731544
42967761463477189
STEP 0 P1 MOVE 5 14 9 14
OWN
00000000000000000
00000000000000000
00000000000000000
00000000000000000
00000000000000000
00000000000000100
00000000000000100
00000000000000100
00000000000000100
00000000000000100
STEP 1 P2 MOVE 0 7 4 7
OWN
00000002000000000
00000002000000000
00000002000000000
00000002000000000
00000002000000000
00000000000000100
00000000000000100
00000000000000100
00000000000000100
00000000000000100
STEP 2 P1 MOVE 6 0 6 4
OWN
00000002000000000
00000002000000000
00000002000000000
00000002000000000
00000002000000000
00000000000000100
11111000000000100
00000000000000100
00000000000000100
00000000000000100
STEP 3 P2 MOVE 1 12 2 13
OWN
00000002000000000
00000002000022000
00000002000022000
00000002000000000
00000002000000000
00000000000000100
11111000000000100
00000000000000100
00000000000000100
00000000000000100
STEP 4 P1 MOVE 5 16 8 16
OWN
00000002000000000
00000002000022000
00000002000022000
00000002000000000
00000002000000000
00000000000000101
11111000000000101
00000000000000101
00000000000000101
00000000000000100
STEP 5 P2 MOVE 3 4 3 6
OWN
00000002000000000
00000002000022000
00000002000022000
00002222000000000
00000002000000000
00000000000000101
11111000000000101
00000000000000101
00000000000000101
00000000000000100
STEP 6 P1 MOVE 1 11 3 11
OWN
00000002000000000
00000002000122000
00000002000122000
00002222000100000
00000002000000000
00000000000000101
11111000000000101
00000000000000101
00000000000000101
00000000000000100
STEP 7 P2 MOVE 1 16 3 16
OWN
00000002000000000
00000002000122002
00000002000122002
00002222000100002
00000002000000000
00000000000000101
11111000000000101
00000000000000101
00000000000000101
00000000000000100
STEP 8 P1 MOVE 0 0 0 1
OWN
11000002000000000
00000002000122002
00000002000122002
00002222000100002
00000002000000000
00000000000000101
11111000000000101
00000000000000101
00000000000000101
00000000000000100
STEP 9 P2 MOVE 0 4 2 4
OWN
11002002000000000
00002002000122002
00002002000122002
00002222000100002
00000002000000000
00000000000000101
11111000000000101
00000000000000101
00000000000000101
00000000000000100
STEP 10 P1 MOVE 6 10 6 12
OWN
11002002000000000
00002002000122002
00002002000122002
00002222000100002
00000002000000000
00000000000000101
11111000001110101
00000000000000101
00000000000000101
00000000000000100
STEP 11 P2 MOVE 8 12 9 12
OWN
11002002000000000
00002002000122002
00002002000122002
00002222000100002
00000002000000000
00000000000000101
11111000001110101
00000000000000101
00000000000020101
00000000000020100
STEP 12 P1 MOVE 6 6 7 6
OWN
11002002000000000
00002002000122002
00002002000122002
00002222000100002
00000002000000000
00000000000000101
11111010001110101
00000010000000101
00000000000020101
00000000000020100
STEP 13 P2 MOVE 5 6 5 7
OWN
11002002000000000
00002002000122002
00002002000122002
00002222000100002
00000002000000000
00000022000000101
11111010001110101
00000010000000101
00000000000020101
00000000000020100
STEP 14 P1 MOVE 1 15 2 15
OWN
11002002000000000
00002002000122012
00002002000122012
00002222000100002
00000002000000000
00000022000000101
11111010001110101
00000010000000101
00000000000020101
00000000000020100
STEP 15 P2 MOVE 8 2 8 3
OWN
11002002000000000
00002002000122012
00002002000122012
00002222000100002
00000002000000000
00000022000000101
11111010001110101
00000010000000101
00220000000020101
00000000000020100
STEP 16 P1 MOVE 3 14 3 15
OWN
11002002000000000
00002002000122012
00002002000122012
00002222000100112
00000002000000000
00000022000000101
11111010001110101
00000010000000101
00220000000020101
00000000000020100
STEP 17 P2 MOVE 2 8 5 8
OWN
11002002000000000
00002002000122012
00002002200122012
00002222200100112
00000002200000000
00000022200000101
11111010001110101
00000010000000101
00220000000020101
00000000000020100
STEP 18 P1 MOVE 8 5 8 6
OWN
11002002000000000
00002002000122012
00002002200122012
00002222200100112
00000002200000000
00000022200000101
11111010001110101
00000010000000101
00220110000020101
00000000000020100
STEP 19 P2 MOVE 4 3 4 4
OWN
11002002000000000
00002002000122012
00002002200122012
00002222200100112
00022002200000000
00000022200000101
11111010001110101
00000010000000101
00220110000020101
00000000000020100
STEP 20 P1 MOVE 4 15 5 15
OWN
11002002000000000
00002002000122012
00002002200122012
00002222200100112
00022002200000010
00000022200000111
11111010001110101
00000010000000101
00220110000020101
00000000000020100
STEP 21 P2 MOVE 8 4 8 9
OWN
11002002000000000
00002002000122012
00002002200122012
00002222200100112
00022002200000010
00000022200000111
11111010001110101
00000010000000101
00222222220020101
00000000000020100
STEP 22 P1 MOVE 7 6 9 7
OWN
11002002000000000
00002002000122012
00002002200122012
00002222200100112
00022002200000010
00000022200000111
11111010001110101
00000011000000101
00222211220020101
00000011000020100
STEP 23 P2 MOVE 7 8 9 8
OWN
11002002000000000
00002002000122012
00002002200122012
00002222200100112
00022002200000010
00000022200000111
11111010001110101
00000011200000101
00222211220020101
00000011200020100
STEP 24 P1 MOVE 0 6 1 6
OWN
11002012000000000
00002012000122012
00002002200122012
00002222200100112
00022002200000010
00000022200000111
11111010001110101
00000011200000101
00222211220020101
00000011200020100
STEP 25 P2 MOVE 1 6 2 8
OWN
11002012000000000
00002022200122012
00002022200122012
00002222200100112
00022002200000010
00000022200000111
11111010001110101
00000011200000101
00222211220020101
00000011200020100
STEP 26 P1 MOVE 0 5 0 8
OWN
11002111100000000
00002022200122012
00002022200122012
00002222200100112
00022002200000010
00000022200000111
11111010001110101
00000011200000101
00222211220020101
00000011200020100
STEP 27 P2 MOVE -1 -1 -1 -1
OWN
11002111100000000
00002022200122012
00002022200122012
00002222200100112
00022002200000010
00000022200000111
11111010001110101
00000011200000101
00222211220020101
00000011200020100
STEP 28 P1 MOVE -1 -1 -1 -1
OWN
11002111100000000
00002022200122012
00002022200122012
00002222200100112
00022002200000010
00000022200000111
11111010001110101
00000011200000101
00222211220020101
00000011200020100
RESULT first=39 second=38 winner=1
ANALYSIS winner=P1 score=39-38 reason=摹奢檜薄 steal(w/l)=3/3 neu(w/l)=39/38
