BOARD
87552125563659715
76581263485243584
85985185786996384
29138617516172485
68985383595572736
23668357242159959
33526154929664522
59821719754487224
23697152135867725
58378561187592153
STEP 0 P1 MOVE 2 5 4 5
OWN
00000000000000000
00000000000000000
00000100000000000
00000100000000000
00000100000000000
00000000000000000
00000000000000000
00000000000000000
00000000000000000
00000000000000000
STEP 1 P2 MOVE 9 7 9 9
OWN
00000000000000000
00000000000000000
00000100000000000
00000100000000000
00000100000000000
00000000000000000
00000000000000000
00000000000000000
00000000000000000
00000002220000000
STEP 2 P1 MOVE 6 9 8 9
OWN
00000000000000000
00000000000000000
00000100000000000
00000100000000000
00000100000000000
00000000000000000
00000000010000000
00000000010000000
00000000010000000
00000002220000000
STEP 3 P2 MOVE 2 13 4 13
OWN
00000000000000000
00000000000000000
00000100000002000
00000100000002000
00000100000002000
00000000000000000
00000000010000000
00000000010000000
00000000010000000
00000002220000000
STEP 4 P1 MOVE 3 0 5 0
OWN
00000000000000000
00000000000000000
00000100000002000
10000100000002000
10000100000002000
10000000000000000
00000000010000000
00000000010000000
00000000010000000
00000002220000000
STEP 5 P2 MOVE 5 3 7 3
OWN
00000000000000000
00000000000000000
00000100000002000
10000100000002000
10000100000002000
10020000000000000
00020000010000000
00020000010000000
00000000010000000
00000002220000000
STEP 6 P1 MOVE 6 0 8 0
OWN
00000000000000000
00000000000000000
00000100000002000
10000100000002000
10000100000002000
10020000000000000
10020000010000000
10020000010000000
10000000010000000
00000002220000000
STEP 7 P2 MOVE 6 5 6 7
OWN
00000000000000000
00000000000000000
00000100000002000
10000100000002000
10000100000002000
10020000000000000
10020222010000000
10020000010000000
10000000010000000
00000002220000000
STEP 8 P1 MOVE 3 1 3 2
OWN
00000000000000000
00000000000000000
00000100000002000
11100100000002000
10000100000002000
10020000000000000
10020222010000000
10020000010000000
10000000010000000
00000002220000000
STEP 9 P2 MOVE 3 7 4 7
OWN
00000000000000000
00000000000000000
00000100000002000
11100102000002000
10000102000002000
10020000000000000
10020222010000000
10020000010000000
10000000010000000
00000002220000000
STEP 10 P1 MOVE 5 5 7 5
OWN
00000000000000000
00000000000000000
00000100000002000
11100102000002000
10000102000002000
10020100000000000
10020122010000000
10020100010000000
10000000010000000
00000002220000000
STEP 11 P2 MOVE 7 2 7 6
OWN
00000000000000000
00000000000000000
00000100000002000
11100102000002000
10000102000002000
10020100000000000
10020122010000000
10222220010000000
10000000010000000
00000002220000000
STEP 12 P1 MOVE 9 2 9 3
OWN
00000000000000000
00000000000000000
00000100000002000
11100102000002000
10000102000002000
10020100000000000
10020122010000000
10222220010000000
10000000010000000
00110002220000000
STEP 13 P2 MOVE 7 14 9 14
OWN
00000000000000000
00000000000000000
00000100000002000
11100102000002000
10000102000002000
10020100000000000
10020122010000000
10222220010000200
10000000010000200
00110002220000200
STEP 14 P1 MOVE 9 13 9 16
OWN
00000000000000000
00000000000000000
00000100000002000
11100102000002000
10000102000002000
10020100000000000
10020122010000000
10222220010000200
10000000010000200
00110002220001111
STEP 15 P2 MOVE 4 15 6 15
OWN
00000000000000000
00000000000000000
00000100000002000
11100102000002000
10000102000002020
10020100000000020
10020122010000020
10222220010000200
10000000010000200
00110002220001111
STEP 16 P1 MOVE 2 11 3 11
OWN
00000000000000000
00000000000000000
00000100000102000
11100102000102000
10000102000002020
10020100000000020
10020122010000020
10222220010000200
10000000010000200
00110002220001111
STEP 17 P2 MOVE 4 10 4 11
OWN
00000000000000000
00000000000000000
00000100000102000
11100102000102000
10000102002202020
10020100000000020
10020122010000020
10222220010000200
10000000010000200
00110002220001111
STEP 18 P1 MOVE 0 7 0 8
OWN
00000001100000000
00000000000000000
00000100000102000
11100102000102000
10000102002202020
10020100000000020
10020122010000020
10222220010000200
10000000010000200
00110002220001111
STEP 19 P2 MOVE 0 3 0 6
OWN
00022221100000000
00000000000000000
00000100000102000
11100102000102000
10000102002202020
10020100000000020
10020122010000020
10222220010000200
10000000010000200
00110002220001111
STEP 20 P1 MOVE 0 2 1 2
OWN
00122221100000000
00100000000000000
00000100000102000
11100102000102000
10000102002202020
10020100000000020
10020122010000020
10222220010000200
10000000010000200
00110002220001111
STEP 21 P2 MOVE 3 8 4 8
OWN
00122221100000000
00100000000000000
00000100000102000
11100102200102000
10000102202202020
10020100000000020
10020122010000020
10222220010000200
10000000010000200
00110002220001111
STEP 22 P1 MOVE 3 4 3 9
OWN
00122221100000000
00100000000000000
00000100000102000
11101111110102000
10000102202202020
10020100000000020
10020122010000020
10222220010000200
10000000010000200
00110002220001111
STEP 23 P2 MOVE 2 4 4 4
OWN
00122221100000000
00100000000000000
00002100000102000
11102111110102000
10002102202202020
10020100000000020
10020122010000020
10222220010000200
10000000010000200
00110002220001111
STEP 24 P1 MOVE 5 6 8 6
OWN
00122221100000000
00100000000000000
00002100000102000
11102111110102000
10002102202202020
10020110000000020
10020112010000020
10222210010000200
10000010010000200
00110002220001111
STEP 25 P2 MOVE 8 4 8 7
OWN
00122221100000000
00100000000000000
00002100000102000
11102111110102000
10002102202202020
10020110000000020
10020112010000020
10222210010000200
10002222010000200
00110002220001111
STEP 26 P1 MOVE 8 3 8 8
OWN
00122221100000000
00100000000000000
00002100000102000
11102111110102000
10002102202202020
10020110000000020
10020112010000020
10222210010000200
10011111110000200
00110002220001111
STEP 27 P2 MOVE 6 11 7 11
OWN
00122221100000000
00100000000000000
00002100000102000
11102111110102000
10002102202202020
10020110000000020
10020112010200020
10222210010200200
10011111110000200
00110002220001111
STEP 28 P1 MOVE 6 12 6 13
OWN
00122221100000000
00100000000000000
00002100000102000
11102111110102000
10002102202202020
10020110000000020
10020112010211020
10222210010200200
10011111110000200
00110002220001111
STEP 29 P2 MOVE -1 -1 -1 -1
OWN
00122221100000000
00100000000000000
00002100000102000
11102111110102000
10002102202202020
10020110000000020
10020112010211020
10222210010200200
10011111110000200
00110002220001111
STEP 30 P1 MOVE -1 -1 -1 -1
OWN
00122221100000000
00100000000000000
00002100000102000
11102111110102000
10002102202202020
10020110000000020
10020112010211020
10222210010200200
10011111110000200
00110002220001111
RESULT first=43 second=31 winner=1
ANALYSIS winner=P1 score=43-31 reason=Ĺ»ĂëżěŔ§(+7Ä­ »©ľŃŔ˝,2ąčČż°ú) steal(w/l)=10/3 neu(w/l)=36/38
