BOARD
17233139772432442
85679529976438368
64827656381759948
16867218592313125
23499479831254925
13548172746213545
61126464683597259
58913577674377357
33498192858973431
32141335512659768
STEP 0 P1 MOVE 3 0 6 0
OWN
00000000000000000
00000000000000000
00000000000000000
10000000000000000
10000000000000000
10000000000000000
10000000000000000
00000000000000000
00000000000000000
00000000000000000
STEP 1 P2 MOVE 0 3 0 6
OWN
00022220000000000
00000000000000000
00000000000000000
10000000000000000
10000000000000000
10000000000000000
10000000000000000
00000000000000000
00000000000000000
00000000000000000
STEP 2 P1 MOVE 6 1 6 4
OWN
00022220000000000
00000000000000000
00000000000000000
10000000000000000
10000000000000000
10000000000000000
11111000000000000
00000000000000000
00000000000000000
00000000000000000
STEP 3 P2 MOVE 8 1 9 2
OWN
00022220000000000
00000000000000000
00000000000000000
10000000000000000
10000000000000000
10000000000000000
11111000000000000
00000000000000000
02200000000000000
02200000000000000
STEP 4 P1 MOVE 3 10 3 14
OWN
00022220000000000
00000000000000000
00000000000000000
10000000001111100
10000000000000000
10000000000000000
11111000000000000
00000000000000000
02200000000000000
02200000000000000
STEP 5 P2 MOVE 0 10 4 10
OWN
00022220002000000
00000000002000000
00000000002000000
10000000002111100
10000000002000000
10000000000000000
11111000000000000
00000000000000000
02200000000000000
02200000000000000
STEP 6 P1 MOVE 4 11 5 12
OWN
00022220002000000
00000000002000000
00000000002000000
10000000002111100
10000000002110000
10000000000110000
11111000000000000
00000000000000000
02200000000000000
02200000000000000
STEP 7 P2 MOVE 0 13 0 15
OWN
00022220002002220
00000000002000000
00000000002000000
10000000002111100
10000000002110000
10000000000110000
11111000000000000
00000000000000000
02200000000000000
02200000000000000
STEP 8 P1 MOVE 0 0 0 2
OWN
11122220002002220
00000000002000000
00000000002000000
10000000002111100
10000000002110000
10000000000110000
11111000000000000
00000000000000000
02200000000000000
02200000000000000
STEP 9 P2 MOVE 5 14 7 14
OWN
11122220002002220
00000000002000000
00000000002000000
10000000002111100
10000000002110000
10000000000110200
11111000000000200
00000000000000200
02200000000000000
02200000000000000
STEP 10 P1 MOVE 8 13 8 15
OWN
11122220002002220
00000000002000000
00000000002000000
10000000002111100
10000000002110000
10000000000110200
11111000000000200
00000000000000200
02200000000001110
02200000000000000
STEP 11 P2 MOVE 3 16 4 16
OWN
11122220002002220
00000000002000000
00000000002000000
10000000002111102
10000000002110002
10000000000110200
11111000000000200
00000000000000200
02200000000001110
02200000000000000
STEP 12 P1 MOVE 1 15 2 15
OWN
11122220002002220
00000000002000010
00000000002000010
10000000002111102
10000000002110002
10000000000110200
11111000000000200
00000000000000200
02200000000001110
02200000000000000
STEP 13 P2 MOVE 8 10 9 10
OWN
11122220002002220
00000000002000010
00000000002000010
10000000002111102
10000000002110002
10000000000110200
11111000000000200
00000000000000200
02200000002001110
02200000002000000
STEP 14 P1 MOVE 2 0 2 1
OWN
11122220002002220
00000000002000010
11000000002000010
10000000002111102
10000000002110002
10000000000110200
11111000000000200
00000000000000200
02200000002001110
02200000002000000
STEP 15 P2 MOVE 8 7 8 8
OWN
11122220002002220
00000000002000010
11000000002000010
10000000002111102
10000000002110002
10000000000110200
11111000000000200
00000000000000200
02200002202001110
02200000002000000
STEP 16 P1 MOVE 7 11 7 12
OWN
11122220002002220
00000000002000010
11000000002000010
10000000002111102
10000000002110002
10000000000110200
11111000000000200
00000000000110200
02200002202001110
02200000002000000
STEP 17 P2 MOVE 7 2 7 3
OWN
11122220002002220
00000000002000010
11000000002000010
10000000002111102
10000000002110002
10000000000110200
11111000000000200
00220000000110200
02200002202001110
02200000002000000
STEP 18 P1 MOVE 2 2 2 3
OWN
11122220002002220
00000000002000010
11110000002000010
10000000002111102
10000000002110002
10000000000110200
11111000000000200
00220000000110200
02200002202001110
02200000002000000
STEP 19 P2 MOVE 6 7 6 8
OWN
11122220002002220
00000000002000010
11110000002000010
10000000002111102
10000000002110002
10000000000110200
11111002200000200
00220000000110200
02200002202001110
02200000002000000
STEP 20 P1 MOVE 3 4 3 6
OWN
11122220002002220
00000000002000010
11110000002000010
10001110002111102
10000000002110002
10000000000110200
11111002200000200
00220000000110200
02200002202001110
02200000002000000
STEP 21 P2 MOVE 5 5 5 7
OWN
11122220002002220
00000000002000010
11110000002000010
10001110002111102
10000000002110002
10000222000110200
11111002200000200
00220000000110200
02200002202001110
02200000002000000
STEP 22 P1 MOVE 6 5 6 6
OWN
11122220002002220
00000000002000010
11110000002000010
10001110002111102
10000000002110002
10000222000110200
11111112200000200
00220000000110200
02200002202001110
02200000002000000
STEP 23 P2 MOVE 8 5 8 6
OWN
11122220002002220
00000000002000010
11110000002000010
10001110002111102
10000000002110002
10000222000110200
11111112200000200
00220000000110200
02200222202001110
02200000002000000
STEP 24 P1 MOVE 7 6 9 6
OWN
11122220002002220
00000000002000010
11110000002000010
10001110002111102
10000000002110002
10000222000110200
11111112200000200
00220010000110200
02200212202001110
02200010002000000
STEP 25 P2 MOVE 2 5 4 5
OWN
11122220002002220
00000000002000010
11110200002000010
10001210002111102
10000200002110002
10000222000110200
11111112200000200
00220010000110200
02200212202001110
02200010002000000
STEP 26 P1 MOVE 9 7 9 8
OWN
11122220002002220
00000000002000010
11110200002000010
10001210002111102
10000200002110002
10000222000110200
11111112200000200
00220010000110200
02200212202001110
02200011102000000
STEP 27 P2 MOVE 0 16 1 16
OWN
11122220002002222
00000000002000012
11110200002000010
10001210002111102
10000200002110002
10000222000110200
11111112200000200
00220010000110200
02200212202001110
02200011102000000
STEP 28 P1 MOVE 2 15 3 16
OWN
11122220002002222
00000000002000012
11110200002000011
10001210002111111
10000200002110002
10000222000110200
11111112200000200
00220010000110200
02200212202001110
02200011102000000
STEP 29 P2 MOVE 9 5 9 11
OWN
11122220002002222
00000000002000012
11110200002000011
10001210002111111
10000200002110002
10000222000110200
11111112200000200
00220010000110200
02200212202001110
02200222222200000
STEP 30 P1 MOVE 9 3 9 12
OWN
11122220002002222
00000000002000012
11110200002000011
10001210002111111
10000200002110002
10000222000110200
11111112200000200
00220010000110200
02200212202001110
02211111111110000
STEP 31 P2 MOVE 1 5 7 5
OWN
11122220002002222
00000200002000012
11110200002000011
10001210002111111
10000200002110002
10000222000110200
11111212200000200
00220210000110200
02200212202001110
02211111111110000
STEP 32 P1 MOVE 7 4 7 7
OWN
11122220002002222
00000200002000012
11110200002000011
10001210002111111
10000200002110002
10000222000110200
11111212200000200
00221111000110200
02200212202001110
02211111111110000
STEP 33 P2 MOVE -1 -1 -1 -1
OWN
11122220002002222
00000200002000012
11110200002000011
10001210002111111
10000200002110002
10000222000110200
11111212200000200
00221111000110200
02200212202001110
02211111111110000
STEP 34 P1 MOVE -1 -1 -1 -1
OWN
11122220002002222
00000200002000012
11110200002000011
10001210002111111
10000200002110002
10000222000110200
11111212200000200
00221111000110200
02200212202001110
02211111111110000
RESULT first=51 second=38 winner=1
ANALYSIS winner=P1 score=51-38 reason=Ĺ»ĂëżěŔ§(+4Ä­ »©ľŃŔ˝,2ąčČż°ú) / şóÄ­Ľ±Áˇ(+5) steal(w/l)=10/6 neu(w/l)=47/42
