BOARD
75367155167116723
21434555329913834
29637661212843221
32734176277926441
29421454189434896
26722816128931716
37743738714995114
82471945945969848
87774618237756365
29362673125755914
STEP 0 P1 MOVE 2 6 2 9
OWN
00000000000000000
00000000000000000
00000011110000000
00000000000000000
00000000000000000
00000000000000000
00000000000000000
00000000000000000
00000000000000000
00000000000000000
STEP 1 P2 MOVE 1 0 1 3
OWN
00000000000000000
22220000000000000
00000011110000000
00000000000000000
00000000000000000
00000000000000000
00000000000000000
00000000000000000
00000000000000000
00000000000000000
STEP 2 P1 MOVE 6 4 9 4
OWN
00000000000000000
22220000000000000
00000011110000000
00000000000000000
00000000000000000
00000000000000000
00001000000000000
00001000000000000
00001000000000000
00001000000000000
STEP 3 P2 MOVE 1 7 1 9
OWN
00000000000000000
22220002220000000
00000011110000000
00000000000000000
00000000000000000
00000000000000000
00001000000000000
00001000000000000
00001000000000000
00001000000000000
STEP 4 P1 MOVE 5 6 5 9
OWN
00000000000000000
22220002220000000
00000011110000000
00000000000000000
00000000000000000
00000011110000000
00001000000000000
00001000000000000
00001000000000000
00001000000000000
STEP 5 P2 MOVE 6 9 9 9
OWN
00000000000000000
22220002220000000
00000011110000000
00000000000000000
00000000000000000
00000011110000000
00001000020000000
00001000020000000
00001000020000000
00001000020000000
STEP 6 P1 MOVE 3 3 4 4
OWN
00000000000000000
22220002220000000
00000011110000000
00011000000000000
00011000000000000
00000011110000000
00001000020000000
00001000020000000
00001000020000000
00001000020000000
STEP 7 P2 MOVE 7 0 7 1
OWN
00000000000000000
22220002220000000
00000011110000000
00011000000000000
00011000000000000
00000011110000000
00001000020000000
22001000020000000
00001000020000000
00001000020000000
STEP 8 P1 MOVE 0 6 1 6
OWN
00000010000000000
22220012220000000
00000011110000000
00011000000000000
00011000000000000
00000011110000000
00001000020000000
22001000020000000
00001000020000000
00001000020000000
STEP 9 P2 MOVE 8 12 9 12
OWN
00000010000000000
22220012220000000
00000011110000000
00011000000000000
00011000000000000
00000011110000000
00001000020000000
22001000020000000
00001000020020000
00001000020020000
STEP 10 P1 MOVE 3 13 4 13
OWN
00000010000000000
22220012220000000
00000011110000000
00011000000001000
00011000000001000
00000011110000000
00001000020000000
22001000020000000
00001000020020000
00001000020020000
STEP 11 P2 MOVE 2 10 2 11
OWN
00000010000000000
22220012220000000
00000011112200000
00011000000001000
00011000000001000
00000011110000000
00001000020000000
22001000020000000
00001000020020000
00001000020020000
STEP 12 P1 MOVE 0 11 1 11
OWN
00000010000100000
22220012220100000
00000011112200000
00011000000001000
00011000000001000
00000011110000000
00001000020000000
22001000020000000
00001000020020000
00001000020020000
STEP 13 P2 MOVE 3 7 4 7
OWN
00000010000100000
22220012220100000
00000011112200000
00011002000001000
00011002000001000
00000011110000000
00001000020000000
22001000020000000
00001000020020000
00001000020020000
STEP 14 P1 MOVE 6 5 6 6
OWN
00000010000100000
22220012220100000
00000011112200000
00011002000001000
00011002000001000
00000011110000000
00001110020000000
22001000020000000
00001000020020000
00001000020020000
STEP 15 P2 MOVE 9 14 9 15
OWN
00000010000100000
22220012220100000
00000011112200000
00011002000001000
00011002000001000
00000011110000000
00001110020000000
22001000020000000
00001000020020000
00001000020020220
STEP 16 P1 MOVE 4 6 8 6
OWN
00000010000100000
22220012220100000
00000011112200000
00011002000001000
00011012000001000
00000011110000000
00001110020000000
22001010020000000
00001010020020000
00001000020020220
STEP 17 P2 MOVE 3 6 4 8
OWN
00000010000100000
22220012220100000
00000011112200000
00011022200001000
00011022200001000
00000011110000000
00001110020000000
22001010020000000
00001010020020000
00001000020020220
STEP 18 P1 MOVE 7 15 8 15
OWN
00000010000100000
22220012220100000
00000011112200000
00011022200001000
00011022200001000
00000011110000000
00001110020000000
22001010020000010
00001010020020010
00001000020020220
STEP 19 P2 MOVE 6 14 7 15
OWN
00000010000100000
22220012220100000
00000011112200000
00011022200001000
00011022200001000
00000011110000000
00001110020000220
22001010020000220
00001010020020010
00001000020020220
STEP 20 P1 MOVE 5 16 6 16
OWN
00000010000100000
22220012220100000
00000011112200000
00011022200001000
00011022200001000
00000011110000001
00001110020000221
22001010020000220
00001010020020010
00001000020020220
STEP 21 P2 MOVE 5 14 8 14
OWN
00000010000100000
22220012220100000
00000011112200000
00011022200001000
00011022200001000
00000011110000201
00001110020000221
22001010020000220
00001010020020210
00001000020020220
STEP 22 P1 MOVE 8 7 8 8
OWN
00000010000100000
22220012220100000
00000011112200000
00011022200001000
00011022200001000
00000011110000201
00001110020000221
22001010020000220
00001011120020210
00001000020020220
STEP 23 P2 MOVE 4 15 5 15
OWN
00000010000100000
22220012220100000
00000011112200000
00011022200001000
00011022200001020
00000011110000221
00001110020000221
22001010020000220
00001011120020210
00001000020020220
STEP 24 P1 MOVE 8 2 9 2
OWN
00000010000100000
22220012220100000
00000011112200000
00011022200001000
00011022200001020
00000011110000221
00001110020000221
22001010020000220
00101011120020210
00101000020020220
STEP 25 P2 MOVE 9 6 9 7
OWN
00000010000100000
22220012220100000
00000011112200000
00011022200001000
00011022200001020
00000011110000221
00001110020000221
22001010020000220
00101011120020210
00101022020020220
STEP 26 P1 MOVE 2 3 2 4
OWN
00000010000100000
22220012220100000
00011011112200000
00011022200001000
00011022200001020
00000011110000221
00001110020000221
22001010020000220
00101011120020210
00101022020020220
STEP 27 P2 MOVE 1 2 2 4
OWN
00000010000100000
22222012220100000
00222011112200000
00011022200001000
00011022200001020
00000011110000221
00001110020000221
22001010020000220
00101011120020210
00101022020020220
STEP 28 P1 MOVE 2 5 2 12
OWN
00000010000100000
22222012220100000
00222111111110000
00011022200001000
00011022200001020
00000011110000221
00001110020000221
22001010020000220
00101011120020210
00101022020020220
STEP 29 P2 MOVE 0 12 5 12
OWN
00000010000120000
22222012220120000
00222111111120000
00011022200021000
00011022200021020
00000011110020221
00001110020000221
22001010020000220
00101011120020210
00101022020020220
STEP 30 P1 MOVE 1 5 4 5
OWN
00000010000120000
22222112220120000
00222111111120000
00011122200021000
00011122200021020
00000011110020221
00001110020000221
22001010020000220
00101011120020210
00101022020020220
STEP 31 P2 MOVE 5 11 5 13
OWN
00000010000120000
22222112220120000
00222111111120000
00011122200021000
00011122200021020
00000011110222221
00001110020000221
22001010020000220
00101011120020210
00101022020020220
STEP 32 P1 MOVE 8 0 9 0
OWN
00000010000120000
22222112220120000
00222111111120000
00011122200021000
00011122200021020
00000011110222221
00001110020000221
22001010020000220
10101011120020210
10101022020020220
STEP 33 P2 MOVE 3 0 6 0
OWN
00000010000120000
22222112220120000
00222111111120000
20011122200021000
20011122200021020
20000011110222221
20001110020000221
22001010020000220
10101011120020210
10101022020020220
STEP 34 P1 MOVE 5 4 5 5
OWN
00000010000120000
22222112220120000
00222111111120000
20011122200021000
20011122200021020
20001111110222221
20001110020000221
22001010020000220
10101011120020210
10101022020020220
STEP 35 P2 MOVE 4 3 5 9
OWN
00000010000120000
22222112220120000
00222111111120000
20011122200021000
20022222220021020
20022222220222221
20001110020000221
22001010020000220
10101011120020210
10101022020020220
STEP 36 P1 MOVE 0 5 7 5
OWN
00000110000120000
22222112220120000
00222111111120000
20011122200021000
20022122220021020
20022122220222221
20001110020000221
22001110020000220
10101011120020210
10101022020020220
STEP 37 P2 MOVE 0 3 6 3
OWN
00020110000120000
22222112220120000
00222111111120000
20021122200021000
20022122220021020
20022122220222221
20021110020000221
22001110020000220
10101011120020210
10101022020020220
STEP 38 P1 MOVE 0 2 3 2
OWN
00120110000120000
22122112220120000
00122111111120000
20121122200021000
20022122220021020
20022122220222221
20021110020000221
22001110020000220
10101011120020210
10101022020020220
STEP 39 P2 MOVE -1 -1 -1 -1
OWN
00120110000120000
22122112220120000
00122111111120000
20121122200021000
20022122220021020
20022122220222221
20021110020000221
22001110020000220
10101011120020210
10101022020020220
STEP 40 P1 MOVE 1 15 2 16
OWN
00120110000120000
22122112220120011
00122111111120011
20121122200021000
20022122220021020
20022122220222221
20021110020000221
22001110020000220
10101011120020210
10101022020020220
STEP 41 P2 MOVE 0 15 3 16
OWN
00120110000120022
22122112220120022
00122111111120022
20121122200021022
20022122220021020
20022122220222221
20021110020000221
22001110020000220
10101011120020210
10101022020020220
STEP 42 P1 MOVE -1 -1 -1 -1
OWN
00120110000120022
22122112220120022
00122111111120022
20121122200021022
20022122220021020
20022122220222221
20021110020000221
22001110020000220
10101011120020210
10101022020020220
STEP 43 P2 MOVE -1 -1 -1 -1
OWN
00120110000120022
22122112220120022
00122111111120022
20121122200021022
20022122220021020
20022122220222221
20021110020000221
22001110020000220
10101011120020210
10101022020020220
RESULT first=41 second=67 winner=2
ANALYSIS winner=P2 score=41-67 reason=탈취우위(+13칸 빼앗음,2배효과) steal(w/l)=19/6 neu(w/l)=54/54
