BOARD
34387314687254493
14361214435843763
22929861762234188
57636281891272327
42656192462827259
89645433845398734
83171349496867545
56858674876498318
64381237358997185
39522253783556334
STEP 0 P1 MOVE 1 10 4 10
OWN
00000000000000000
00000000001000000
00000000001000000
00000000001000000
00000000001000000
00000000000000000
00000000000000000
00000000000000000
00000000000000000
00000000000000000
STEP 1 P2 MOVE 3 5 6 5
OWN
00000000000000000
00000000001000000
00000000001000000
00000200001000000
00000200001000000
00000200000000000
00000200000000000
00000000000000000
00000000000000000
00000000000000000
STEP 2 P1 MOVE 1 3 1 6
OWN
00000000000000000
00011110001000000
00000000001000000
00000200001000000
00000200001000000
00000200000000000
00000200000000000
00000000000000000
00000000000000000
00000000000000000
STEP 3 P2 MOVE 0 3 2 3
OWN
00020000000000000
00021110001000000
00020000001000000
00000200001000000
00000200001000000
00000200000000000
00000200000000000
00000000000000000
00000000000000000
00000000000000000
STEP 4 P1 MOVE 0 7 0 8
OWN
00020001100000000
00021110001000000
00020000001000000
00000200001000000
00000200001000000
00000200000000000
00000200000000000
00000000000000000
00000000000000000
00000000000000000
STEP 5 P2 MOVE 9 14 9 16
OWN
00020001100000000
00021110001000000
00020000001000000
00000200001000000
00000200001000000
00000200000000000
00000200000000000
00000000000000000
00000000000000000
00000000000000222
STEP 6 P1 MOVE 6 4 8 4
OWN
00020001100000000
00021110001000000
00020000001000000
00000200001000000
00000200001000000
00000200000000000
00001200000000000
00001000000000000
00001000000000000
00000000000000222
STEP 7 P2 MOVE 8 8 9 8
OWN
00020001100000000
00021110001000000
00020000001000000
00000200001000000
00000200001000000
00000200000000000
00001200000000000
00001000000000000
00001000200000000
00000000200000222
STEP 8 P1 MOVE 7 6 8 6
OWN
00020001100000000
00021110001000000
00020000001000000
00000200001000000
00000200001000000
00000200000000000
00001200000000000
00001010000000000
00001010200000000
00000000200000222
STEP 9 P2 MOVE 7 5 9 5
OWN
00020001100000000
00021110001000000
00020000001000000
00000200001000000
00000200001000000
00000200000000000
00001200000000000
00001210000000000
00001210200000000
00000200200000222
STEP 10 P1 MOVE 0 4 0 5
OWN
00021101100000000
00021110001000000
00020000001000000
00000200001000000
00000200001000000
00000200000000000
00001200000000000
00001210000000000
00001210200000000
00000200200000222
STEP 11 P2 MOVE 0 0 0 2
OWN
22221101100000000
00021110001000000
00020000001000000
00000200001000000
00000200001000000
00000200000000000
00001200000000000
00001210000000000
00001210200000000
00000200200000222
STEP 12 P1 MOVE 2 11 2 14
OWN
22221101100000000
00021110001000000
00020000001111100
00000200001000000
00000200001000000
00000200000000000
00001200000000000
00001210000000000
00001210200000000
00000200200000222
STEP 13 P2 MOVE 1 14 3 14
OWN
22221101100000000
00021110001000200
00020000001111200
00000200001000200
00000200001000000
00000200000000000
00001200000000000
00001210000000000
00001210200000000
00000200200000222
STEP 14 P1 MOVE 8 0 8 1
OWN
22221101100000000
00021110001000200
00020000001111200
00000200001000200
00000200001000000
00000200000000000
00001200000000000
00001210000000000
11001210200000000
00000200200000222
STEP 15 P2 MOVE 0 11 1 11
OWN
22221101100200000
00021110001200200
00020000001111200
00000200001000200
00000200001000000
00000200000000000
00001200000000000
00001210000000000
11001210200000000
00000200200000222
STEP 16 P1 MOVE 2 15 3 15
OWN
22221101100200000
00021110001200200
00020000001111210
00000200001000210
00000200001000000
00000200000000000
00001200000000000
00001210000000000
11001210200000000
00000200200000222
STEP 17 P2 MOVE 8 7 9 7
OWN
22221101100200000
00021110001200200
00020000001111210
00000200001000210
00000200001000000
00000200000000000
00001200000000000
00001210000000000
11001212200000000
00000202200000222
STEP 18 P1 MOVE 3 11 4 11
OWN
22221101100200000
00021110001200200
00020000001111210
00000200001100210
00000200001100000
00000200000000000
00001200000000000
00001210000000000
11001212200000000
00000202200000222
STEP 19 P2 MOVE 4 8 4 9
OWN
22221101100200000
00021110001200200
00020000001111210
00000200001100210
00000200221100000
00000200000000000
00001200000000000
00001210000000000
11001212200000000
00000202200000222
STEP 20 P1 MOVE 8 3 9 3
OWN
22221101100200000
00021110001200200
00020000001111210
00000200001100210
00000200221100000
00000200000000000
00001200000000000
00001210000000000
11011212200000000
00010202200000222
STEP 21 P2 MOVE 5 2 5 3
OWN
22221101100200000
00021110001200200
00020000001111210
00000200001100210
00000200221100000
00220200000000000
00001200000000000
00001210000000000
11011212200000000
00010202200000222
STEP 22 P1 MOVE 5 14 5 15
OWN
22221101100200000
00021110001200200
00020000001111210
00000200001100210
00000200221100000
00220200000000110
00001200000000000
00001210000000000
11011212200000000
00010202200000222
STEP 23 P2 MOVE 4 15 7 15
OWN
22221101100200000
00021110001200200
00020000001111210
00000200001100210
00000200221100020
00220200000000120
00001200000000020
00001210000000020
11011212200000000
00010202200000222
STEP 24 P1 MOVE 4 14 7 14
OWN
22221101100200000
00021110001200200
00020000001111210
00000200001100210
00000200221100120
00220200000000120
00001200000000120
00001210000000120
11011212200000000
00010202200000222
STEP 25 P2 MOVE 7 10 7 11
OWN
22221101100200000
00021110001200200
00020000001111210
00000200001100210
00000200221100120
00220200000000120
00001200000000120
00001210002200120
11011212200000000
00010202200000222
STEP 26 P1 MOVE 1 9 1 13
OWN
22221101100200000
00021110011111200
00020000001111210
00000200001100210
00000200221100120
00220200000000120
00001200000000120
00001210002200120
11011212200000000
00010202200000222
STEP 27 P2 MOVE 0 13 3 14
OWN
22221101100202200
00021110011112200
00020000001112210
00000200001102210
00000200221100120
00220200000000120
00001200000000120
00001210002200120
11011212200000000
00010202200000222
STEP 28 P1 MOVE 1 8 1 15
OWN
22221101100202200
00021110111111110
00020000001112210
00000200001102210
00000200221100120
00220200000000120
00001200000000120
00001210002200120
11011212200000000
00010202200000222
STEP 29 P2 MOVE 1 2 1 16
OWN
22221101100202200
00222222222222222
00020000001112210
00000200001102210
00000200221100120
00220200000000120
00001200000000120
00001210002200120
11011212200000000
00010202200000222
STEP 30 P1 MOVE 9 11 9 12
OWN
22221101100202200
00222222222222222
00020000001112210
00000200001102210
00000200221100120
00220200000000120
00001200000000120
00001210002200120
11011212200000000
00010202200110222
STEP 31 P2 MOVE -1 -1 -1 -1
OWN
22221101100202200
00222222222222222
00020000001112210
00000200001102210
00000200221100120
00220200000000120
00001200000000120
00001210002200120
11011212200000000
00010202200110222
STEP 32 P1 MOVE -1 -1 -1 -1
OWN
22221101100202200
00222222222222222
00020000001112210
00000200001102210
00000200221100120
00220200000000120
00001200000000120
00001210002200120
11011212200000000
00010202200110222
RESULT first=28 second=51 winner=2
ANALYSIS winner=P2 score=28-51 reason=Ĺ»ĂëżěŔ§(+13Ä­ »©ľŃŔ˝,2ąčČż°ú) steal(w/l)=16/3 neu(w/l)=38/41
