BOARD
55358785525119423
18764734342161984
65237456241786127
45545329141231498
39827825899477743
38336676296271794
77512277435216526
39938281199779985
81254714644273971
13742239594169618
STEP 0 P1 MOVE 3 0 5 0
OWN
00000000000000000
00000000000000000
00000000000000000
10000000000000000
10000000000000000
10000000000000000
00000000000000000
00000000000000000
00000000000000000
00000000000000000
STEP 1 P2 MOVE 6 2 6 5
OWN
00000000000000000
00000000000000000
00000000000000000
10000000000000000
10000000000000000
10000000000000000
00222200000000000
00000000000000000
00000000000000000
00000000000000000
STEP 2 P1 MOVE 1 10 1 13
OWN
00000000000000000
00000000001111000
00000000000000000
10000000000000000
10000000000000000
10000000000000000
00222200000000000
00000000000000000
00000000000000000
00000000000000000
STEP 3 P2 MOVE 0 8 2 8
OWN
00000000200000000
00000000201111000
00000000200000000
10000000000000000
10000000000000000
10000000000000000
00222200000000000
00000000000000000
00000000000000000
00000000000000000
STEP 4 P1 MOVE 0 9 2 9
OWN
00000000210000000
00000000211111000
00000000210000000
10000000000000000
10000000000000000
10000000000000000
00222200000000000
00000000000000000
00000000000000000
00000000000000000
STEP 5 P2 MOVE 5 11 5 13
OWN
00000000210000000
00000000211111000
00000000210000000
10000000000000000
10000000000000000
10000000000222000
00222200000000000
00000000000000000
00000000000000000
00000000000000000
STEP 6 P1 MOVE 3 9 3 12
OWN
00000000210000000
00000000211111000
00000000210000000
10000000011110000
10000000000000000
10000000000222000
00222200000000000
00000000000000000
00000000000000000
00000000000000000
STEP 7 P2 MOVE 2 14 2 16
OWN
00000000210000000
00000000211111000
00000000210000222
10000000011110000
10000000000000000
10000000000222000
00222200000000000
00000000000000000
00000000000000000
00000000000000000
STEP 8 P1 MOVE 2 1 2 3
OWN
00000000210000000
00000000211111000
01110000210000222
10000000011110000
10000000000000000
10000000000222000
00222200000000000
00000000000000000
00000000000000000
00000000000000000
STEP 9 P2 MOVE 2 10 4 10
OWN
00000000210000000
00000000211111000
01110000212000222
10000000012110000
10000000002000000
10000000000222000
00222200000000000
00000000000000000
00000000000000000
00000000000000000
STEP 10 P1 MOVE 3 4 3 6
OWN
00000000210000000
00000000211111000
01110000212000222
10001110012110000
10000000002000000
10000000000222000
00222200000000000
00000000000000000
00000000000000000
00000000000000000
STEP 11 P2 MOVE 1 6 4 6
OWN
00000000210000000
00000020211111000
01110020212000222
10001120012110000
10000020002000000
10000000000222000
00222200000000000
00000000000000000
00000000000000000
00000000000000000
STEP 12 P1 MOVE 2 5 2 7
OWN
00000000210000000
00000020211111000
01110111212000222
10001120012110000
10000020002000000
10000000000222000
00222200000000000
00000000000000000
00000000000000000
00000000000000000
STEP 13 P2 MOVE 8 12 8 13
OWN
00000000210000000
00000020211111000
01110111212000222
10001120012110000
10000020002000000
10000000000222000
00222200000000000
00000000000000000
00000000000022000
00000000000000000
STEP 14 P1 MOVE 8 9 8 11
OWN
00000000210000000
00000020211111000
01110111212000222
10001120012110000
10000020002000000
10000000000222000
00222200000000000
00000000000000000
00000000011122000
00000000000000000
STEP 15 P2 MOVE 6 11 9 11
OWN
00000000210000000
00000020211111000
01110111212000222
10001120012110000
10000020002000000
10000000000222000
00222200000200000
00000000000200000
00000000011222000
00000000000200000
STEP 16 P1 MOVE 4 10 5 11
OWN
00000000210000000
00000020211111000
01110111212000222
10001120012110000
10000020001100000
10000000001122000
00222200000200000
00000000000200000
00000000011222000
00000000000200000
STEP 17 P2 MOVE 9 10 9 12
OWN
00000000210000000
00000020211111000
01110111212000222
10001120012110000
10000020001100000
10000000001122000
00222200000200000
00000000000200000
00000000011222000
00000000002220000
STEP 18 P1 MOVE 0 0 0 1
OWN
11000000210000000
00000020211111000
01110111212000222
10001120012110000
10000020001100000
10000000001122000
00222200000200000
00000000000200000
00000000011222000
00000000002220000
STEP 19 P2 MOVE 1 3 1 4
OWN
11000000210000000
00022020211111000
01110111212000222
10001120012110000
10000020001100000
10000000001122000
00222200000200000
00000000000200000
00000000011222000
00000000002220000
STEP 20 P1 MOVE 4 2 4 3
OWN
11000000210000000
00022020211111000
01110111212000222
10001120012110000
10110020001100000
10000000001122000
00222200000200000
00000000000200000
00000000011222000
00000000002220000
STEP 21 P2 MOVE 7 6 7 8
OWN
11000000210000000
00022020211111000
01110111212000222
10001120012110000
10110020001100000
10000000001122000
00222200000200000
00000022200200000
00000000011222000
00000000002220000
STEP 22 P1 MOVE 6 8 8 8
OWN
11000000210000000
00022020211111000
01110111212000222
10001120012110000
10110020001100000
10000000001122000
00222200100200000
00000022100200000
00000000111222000
00000000002220000
STEP 23 P2 MOVE 4 8 5 8
OWN
11000000210000000
00022020211111000
01110111212000222
10001120012110000
10110020201100000
10000000201122000
00222200100200000
00000022100200000
00000000111222000
00000000002220000
STEP 24 P1 MOVE 6 7 6 9
OWN
11000000210000000
00022020211111000
01110111212000222
10001120012110000
10110020201100000
10000000201122000
00222201110200000
00000022100200000
00000000111222000
00000000002220000
STEP 25 P2 MOVE 6 15 7 15
OWN
11000000210000000
00022020211111000
01110111212000222
10001120012110000
10110020201100000
10000000201122000
00222201110200020
00000022100200020
00000000111222000
00000000002220000
STEP 26 P1 MOVE 5 16 6 16
OWN
11000000210000000
00022020211111000
01110111212000222
10001120012110000
10110020201100000
10000000201122001
00222201110200021
00000022100200020
00000000111222000
00000000002220000
STEP 27 P2 MOVE 6 0 7 0
OWN
11000000210000000
00022020211111000
01110111212000222
10001120012110000
10110020201100000
10000000201122001
20222201110200021
20000022100200020
00000000111222000
00000000002220000
STEP 28 P1 MOVE 3 8 4 9
OWN
11000000210000000
00022020211111000
01110111212000222
10001120112110000
10110020111100000
10000000201122001
20222201110200021
20000022100200020
00000000111222000
00000000002220000
STEP 29 P2 MOVE 3 7 3 13
OWN
11000000210000000
00022020211111000
01110111212000222
10001122222222000
10110020111100000
10000000201122001
20222201110200021
20000022100200020
00000000111222000
00000000002220000
STEP 30 P1 MOVE 2 13 3 14
OWN
11000000210000000
00022020211111000
01110111212001122
10001122222221100
10110020111100000
10000000201122001
20222201110200021
20000022100200020
00000000111222000
00000000002220000
STEP 31 P2 MOVE 0 10 6 10
OWN
11000000212000000
00022020212111000
01110111212001122
10001122222221100
10110020112100000
10000000202122001
20222201112200021
20000022100200020
00000000111222000
00000000002220000
STEP 32 P1 MOVE 0 7 1 11
OWN
11000001111100000
00022021111111000
01110111212001122
10001122222221100
10110020112100000
10000000202122001
20222201112200021
20000022100200020
00000000111222000
00000000002220000
STEP 33 P2 MOVE 5 9 6 12
OWN
11000001111100000
00022021111111000
01110111212001122
10001122222221100
10110020112100000
10000000222222001
20222201122220021
20000022100200020
00000000111222000
00000000002220000
STEP 34 P1 MOVE 0 2 1 2
OWN
11100001111100000
00122021111111000
01110111212001122
10001122222221100
10110020112100000
10000000222222001
20222201122220021
20000022100200020
00000000111222000
00000000002220000
STEP 35 P2 MOVE 0 12 0 13
OWN
11100001111122000
00122021111111000
01110111212001122
10001122222221100
10110020112100000
10000000222222001
20222201122220021
20000022100200020
00000000111222000
00000000002220000
STEP 36 P1 MOVE 7 5 8 6
OWN
11100001111122000
00122021111111000
01110111212001122
10001122222221100
10110020112100000
10000000222222001
20222201122220021
20000112100200020
00000110111222000
00000000002220000
STEP 37 P2 MOVE 6 6 9 6
OWN
11100001111122000
00122021111111000
01110111212001122
10001122222221100
10110020112100000
10000000222222001
20222221122220021
20000122100200020
00000120111222000
00000020002220000
STEP 38 P1 MOVE 5 7 8 7
OWN
11100001111122000
00122021111111000
01110111212001122
10001122222221100
10110020112100000
10000001222222001
20222221122220021
20000121100200020
00000121111222000
00000020002220000
STEP 39 P2 MOVE 0 15 1 15
OWN
11100001111122020
00122021111111020
01110111212001122
10001122222221100
10110020112100000
10000001222222001
20222221122220021
20000121100200020
00000121111222000
00000020002220000
STEP 40 P1 MOVE -1 -1 -1 -1
OWN
11100001111122020
00122021111111020
01110111212001122
10001122222221100
10110020112100000
10000001222222001
20222221122220021
20000121100200020
00000121111222000
00000020002220000
STEP 41 P2 MOVE 7 1 8 1
OWN
11100001111122020
00122021111111020
01110111212001122
10001122222221100
10110020112100000
10000001222222001
20222221122220021
22000121100200020
02000121111222000
00000020002220000
STEP 42 P1 MOVE 9 1 9 2
OWN
11100001111122020
00122021111111020
01110111212001122
10001122222221100
10110020112100000
10000001222222001
20222221122220021
22000121100200020
02000121111222000
01100020002220000
STEP 43 P2 MOVE -1 -1 -1 -1
OWN
11100001111122020
00122021111111020
01110111212001122
10001122222221100
10110020112100000
10000001222222001
20222221122220021
22000121100200020
02000121111222000
01100020002220000
STEP 44 P1 MOVE -1 -1 -1 -1
OWN
11100001111122020
00122021111111020
01110111212001122
10001122222221100
10110020112100000
10000001222222001
20222221122220021
22000121100200020
02000121111222000
01100020002220000
RESULT first=52 second=51 winner=1
ANALYSIS winner=P1 score=52-51 reason=şóÄ­Ľ±Áˇ(+3) / Ľ±°řŔĚÁˇ steal(w/l)=13/14 neu(w/l)=53/50
