BOARD
83332839489365952
31664256347976187
66415241928278752
69973238431825818
93566362675486348
76633485482514316
75621937532767759
27577135478583377
14768469549568224
58933312156182245
STEP 0 P1 MOVE 9 4 9 8
OWN
00000000000000000
00000000000000000
00000000000000000
00000000000000000
00000000000000000
00000000000000000
00000000000000000
00000000000000000
00000000000000000
00001111100000000
STEP 1 P2 MOVE 8 14 9 15
OWN
00000000000000000
00000000000000000
00000000000000000
00000000000000000
00000000000000000
00000000000000000
00000000000000000
00000000000000000
00000000000000220
00001111100000220
STEP 2 P1 MOVE 3 10 6 10
OWN
00000000000000000
00000000000000000
00000000000000000
00000000001000000
00000000001000000
00000000001000000
00000000001000000
00000000000000000
00000000000000220
00001111100000220
STEP 3 P2 MOVE 2 15 4 15
OWN
00000000000000000
00000000000000000
00000000000000020
00000000001000020
00000000001000020
00000000001000000
00000000001000000
00000000000000000
00000000000000220
00001111100000220
STEP 4 P1 MOVE 6 9 7 9
OWN
00000000000000000
00000000000000000
00000000000000020
00000000001000020
00000000001000020
00000000001000000
00000000011000000
00000000010000000
00000000000000220
00001111100000220
STEP 5 P2 MOVE 5 11 5 13
OWN
00000000000000000
00000000000000000
00000000000000020
00000000001000020
00000000001000020
00000000001222000
00000000011000000
00000000010000000
00000000000000220
00001111100000220
STEP 6 P1 MOVE 1 0 1 2
OWN
00000000000000000
11100000000000000
00000000000000020
00000000001000020
00000000001000020
00000000001222000
00000000011000000
00000000010000000
00000000000000220
00001111100000220
STEP 7 P2 MOVE 3 11 3 12
OWN
00000000000000000
11100000000000000
00000000000000020
00000000001220020
00000000001000020
00000000001222000
00000000011000000
00000000010000000
00000000000000220
00001111100000220
STEP 8 P1 MOVE 4 8 5 8
OWN
00000000000000000
11100000000000000
00000000000000020
00000000001220020
00000000101000020
00000000101222000
00000000011000000
00000000010000000
00000000000000220
00001111100000220
STEP 9 P2 MOVE 2 10 2 11
OWN
00000000000000000
11100000000000000
00000000002200020
00000000001220020
00000000101000020
00000000101222000
00000000011000000
00000000010000000
00000000000000220
00001111100000220
STEP 10 P1 MOVE 0 3 2 3
OWN
00010000000000000
11110000000000000
00010000002200020
00000000001220020
00000000101000020
00000000101222000
00000000011000000
00000000010000000
00000000000000220
00001111100000220
STEP 11 P2 MOVE 6 0 8 0
OWN
00010000000000000
11110000000000000
00010000002200020
00000000001220020
00000000101000020
00000000101222000
20000000011000000
20000000010000000
20000000000000220
00001111100000220
STEP 12 P1 MOVE 9 12 9 13
OWN
00010000000000000
11110000000000000
00010000002200020
00000000001220020
00000000101000020
00000000101222000
20000000011000000
20000000010000000
20000000000000220
00001111100011220
STEP 13 P2 MOVE 6 13 7 13
OWN
00010000000000000
11110000000000000
00010000002200020
00000000001220020
00000000101000020
00000000101222000
20000000011002000
20000000010002000
20000000000000220
00001111100011220
STEP 14 P1 MOVE 0 5 1 5
OWN
00010100000000000
11110100000000000
00010000002200020
00000000001220020
00000000101000020
00000000101222000
20000000011002000
20000000010002000
20000000000000220
00001111100011220
STEP 15 P2 MOVE 8 5 8 6
OWN
00010100000000000
11110100000000000
00010000002200020
00000000001220020
00000000101000020
00000000101222000
20000000011002000
20000000010002000
20000220000000220
00001111100011220
STEP 16 P1 MOVE 2 1 2 2
OWN
00010100000000000
11110100000000000
01110000002200020
00000000001220020
00000000101000020
00000000101222000
20000000011002000
20000000010002000
20000220000000220
00001111100011220
STEP 17 P2 MOVE 2 7 2 8
OWN
00010100000000000
11110100000000000
01110002202200020
00000000001220020
00000000101000020
00000000101222000
20000000011002000
20000000010002000
20000220000000220
00001111100011220
STEP 18 P1 MOVE 7 14 7 15
OWN
00010100000000000
11110100000000000
01110002202200020
00000000001220020
00000000101000020
00000000101222000
20000000011002000
20000000010002110
20000220000000220
00001111100011220
STEP 19 P2 MOVE 7 11 8 11
OWN
00010100000000000
11110100000000000
01110002202200020
00000000001220020
00000000101000020
00000000101222000
20000000011002000
20000000010202110
20000220000200220
00001111100011220
STEP 20 P1 MOVE 2 16 3 16
OWN
00010100000000000
11110100000000000
01110002202200021
00000000001220021
00000000101000020
00000000101222000
20000000011002000
20000000010202110
20000220000200220
00001111100011220
STEP 21 P2 MOVE 3 7 4 7
OWN
00010100000000000
11110100000000000
01110002202200021
00000002001220021
00000002101000020
00000000101222000
20000000011002000
20000000010202110
20000220000200220
00001111100011220
STEP 22 P1 MOVE 6 4 6 5
OWN
00010100000000000
11110100000000000
01110002202200021
00000002001220021
00000002101000020
00000000101222000
20001100011002000
20000000010202110
20000220000200220
00001111100011220
STEP 23 P2 MOVE 3 5 7 5
OWN
00010100000000000
11110100000000000
01110002202200021
00000202001220021
00000202101000020
00000200101222000
20001200011002000
20000200010202110
20000220000200220
00001111100011220
STEP 24 P1 MOVE 7 4 7 6
OWN
00010100000000000
11110100000000000
01110002202200021
00000202001220021
00000202101000020
00000200101222000
20001200011002000
20001110010202110
20000220000200220
00001111100011220
STEP 25 P2 MOVE 2 4 3 5
OWN
00010100000000000
11110100000000000
01112202202200021
00002202001220021
00000202101000020
00000200101222000
20001200011002000
20001110010202110
20000220000200220
00001111100011220
STEP 26 P1 MOVE 2 0 2 6
OWN
00010100000000000
11110100000000000
11111112202200021
00002202001220021
00000202101000020
00000200101222000
20001200011002000
20001110010202110
20000220000200220
00001111100011220
STEP 27 P2 MOVE 3 6 3 9
OWN
00010100000000000
11110100000000000
11111112202200021
00002222221220021
00000202101000020
00000200101222000
20001200011002000
20001110010202110
20000220000200220
00001111100011220
STEP 28 P1 MOVE -1 -1 -1 -1
OWN
00010100000000000
11110100000000000
11111112202200021
00002222221220021
00000202101000020
00000200101222000
20001200011002000
20001110010202110
20000220000200220
00001111100011220
STEP 29 P2 MOVE 1 4 4 4
OWN
00010100000000000
11112100000000000
11112112202200021
00002222221220021
00002202101000020
00000200101222000
20001200011002000
20001110010202110
20000220000200220
00001111100011220
STEP 30 P1 MOVE 0 4 1 6
OWN
00011110000000000
11111110000000000
11112112202200021
00002222221220021
00002202101000020
00000200101222000
20001200011002000
20001110010202110
20000220000200220
00001111100011220
STEP 31 P2 MOVE 5 14 5 16
OWN
00011110000000000
11111110000000000
11112112202200021
00002222221220021
00002202101000020
00000200101222222
20001200011002000
20001110010202110
20000220000200220
00001111100011220
STEP 32 P1 MOVE 4 14 6 14
OWN
00011110000000000
11111110000000000
11112112202200021
00002222221220021
00002202101000120
00000200101222122
20001200011002100
20001110010202110
20000220000200220
00001111100011220
STEP 33 P2 MOVE -1 -1 -1 -1
OWN
00011110000000000
11111110000000000
11112112202200021
00002222221220021
00002202101000120
00000200101222122
20001200011002100
20001110010202110
20000220000200220
00001111100011220
STEP 34 P1 MOVE -1 -1 -1 -1
OWN
00011110000000000
11111110000000000
11112112202200021
00002222221220021
00002202101000120
00000200101222122
20001200011002100
20001110010202110
20000220000200220
00001111100011220
RESULT first=43 second=39 winner=1
ANALYSIS winner=P1 score=43-39 reason=Ĺ»ĂëżěŔ§(+3Ä­ »©ľŃŔ˝,2ąčČż°ú) / Ľ±°řŔĚÁˇ steal(w/l)=5/2 neu(w/l)=40/42
