BOARD
45817919267952575
92142994347455573
28767272989395526
79571927489225794
78638239366941371
68413413234266351
17765339438945738
28442157977527651
71769956215134921
54655968688363444
STEP 0 P1 MOVE 8 9 8 12
OWN
00000000000000000
00000000000000000
00000000000000000
00000000000000000
00000000000000000
00000000000000000
00000000000000000
00000000000000000
00000000011110000
00000000000000000
STEP 1 P2 MOVE 7 2 7 4
OWN
00000000000000000
00000000000000000
00000000000000000
00000000000000000
00000000000000000
00000000000000000
00000000000000000
00222000000000000
00000000011110000
00000000000000000
STEP 2 P1 MOVE 1 12 1 13
OWN
00000000000000000
00000000000011000
00000000000000000
00000000000000000
00000000000000000
00000000000000000
00000000000000000
00222000000000000
00000000011110000
00000000000000000
STEP 3 P2 MOVE 1 14 2 14
OWN
00000000000000000
00000000000011200
00000000000000200
00000000000000000
00000000000000000
00000000000000000
00000000000000000
00222000000000000
00000000011110000
00000000000000000
STEP 4 P1 MOVE 0 5 0 6
OWN
00000110000000000
00000000000011200
00000000000000200
00000000000000000
00000000000000000
00000000000000000
00000000000000000
00222000000000000
00000000011110000
00000000000000000
STEP 5 P2 MOVE 4 3 6 3
OWN
00000110000000000
00000000000011200
00000000000000200
00000000000000000
00020000000000000
00020000000000000
00020000000000000
00222000000000000
00000000011110000
00000000000000000
STEP 6 P1 MOVE 4 5 7 5
OWN
00000110000000000
00000000000011200
00000000000000200
00000000000000000
00020100000000000
00020100000000000
00020100000000000
00222100000000000
00000000011110000
00000000000000000
STEP 7 P2 MOVE 1 4 3 4
OWN
00000110000000000
00002000000011200
00002000000000200
00002000000000000
00020100000000000
00020100000000000
00020100000000000
00222100000000000
00000000011110000
00000000000000000
STEP 8 P1 MOVE 5 12 6 12
OWN
00000110000000000
00002000000011200
00002000000000200
00002000000000000
00020100000000000
00020100000010000
00020100000010000
00222100000000000
00000000011110000
00000000000000000
STEP 9 P2 MOVE 4 2 5 2
OWN
00000110000000000
00002000000011200
00002000000000200
00002000000000000
00220100000000000
00220100000010000
00020100000010000
00222100000000000
00000000011110000
00000000000000000
STEP 10 P1 MOVE 2 13 3 13
OWN
00000110000000000
00002000000011200
00002000000001200
00002000000001000
00220100000000000
00220100000010000
00020100000010000
00222100000000000
00000000011110000
00000000000000000
STEP 11 P2 MOVE 9 3 9 4
OWN
00000110000000000
00002000000011200
00002000000001200
00002000000001000
00220100000000000
00220100000010000
00020100000010000
00222100000000000
00000000011110000
00022000000000000
STEP 12 P1 MOVE 1 15 1 16
OWN
00000110000000000
00002000000011211
00002000000001200
00002000000001000
00220100000000000
00220100000010000
00020100000010000
00222100000000000
00000000011110000
00022000000000000
STEP 13 P2 MOVE 4 10 5 10
OWN
00000110000000000
00002000000011211
00002000000001200
00002000000001000
00220100002000000
00220100002010000
00020100000010000
00222100000000000
00000000011110000
00022000000000000
STEP 14 P1 MOVE 7 0 7 1
OWN
00000110000000000
00002000000011211
00002000000001200
00002000000001000
00220100002000000
00220100002010000
00020100000010000
11222100000000000
00000000011110000
00022000000000000
STEP 15 P2 MOVE 2 16 3 16
OWN
00000110000000000
00002000000011211
00002000000001202
00002000000001002
00220100002000000
00220100002010000
00020100000010000
11222100000000000
00000000011110000
00022000000000000
STEP 16 P1 MOVE 5 16 7 16
OWN
00000110000000000
00002000000011211
00002000000001202
00002000000001002
00220100002000000
00220100002010001
00020100000010001
11222100000000001
00000000011110000
00022000000000000
STEP 17 P2 MOVE 6 15 8 15
OWN
00000110000000000
00002000000011211
00002000000001202
00002000000001002
00220100002000000
00220100002010001
00020100000010021
11222100000000021
00000000011110020
00022000000000000
STEP 18 P1 MOVE 6 9 7 9
OWN
00000110000000000
00002000000011211
00002000000001202
00002000000001002
00220100002000000
00220100002010001
00020100010010021
11222100010000021
00000000011110020
00022000000000000
STEP 19 P2 MOVE 4 14 4 15
OWN
00000110000000000
00002000000011211
00002000000001202
00002000000001002
00220100002000220
00220100002010001
00020100010010021
11222100010000021
00000000011110020
00022000000000000
STEP 20 P1 MOVE 5 14 6 14
OWN
00000110000000000
00002000000011211
00002000000001202
00002000000001002
00220100002000220
00220100002010101
00020100010010121
11222100010000021
00000000011110020
00022000000000000
STEP 21 P2 MOVE 0 9 1 9
OWN
00000110020000000
00002000020011211
00002000000001202
00002000000001002
00220100002000220
00220100002010101
00020100010010121
11222100010000021
00000000011110020
00022000000000000
STEP 22 P1 MOVE 1 8 1 10
OWN
00000110020000000
00002000111011211
00002000000001202
00002000000001002
00220100002000220
00220100002010101
00020100010010121
11222100010000021
00000000011110020
00022000000000000
STEP 23 P2 MOVE 9 1 9 2
OWN
00000110020000000
00002000111011211
00002000000001202
00002000000001002
00220100002000220
00220100002010101
00020100010010121
11222100010000021
00000000011110020
02222000000000000
STEP 24 P1 MOVE 1 1 2 1
OWN
00000110020000000
01002000111011211
01002000000001202
00002000000001002
00220100002000220
00220100002010101
00020100010010121
11222100010000021
00000000011110020
02222000000000000
STEP 25 P2 MOVE 1 0 1 2
OWN
00000110020000000
22202000111011211
01002000000001202
00002000000001002
00220100002000220
00220100002010101
00020100010010121
11222100010000021
00000000011110020
02222000000000000
STEP 26 P1 MOVE 1 3 2 3
OWN
00000110020000000
22212000111011211
01012000000001202
00002000000001002
00220100002000220
00220100002010101
00020100010010121
11222100010000021
00000000011110020
02222000000000000
STEP 27 P2 MOVE 3 15 4 16
OWN
00000110020000000
22212000111011211
01012000000001202
00002000000001022
00220100002000222
00220100002010101
00020100010010121
11222100010000021
00000000011110020
02222000000000000
STEP 28 P1 MOVE 0 16 9 16
OWN
00000110020000001
22212000111011211
01012000000001201
00002000000001021
00220100002000221
00220100002010101
00020100010010121
11222100010000021
00000000011110021
02222000000000001
STEP 29 P2 MOVE 2 13 4 15
OWN
00000110020000001
22212000111011211
01012000000002221
00002000000002221
00220100002002221
00220100002010101
00020100010010121
11222100010000021
00000000011110021
02222000000000001
STEP 30 P1 MOVE -1 -1 -1 -1
OWN
00000110020000001
22212000111011211
01012000000002221
00002000000002221
00220100002002221
00220100002010101
00020100010010121
11222100010000021
00000000011110021
02222000000000001
STEP 31 P2 MOVE 7 6 8 6
OWN
00000110020000001
22212000111011211
01012000000002221
00002000000002221
00220100002002221
00220100002010101
00020100010010121
11222120010000021
00000020011110021
02222000000000001
STEP 32 P1 MOVE 5 6 9 6
OWN
00000110020000001
22212000111011211
01012000000002221
00002000000002221
00220100002002221
00220110002010101
00020110010010121
11222110010000021
00000010011110021
02222010000000001
STEP 33 P2 MOVE 5 7 5 11
OWN
00000110020000001
22212000111011211
01012000000002221
00002000000002221
00220100002002221
00220112222210101
00020110010010121
11222110010000021
00000010011110021
02222010000000001
STEP 34 P1 MOVE -1 -1 -1 -1
OWN
00000110020000001
22212000111011211
01012000000002221
00002000000002221
00220100002002221
00220112222210101
00020110010010121
11222110010000021
00000010011110021
02222010000000001
STEP 35 P2 MOVE -1 -1 -1 -1
OWN
00000110020000001
22212000111011211
01012000000002221
00002000000002221
00220100002002221
00220112222210101
00020110010010121
11222110010000021
00000010011110021
02222010000000001
RESULT first=42 second=38 winner=1
ANALYSIS winner=P1 score=42-38 reason=Ĺ»ĂëżěŔ§(+3Ä­ »©ľŃŔ˝,2ąčČż°ú) / Ľ±°řŔĚÁˇ steal(w/l)=6/3 neu(w/l)=39/41
