BOARD
23455579136495116
95149534241426538
21836235918762455
23334777585892697
76365545997182966
69815459287924881
78676482379482213
42977511511149431
14544857451487366
93236116889462448
STEP 0 P1 MOVE 7 6 7 11
OWN
00000000000000000
00000000000000000
00000000000000000
00000000000000000
00000000000000000
00000000000000000
00000000000000000
00000011111100000
00000000000000000
00000000000000000
STEP 1 P2 MOVE 0 14 1 15
OWN
00000000000000220
00000000000000220
00000000000000000
00000000000000000
00000000000000000
00000000000000000
00000000000000000
00000011111100000
00000000000000000
00000000000000000
STEP 2 P1 MOVE 8 9 8 11
OWN
00000000000000220
00000000000000220
00000000000000000
00000000000000000
00000000000000000
00000000000000000
00000000000000000
00000011111100000
00000000011100000
00000000000000000
STEP 3 P2 MOVE 0 8 1 9
OWN
00000000220000220
00000000220000220
00000000000000000
00000000000000000
00000000000000000
00000000000000000
00000000000000000
00000011111100000
00000000011100000
00000000000000000
STEP 4 P1 MOVE 5 3 5 5
OWN
00000000220000220
00000000220000220
00000000000000000
00000000000000000
00000000000000000
00011100000000000
00000000000000000
00000011111100000
00000000011100000
00000000000000000
STEP 5 P2 MOVE 2 8 2 9
OWN
00000000220000220
00000000220000220
00000000220000000
00000000000000000
00000000000000000
00011100000000000
00000000000000000
00000011111100000
00000000011100000
00000000000000000
STEP 6 P1 MOVE 1 1 1 3
OWN
00000000220000220
01110000220000220
00000000220000000
00000000000000000
00000000000000000
00011100000000000
00000000000000000
00000011111100000
00000000011100000
00000000000000000
STEP 7 P2 MOVE 8 0 8 2
OWN
00000000220000220
01110000220000220
00000000220000000
00000000000000000
00000000000000000
00011100000000000
00000000000000000
00000011111100000
22200000011100000
00000000000000000
STEP 8 P1 MOVE 4 16 6 16
OWN
00000000220000220
01110000220000220
00000000220000000
00000000000000000
00000000000000001
00011100000000001
00000000000000001
00000011111100000
22200000011100000
00000000000000000
STEP 9 P2 MOVE 6 15 8 15
OWN
00000000220000220
01110000220000220
00000000220000000
00000000000000000
00000000000000001
00011100000000001
00000000000000021
00000011111100020
22200000011100020
00000000000000000
STEP 10 P1 MOVE 9 13 9 15
OWN
00000000220000220
01110000220000220
00000000220000000
00000000000000000
00000000000000001
00011100000000001
00000000000000021
00000011111100020
22200000011100020
00000000000001110
STEP 11 P2 MOVE 2 5 2 7
OWN
00000000220000220
01110000220000220
00000222220000000
00000000000000000
00000000000000001
00011100000000001
00000000000000021
00000011111100020
22200000011100020
00000000000001110
STEP 12 P1 MOVE 2 15 2 16
OWN
00000000220000220
01110000220000220
00000222220000011
00000000000000000
00000000000000001
00011100000000001
00000000000000021
00000011111100020
22200000011100020
00000000000001110
STEP 13 P2 MOVE 0 4 0 5
OWN
00002200220000220
01110000220000220
00000222220000011
00000000000000000
00000000000000001
00011100000000001
00000000000000021
00000011111100020
22200000011100020
00000000000001110
STEP 14 P1 MOVE 1 13 3 13
OWN
00002200220000220
01110000220001220
00000222220001011
00000000000001000
00000000000000001
00011100000000001
00000000000000021
00000011111100020
22200000011100020
00000000000001110
STEP 15 P2 MOVE 4 11 5 11
OWN
00002200220000220
01110000220001220
00000222220001011
00000000000001000
00000000000200001
00011100000200001
00000000000000021
00000011111100020
22200000011100020
00000000000001110
STEP 16 P1 MOVE 4 12 5 12
OWN
00002200220000220
01110000220001220
00000222220001011
00000000000001000
00000000000210001
00011100000210001
00000000000000021
00000011111100020
22200000011100020
00000000000001110
STEP 17 P2 MOVE 8 13 8 14
OWN
00002200220000220
01110000220001220
00000222220001011
00000000000001000
00000000000210001
00011100000210001
00000000000000021
00000011111100020
22200000011102220
00000000000001110
STEP 18 P1 MOVE 9 3 9 5
OWN
00002200220000220
01110000220001220
00000222220001011
00000000000001000
00000000000210001
00011100000210001
00000000000000021
00000011111100020
22200000011102220
00011100000001110
STEP 19 P2 MOVE 9 11 9 12
OWN
00002200220000220
01110000220001220
00000222220001011
00000000000001000
00000000000210001
00011100000210001
00000000000000021
00000011111100020
22200000011102220
00011100000221110
STEP 20 P1 MOVE 6 8 6 9
OWN
00002200220000220
01110000220001220
00000222220001011
00000000000001000
00000000000210001
00011100000210001
00000000110000021
00000011111100020
22200000011102220
00011100000221110
STEP 21 P2 MOVE 2 1 4 1
OWN
00002200220000220
01110000220001220
02000222220001011
02000000000001000
02000000000210001
00011100000210001
00000000110000021
00000011111100020
22200000011102220
00011100000221110
STEP 22 P1 MOVE 3 2 3 4
OWN
00002200220000220
01110000220001220
02000222220001011
02111000000001000
02000000000210001
00011100000210001
00000000110000021
00000011111100020
22200000011102220
00011100000221110
STEP 23 P2 MOVE 0 10 0 11
OWN
00002200222200220
01110000220001220
02000222220001011
02111000000001000
02000000000210001
00011100000210001
00000000110000021
00000011111100020
22200000011102220
00011100000221110
STEP 24 P1 MOVE 5 8 5 9
OWN
00002200222200220
01110000220001220
02000222220001011
02111000000001000
02000000000210001
00011100110210001
00000000110000021
00000011111100020
22200000011102220
00011100000221110
STEP 25 P2 MOVE 5 14 6 14
OWN
00002200222200220
01110000220001220
02000222220001011
02111000000001000
02000000000210001
00011100110210201
00000000110000221
00000011111100020
22200000011102220
00011100000221110
STEP 26 P1 MOVE 6 1 7 1
OWN
00002200222200220
01110000220001220
02000222220001011
02111000000001000
02000000000210001
00011100110210201
01000000110000221
01000011111100020
22200000011102220
00011100000221110
STEP 27 P2 MOVE 4 4 4 5
OWN
00002200222200220
01110000220001220
02000222220001011
02111000000001000
02002200000210001
00011100110210201
01000000110000221
01000011111100020
22200000011102220
00011100000221110
STEP 28 P1 MOVE 6 4 6 5
OWN
00002200222200220
01110000220001220
02000222220001011
02111000000001000
02002200000210001
00011100110210201
01001100110000221
01000011111100020
22200000011102220
00011100000221110
STEP 29 P2 MOVE 4 3 4 6
OWN
00002200222200220
01110000220001220
02000222220001011
02111000000001000
02022220000210001
00011100110210201
01001100110000221
01000011111100020
22200000011102220
00011100000221110
STEP 30 P1 MOVE 2 3 6 3
OWN
00002200222200220
01110000220001220
02010222220001011
02111000000001000
02012220000210001
00011100110210201
01011100110000221
01000011111100020
22200000011102220
00011100000221110
STEP 31 P2 MOVE 3 2 4 5
OWN
00002200222200220
01110000220001220
02010222220001011
02222200000001000
02222220000210001
00011100110210201
01011100110000221
01000011111100020
22200000011102220
00011100000221110
STEP 32 P1 MOVE 1 5 7 5
OWN
00002200222200220
01110100220001220
02010122220001011
02222100000001000
02222120000210001
00011100110210201
01011100110000221
01000111111100020
22200000011102220
00011100000221110
STEP 33 P2 MOVE 2 12 2 14
OWN
00002200222200220
01110100220001220
02010122220022211
02222100000001000
02222120000210001
00011100110210201
01011100110000221
01000111111100020
22200000011102220
00011100000221110
STEP 34 P1 MOVE 1 12 1 16
OWN
00002200222200220
01110100220011111
02010122220022211
02222100000001000
02222120000210001
00011100110210201
01011100110000221
01000111111100020
22200000011102220
00011100000221110
STEP 35 P2 MOVE 8 2 9 4
OWN
00002200222200220
01110100220011111
02010122220022211
02222100000001000
02222120000210001
00011100110210201
01011100110000221
01000111111100020
22222000011102220
00222100000221110
STEP 36 P1 MOVE 9 1 9 7
OWN
00002200222200220
01110100220011111
02010122220022211
02222100000001000
02222120000210001
00011100110210201
01011100110000221
01000111111100020
22222000011102220
01111111000221110
STEP 37 P2 MOVE 0 6 1 6
OWN
00002220222200220
01110120220011111
02010122220022211
02222100000001000
02222120000210001
00011100110210201
01011100110000221
01000111111100020
22222000011102220
01111111000221110
STEP 38 P1 MOVE 2 0 2 2
OWN
00002220222200220
01110120220011111
11110122220022211
02222100000001000
02222120000210001
00011100110210201
01011100110000221
01000111111100020
22222000011102220
01111111000221110
STEP 39 P2 MOVE -1 -1 -1 -1
OWN
00002220222200220
01110120220011111
11110122220022211
02222100000001000
02222120000210001
00011100110210201
01011100110000221
01000111111100020
22222000011102220
01111111000221110
STEP 40 P1 MOVE -1 -1 -1 -1
OWN
00002220222200220
01110120220011111
11110122220022211
02222100000001000
02222120000210001
00011100110210201
01011100110000221
01000111111100020
22222000011102220
01111111000221110
RESULT first=56 second=44 winner=1
ANALYSIS winner=P1 score=56-44 reason=Ĺ»ĂëżěŔ§(+3Ä­ »©ľŃŔ˝,2ąčČż°ú) / şóÄ­Ľ±Áˇ(+6) steal(w/l)=10/7 neu(w/l)=53/47
