BOARD
13897543763358312
15617261978986155
71354855522763989
15116179434631917
92953871419155278
57296394213197181
41863899384522437
86537445556155994
14796841632585849
23481455259997539
STEP 0 P1 MOVE 0 0 3 0
OWN
10000000000000000
10000000000000000
10000000000000000
10000000000000000
00000000000000000
00000000000000000
00000000000000000
00000000000000000
00000000000000000
00000000000000000
STEP 1 P2 MOVE 2 2 3 3
OWN
10000000000000000
10000000000000000
10220000000000000
10220000000000000
00000000000000000
00000000000000000
00000000000000000
00000000000000000
00000000000000000
00000000000000000
STEP 2 P1 MOVE 8 0 9 1
OWN
10000000000000000
10000000000000000
10220000000000000
10220000000000000
00000000000000000
00000000000000000
00000000000000000
00000000000000000
11000000000000000
11000000000000000
STEP 3 P2 MOVE 3 11 3 13
OWN
10000000000000000
10000000000000000
10220000000000000
10220000000222000
00000000000000000
00000000000000000
00000000000000000
00000000000000000
11000000000000000
11000000000000000
STEP 4 P1 MOVE 4 1 6 1
OWN
10000000000000000
10000000000000000
10220000000000000
10220000000222000
01000000000000000
01000000000000000
01000000000000000
00000000000000000
11000000000000000
11000000000000000
STEP 5 P2 MOVE 1 10 2 10
OWN
10000000000000000
10000000002000000
10220000002000000
10220000000222000
01000000000000000
01000000000000000
01000000000000000
00000000000000000
11000000000000000
11000000000000000
STEP 6 P1 MOVE 7 13 8 13
OWN
10000000000000000
10000000002000000
10220000002000000
10220000000222000
01000000000000000
01000000000000000
01000000000000000
00000000000001000
11000000000001000
11000000000000000
STEP 7 P2 MOVE 0 3 1 3
OWN
10020000000000000
10020000002000000
10220000002000000
10220000000222000
01000000000000000
01000000000000000
01000000000000000
00000000000001000
11000000000001000
11000000000000000
STEP 8 P1 MOVE 5 14 5 16
OWN
10020000000000000
10020000002000000
10220000002000000
10220000000222000
01000000000000000
01000000000000111
01000000000000000
00000000000001000
11000000000001000
11000000000000000
STEP 9 P2 MOVE 9 4 9 6
OWN
10020000000000000
10020000002000000
10220000002000000
10220000000222000
01000000000000000
01000000000000111
01000000000000000
00000000000001000
11000000000001000
11002220000000000
STEP 10 P1 MOVE 1 14 2 14
OWN
10020000000000000
10020000002000100
10220000002000100
10220000000222000
01000000000000000
01000000000000111
01000000000000000
00000000000001000
11000000000001000
11002220000000000
STEP 11 P2 MOVE 7 3 7 4
OWN
10020000000000000
10020000002000100
10220000002000100
10220000000222000
01000000000000000
01000000000000111
01000000000000000
00022000000001000
11000000000001000
11002220000000000
STEP 12 P1 MOVE 6 15 6 16
OWN
10020000000000000
10020000002000100
10220000002000100
10220000000222000
01000000000000000
01000000000000111
01000000000000011
00022000000001000
11000000000001000
11002220000000000
STEP 13 P2 MOVE 1 7 1 8
OWN
10020000000000000
10020002202000100
10220000002000100
10220000000222000
01000000000000000
01000000000000111
01000000000000011
00022000000001000
11000000000001000
11002220000000000
STEP 14 P1 MOVE 2 7 2 8
OWN
10020000000000000
10020002202000100
10220001102000100
10220000000222000
01000000000000000
01000000000000111
01000000000000011
00022000000001000
11000000000001000
11002220000000000
STEP 15 P2 MOVE 3 7 4 7
OWN
10020000000000000
10020002202000100
10220001102000100
10220002000222000
01000002000000000
01000000000000111
01000000000000011
00022000000001000
11000000000001000
11002220000000000
STEP 16 P1 MOVE 8 7 8 9
OWN
10020000000000000
10020002202000100
10220001102000100
10220002000222000
01000002000000000
01000000000000111
01000000000000011
00022000000001000
11000001110001000
11002220000000000
STEP 17 P2 MOVE 7 9 9 9
OWN
10020000000000000
10020002202000100
10220001102000100
10220002000222000
01000002000000000
01000000000000111
01000000000000011
00022000020001000
11000001120001000
11002220020000000
STEP 18 P1 MOVE 6 8 9 8
OWN
10020000000000000
10020002202000100
10220001102000100
10220002000222000
01000002000000000
01000000000000111
01000000100000011
00022000120001000
11000001120001000
11002220120000000
STEP 19 P2 MOVE 3 8 5 8
OWN
10020000000000000
10020002202000100
10220001102000100
10220002200222000
01000002200000000
01000000200000111
01000000100000011
00022000120001000
11000001120001000
11002220120000000
STEP 20 P1 MOVE 4 9 6 9
OWN
10020000000000000
10020002202000100
10220001102000100
10220002200222000
01000002210000000
01000000210000111
01000000110000011
00022000120001000
11000001120001000
11002220120000000
STEP 21 P2 MOVE 3 6 3 9
OWN
10020000000000000
10020002202000100
10220001102000100
10220022220222000
01000002210000000
01000000210000111
01000000110000011
00022000120001000
11000001120001000
11002220120000000
STEP 22 P1 MOVE 7 7 9 7
OWN
10020000000000000
10020002202000100
10220001102000100
10220022220222000
01000002210000000
01000000210000111
01000000110000011
00022001120001000
11000001120001000
11002221120000000
STEP 23 P2 MOVE 5 2 6 2
OWN
10020000000000000
10020002202000100
10220001102000100
10220022220222000
01000002210000000
01200000210000111
01200000110000011
00022001120001000
11000001120001000
11002221120000000
STEP 24 P1 MOVE 6 0 6 3
OWN
10020000000000000
10020002202000100
10220001102000100
10220022220222000
01000002210000000
01200000210000111
11110000110000011
00022001120001000
11000001120001000
11002221120000000
STEP 25 P2 MOVE 0 7 0 8
OWN
10020002200000000
10020002202000100
10220001102000100
10220022220222000
01000002210000000
01200000210000111
11110000110000011
00022001120001000
11000001120001000
11002221120000000
STEP 26 P1 MOVE 0 6 0 9
OWN
10020011110000000
10020002202000100
10220001102000100
10220022220222000
01000002210000000
01200000210000111
11110000110000011
00022001120001000
11000001120001000
11002221120000000
STEP 27 P2 MOVE 0 9 1 10
OWN
10020011122000000
10020002222000100
10220001102000100
10220022220222000
01000002210000000
01200000210000111
11110000110000011
00022001120001000
11000001120001000
11002221120000000
STEP 28 P1 MOVE 5 11 5 12
OWN
10020011122000000
10020002222000100
10220001102000100
10220022220222000
01000002210000000
01200000210110111
11110000110000011
00022001120001000
11000001120001000
11002221120000000
STEP 29 P2 MOVE 1 5 2 5
OWN
10020011122000000
10020202222000100
10220201102000100
10220022220222000
01000002210000000
01200000210110111
11110000110000011
00022001120001000
11000001120001000
11002221120000000
STEP 30 P1 MOVE 2 1 2 6
OWN
10020011122000000
10020202222000100
11111111102000100
10220022220222000
01000002210000000
01200000210110111
11110000110000011
00022001120001000
11000001120001000
11002221120000000
STEP 31 P2 MOVE 1 1 3 1
OWN
10020011122000000
12020202222000100
12111111102000100
12220022220222000
01000002210000000
01200000210110111
11110000110000011
00022001120001000
11000001120001000
11002221120000000
STEP 32 P1 MOVE 4 10 4 11
OWN
10020011122000000
12020202222000100
12111111102000100
12220022220222000
01000002211100000
01200000210110111
11110000110000011
00022001120001000
11000001120001000
11002221120000000
STEP 33 P2 MOVE 4 12 4 13
OWN
10020011122000000
12020202222000100
12111111102000100
12220022220222000
01000002211122000
01200000210110111
11110000110000011
00022001120001000
11000001120001000
11002221120000000
STEP 34 P1 MOVE 3 14 3 15
OWN
10020011122000000
12020202222000100
12111111102000100
12220022220222110
01000002211122000
01200000210110111
11110000110000011
00022001120001000
11000001120001000
11002221120000000
STEP 35 P2 MOVE 1 15 1 16
OWN
10020011122000000
12020202222000122
12111111102000100
12220022220222110
01000002211122000
01200000210110111
11110000110000011
00022001120001000
11000001120001000
11002221120000000
STEP 36 P1 MOVE -1 -1 -1 -1
OWN
10020011122000000
12020202222000122
12111111102000100
12220022220222110
01000002211122000
01200000210110111
11110000110000011
00022001120001000
11000001120001000
11002221120000000
STEP 37 P2 MOVE 6 10 7 10
OWN
10020011122000000
12020202222000122
12111111102000100
12220022220222110
01000002211122000
01200000210110111
11110000112000011
00022001122001000
11000001120001000
11002221120000000
STEP 38 P1 MOVE 7 6 7 12
OWN
10020011122000000
12020202222000122
12111111102000100
12220022220222110
01000002211122000
01200000210110111
11110000112000011
00022011111111000
11000001120001000
11002221120000000
STEP 39 P2 MOVE 5 10 5 13
OWN
10020011122000000
12020202222000122
12111111102000100
12220022220222110
01000002211122000
01200000212222111
11110000112000011
00022011111111000
11000001120001000
11002221120000000
STEP 40 P1 MOVE 2 7 5 10
OWN
10020011122000000
12020202222000122
12111111111000100
12220021111222110
01000001111122000
01200001111222111
11110000112000011
00022011111111000
11000001120001000
11002221120000000
STEP 41 P2 MOVE 6 12 8 12
OWN
10020011122000000
12020202222000122
12111111111000100
12220021111222110
01000001111122000
01200001111222111
11110000112020011
00022011111121000
11000001120021000
11002221120000000
STEP 42 P1 MOVE -1 -1 -1 -1
OWN
10020011122000000
12020202222000122
12111111111000100
12220021111222110
01000001111122000
01200001111222111
11110000112020011
00022011111121000
11000001120021000
11002221120000000
STEP 43 P2 MOVE -1 -1 -1 -1
OWN
10020011122000000
12020202222000122
12111111111000100
12220021111222110
01000001111122000
01200001111222111
11110000112020011
00022011111121000
11000001120021000
11002221120000000
RESULT first=62 second=37 winner=1
ANALYSIS winner=P1 score=62-37 reason=Ĺ»ĂëżěŔ§(+10Ä­ »©ľŃŔ˝,2ąčČż°ú) / şóÄ­Ľ±Áˇ(+5) steal(w/l)=16/6 neu(w/l)=52/47
