BOARD
67724944934718951
82631331749237716
92621125292955459
63555944874817371
74143823669616668
38917284329344356
41426496917212324
52753142832218372
89363672777138737
95164826369935693
STEP 0 P1 MOVE 4 12 8 12
OWN
00000000000000000
00000000000000000
00000000000000000
00000000000000000
00000000000010000
00000000000010000
00000000000010000
00000000000010000
00000000000010000
00000000000000000
STEP 1 P2 MOVE 0 12 3 12
OWN
00000000000020000
00000000000020000
00000000000020000
00000000000020000
00000000000010000
00000000000010000
00000000000010000
00000000000010000
00000000000010000
00000000000000000
STEP 2 P1 MOVE 0 3 1 4
OWN
00011000000020000
00011000000020000
00000000000020000
00000000000020000
00000000000010000
00000000000010000
00000000000010000
00000000000010000
00000000000010000
00000000000000000
STEP 3 P2 MOVE 1 4 2 6
OWN
00011000000020000
00012220000020000
00002220000020000
00000000000020000
00000000000010000
00000000000010000
00000000000010000
00000000000010000
00000000000010000
00000000000000000
STEP 4 P1 MOVE 0 6 4 6
OWN
00011010000020000
00012210000020000
00002210000020000
00000010000020000
00000010000010000
00000000000010000
00000000000010000
00000000000010000
00000000000010000
00000000000000000
STEP 5 P2 MOVE 7 4 7 7
OWN
00011010000020000
00012210000020000
00002210000020000
00000010000020000
00000010000010000
00000000000010000
00000000000010000
00002222000010000
00000000000010000
00000000000000000
STEP 6 P1 MOVE 4 13 5 13
OWN
00011010000020000
00012210000020000
00002210000020000
00000010000020000
00000010000011000
00000000000011000
00000000000010000
00002222000010000
00000000000010000
00000000000000000
STEP 7 P2 MOVE 2 1 2 3
OWN
00011010000020000
00012210000020000
02222210000020000
00000010000020000
00000010000011000
00000000000011000
00000000000010000
00002222000010000
00000000000010000
00000000000000000
STEP 8 P1 MOVE 5 3 5 5
OWN
00011010000020000
00012210000020000
02222210000020000
00000010000020000
00000010000011000
00011100000011000
00000000000010000
00002222000010000
00000000000010000
00000000000000000
STEP 9 P2 MOVE 6 5 8 5
OWN
00011010000020000
00012210000020000
02222210000020000
00000010000020000
00000010000011000
00011100000011000
00000200000010000
00002222000010000
00000200000010000
00000000000000000
STEP 10 P1 MOVE 0 7 2 7
OWN
00011011000020000
00012211000020000
02222211000020000
00000010000020000
00000010000011000
00011100000011000
00000200000010000
00002222000010000
00000200000010000
00000000000000000
STEP 11 P2 MOVE 6 9 6 11
OWN
00011011000020000
00012211000020000
02222211000020000
00000010000020000
00000010000011000
00011100000011000
00000200022210000
00002222000010000
00000200000010000
00000000000000000
STEP 12 P1 MOVE 7 2 8 2
OWN
00011011000020000
00012211000020000
02222211000020000
00000010000020000
00000010000011000
00011100000011000
00000200022210000
00102222000010000
00100200000010000
00000000000000000
STEP 13 P2 MOVE 3 2 3 3
OWN
00011011000020000
00012211000020000
02222211000020000
00220010000020000
00000010000011000
00011100000011000
00000200022210000
00102222000010000
00100200000010000
00000000000000000
STEP 14 P1 MOVE 8 15 8 16
OWN
00011011000020000
00012211000020000
02222211000020000
00220010000020000
00000010000011000
00011100000011000
00000200022210000
00102222000010000
00100200000010011
00000000000000000
STEP 15 P2 MOVE 7 14 8 14
OWN
00011011000020000
00012211000020000
02222211000020000
00220010000020000
00000010000011000
00011100000011000
00000200022210000
00102222000010200
00100200000010211
00000000000000000
STEP 16 P1 MOVE 2 8 3 8
OWN
00011011000020000
00012211000020000
02222211100020000
00220010100020000
00000010000011000
00011100000011000
00000200022210000
00102222000010200
00100200000010211
00000000000000000
STEP 17 P2 MOVE 3 13 3 14
OWN
00011011000020000
00012211000020000
02222211100020000
00220010100022200
00000010000011000
00011100000011000
00000200022210000
00102222000010200
00100200000010211
00000000000000000
STEP 18 P1 MOVE 8 4 8 6
OWN
00011011000020000
00012211000020000
02222211100020000
00220010100022200
00000010000011000
00011100000011000
00000200022210000
00102222000010200
00101110000010211
00000000000000000
STEP 19 P2 MOVE 8 11 9 11
OWN
00011011000020000
00012211000020000
02222211100020000
00220010100022200
00000010000011000
00011100000011000
00000200022210000
00102222000010200
00101110000210211
00000000000200000
STEP 20 P1 MOVE 8 6 9 7
OWN
00011011000020000
00012211000020000
02222211100020000
00220010100022200
00000010000011000
00011100000011000
00000200022210000
00102222000010200
00101111000210211
00000011000200000
STEP 21 P2 MOVE 6 4 9 4
OWN
00011011000020000
00012211000020000
02222211100020000
00220010100022200
00000010000011000
00011100000011000
00002200022210000
00102222000010200
00102111000210211
00002011000200000
STEP 22 P1 MOVE 2 16 3 16
OWN
00011011000020000
00012211000020000
02222211100020001
00220010100022201
00000010000011000
00011100000011000
00002200022210000
00102222000010200
00102111000210211
00002011000200000
STEP 23 P2 MOVE 5 16 6 16
OWN
00011011000020000
00012211000020000
02222211100020001
00220010100022201
00000010000011000
00011100000011002
00002200022210002
00102222000010200
00102111000210211
00002011000200000
STEP 24 P1 MOVE 5 7 6 7
OWN
00011011000020000
00012211000020000
02222211100020001
00220010100022201
00000010000011000
00011101000011002
00002201022210002
00102222000010200
00102111000210211
00002011000200000
STEP 25 P2 MOVE 8 8 9 8
OWN
00011011000020000
00012211000020000
02222211100020001
00220010100022201
00000010000011000
00011101000011002
00002201022210002
00102222000010200
00102111200210211
00002011200200000
STEP 26 P1 MOVE 4 2 5 2
OWN
00011011000020000
00012211000020000
02222211100020001
00220010100022201
00100010000011000
00111101000011002
00002201022210002
00102222000010200
00102111200210211
00002011200200000
STEP 27 P2 MOVE 7 9 8 9
OWN
00011011000020000
00012211000020000
02222211100020001
00220010100022201
00100010000011000
00111101000011002
00002201022210002
00102222020010200
00102111220210211
00002011200200000
STEP 28 P1 MOVE 1 2 4 3
OWN
00011011000020000
00112211000020000
02112211100020001
00110010100022201
00110010000011000
00111101000011002
00002201022210002
00102222020010200
00102111220210211
00002011200200000
STEP 29 P2 MOVE 3 3 6 4
OWN
00011011000020000
00112211000020000
02112211100020001
00122010100022201
00122010000011000
00122101000011002
00022201022210002
00102222020010200
00102111220210211
00002011200200000
STEP 30 P1 MOVE -1 -1 -1 -1
OWN
00011011000020000
00112211000020000
02112211100020001
00122010100022201
00122010000011000
00122101000011002
00022201022210002
00102222020010200
00102111220210211
00002011200200000
STEP 31 P2 MOVE 7 8 7 10
OWN
00011011000020000
00112211000020000
02112211100020001
00122010100022201
00122010000011000
00122101000011002
00022201022210002
00102222222010200
00102111220210211
00002011200200000
STEP 32 P1 MOVE 6 13 7 13
OWN
00011011000020000
00112211000020000
02112211100020001
00122010100022201
00122010000011000
00122101000011002
00022201022211002
00102222222011200
00102111220210211
00002011200200000
STEP 33 P2 MOVE 2 14 4 14
OWN
00011011000020000
00112211000020000
02112211100020201
00122010100022201
00122010000011200
00122101000011002
00022201022211002
00102222222011200
00102111220210211
00002011200200000
STEP 34 P1 MOVE 2 13 2 15
OWN
00011011000020000
00112211000020000
02112211100021111
00122010100022201
00122010000011200
00122101000011002
00022201022211002
00102222222011200
00102111220210211
00002011200200000
STEP 35 P2 MOVE 1 14 5 14
OWN
00011011000020000
00112211000020200
02112211100021211
00122010100022201
00122010000011200
00122101000011202
00022201022211002
00102222222011200
00102111220210211
00002011200200000
STEP 36 P1 MOVE 1 11 1 15
OWN
00011011000020000
00112211000111110
02112211100021211
00122010100022201
00122010000011200
00122101000011202
00022201022211002
00102222222011200
00102111220210211
00002011200200000
STEP 37 P2 MOVE 5 14 6 15
OWN
00011011000020000
00112211000111110
02112211100021211
00122010100022201
00122010000011200
00122101000011222
00022201022211222
00102222222011200
00102111220210211
00002011200200000
STEP 38 P1 MOVE -1 -1 -1 -1
OWN
00011011000020000
00112211000111110
02112211100021211
00122010100022201
00122010000011200
00122101000011222
00022201022211222
00102222222011200
00102111220210211
00002011200200000
STEP 39 P2 MOVE 1 0 1 1
OWN
00011011000020000
22112211000111110
02112211100021211
00122010100022201
00122010000011200
00122101000011222
00022201022211222
00102222222011200
00102111220210211
00002011200200000
STEP 40 P1 MOVE 0 1 3 1
OWN
01011011000020000
21112211000111110
01112211100021211
01122010100022201
00122010000011200
00122101000011222
00022201022211222
00102222222011200
00102111220210211
00002011200200000
STEP 41 P2 MOVE 7 11 8 13
OWN
01011011000020000
21112211000111110
01112211100021211
01122010100022201
00122010000011200
00122101000011222
00022201022211222
00102222222222200
00102111220222211
00002011200200000
STEP 42 P1 MOVE 5 11 7 15
OWN
01011011000020000
21112211000111110
01112211100021211
01122010100022201
00122010000011200
00122101000111112
00022201022111112
00102222222111110
00102111220222211
00002011200200000
STEP 43 P2 MOVE -1 -1 -1 -1
OWN
01011011000020000
21112211000111110
01112211100021211
01122010100022201
00122010000011200
00122101000111112
00022201022111112
00102222222111110
00102111220222211
00002011200200000
STEP 44 P1 MOVE -1 -1 -1 -1
OWN
01011011000020000
21112211000111110
01112211100021211
01122010100022201
00122010000011200
00122101000111112
00022201022111112
00102222222111110
00102111220222211
00002011200200000
RESULT first=61 second=42 winner=1
ANALYSIS winner=P1 score=61-42 reason=Ĺ»ĂëżěŔ§(+11Ä­ »©ľŃŔ˝,2ąčČż°ú) steal(w/l)=21/10 neu(w/l)=50/53
