BOARD
43261755135255496
86166146823968115
23988747388885749
36998864688532418
52241383432259351
13796832242554735
59511165495788275
88557264811229139
54932526114752762
26546345717695613
STEP 0 P1 MOVE 5 7 5 10
OWN
00000000000000000
00000000000000000
00000000000000000
00000000000000000
00000000000000000
00000001111000000
00000000000000000
00000000000000000
00000000000000000
00000000000000000
STEP 1 P2 MOVE 0 9 0 11
OWN
00000000022200000
00000000000000000
00000000000000000
00000000000000000
00000000000000000
00000001111000000
00000000000000000
00000000000000000
00000000000000000
00000000000000000
STEP 2 P1 MOVE 2 0 4 0
OWN
00000000022200000
00000000000000000
10000000000000000
10000000000000000
10000000000000000
00000001111000000
00000000000000000
00000000000000000
00000000000000000
00000000000000000
STEP 3 P2 MOVE 9 14 9 16
OWN
00000000022200000
00000000000000000
10000000000000000
10000000000000000
10000000000000000
00000001111000000
00000000000000000
00000000000000000
00000000000000000
00000000000000222
STEP 4 P1 MOVE 2 15 4 15
OWN
00000000022200000
00000000000000000
10000000000000010
10000000000000010
10000000000000010
00000001111000000
00000000000000000
00000000000000000
00000000000000000
00000000000000222
STEP 5 P2 MOVE 7 8 7 10
OWN
00000000022200000
00000000000000000
10000000000000010
10000000000000010
10000000000000010
00000001111000000
00000000000000000
00000000222000000
00000000000000000
00000000000000222
STEP 6 P1 MOVE 6 4 8 4
OWN
00000000022200000
00000000000000000
10000000000000010
10000000000000010
10000000000000010
00000001111000000
00001000000000000
00001000222000000
00001000000000000
00000000000000222
STEP 7 P2 MOVE 8 6 8 9
OWN
00000000022200000
00000000000000000
10000000000000010
10000000000000010
10000000000000010
00000001111000000
00001000000000000
00001000222000000
00001022220000000
00000000000000222
STEP 8 P1 MOVE 1 13 1 15
OWN
00000000022200000
00000000000001110
10000000000000010
10000000000000010
10000000000000010
00000001111000000
00001000000000000
00001000222000000
00001022220000000
00000000000000222
STEP 9 P2 MOVE 3 11 3 13
OWN
00000000022200000
00000000000001110
10000000000000010
10000000000222010
10000000000000010
00000001111000000
00001000000000000
00001000222000000
00001022220000000
00000000000000222
STEP 10 P1 MOVE 6 13 6 14
OWN
00000000022200000
00000000000001110
10000000000000010
10000000000222010
10000000000000010
00000001111000000
00001000000001100
00001000222000000
00001022220000000
00000000000000222
STEP 11 P2 MOVE 4 12 5 12
OWN
00000000022200000
00000000000001110
10000000000000010
10000000000222010
10000000000020010
00000001111020000
00001000000001100
00001000222000000
00001022220000000
00000000000000222
STEP 12 P1 MOVE 6 12 7 12
OWN
00000000022200000
00000000000001110
10000000000000010
10000000000222010
10000000000020010
00000001111020000
00001000000011100
00001000222010000
00001022220000000
00000000000000222
STEP 13 P2 MOVE 7 6 9 6
OWN
00000000022200000
00000000000001110
10000000000000010
10000000000222010
10000000000020010
00000001111020000
00001000000011100
00001020222010000
00001022220000000
00000020000000222
STEP 14 P1 MOVE 5 15 6 15
OWN
00000000022200000
00000000000001110
10000000000000010
10000000000222010
10000000000020010
00000001111020010
00001000000011110
00001020222010000
00001022220000000
00000020000000222
STEP 15 P2 MOVE 6 9 9 9
OWN
00000000022200000
00000000000001110
10000000000000010
10000000000222010
10000000000020010
00000001111020010
00001000020011110
00001020222010000
00001022220000000
00000020020000222
STEP 16 P1 MOVE 4 9 6 10
OWN
00000000022200000
00000000000001110
10000000000000010
10000000000222010
10000000011020010
00000001111020010
00001000011011110
00001020222010000
00001022220000000
00000020020000222
STEP 17 P2 MOVE 3 10 4 11
OWN
00000000022200000
00000000000001110
10000000000000010
10000000002222010
10000000012220010
00000001111020010
00001000011011110
00001020222010000
00001022220000000
00000020020000222
STEP 18 P1 MOVE 9 3 9 4
OWN
00000000022200000
00000000000001110
10000000000000010
10000000002222010
10000000012220010
00000001111020010
00001000011011110
00001020222010000
00001022220000000
00011020020000222
STEP 19 P2 MOVE 1 9 2 9
OWN
00000000022200000
00000000020001110
10000000020000010
10000000002222010
10000000012220010
00000001111020010
00001000011011110
00001020222010000
00001022220000000
00011020020000222
STEP 20 P1 MOVE 2 6 3 6
OWN
00000000022200000
00000000020001110
10000010020000010
10000010002222010
10000000012220010
00000001111020010
00001000011011110
00001020222010000
00001022220000000
00011020020000222
STEP 21 P2 MOVE 0 6 0 7
OWN
00000022022200000
00000000020001110
10000010020000010
10000010002222010
10000000012220010
00000001111020010
00001000011011110
00001020222010000
00001022220000000
00011020020000222
STEP 22 P1 MOVE 5 3 6 3
OWN
00000022022200000
00000000020001110
10000010020000010
10000010002222010
10000000012220010
00010001111020010
00011000011011110
00001020222010000
00001022220000000
00011020020000222
STEP 23 P2 MOVE 7 5 9 5
OWN
00000022022200000
00000000020001110
10000010020000010
10000010002222010
10000000012220010
00010001111020010
00011000011011110
00001220222010000
00001222220000000
00011220020000222
STEP 24 P1 MOVE 1 2 2 2
OWN
00000022022200000
00100000020001110
10100010020000010
10000010002222010
10000000012220010
00010001111020010
00011000011011110
00001220222010000
00001222220000000
00011220020000222
STEP 25 P2 MOVE 1 6 1 7
OWN
00000022022200000
00100022020001110
10100010020000010
10000010002222010
10000000012220010
00010001111020010
00011000011011110
00001220222010000
00001222220000000
00011220020000222
STEP 26 P1 MOVE 5 16 6 16
OWN
00000022022200000
00100022020001110
10100010020000010
10000010002222010
10000000012220010
00010001111020011
00011000011011111
00001220222010000
00001222220000000
00011220020000222
STEP 27 P2 MOVE 8 1 9 1
OWN
00000022022200000
00100022020001110
10100010020000010
10000010002222010
10000000012220010
00010001111020011
00011000011011111
00001220222010000
02001222220000000
02011220020000222
STEP 28 P1 MOVE 2 7 2 8
OWN
00000022022200000
00100022020001110
10100011120000010
10000010002222010
10000000012220010
00010001111020011
00011000011011111
00001220222010000
02001222220000000
02011220020000222
STEP 29 P2 MOVE 3 7 3 8
OWN
00000022022200000
00100022020001110
10100011120000010
10000012202222010
10000000012220010
00010001111020011
00011000011011111
00001220222010000
02001222220000000
02011220020000222
STEP 30 P1 MOVE 5 1 5 2
OWN
00000022022200000
00100022020001110
10100011120000010
10000012202222010
10000000012220010
01110001111020011
00011000011011111
00001220222010000
02001222220000000
02011220020000222
STEP 31 P2 MOVE 4 2 4 5
OWN
00000022022200000
00100022020001110
10100011120000010
10000012202222010
10222200012220010
01110001111020011
00011000011011111
00001220222010000
02001222220000000
02011220020000222
STEP 32 P1 MOVE 7 2 7 3
OWN
00000022022200000
00100022020001110
10100011120000010
10000012202222010
10222200012220010
01110001111020011
00011000011011111
00111220222010000
02001222220000000
02011220020000222
STEP 33 P2 MOVE 6 3 8 6
OWN
00000022022200000
00100022020001110
10100011120000010
10000012202222010
10222200012220010
01110001111020011
00022220011011111
00122220222010000
02022222220000000
02011220020000222
STEP 34 P1 MOVE 9 2 9 7
OWN
00000022022200000
00100022020001110
10100011120000010
10000012202222010
10222200012220010
01110001111020011
00022220011011111
00122220222010000
02022222220000000
02111111020000222
STEP 35 P2 MOVE 6 2 6 7
OWN
00000022022200000
00100022020001110
10100011120000010
10000012202222010
10222200012220010
01110001111020011
00222222011011111
00122220222010000
02022222220000000
02111111020000222
STEP 36 P1 MOVE 0 12 0 13
OWN
00000022022211000
00100022020001110
10100011120000010
10000012202222010
10222200012220010
01110001111020011
00222222011011111
00122220222010000
02022222220000000
02111111020000222
STEP 37 P2 MOVE -1 -1 -1 -1
OWN
00000022022211000
00100022020001110
10100011120000010
10000012202222010
10222200012220010
01110001111020011
00222222011011111
00122220222010000
02022222220000000
02111111020000222
STEP 38 P1 MOVE 4 14 5 14
OWN
00000022022211000
00100022020001110
10100011120000010
10000012202222010
10222200012220110
01110001111020111
00222222011011111
00122220222010000
02022222220000000
02111111020000222
STEP 39 P2 MOVE 4 13 4 16
OWN
00000022022211000
00100022020001110
10100011120000010
10000012202222010
10222200012222222
01110001111020111
00222222011011111
00122220222010000
02022222220000000
02111111020000222
STEP 40 P1 MOVE 0 12 1 14
OWN
00000022022211100
00100022020011110
10100011120000010
10000012202222010
10222200012222222
01110001111020111
00222222011011111
00122220222010000
02022222220000000
02111111020000222
STEP 41 P2 MOVE 0 8 0 15
OWN
00000022222222220
00100022020011110
10100011120000010
10000012202222010
10222200012222222
01110001111020111
00222222011011111
00122220222010000
02022222220000000
02111111020000222
STEP 42 P1 MOVE 7 13 7 14
OWN
00000022222222220
00100022020011110
10100011120000010
10000012202222010
10222200012222222
01110001111020111
00222222011011111
00122220222011100
02022222220000000
02111111020000222
STEP 43 P2 MOVE -1 -1 -1 -1
OWN
00000022222222220
00100022020011110
10100011120000010
10000012202222010
10222200012222222
01110001111020111
00222222011011111
00122220222011100
02022222220000000
02111111020000222
STEP 44 P1 MOVE 4 1 4 6
OWN
00000022222222220
00100022020011110
10100011120000010
10000012202222010
11111110012222222
01110001111020111
00222222011011111
00122220222011100
02022222220000000
02111111020000222
STEP 45 P2 MOVE 2 0 5 1
OWN
00000022222222220
00100022020011110
22100011120000010
22000012202222010
22111110012222222
22110001111020111
00222222011011111
00122220222011100
02022222220000000
02111111020000222
STEP 46 P1 MOVE 4 6 7 7
OWN
00000022222222220
00100022020011110
22100011120000010
22000012202222010
22111111012222222
22110011111020111
00222211011011111
00122211222011100
02022222220000000
02111111020000222
STEP 47 P2 MOVE 7 1 7 11
OWN
00000022222222220
00100022020011110
22100011120000010
22000012202222010
22111111012222222
22110011111020111
00222211011011111
02222222222211100
02022222220000000
02111111020000222
STEP 48 P1 MOVE 6 11 7 15
OWN
00000022222222220
00100022020011110
22100011120000010
22000012202222010
22111111012222222
22110011111020111
00222211011111111
02222222222111110
02022222220000000
02111111020000222
STEP 49 P2 MOVE -1 -1 -1 -1
OWN
00000022222222220
00100022020011110
22100011120000010
22000012202222010
22111111012222222
22110011111020111
00222211011111111
02222222222111110
02022222220000000
02111111020000222
STEP 50 P1 MOVE -1 -1 -1 -1
OWN
00000022222222220
00100022020011110
22100011120000010
22000012202222010
22111111012222222
22110011111020111
00222211011111111
02222222222111110
02022222220000000
02111111020000222
RESULT first=50 second=63 winner=2
ANALYSIS winner=P2 score=50-63 reason=Ĺ»ĂëżěŔ§(+8Ä­ »©ľŃŔ˝,2ąčČż°ú) steal(w/l)=19/11 neu(w/l)=55/58
