BOARD
62942339473313693
53389587755371961
98616372989942551
41488536332327897
46465569633647419
14863643912712516
59241597947898968
76496996753712361
25826188229477197
17766497641173742
STEP 0 P1 MOVE 0 10 0 13
OWN
00000000001111000
00000000000000000
00000000000000000
00000000000000000
00000000000000000
00000000000000000
00000000000000000
00000000000000000
00000000000000000
00000000000000000
STEP 1 P2 MOVE 6 3 6 5
OWN
00000000001111000
00000000000000000
00000000000000000
00000000000000000
00000000000000000
00000000000000000
00022200000000000
00000000000000000
00000000000000000
00000000000000000
STEP 2 P1 MOVE 7 16 9 16
OWN
00000000001111000
00000000000000000
00000000000000000
00000000000000000
00000000000000000
00000000000000000
00022200000000000
00000000000000001
00000000000000001
00000000000000001
STEP 3 P2 MOVE 4 0 6 0
OWN
00000000001111000
00000000000000000
00000000000000000
00000000000000000
20000000000000000
20000000000000000
20022200000000000
00000000000000001
00000000000000001
00000000000000001
STEP 4 P1 MOVE 5 11 5 13
OWN
00000000001111000
00000000000000000
00000000000000000
00000000000000000
20000000000000000
20000000000111000
20022200000000000
00000000000000001
00000000000000001
00000000000000001
STEP 5 P2 MOVE 7 0 9 0
OWN
00000000001111000
00000000000000000
00000000000000000
00000000000000000
20000000000000000
20000000000111000
20022200000000000
20000000000000001
20000000000000001
20000000000000001
STEP 6 P1 MOVE 7 11 7 13
OWN
00000000001111000
00000000000000000
00000000000000000
00000000000000000
20000000000000000
20000000000111000
20022200000000000
20000000000111001
20000000000000001
20000000000000001
STEP 7 P2 MOVE 4 1 4 2
OWN
00000000001111000
00000000000000000
00000000000000000
00000000000000000
22200000000000000
20000000000111000
20022200000000000
20000000000111001
20000000000000001
20000000000000001
STEP 8 P1 MOVE 5 5 5 6
OWN
00000000001111000
00000000000000000
00000000000000000
00000000000000000
22200000000000000
20000110000111000
20022200000000000
20000000000111001
20000000000000001
20000000000000001
STEP 9 P2 MOVE 2 14 2 15
OWN
00000000001111000
00000000000000000
00000000000000220
00000000000000000
22200000000000000
20000110000111000
20022200000000000
20000000000111001
20000000000000001
20000000000000001
STEP 10 P1 MOVE 3 5 4 5
OWN
00000000001111000
00000000000000000
00000000000000220
00000100000000000
22200100000000000
20000110000111000
20022200000000000
20000000000111001
20000000000000001
20000000000000001
STEP 11 P2 MOVE 2 3 2 5
OWN
00000000001111000
00000000000000000
00022200000000220
00000100000000000
22200100000000000
20000110000111000
20022200000000000
20000000000111001
20000000000000001
20000000000000001
STEP 12 P1 MOVE 2 12 4 12
OWN
00000000001111000
00000000000000000
00022200000010220
00000100000010000
22200100000010000
20000110000111000
20022200000000000
20000000000111001
20000000000000001
20000000000000001
STEP 13 P2 MOVE 6 10 7 10
OWN
00000000001111000
00000000000000000
00022200000010220
00000100000010000
22200100000010000
20000110000111000
20022200002000000
20000000002111001
20000000000000001
20000000000000001
STEP 14 P1 MOVE 1 11 1 12
OWN
00000000001111000
00000000000110000
00022200000010220
00000100000010000
22200100000010000
20000110000111000
20022200002000000
20000000002111001
20000000000000001
20000000000000001
STEP 15 P2 MOVE 5 10 6 11
OWN
00000000001111000
00000000000110000
00022200000010220
00000100000010000
22200100000010000
20000110002211000
20022200002200000
20000000002111001
20000000000000001
20000000000000001
STEP 16 P1 MOVE 4 11 8 11
OWN
00000000001111000
00000000000110000
00022200000010220
00000100000010000
22200100000110000
20000110002111000
20022200002100000
20000000002111001
20000000000100001
20000000000000001
STEP 17 P2 MOVE 4 10 4 13
OWN
00000000001111000
00000000000110000
00022200000010220
00000100000010000
22200100002222000
20000110002111000
20022200002100000
20000000002111001
20000000000100001
20000000000000001
STEP 18 P1 MOVE 9 13 9 14
OWN
00000000001111000
00000000000110000
00022200000010220
00000100000010000
22200100002222000
20000110002111000
20022200002100000
20000000002111001
20000000000100001
20000000000001101
STEP 19 P2 MOVE 1 9 1 10
OWN
00000000001111000
00000000022110000
00022200000010220
00000100000010000
22200100002222000
20000110002111000
20022200002100000
20000000002111001
20000000000100001
20000000000001101
STEP 20 P1 MOVE 5 8 5 9
OWN
00000000001111000
00000000022110000
00022200000010220
00000100000010000
22200100002222000
20000110112111000
20022200002100000
20000000002111001
20000000000100001
20000000000001101
STEP 21 P2 MOVE 5 7 6 7
OWN
00000000001111000
00000000022110000
00022200000010220
00000100000010000
22200100002222000
20000112112111000
20022202002100000
20000000002111001
20000000000100001
20000000000001101
STEP 22 P1 MOVE 8 10 9 10
OWN
00000000001111000
00000000022110000
00022200000010220
00000100000010000
22200100002222000
20000112112111000
20022202002100000
20000000002111001
20000000001100001
20000000001001101
STEP 23 P2 MOVE 7 5 8 5
OWN
00000000001111000
00000000022110000
00022200000010220
00000100000010000
22200100002222000
20000112112111000
20022202002100000
20000200002111001
20000200001100001
20000000001001101
STEP 24 P1 MOVE 9 8 9 9
OWN
00000000001111000
00000000022110000
00022200000010220
00000100000010000
22200100002222000
20000112112111000
20022202002100000
20000200002111001
20000200001100001
20000000111001101
STEP 25 P2 MOVE 8 2 8 3
OWN
00000000001111000
00000000022110000
00022200000010220
00000100000010000
22200100002222000
20000112112111000
20022202002100000
20000200002111001
20220200001100001
20000000111001101
STEP 26 P1 MOVE 2 6 3 6
OWN
00000000001111000
00000000022110000
00022210000010220
00000110000010000
22200100002222000
20000112112111000
20022202002100000
20000200002111001
20220200001100001
20000000111001101
STEP 27 P2 MOVE 3 9 6 9
OWN
00000000001111000
00000000022110000
00022210000010220
00000110020010000
22200100022222000
20000112122111000
20022202022100000
20000200002111001
20220200001100001
20000000111001101
STEP 28 P1 MOVE 3 9 7 11
OWN
00000000001111000
00000000022110000
00022210000010220
00000110011110000
22200100011122000
20000112111111000
20022202011100000
20000200011111001
20220200001100001
20000000111001101
STEP 29 P2 MOVE 2 11 9 11
OWN
00000000001111000
00000000022110000
00022210000210220
00000110011210000
22200100011222000
20000112111211000
20022202011200000
20000200011211001
20220200001200001
20000000111201101
STEP 30 P1 MOVE 7 8 7 14
OWN
00000000001111000
00000000022110000
00022210000210220
00000110011210000
22200100011222000
20000112111211000
20022202011200000
20000200111111101
20220200001200001
20000000111201101
STEP 31 P2 MOVE 2 9 8 9
OWN
00000000001111000
00000000022110000
00022210020210220
00000110021210000
22200100021222000
20000112121211000
20022202021200000
20000200121111101
20220200021200001
20000000111201101
STEP 32 P1 MOVE 3 8 3 13
OWN
00000000001111000
00000000022110000
00022210020210220
00000110111111000
22200100021222000
20000112121211000
20022202021200000
20000200121111101
20220200021200001
20000000111201101
STEP 33 P2 MOVE 6 14 8 14
OWN
00000000001111000
00000000022110000
00022210020210220
00000110111111000
22200100021222000
20000112121211000
20022202021200200
20000200121111201
20220200021200201
20000000111201101
STEP 34 P1 MOVE 8 7 8 8
OWN
00000000001111000
00000000022110000
00022210020210220
00000110111111000
22200100021222000
20000112121211000
20022202021200200
20000200121111201
20220201121200201
20000000111201101
STEP 35 P2 MOVE 2 13 6 13
OWN
00000000001111000
00000000022110000
00022210020212220
00000110111112000
22200100021222000
20000112121212000
20022202021202200
20000200121111201
20220201121200201
20000000111201101
STEP 36 P1 MOVE 1 12 6 13
OWN
00000000001111000
00000000022111000
00022210020211220
00000110111111000
22200100021211000
20000112121211000
20022202021211200
20000200121111201
20220201121200201
20000000111201101
STEP 37 P2 MOVE 2 10 2 16
OWN
00000000001111000
00000000022111000
00022210022222222
00000110111111000
22200100021211000
20000112121211000
20022202021211200
20000200121111201
20220201121200201
20000000111201101
STEP 38 P1 MOVE 2 2 3 2
OWN
00000000001111000
00000000022111000
00122210022222222
00100110111111000
22200100021211000
20000112121211000
20022202021211200
20000200121111201
20220201121200201
20000000111201101
STEP 39 P2 MOVE 2 1 2 7
OWN
00000000001111000
00000000022111000
02222222022222222
00100110111111000
22200100021211000
20000112121211000
20022202021211200
20000200121111201
20220201121200201
20000000111201101
STEP 40 P1 MOVE 0 1 5 1
OWN
01000000001111000
01000000022111000
01222222022222222
01100110111111000
21200100021211000
21000112121211000
20022202021211200
20000200121111201
20220201121200201
20000000111201101
STEP 41 P2 MOVE 4 8 4 14
OWN
01000000001111000
01000000022111000
01222222022222222
01100110111111000
21200100222222200
21000112121211000
20022202021211200
20000200121111201
20220201121200201
20000000111201101
STEP 42 P1 MOVE 4 7 4 15
OWN
01000000001111000
01000000022111000
01222222022222222
01100110111111000
21200101111111110
21000112121211000
20022202021211200
20000200121111201
20220201121200201
20000000111201101
STEP 43 P2 MOVE 3 15 5 15
OWN
01000000001111000
01000000022111000
01222222022222222
01100110111111020
21200101111111120
21000112121211020
20022202021211200
20000200121111201
20220201121200201
20000000111201101
STEP 44 P1 MOVE 9 4 9 5
OWN
01000000001111000
01000000022111000
01222222022222222
01100110111111020
21200101111111120
21000112121211020
20022202021211200
20000200121111201
20220201121200201
20001100111201101
STEP 45 P2 MOVE 5 2 6 2
OWN
01000000001111000
01000000022111000
01222222022222222
01100110111111020
21200101111111120
21200112121211020
20222202021211200
20000200121111201
20220201121200201
20001100111201101
STEP 46 P1 MOVE -1 -1 -1 -1
OWN
01000000001111000
01000000022111000
01222222022222222
01100110111111020
21200101111111120
21200112121211020
20222202021211200
20000200121111201
20220201121200201
20001100111201101
STEP 47 P2 MOVE -1 -1 -1 -1
OWN
01000000001111000
01000000022111000
01222222022222222
01100110111111020
21200101111111120
21200112121211020
20222202021211200
20000200121111201
20220201121200201
20001100111201101
RESULT first=58 second=48 winner=1
ANALYSIS winner=P1 score=58-48 reason=Ĺ»ĂëżěŔ§(+3Ä­ »©ľŃŔ˝,2ąčČż°ú) / şóÄ­Ľ±Áˇ(+4) steal(w/l)=29/26 neu(w/l)=55/51
