BOARD
35979876599441479
73598584785772971
34185552359537227
66795349335187386
68374713674692419
56391251215334238
27878977436449952
68356713948251932
34817953171686736
58946183174983673
STEP 0 P1 MOVE 4 14 5 15
OWN
00000000000000000
00000000000000000
00000000000000000
00000000000000000
00000000000000110
00000000000000110
00000000000000000
00000000000000000
00000000000000000
00000000000000000
STEP 1 P2 MOVE 3 11 5 11
OWN
00000000000000000
00000000000000000
00000000000000000
00000000000200000
00000000000200110
00000000000200110
00000000000000000
00000000000000000
00000000000000000
00000000000000000
STEP 2 P1 MOVE 5 8 6 9
OWN
00000000000000000
00000000000000000
00000000000000000
00000000000200000
00000000000200110
00000000110200110
00000000110000000
00000000000000000
00000000000000000
00000000000000000
STEP 3 P2 MOVE 4 7 5 8
OWN
00000000000000000
00000000000000000
00000000000000000
00000000000200000
00000002200200110
00000002210200110
00000000110000000
00000000000000000
00000000000000000
00000000000000000
STEP 4 P1 MOVE 3 4 5 4
OWN
00000000000000000
00000000000000000
00000000000000000
00001000000200000
00001002200200110
00001002210200110
00000000110000000
00000000000000000
00000000000000000
00000000000000000
STEP 5 P2 MOVE 7 13 9 13
OWN
00000000000000000
00000000000000000
00000000000000000
00001000000200000
00001002200200110
00001002210200110
00000000110000000
00000000000002000
00000000000002000
00000000000002000
STEP 6 P1 MOVE 1 8 2 8
OWN
00000000000000000
00000000100000000
00000000100000000
00001000000200000
00001002200200110
00001002210200110
00000000110000000
00000000000002000
00000000000002000
00000000000002000
STEP 7 P2 MOVE 6 16 8 16
OWN
00000000000000000
00000000100000000
00000000100000000
00001000000200000
00001002200200110
00001002210200110
00000000110000002
00000000000002002
00000000000002002
00000000000002000
STEP 8 P1 MOVE 7 3 9 3
OWN
00000000000000000
00000000100000000
00000000100000000
00001000000200000
00001002200200110
00001002210200110
00000000110000002
00010000000002002
00010000000002002
00010000000002000
STEP 9 P2 MOVE 2 5 2 6
OWN
00000000000000000
00000000100000000
00000220100000000
00001000000200000
00001002200200110
00001002210200110
00000000110000002
00010000000002002
00010000000002002
00010000000002000
STEP 10 P1 MOVE 1 0 2 0
OWN
00000000000000000
10000000100000000
10000220100000000
00001000000200000
00001002200200110
00001002210200110
00000000110000002
00010000000002002
00010000000002002
00010000000002000
STEP 11 P2 MOVE 8 15 9 15
OWN
00000000000000000
10000000100000000
10000220100000000
00001000000200000
00001002200200110
00001002210200110
00000000110000002
00010000000002002
00010000000002022
00010000000002020
STEP 12 P1 MOVE 5 6 5 10
OWN
00000000000000000
10000000100000000
10000220100000000
00001000000200000
00001002200200110
00001011111200110
00000000110000002
00010000000002002
00010000000002022
00010000000002020
STEP 13 P2 MOVE 4 5 5 6
OWN
00000000000000000
10000000100000000
10000220100000000
00001000000200000
00001222200200110
00001221111200110
00000000110000002
00010000000002002
00010000000002022
00010000000002020
STEP 14 P1 MOVE 6 10 6 11
OWN
00000000000000000
10000000100000000
10000220100000000
00001000000200000
00001222200200110
00001221111200110
00000000111100002
00010000000002002
00010000000002022
00010000000002020
STEP 15 P2 MOVE 6 7 7 7
OWN
00000000000000000
10000000100000000
10000220100000000
00001000000200000
00001222200200110
00001221111200110
00000002111100002
00010002000002002
00010000000002022
00010000000002020
STEP 16 P1 MOVE 2 15 3 15
OWN
00000000000000000
10000000100000000
10000220100000010
00001000000200010
00001222200200110
00001221111200110
00000002111100002
00010002000002002
00010000000002022
00010000000002020
STEP 17 P2 MOVE 0 16 1 16
OWN
00000000000000002
10000000100000002
10000220100000010
00001000000200010
00001222200200110
00001221111200110
00000002111100002
00010002000002002
00010000000002022
00010000000002020
STEP 18 P1 MOVE 2 1 3 1
OWN
00000000000000002
10000000100000002
11000220100000010
01001000000200010
00001222200200110
00001221111200110
00000002111100002
00010002000002002
00010000000002022
00010000000002020
STEP 19 P2 MOVE 1 12 2 12
OWN
00000000000000002
10000000100020002
11000220100020010
01001000000200010
00001222200200110
00001221111200110
00000002111100002
00010002000002002
00010000000002022
00010000000002020
STEP 20 P1 MOVE 0 13 2 13
OWN
00000000000001002
10000000100021002
11000220100021010
01001000000200010
00001222200200110
00001221111200110
00000002111100002
00010002000002002
00010000000002022
00010000000002020
STEP 21 P2 MOVE 0 7 1 7
OWN
00000002000001002
10000002100021002
11000220100021010
01001000000200010
00001222200200110
00001221111200110
00000002111100002
00010002000002002
00010000000002022
00010000000002020
STEP 22 P1 MOVE 3 2 4 2
OWN
00000002000001002
10000002100021002
11000220100021010
01101000000200010
00101222200200110
00001221111200110
00000002111100002
00010002000002002
00010000000002022
00010000000002020
STEP 23 P2 MOVE 8 5 9 5
OWN
00000002000001002
10000002100021002
11000220100021010
01101000000200010
00101222200200110
00001221111200110
00000002111100002
00010002000002002
00010200000002022
00010200000002020
STEP 24 P1 MOVE 3 9 4 9
OWN
00000002000001002
10000002100021002
11000220100021010
01101000010200010
00101222210200110
00001221111200110
00000002111100002
00010002000002002
00010200000002022
00010200000002020
STEP 25 P2 MOVE 7 8 8 8
OWN
00000002000001002
10000002100021002
11000220100021010
01101000010200010
00101222210200110
00001221111200110
00000002111100002
00010002200002002
00010200200002022
00010200000002020
STEP 26 P1 MOVE -1 -1 -1 -1
OWN
00000002000001002
10000002100021002
11000220100021010
01101000010200010
00101222210200110
00001221111200110
00000002111100002
00010002200002002
00010200200002022
00010200000002020
STEP 27 P2 MOVE 3 13 3 14
OWN
00000002000001002
10000002100021002
11000220100021010
01101000010202210
00101222210200110
00001221111200110
00000002111100002
00010002200002002
00010200200002022
00010200000002020
STEP 28 P1 MOVE 2 12 3 14
OWN
00000002000001002
10000002100021002
11000220100011110
01101000010211110
00101222210200110
00001221111200110
00000002111100002
00010002200002002
00010200200002022
00010200000002020
STEP 29 P2 MOVE 7 10 7 11
OWN
00000002000001002
10000002100021002
11000220100011110
01101000010211110
00101222210200110
00001221111200110
00000002111100002
00010002202202002
00010200200002022
00010200000002020
STEP 30 P1 MOVE 3 10 8 10
OWN
00000002000001002
10000002100021002
11000220100011110
01101000011211110
00101222211200110
00001221111200110
00000002111100002
00010002201202002
00010200201002022
00010200000002020
STEP 31 P2 MOVE -1 -1 -1 -1
OWN
00000002000001002
10000002100021002
11000220100011110
01101000011211110
00101222211200110
00001221111200110
00000002111100002
00010002201202002
00010200201002022
00010200000002020
STEP 32 P1 MOVE -1 -1 -1 -1
OWN
00000002000001002
10000002100021002
11000220100011110
01101000011211110
00101222211200110
00001221111200110
00000002111100002
00010002201202002
00010200201002022
00010200000002020
RESULT first=42 second=31 winner=1
ANALYSIS winner=P1 score=42-31 reason=Ĺ»ĂëżěŔ§(+4Ä­ »©ľŃŔ˝,2ąčČż°ú) / şóÄ­Ľ±Áˇ(+3) steal(w/l)=6/2 neu(w/l)=38/35
