BOARD
91585586599291861
59652334452267332
62173168724931879
18135544311332531
77245329469755879
18286991567414316
63185421487346135
52586121589758477
23147272143541296
27587281891826736
STEP 0 P1 MOVE 1 2 4 2
OWN
00000000000000000
00100000000000000
00100000000000000
00100000000000000
00100000000000000
00000000000000000
00000000000000000
00000000000000000
00000000000000000
00000000000000000
STEP 1 P2 MOVE 7 4 7 7
OWN
00000000000000000
00100000000000000
00100000000000000
00100000000000000
00100000000000000
00000000000000000
00000000000000000
00002222000000000
00000000000000000
00000000000000000
STEP 2 P1 MOVE 3 9 3 13
OWN
00000000000000000
00100000000000000
00100000000000000
00100000011111000
00100000000000000
00000000000000000
00000000000000000
00002222000000000
00000000000000000
00000000000000000
STEP 3 P2 MOVE 2 13 5 13
OWN
00000000000000000
00100000000000000
00100000000002000
00100000011112000
00100000000002000
00000000000002000
00000000000000000
00002222000000000
00000000000000000
00000000000000000
STEP 4 P1 MOVE 8 0 8 3
OWN
00000000000000000
00100000000000000
00100000000002000
00100000011112000
00100000000002000
00000000000002000
00000000000000000
00002222000000000
11110000000000000
00000000000000000
STEP 5 P2 MOVE 6 8 8 8
OWN
00000000000000000
00100000000000000
00100000000002000
00100000011112000
00100000000002000
00000000000002000
00000000200000000
00002222200000000
11110000200000000
00000000000000000
STEP 6 P1 MOVE 1 10 1 12
OWN
00000000000000000
00100000001110000
00100000000002000
00100000011112000
00100000000002000
00000000000002000
00000000200000000
00002222200000000
11110000200000000
00000000000000000
STEP 7 P2 MOVE 6 13 6 15
OWN
00000000000000000
00100000001110000
00100000000002000
00100000011112000
00100000000002000
00000000000002000
00000000200002220
00002222200000000
11110000200000000
00000000000000000
STEP 8 P1 MOVE 4 4 4 6
OWN
00000000000000000
00100000001110000
00100000000002000
00100000011112000
00101110000002000
00000000000002000
00000000200002220
00002222200000000
11110000200000000
00000000000000000
STEP 9 P2 MOVE 3 16 4 16
OWN
00000000000000000
00100000001110000
00100000000002000
00100000011112002
00101110000002002
00000000000002000
00000000200002220
00002222200000000
11110000200000000
00000000000000000
STEP 10 P1 MOVE 6 0 6 2
OWN
00000000000000000
00100000001110000
00100000000002000
00100000011112002
00101110000002002
00000000000002000
11100000200002220
00002222200000000
11110000200000000
00000000000000000
STEP 11 P2 MOVE 5 1 7 1
OWN
00000000000000000
00100000001110000
00100000000002000
00100000011112002
00101110000002002
02000000000002000
12100000200002220
02002222200000000
11110000200000000
00000000000000000
STEP 12 P1 MOVE 7 2 9 2
OWN
00000000000000000
00100000001110000
00100000000002000
00100000011112002
00101110000002002
02000000000002000
12100000200002220
02102222200000000
11110000200000000
00100000000000000
STEP 13 P2 MOVE 0 0 0 1
OWN
22000000000000000
00100000001110000
00100000000002000
00100000011112002
00101110000002002
02000000000002000
12100000200002220
02102222200000000
11110000200000000
00100000000000000
STEP 14 P1 MOVE 0 4 0 5
OWN
22001100000000000
00100000001110000
00100000000002000
00100000011112002
00101110000002002
02000000000002000
12100000200002220
02102222200000000
11110000200000000
00100000000000000
STEP 15 P2 MOVE 2 4 2 6
OWN
22001100000000000
00100000001110000
00102220000002000
00100000011112002
00101110000002002
02000000000002000
12100000200002220
02102222200000000
11110000200000000
00100000000000000
STEP 16 P1 MOVE 9 14 9 15
OWN
22001100000000000
00100000001110000
00102220000002000
00100000011112002
00101110000002002
02000000000002000
12100000200002220
02102222200000000
11110000200000000
00100000000000110
STEP 17 P2 MOVE 9 9 9 10
OWN
22001100000000000
00100000001110000
00102220000002000
00100000011112002
00101110000002002
02000000000002000
12100000200002220
02102222200000000
11110000200000000
00100000022000110
STEP 18 P1 MOVE 3 15 4 15
OWN
22001100000000000
00100000001110000
00102220000002000
00100000011112012
00101110000002012
02000000000002000
12100000200002220
02102222200000000
11110000200000000
00100000022000110
STEP 19 P2 MOVE 4 8 4 9
OWN
22001100000000000
00100000001110000
00102220000002000
00100000011112012
00101110220002012
02000000000002000
12100000200002220
02102222200000000
11110000200000000
00100000022000110
STEP 20 P1 MOVE 4 7 5 7
OWN
22001100000000000
00100000001110000
00102220000002000
00100000011112012
00101111220002012
02000001000002000
12100000200002220
02102222200000000
11110000200000000
00100000022000110
STEP 21 P2 MOVE 1 15 2 15
OWN
22001100000000000
00100000001110020
00102220000002020
00100000011112012
00101111220002012
02000001000002000
12100000200002220
02102222200000000
11110000200000000
00100000022000110
STEP 22 P1 MOVE 9 5 9 6
OWN
22001100000000000
00100000001110020
00102220000002020
00100000011112012
00101111220002012
02000001000002000
12100000200002220
02102222200000000
11110000200000000
00100110022000110
STEP 23 P2 MOVE 9 11 9 12
OWN
22001100000000000
00100000001110020
00102220000002020
00100000011112012
00101111220002012
02000001000002000
12100000200002220
02102222200000000
11110000200000000
00100110022220110
STEP 24 P1 MOVE 8 11 8 13
OWN
22001100000000000
00100000001110020
00102220000002020
00100000011112012
00101111220002012
02000001000002000
12100000200002220
02102222200000000
11110000200111000
00100110022220110
STEP 25 P2 MOVE 2 8 3 8
OWN
22001100000000000
00100000001110020
00102220200002020
00100000211112012
00101111220002012
02000001000002000
12100000200002220
02102222200000000
11110000200111000
00100110022220110
STEP 26 P1 MOVE 2 7 2 9
OWN
22001100000000000
00100000001110020
00102221110002020
00100000211112012
00101111220002012
02000001000002000
12100000200002220
02102222200000000
11110000200111000
00100110022220110
STEP 27 P2 MOVE 3 4 3 5
OWN
22001100000000000
00100000001110020
00102221110002020
00102200211112012
00101111220002012
02000001000002000
12100000200002220
02102222200000000
11110000200111000
00100110022220110
STEP 28 P1 MOVE 6 11 7 11
OWN
22001100000000000
00100000001110020
00102221110002020
00102200211112012
00101111220002012
02000001000002000
12100000200102220
02102222200100000
11110000200111000
00100110022220110
STEP 29 P2 MOVE 5 2 5 3
OWN
22001100000000000
00100000001110020
00102221110002020
00102200211112012
00101111220002012
02220001000002000
12100000200102220
02102222200100000
11110000200111000
00100110022220110
STEP 30 P1 MOVE 4 12 6 12
OWN
22001100000000000
00100000001110020
00102221110002020
00102200211112012
00101111220012012
02220001000012000
12100000200112220
02102222200100000
11110000200111000
00100110022220110
STEP 31 P2 MOVE 5 14 5 16
OWN
22001100000000000
00100000001110020
00102221110002020
00102200211112012
00101111220012012
02220001000012222
12100000200112220
02102222200100000
11110000200111000
00100110022220110
STEP 32 P1 MOVE 2 1 3 1
OWN
22001100000000000
00100000001110020
01102221110002020
01102200211112012
00101111220012012
02220001000012222
12100000200112220
02102222200100000
11110000200111000
00100110022220110
STEP 33 P2 MOVE 1 13 1 14
OWN
22001100000000000
00100000001112220
01102221110002020
01102200211112012
00101111220012012
02220001000012222
12100000200112220
02102222200100000
11110000200111000
00100110022220110
STEP 34 P1 MOVE 1 3 1 5
OWN
22001100000000000
00111100001112220
01102221110002020
01102200211112012
00101111220012012
02220001000012222
12100000200112220
02102222200100000
11110000200111000
00100110022220110
STEP 35 P2 MOVE 4 3 5 4
OWN
22001100000000000
00111100001112220
01102221110002020
01102200211112012
00122111220012012
02222001000012222
12100000200112220
02102222200100000
11110000200111000
00100110022220110
STEP 36 P1 MOVE 5 0 5 5
OWN
22001100000000000
00111100001112220
01102221110002020
01102200211112012
00122111220012012
11111101000012222
12100000200112220
02102222200100000
11110000200111000
00100110022220110
STEP 37 P2 MOVE 3 1 4 3
OWN
22001100000000000
00111100001112220
01102221110002020
02222200211112012
02222111220012012
11111101000012222
12100000200112220
02102222200100000
11110000200111000
00100110022220110
STEP 38 P1 MOVE 0 7 1 7
OWN
22001101000000000
00111101001112220
01102221110002020
02222200211112012
02222111220012012
11111101000012222
12100000200112220
02102222200100000
11110000200111000
00100110022220110
STEP 39 P2 MOVE 3 7 6 8
OWN
22001101000000000
00111101001112220
01102221110002020
02222202211112012
02222112220012012
11111102200012222
12100002200112220
02102222200100000
11110000200111000
00100110022220110
STEP 40 P1 MOVE 3 0 3 14
OWN
22001101000000000
00111101001112220
01102221110002020
11111111111111112
02222112220012012
11111102200012222
12100002200112220
02102222200100000
11110000200111000
00100110022220110
STEP 41 P2 MOVE 1 3 2 6
OWN
22001101000000000
00122221001112220
01122221110002020
11111111111111112
02222112220012012
11111102200012222
12100002200112220
02102222200100000
11110000200111000
00100110022220110
STEP 42 P1 MOVE 2 0 2 10
OWN
22001101000000000
00122221001112220
11111111111002020
11111111111111112
02222112220012012
11111102200012222
12100002200112220
02102222200100000
11110000200111000
00100110022220110
STEP 43 P2 MOVE 0 12 0 13
OWN
22001101000022000
00122221001112220
11111111111002020
11111111111111112
02222112220012012
11111102200012222
12100002200112220
02102222200100000
11110000200111000
00100110022220110
STEP 44 P1 MOVE 0 11 0 14
OWN
22001101000111100
00122221001112220
11111111111002020
11111111111111112
02222112220012012
11111102200012222
12100002200112220
02102222200100000
11110000200111000
00100110022220110
STEP 45 P2 MOVE 6 6 6 9
OWN
22001101000111100
00122221001112220
11111111111002020
11111111111111112
02222112220012012
11111102200012222
12100022220112220
02102222200100000
11110000200111000
00100110022220110
STEP 46 P1 MOVE -1 -1 -1 -1
OWN
22001101000111100
00122221001112220
11111111111002020
11111111111111112
02222112220012012
11111102200012222
12100022220112220
02102222200100000
11110000200111000
00100110022220110
STEP 47 P2 MOVE -1 -1 -1 -1
OWN
22001101000111100
00122221001112220
11111111111002020
11111111111111112
02222112220012012
11111102200012222
12100022220112220
02102222200100000
11110000200111000
00100110022220110
RESULT first=68 second=46 winner=1
ANALYSIS winner=P1 score=68-46 reason=Ĺ»ĂëżěŔ§(+8Ä­ »©ľŃŔ˝,2ąčČż°ú) / şóÄ­Ľ±Áˇ(+6) steal(w/l)=19/11 neu(w/l)=60/54
