BOARD
29894297812572842
34888514637763488
82975345376551667
37425697322984616
11342947839136849
51489272439572122
99323996513113558
78843838346228194
58266359115429116
76423244868249241
STEP 0 P1 MOVE 7 11 8 12
OWN
00000000000000000
00000000000000000
00000000000000000
00000000000000000
00000000000000000
00000000000000000
00000000000000000
00000000000110000
00000000000110000
00000000000000000
STEP 1 P2 MOVE 1 5 1 7
OWN
00000000000000000
00000222000000000
00000000000000000
00000000000000000
00000000000000000
00000000000000000
00000000000000000
00000000000110000
00000000000110000
00000000000000000
STEP 2 P1 MOVE 9 5 9 7
OWN
00000000000000000
00000222000000000
00000000000000000
00000000000000000
00000000000000000
00000000000000000
00000000000000000
00000000000110000
00000000000110000
00000111000000000
STEP 3 P2 MOVE 0 13 3 13
OWN
00000000000002000
00000222000002000
00000000000002000
00000000000002000
00000000000000000
00000000000000000
00000000000000000
00000000000110000
00000000000110000
00000111000000000
STEP 4 P1 MOVE 4 11 4 13
OWN
00000000000002000
00000222000002000
00000000000002000
00000000000002000
00000000000111000
00000000000000000
00000000000000000
00000000000110000
00000000000110000
00000111000000000
STEP 5 P2 MOVE 1 14 2 14
OWN
00000000000002000
00000222000002200
00000000000002200
00000000000002000
00000000000111000
00000000000000000
00000000000000000
00000000000110000
00000000000110000
00000111000000000
STEP 6 P1 MOVE 4 2 6 2
OWN
00000000000002000
00000222000002200
00000000000002200
00000000000002000
00100000000111000
00100000000000000
00100000000000000
00000000000110000
00000000000110000
00000111000000000
STEP 7 P2 MOVE 8 13 8 14
OWN
00000000000002000
00000222000002200
00000000000002200
00000000000002000
00100000000111000
00100000000000000
00100000000000000
00000000000110000
00000000000112200
00000111000000000
STEP 8 P1 MOVE 2 0 2 1
OWN
00000000000002000
00000222000002200
11000000000002200
00000000000002000
00100000000111000
00100000000000000
00100000000000000
00000000000110000
00000000000112200
00000111000000000
STEP 9 P2 MOVE 7 2 8 2
OWN
00000000000002000
00000222000002200
11000000000002200
00000000000002000
00100000000111000
00100000000000000
00100000000000000
00200000000110000
00200000000112200
00000111000000000
STEP 10 P1 MOVE 7 15 8 15
OWN
00000000000002000
00000222000002200
11000000000002200
00000000000002000
00100000000111000
00100000000000000
00100000000000000
00200000000110010
00200000000112210
00000111000000000
STEP 11 P2 MOVE 5 16 6 16
OWN
00000000000002000
00000222000002200
11000000000002200
00000000000002000
00100000000111000
00100000000000002
00100000000000002
00200000000110010
00200000000112210
00000111000000000
STEP 12 P1 MOVE 2 8 2 9
OWN
00000000000002000
00000222000002200
11000000110002200
00000000000002000
00100000000111000
00100000000000002
00100000000000002
00200000000110010
00200000000112210
00000111000000000
STEP 13 P2 MOVE 0 16 1 16
OWN
00000000000002002
00000222000002202
11000000110002200
00000000000002000
00100000000111000
00100000000000002
00100000000000002
00200000000110010
00200000000112210
00000111000000000
STEP 14 P1 MOVE 8 7 8 8
OWN
00000000000002002
00000222000002202
11000000110002200
00000000000002000
00100000000111000
00100000000000002
00100000000000002
00200000000110010
00200001100112210
00000111000000000
STEP 15 P2 MOVE 3 0 3 1
OWN
00000000000002002
00000222000002202
11000000110002200
22000000000002000
00100000000111000
00100000000000002
00100000000000002
00200000000110010
00200001100112210
00000111000000000
STEP 16 P1 MOVE 7 3 8 3
OWN
00000000000002002
00000222000002202
11000000110002200
22000000000002000
00100000000111000
00100000000000002
00100000000000002
00210000000110010
00210001100112210
00000111000000000
STEP 17 P2 MOVE 2 11 2 12
OWN
00000000000002002
00000222000002202
11000000110222200
22000000000002000
00100000000111000
00100000000000002
00100000000000002
00210000000110010
00210001100112210
00000111000000000
STEP 18 P1 MOVE 3 7 3 8
OWN
00000000000002002
00000222000002202
11000000110222200
22000001100002000
00100000000111000
00100000000000002
00100000000000002
00210000000110010
00210001100112210
00000111000000000
STEP 19 P2 MOVE 2 9 3 10
OWN
00000000000002002
00000222000002202
11000000122222200
22000001122002000
00100000000111000
00100000000000002
00100000000000002
00210000000110010
00210001100112210
00000111000000000
STEP 20 P1 MOVE 1 9 6 9
OWN
00000000000002002
00000222010002202
11000000112222200
22000001112002000
00100000010111000
00100000010000002
00100000010000002
00210000000110010
00210001100112210
00000111000000000
STEP 21 P2 MOVE 6 8 6 12
OWN
00000000000002002
00000222010002202
11000000112222200
22000001112002000
00100000010111000
00100000010000002
00100000222220002
00210000000110010
00210001100112210
00000111000000000
STEP 22 P1 MOVE 0 9 1 10
OWN
00000000011002002
00000222011002202
11000000112222200
22000001112002000
00100000010111000
00100000010000002
00100000222220002
00210000000110010
00210001100112210
00000111000000000
STEP 23 P2 MOVE 5 12 5 14
OWN
00000000011002002
00000222011002202
11000000112222200
22000001112002000
00100000010111000
00100000010022202
00100000222220002
00210000000110010
00210001100112210
00000111000000000
STEP 24 P1 MOVE 7 9 7 10
OWN
00000000011002002
00000222011002202
11000000112222200
22000001112002000
00100000010111000
00100000010022202
00100000222220002
00210000011110010
00210001100112210
00000111000000000
STEP 25 P2 MOVE 9 1 9 2
OWN
00000000011002002
00000222011002202
11000000112222200
22000001112002000
00100000010111000
00100000010022202
00100000222220002
00210000011110010
00210001100112210
02200111000000000
STEP 26 P1 MOVE 5 1 6 1
OWN
00000000011002002
00000222011002202
11000000112222200
22000001112002000
00100000010111000
01100000010022202
01100000222220002
00210000011110010
00210001100112210
02200111000000000
STEP 27 P2 MOVE 5 3 6 3
OWN
00000000011002002
00000222011002202
11000000112222200
22000001112002000
00100000010111000
01120000010022202
01120000222220002
00210000011110010
00210001100112210
02200111000000000
STEP 28 P1 MOVE -1 -1 -1 -1
OWN
00000000011002002
00000222011002202
11000000112222200
22000001112002000
00100000010111000
01120000010022202
01120000222220002
00210000011110010
00210001100112210
02200111000000000
STEP 29 P2 MOVE 2 4 3 4
OWN
00000000011002002
00000222011002202
11002000112222200
22002001112002000
00100000010111000
01120000010022202
01120000222220002
00210000011110010
00210001100112210
02200111000000000
STEP 30 P1 MOVE 1 4 4 4
OWN
00000000011002002
00001222011002202
11001000112222200
22001001112002000
00101000010111000
01120000010022202
01120000222220002
00210000011110010
00210001100112210
02200111000000000
STEP 31 P2 MOVE 2 3 2 5
OWN
00000000011002002
00001222011002202
11022200112222200
22001001112002000
00101000010111000
01120000010022202
01120000222220002
00210000011110010
00210001100112210
02200111000000000
STEP 32 P1 MOVE -1 -1 -1 -1
OWN
00000000011002002
00001222011002202
11022200112222200
22001001112002000
00101000010111000
01120000010022202
01120000222220002
00210000011110010
00210001100112210
02200111000000000
STEP 33 P2 MOVE 3 2 4 3
OWN
00000000011002002
00001222011002202
11022200112222200
22221001112002000
00221000010111000
01120000010022202
01120000222220002
00210000011110010
00210001100112210
02200111000000000
STEP 34 P1 MOVE 1 3 9 3
OWN
00000000011002002
00011222011002202
11012200112222200
22211001112002000
00211000010111000
01110000010022202
01110000222220002
00210000011110010
00210001100112210
02210111000000000
STEP 35 P2 MOVE 4 1 5 4
OWN
00000000011002002
00011222011002202
11012200112222200
22211001112002000
02222000010111000
02222000010022202
01110000222220002
00210000011110010
00210001100112210
02210111000000000
STEP 36 P1 MOVE 0 4 7 4
OWN
00001000011002002
00011222011002202
11011200112222200
22211001112002000
02221000010111000
02221000010022202
01111000222220002
00211000011110010
00210001100112210
02210111000000000
STEP 37 P2 MOVE 2 0 4 2
OWN
00001000011002002
00011222011002202
22211200112222200
22211001112002000
22221000010111000
02221000010022202
01111000222220002
00211000011110010
00210001100112210
02210111000000000
STEP 38 P1 MOVE 0 0 5 0
OWN
10001000011002002
10011222011002202
12211200112222200
12211001112002000
12221000010111000
12221000010022202
01111000222220002
00211000011110010
00210001100112210
02210111000000000
STEP 39 P2 MOVE 9 0 9 4
OWN
10001000011002002
10011222011002202
12211200112222200
12211001112002000
12221000010111000
12221000010022202
01111000222220002
00211000011110010
00210001100112210
22222111000000000
STEP 40 P1 MOVE -1 -1 -1 -1
OWN
10001000011002002
10011222011002202
12211200112222200
12211001112002000
12221000010111000
12221000010022202
01111000222220002
00211000011110010
00210001100112210
22222111000000000
STEP 41 P2 MOVE 9 10 9 11
OWN
10001000011002002
10011222011002202
12211200112222200
12211001112002000
12221000010111000
12221000010022202
01111000222220002
00211000011110010
00210001100112210
22222111002200000
STEP 42 P1 MOVE 9 9 9 12
OWN
10001000011002002
10011222011002202
12211200112222200
12211001112002000
12221000010111000
12221000010022202
01111000222220002
00211000011110010
00210001100112210
22222111011110000
STEP 43 P2 MOVE -1 -1 -1 -1
OWN
10001000011002002
10011222011002202
12211200112222200
12211001112002000
12221000010111000
12221000010022202
01111000222220002
00211000011110010
00210001100112210
22222111011110000
STEP 44 P1 MOVE -1 -1 -1 -1
OWN
10001000011002002
10011222011002202
12211200112222200
12211001112002000
12221000010111000
12221000010022202
01111000222220002
00211000011110010
00210001100112210
22222111011110000
RESULT first=53 second=45 winner=1
ANALYSIS winner=P1 score=53-45 reason=Ĺ»ĂëżěŔ§(+5Ä­ »©ľŃŔ˝,2ąčČż°ú) steal(w/l)=17/12 neu(w/l)=48/50
