BOARD
69483847733137883
54948329233281318
96167237257467534
58328751993333161
58113635725545181
48412938162584187
48741227147913479
45769867861515435
59493647938686642
66262446575475878
STEP 0 P1 MOVE 1 5 2 6
OWN
00000000000000000
00000110000000000
00000110000000000
00000000000000000
00000000000000000
00000000000000000
00000000000000000
00000000000000000
00000000000000000
00000000000000000
STEP 1 P2 MOVE 0 9 0 12
OWN
00000000022220000
00000110000000000
00000110000000000
00000000000000000
00000000000000000
00000000000000000
00000000000000000
00000000000000000
00000000000000000
00000000000000000
STEP 2 P1 MOVE 4 14 7 14
OWN
00000000022220000
00000110000000000
00000110000000000
00000000000000000
00000000000000100
00000000000000100
00000000000000100
00000000000000100
00000000000000000
00000000000000000
STEP 3 P2 MOVE 1 8 1 11
OWN
00000000022220000
00000110222200000
00000110000000000
00000000000000000
00000000000000100
00000000000000100
00000000000000100
00000000000000100
00000000000000000
00000000000000000
STEP 4 P1 MOVE 6 12 7 13
OWN
00000000022220000
00000110222200000
00000110000000000
00000000000000000
00000000000000100
00000000000000100
00000000000011100
00000000000011100
00000000000000000
00000000000000000
STEP 5 P2 MOVE 5 10 7 10
OWN
00000000022220000
00000110222200000
00000110000000000
00000000000000000
00000000000000100
00000000002000100
00000000002011100
00000000002011100
00000000000000000
00000000000000000
STEP 6 P1 MOVE 6 6 6 8
OWN
00000000022220000
00000110222200000
00000110000000000
00000000000000000
00000000000000100
00000000002000100
00000011102011100
00000000002011100
00000000000000000
00000000000000000
STEP 7 P2 MOVE 9 4 9 6
OWN
00000000022220000
00000110222200000
00000110000000000
00000000000000000
00000000000000100
00000000002000100
00000011102011100
00000000002011100
00000000000000000
00002220000000000
STEP 8 P1 MOVE 1 15 3 15
OWN
00000000022220000
00000110222200010
00000110000000010
00000000000000010
00000000000000100
00000000002000100
00000011102011100
00000000002011100
00000000000000000
00002220000000000
STEP 9 P2 MOVE 8 9 9 9
OWN
00000000022220000
00000110222200010
00000110000000010
00000000000000010
00000000000000100
00000000002000100
00000011102011100
00000000002011100
00000000020000000
00002220020000000
STEP 10 P1 MOVE 8 11 9 11
OWN
00000000022220000
00000110222200010
00000110000000010
00000000000000010
00000000000000100
00000000002000100
00000011102011100
00000000002011100
00000000020100000
00002220020100000
STEP 11 P2 MOVE 9 8 9 10
OWN
00000000022220000
00000110222200010
00000110000000010
00000000000000010
00000000000000100
00000000002000100
00000011102011100
00000000002011100
00000000020100000
00002220222100000
STEP 12 P1 MOVE 7 6 8 6
OWN
00000000022220000
00000110222200010
00000110000000010
00000000000000010
00000000000000100
00000000002000100
00000011102011100
00000010002011100
00000010020100000
00002220222100000
STEP 13 P2 MOVE 4 3 4 5
OWN
00000000022220000
00000110222200010
00000110000000010
00000000000000010
00022200000000100
00000000002000100
00000011102011100
00000010002011100
00000010020100000
00002220222100000
STEP 14 P1 MOVE 3 0 4 0
OWN
00000000022220000
00000110222200010
00000110000000010
10000000000000010
10022200000000100
00000000002000100
00000011102011100
00000010002011100
00000010020100000
00002220222100000
STEP 15 P2 MOVE 2 10 3 10
OWN
00000000022220000
00000110222200010
00000110002000010
10000000002000010
10022200000000100
00000000002000100
00000011102011100
00000010002011100
00000010020100000
00002220222100000
STEP 16 P1 MOVE 2 11 2 12
OWN
00000000022220000
00000110222200010
00000110002110010
10000000002000010
10022200000000100
00000000002000100
00000011102011100
00000010002011100
00000010020100000
00002220222100000
STEP 17 P2 MOVE 1 2 2 2
OWN
00000000022220000
00200110222200010
00200110002110010
10000000002000010
10022200000000100
00000000002000100
00000011102011100
00000010002011100
00000010020100000
00002220222100000
STEP 18 P1 MOVE 8 16 9 16
OWN
00000000022220000
00200110222200010
00200110002110010
10000000002000010
10022200000000100
00000000002000100
00000011102011100
00000010002011100
00000010020100001
00002220222100001
STEP 19 P2 MOVE 3 4 5 4
OWN
00000000022220000
00200110222200010
00200110002110010
10002000002000010
10022200000000100
00002000002000100
00000011102011100
00000010002011100
00000010020100001
00002220222100001
STEP 20 P1 MOVE 8 14 8 15
OWN
00000000022220000
00200110222200010
00200110002110010
10002000002000010
10022200000000100
00002000002000100
00000011102011100
00000010002011100
00000010020100111
00002220222100001
STEP 21 P2 MOVE 5 9 6 9
OWN
00000000022220000
00200110222200010
00200110002110010
10002000002000010
10022200000000100
00002000022000100
00000011122011100
00000010002011100
00000010020100111
00002220222100001
STEP 22 P1 MOVE 1 1 2 1
OWN
00000000022220000
01200110222200010
01200110002110010
10002000002000010
10022200000000100
00002000022000100
00000011122011100
00000010002011100
00000010020100111
00002220222100001
STEP 23 P2 MOVE 7 15 9 15
OWN
00000000022220000
01200110222200010
01200110002110010
10002000002000010
10022200000000100
00002000022000100
00000011122011100
00000010002011120
00000010020100121
00002220222100021
STEP 24 P1 MOVE 7 11 7 16
OWN
00000000022220000
01200110222200010
01200110002110010
10002000002000010
10022200000000100
00002000022000100
00000011122011100
00000010002111111
00000010020100121
00002220222100021
STEP 25 P2 MOVE 3 7 3 8
OWN
00000000022220000
01200110222200010
01200110002110010
10002002202000010
10022200000000100
00002000022000100
00000011122011100
00000010002111111
00000010020100121
00002220222100021
STEP 26 P1 MOVE 6 3 7 3
OWN
00000000022220000
01200110222200010
01200110002110010
10002002202000010
10022200000000100
00002000022000100
00010011122011100
00010010002111111
00000010020100121
00002220222100021
STEP 27 P2 MOVE 4 10 4 11
OWN
00000000022220000
01200110222200010
01200110002110010
10002002202000010
10022200002200100
00002000022000100
00010011122011100
00010010002111111
00000010020100121
00002220222100021
STEP 28 P1 MOVE 3 11 4 12
OWN
00000000022220000
01200110222200010
01200110002110010
10002002202110010
10022200002110100
00002000022000100
00010011122011100
00010010002111111
00000010020100121
00002220222100021
STEP 29 P2 MOVE 4 8 5 9
OWN
00000000022220000
01200110222200010
01200110002110010
10002002202110010
10022200222110100
00002000222000100
00010011122011100
00010010002111111
00000010020100121
00002220222100021
STEP 30 P1 MOVE 2 13 3 13
OWN
00000000022220000
01200110222200010
01200110002111010
10002002202111010
10022200222110100
00002000222000100
00010011122011100
00010010002111111
00000010020100121
00002220222100021
STEP 31 P2 MOVE 4 7 4 13
OWN
00000000022220000
01200110222200010
01200110002111010
10002002202111010
10022202222222100
00002000222000100
00010011122011100
00010010002111111
00000010020100121
00002220222100021
STEP 32 P1 MOVE 2 8 7 8
OWN
00000000022220000
01200110222200010
01200110102111010
10002002102111010
10022202122222100
00002000122000100
00010011122011100
00010010102111111
00000010020100121
00002220222100021
STEP 33 P2 MOVE 2 9 2 14
OWN
00000000022220000
01200110222200010
01200110122222210
10002002102111010
10022202122222100
00002000122000100
00010011122011100
00010010102111111
00000010020100121
00002220222100021
STEP 34 P1 MOVE 3 9 3 14
OWN
00000000022220000
01200110222200010
01200110122222210
10002002111111110
10022202122222100
00002000122000100
00010011122011100
00010010102111111
00000010020100121
00002220222100021
STEP 35 P2 MOVE 5 13 8 13
OWN
00000000022220000
01200110222200010
01200110122222210
10002002111111110
10022202122222100
00002000122002100
00010011122012100
00010010102112111
00000010020102121
00002220222100021
STEP 36 P1 MOVE 3 15 4 16
OWN
00000000022220000
01200110222200010
01200110122222210
10002002111111111
10022202122222111
00002000122002100
00010011122012100
00010010102112111
00000010020102121
00002220222100021
STEP 37 P2 MOVE 6 2 6 5
OWN
00000000022220000
01200110222200010
01200110122222210
10002002111111111
10022202122222111
00002000122002100
00222211122012100
00010010102112111
00000010020102121
00002220222100021
STEP 38 P1 MOVE 5 3 7 4
OWN
00000000022220000
01200110222200010
01200110122222210
10002002111111111
10022202122222111
00011000122002100
00211211122012100
00011010102112111
00000010020102121
00002220222100021
STEP 39 P2 MOVE 2 4 8 4
OWN
00000000022220000
01200110222200010
01202110122222210
10002002111111111
10022202122222111
00012000122002100
00212211122012100
00012010102112111
00002010020102121
00002220222100021
STEP 40 P1 MOVE 3 2 5 3
OWN
00000000022220000
01200110222200010
01202110122222210
10112002111111111
10112202122222111
00112000122002100
00212211122012100
00012010102112111
00002010020102121
00002220222100021
STEP 41 P2 MOVE 1 3 2 3
OWN
00000000022220000
01220110222200010
01222110122222210
10112002111111111
10112202122222111
00112000122002100
00212211122012100
00012010102112111
00002010020102121
00002220222100021
STEP 42 P1 MOVE -1 -1 -1 -1
OWN
00000000022220000
01220110222200010
01222110122222210
10112002111111111
10112202122222111
00112000122002100
00212211122012100
00012010102112111
00002010020102121
00002220222100021
STEP 43 P2 MOVE -1 -1 -1 -1
OWN
00000000022220000
01220110222200010
01222110122222210
10112002111111111
10112202122222111
00112000122002100
00212211122012100
00012010102112111
00002010020102121
00002220222100021
RESULT first=52 second=53 winner=2
ANALYSIS winner=P2 score=52-53 reason=羲瞪蝓 steal(w/l)=12/10 neu(w/l)=51/54
