BOARD
25591945344344964
96791388579876449
18611338517367155
15582647344934346
87732757631343128
18731754725753756
63441118331616421
17162846655954721
76893814313955923
91873379598696839
STEP 0 P1 MOVE 4 12 4 15
OWN
00000000000000000
00000000000000000
00000000000000000
00000000000000000
00000000000011110
00000000000000000
00000000000000000
00000000000000000
00000000000000000
00000000000000000
STEP 1 P2 MOVE 1 4 7 4
OWN
00000000000000000
00002000000000000
00002000000000000
00002000000000000
00002000000011110
00002000000000000
00002000000000000
00002000000000000
00000000000000000
00000000000000000
STEP 2 P1 MOVE 6 2 6 6
OWN
00000000000000000
00002000000000000
00002000000000000
00002000000000000
00002000000011110
00002000000000000
00111110000000000
00002000000000000
00000000000000000
00000000000000000
STEP 3 P2 MOVE 5 6 8 6
OWN
00000000000000000
00002000000000000
00002000000000000
00002000000000000
00002000000011110
00002020000000000
00111120000000000
00002020000000000
00000020000000000
00000000000000000
STEP 4 P1 MOVE 2 2 2 5
OWN
00000000000000000
00002000000000000
00111100000000000
00002000000000000
00002000000011110
00002020000000000
00111120000000000
00002020000000000
00000020000000000
00000000000000000
STEP 5 P2 MOVE 3 14 5 14
OWN
00000000000000000
00002000000000000
00111100000000000
00002000000000200
00002000000011210
00002020000000200
00111120000000000
00002020000000000
00000020000000000
00000000000000000
STEP 6 P1 MOVE 6 13 7 13
OWN
00000000000000000
00002000000000000
00111100000000000
00002000000000200
00002000000011210
00002020000000200
00111120000001000
00002020000001000
00000020000000000
00000000000000000
STEP 7 P2 MOVE 3 0 5 0
OWN
00000000000000000
00002000000000000
00111100000000000
20002000000000200
20002000000011210
20002020000000200
00111120000001000
00002020000001000
00000020000000000
00000000000000000
STEP 8 P1 MOVE 4 3 4 5
OWN
00000000000000000
00002000000000000
00111100000000000
20002000000000200
20011100000011210
20002020000000200
00111120000001000
00002020000001000
00000020000000000
00000000000000000
STEP 9 P2 MOVE 3 10 5 10
OWN
00000000000000000
00002000000000000
00111100000000000
20002000002000200
20011100002011210
20002020002000200
00111120000001000
00002020000001000
00000020000000000
00000000000000000
STEP 10 P1 MOVE 5 3 5 5
OWN
00000000000000000
00002000000000000
00111100000000000
20002000002000200
20011100002011210
20011120002000200
00111120000001000
00002020000001000
00000020000000000
00000000000000000
STEP 11 P2 MOVE 2 14 3 15
OWN
00000000000000000
00002000000000000
00111100000000220
20002000002000220
20011100002011210
20011120002000200
00111120000001000
00002020000001000
00000020000000000
00000000000000000
STEP 12 P1 MOVE 8 12 8 13
OWN
00000000000000000
00002000000000000
00111100000000220
20002000002000220
20011100002011210
20011120002000200
00111120000001000
00002020000001000
00000020000011000
00000000000000000
STEP 13 P2 MOVE 0 15 1 15
OWN
00000000000000020
00002000000000020
00111100000000220
20002000002000220
20011100002011210
20011120002000200
00111120000001000
00002020000001000
00000020000011000
00000000000000000
STEP 14 P1 MOVE 1 13 1 14
OWN
00000000000000020
00002000000001120
00111100000000220
20002000002000220
20011100002011210
20011120002000200
00111120000001000
00002020000001000
00000020000011000
00000000000000000
STEP 15 P2 MOVE 3 13 3 16
OWN
00000000000000020
00002000000001120
00111100000000220
20002000002002222
20011100002011210
20011120002000200
00111120000001000
00002020000001000
00000020000011000
00000000000000000
STEP 16 P1 MOVE 0 4 0 5
OWN
00001100000000020
00002000000001120
00111100000000220
20002000002002222
20011100002011210
20011120002000200
00111120000001000
00002020000001000
00000020000011000
00000000000000000
STEP 17 P2 MOVE 7 7 8 7
OWN
00001100000000020
00002000000001120
00111100000000220
20002000002002222
20011100002011210
20011120002000200
00111120000001000
00002022000001000
00000022000011000
00000000000000000
STEP 18 P1 MOVE 8 9 9 9
OWN
00001100000000020
00002000000001120
00111100000000220
20002000002002222
20011100002011210
20011120002000200
00111120000001000
00002022000001000
00000022010011000
00000000010000000
STEP 19 P2 MOVE 7 14 7 16
OWN
00001100000000020
00002000000001120
00111100000000220
20002000002002222
20011100002011210
20011120002000200
00111120000001000
00002022000001222
00000022010011000
00000000010000000
STEP 20 P1 MOVE 5 9 7 9
OWN
00001100000000020
00002000000001120
00111100000000220
20002000002002222
20011100002011210
20011120012000200
00111120010001000
00002022010001222
00000022010011000
00000000010000000
STEP 21 P2 MOVE 9 5 9 6
OWN
00001100000000020
00002000000001120
00111100000000220
20002000002002222
20011100002011210
20011120012000200
00111120010001000
00002022010001222
00000022010011000
00000220010000000
STEP 22 P1 MOVE 0 1 0 2
OWN
01101100000000020
00002000000001120
00111100000000220
20002000002002222
20011100002011210
20011120012000200
00111120010001000
00002022010001222
00000022010011000
00000220010000000
STEP 23 P2 MOVE 1 0 2 0
OWN
01101100000000020
20002000000001120
20111100000000220
20002000002002222
20011100002011210
20011120012000200
00111120010001000
00002022010001222
00000022010011000
00000220010000000
STEP 24 P1 MOVE 1 8 2 8
OWN
01101100000000020
20002000100001120
20111100100000220
20002000002002222
20011100002011210
20011120012000200
00111120010001000
00002022010001222
00000022010011000
00000220010000000
STEP 25 P2 MOVE 3 1 3 2
OWN
01101100000000020
20002000100001120
20111100100000220
22202000002002222
20011100002011210
20011120012000200
00111120010001000
00002022010001222
00000022010011000
00000220010000000
STEP 26 P1 MOVE 3 5 3 6
OWN
01101100000000020
20002000100001120
20111100100000220
22202110002002222
20011100002011210
20011120012000200
00111120010001000
00002022010001222
00000022010011000
00000220010000000
STEP 27 P2 MOVE 3 7 3 8
OWN
01101100000000020
20002000100001120
20111100100000220
22202112202002222
20011100002011210
20011120012000200
00111120010001000
00002022010001222
00000022010011000
00000220010000000
STEP 28 P1 MOVE 2 10 2 11
OWN
01101100000000020
20002000100001120
20111100101100220
22202112202002222
20011100002011210
20011120012000200
00111120010001000
00002022010001222
00000022010011000
00000220010000000
STEP 29 P2 MOVE 1 10 6 10
OWN
01101100000000020
20002000102001120
20111100102100220
22202112202002222
20011100002011210
20011120012000200
00111120012001000
00002022010001222
00000022010011000
00000220010000000
STEP 30 P1 MOVE 6 12 7 14
OWN
01101100000000020
20002000102001120
20111100102100220
22202112202002222
20011100002011210
20011120012000200
00111120012011100
00002022010011122
00000022010011000
00000220010000000
STEP 31 P2 MOVE 5 16 8 16
OWN
01101100000000020
20002000102001120
20111100102100220
22202112202002222
20011100002011210
20011120012000202
00111120012011102
00002022010011122
00000022010011002
00000220010000000
STEP 32 P1 MOVE 4 11 5 11
OWN
01101100000000020
20002000102001120
20111100102100220
22202112202002222
20011100002111210
20011120012100202
00111120012011102
00002022010011122
00000022010011002
00000220010000000
STEP 33 P2 MOVE 5 8 6 8
OWN
01101100000000020
20002000102001120
20111100102100220
22202112202002222
20011100002111210
20011120212100202
00111120212011102
00002022010011122
00000022010011002
00000220010000000
STEP 34 P1 MOVE 6 1 7 1
OWN
01101100000000020
20002000102001120
20111100102100220
22202112202002222
20011100002111210
20011120212100202
01111120212011102
01002022010011122
00000022010011002
00000220010000000
STEP 35 P2 MOVE 2 13 5 13
OWN
01101100000000020
20002000102001120
20111100102102220
22202112202002222
20011100002112210
20011120212102202
01111120212011102
01002022010011122
00000022010011002
00000220010000000
STEP 36 P1 MOVE 0 13 9 13
OWN
01101100000001020
20002000102001120
20111100102101220
22202112202001222
20011100002111210
20011120212101202
01111120212011102
01002022010011122
00000022010011002
00000220010001000
STEP 37 P2 MOVE 9 0 9 1
OWN
01101100000001020
20002000102001120
20111100102101220
22202112202001222
20011100002111210
20011120212101202
01111120212011102
01002022010011122
00000022010011002
22000220010001000
STEP 38 P1 MOVE 9 3 9 4
OWN
01101100000001020
20002000102001120
20111100102101220
22202112202001222
20011100002111210
20011120212101202
01111120212011102
01002022010011122
00000022010011002
22011220010001000
STEP 39 P2 MOVE -1 -1 -1 -1
OWN
01101100000001020
20002000102001120
20111100102101220
22202112202001222
20011100002111210
20011120212101202
01111120212011102
01002022010011122
00000022010011002
22011220010001000
STEP 40 P1 MOVE -1 -1 -1 -1
OWN
01101100000001020
20002000102001120
20111100102101220
22202112202001222
20011100002111210
20011120212101202
01111120212011102
01002022010011122
00000022010011002
22011220010001000
RESULT first=52 second=44 winner=1
ANALYSIS winner=P1 score=52-44 reason=Ĺ»ĂëżěŔ§(+5Ä­ »©ľŃŔ˝,2ąčČż°ú) steal(w/l)=9/4 neu(w/l)=47/49
