BOARD
17898249958331666
42522919328513398
11611278228729213
43232247657213436
62472839146525475
72296811311324712
93289749791437195
74445719991949738
33846967869431267
86664668894456653
STEP 0 P1 MOVE 2 0 2 4
OWN
00000000000000000
00000000000000000
11111000000000000
00000000000000000
00000000000000000
00000000000000000
00000000000000000
00000000000000000
00000000000000000
00000000000000000
STEP 1 P2 MOVE 5 8 5 12
OWN
00000000000000000
00000000000000000
11111000000000000
00000000000000000
00000000000000000
00000000222220000
00000000000000000
00000000000000000
00000000000000000
00000000000000000
STEP 2 P1 MOVE 8 11 8 14
OWN
00000000000000000
00000000000000000
11111000000000000
00000000000000000
00000000000000000
00000000222220000
00000000000000000
00000000000000000
00000000000111100
00000000000000000
STEP 3 P2 MOVE 3 12 7 12
OWN
00000000000000000
00000000000000000
11111000000000000
00000000000020000
00000000000020000
00000000222220000
00000000000020000
00000000000020000
00000000000111100
00000000000000000
STEP 4 P1 MOVE 2 14 3 15
OWN
00000000000000000
00000000000000000
11111000000000110
00000000000020110
00000000000020000
00000000222220000
00000000000020000
00000000000020000
00000000000111100
00000000000000000
STEP 5 P2 MOVE 0 12 0 14
OWN
00000000000022200
00000000000000000
11111000000000110
00000000000020110
00000000000020000
00000000222220000
00000000000020000
00000000000020000
00000000000111100
00000000000000000
STEP 6 P1 MOVE 9 3 9 4
OWN
00000000000022200
00000000000000000
11111000000000110
00000000000020110
00000000000020000
00000000222220000
00000000000020000
00000000000020000
00000000000111100
00011000000000000
STEP 7 P2 MOVE 1 5 1 6
OWN
00000000000022200
00000220000000000
11111000000000110
00000000000020110
00000000000020000
00000000222220000
00000000000020000
00000000000020000
00000000000111100
00011000000000000
STEP 8 P1 MOVE 3 0 4 0
OWN
00000000000022200
00000220000000000
11111000000000110
10000000000020110
10000000000020000
00000000222220000
00000000000020000
00000000000020000
00000000000111100
00011000000000000
STEP 9 P2 MOVE 7 10 8 10
OWN
00000000000022200
00000220000000000
11111000000000110
10000000000020110
10000000000020000
00000000222220000
00000000000020000
00000000002020000
00000000002111100
00011000000000000
STEP 10 P1 MOVE 3 1 6 1
OWN
00000000000022200
00000220000000000
11111000000000110
11000000000020110
11000000000020000
01000000222220000
01000000000020000
00000000002020000
00000000002111100
00011000000000000
STEP 11 P2 MOVE 3 2 6 2
OWN
00000000000022200
00000220000000000
11111000000000110
11200000000020110
11200000000020000
01200000222220000
01200000000020000
00000000002020000
00000000002111100
00011000000000000
STEP 12 P1 MOVE 0 4 0 5
OWN
00001100000022200
00000220000000000
11111000000000110
11200000000020110
11200000000020000
01200000222220000
01200000000020000
00000000002020000
00000000002111100
00011000000000000
STEP 13 P2 MOVE 3 4 5 4
OWN
00001100000022200
00000220000000000
11111000000000110
11202000000020110
11202000000020000
01202000222220000
01200000000020000
00000000002020000
00000000002111100
00011000000000000
STEP 14 P1 MOVE 5 5 5 7
OWN
00001100000022200
00000220000000000
11111000000000110
11202000000020110
11202000000020000
01202111222220000
01200000000020000
00000000002020000
00000000002111100
00011000000000000
STEP 15 P2 MOVE 8 16 9 16
OWN
00001100000022200
00000220000000000
11111000000000110
11202000000020110
11202000000020000
01202111222220000
01200000000020000
00000000002020000
00000000002111102
00011000000000002
STEP 16 P1 MOVE 3 3 4 3
OWN
00001100000022200
00000220000000000
11111000000000110
11212000000020110
11212000000020000
01202111222220000
01200000000020000
00000000002020000
00000000002111102
00011000000000002
STEP 17 P2 MOVE 7 14 7 15
OWN
00001100000022200
00000220000000000
11111000000000110
11212000000020110
11212000000020000
01202111222220000
01200000000020000
00000000002020220
00000000002111102
00011000000000002
STEP 18 P1 MOVE 5 15 6 15
OWN
00001100000022200
00000220000000000
11111000000000110
11212000000020110
11212000000020000
01202111222220010
01200000000020010
00000000002020220
00000000002111102
00011000000000002
STEP 19 P2 MOVE 1 9 1 10
OWN
00001100000022200
00000220022000000
11111000000000110
11212000000020110
11212000000020000
01202111222220010
01200000000020010
00000000002020220
00000000002111102
00011000000000002
STEP 20 P1 MOVE 3 5 4 5
OWN
00001100000022200
00000220022000000
11111000000000110
11212100000020110
11212100000020000
01202111222220010
01200000000020010
00000000002020220
00000000002111102
00011000000000002
STEP 21 P2 MOVE 4 7 4 8
OWN
00001100000022200
00000220022000000
11111000000000110
11212100000020110
11212102200020000
01202111222220010
01200000000020010
00000000002020220
00000000002111102
00011000000000002
STEP 22 P1 MOVE 2 7 2 8
OWN
00001100000022200
00000220022000000
11111001100000110
11212100000020110
11212102200020000
01202111222220010
01200000000020010
00000000002020220
00000000002111102
00011000000000002
STEP 23 P2 MOVE 7 6 7 7
OWN
00001100000022200
00000220022000000
11111001100000110
11212100000020110
11212102200020000
01202111222220010
01200000000020010
00000022002020220
00000000002111102
00011000000000002
STEP 24 P1 MOVE 7 0 8 0
OWN
00001100000022200
00000220022000000
11111001100000110
11212100000020110
11212102200020000
01202111222220010
01200000000020010
10000022002020220
10000000002111102
00011000000000002
STEP 25 P2 MOVE 8 3 8 4
OWN
00001100000022200
00000220022000000
11111001100000110
11212100000020110
11212102200020000
01202111222220010
01200000000020010
10000022002020220
10022000002111102
00011000000000002
STEP 26 P1 MOVE 2 9 2 10
OWN
00001100000022200
00000220022000000
11111001111000110
11212100000020110
11212102200020000
01202111222220010
01200000000020010
10000022002020220
10022000002111102
00011000000000002
STEP 27 P2 MOVE 0 9 3 9
OWN
00001100020022200
00000220022000000
11111001121000110
11212100020020110
11212102200020000
01202111222220010
01200000000020010
10000022002020220
10022000002111102
00011000000000002
STEP 28 P1 MOVE 4 11 4 13
OWN
00001100020022200
00000220022000000
11111001121000110
11212100020020110
11212102200111000
01202111222220010
01200000000020010
10000022002020220
10022000002111102
00011000000000002
STEP 29 P2 MOVE 4 10 5 13
OWN
00001100020022200
00000220022000000
11111001121000110
11212100020020110
11212102202222000
01202111222222010
01200000000020010
10000022002020220
10022000002111102
00011000000000002
STEP 30 P1 MOVE 3 13 6 13
OWN
00001100020022200
00000220022000000
11111001121000110
11212100020021110
11212102202221000
01202111222221010
01200000000021010
10000022002020220
10022000002111102
00011000000000002
STEP 31 P2 MOVE 6 6 8 6
OWN
00001100020022200
00000220022000000
11111001121000110
11212100020021110
11212102202221000
01202111222221010
01200020000021010
10000022002020220
10022020002111102
00011000000000002
STEP 32 P1 MOVE 6 13 7 14
OWN
00001100020022200
00000220022000000
11111001121000110
11212100020021110
11212102202221000
01202111222221010
01200020000021110
10000022002021120
10022020002111102
00011000000000002
STEP 33 P2 MOVE 6 10 6 16
OWN
00001100020022200
00000220022000000
11111001121000110
11212100020021110
11212102202221000
01202111222221010
01200020002222222
10000022002021120
10022020002111102
00011000000000002
STEP 34 P1 MOVE 3 8 4 9
OWN
00001100020022200
00000220022000000
11111001121000110
11212100110021110
11212102112221000
01202111222221010
01200020002222222
10000022002021120
10022020002111102
00011000000000002
STEP 35 P2 MOVE 1 8 3 10
OWN
00001100020022200
00000220222000000
11111001222000110
11212100222021110
11212102112221000
01202111222221010
01200020002222222
10000022002021120
10022020002111102
00011000000000002
STEP 36 P1 MOVE 5 16 7 16
OWN
00001100020022200
00000220222000000
11111001222000110
11212100222021110
11212102112221000
01202111222221011
01200020002222221
10000022002021121
10022020002111102
00011000000000002
STEP 37 P2 MOVE -1 -1 -1 -1
OWN
00001100020022200
00000220222000000
11111001222000110
11212100222021110
11212102112221000
01202111222221011
01200020002222221
10000022002021121
10022020002111102
00011000000000002
STEP 38 P1 MOVE -1 -1 -1 -1
OWN
00001100020022200
00000220222000000
11111001222000110
11212100222021110
11212102112221000
01202111222221011
01200020002222221
10000022002021121
10022020002111102
00011000000000002
RESULT first=44 second=50 winner=2
ANALYSIS winner=P2 score=44-50 reason=탈취우위(+4칸 빼앗음,2배효과) / 역전승 steal(w/l)=11/7 neu(w/l)=46/48
