BOARD
82947191582368894
76659896227689897
41228329833993541
27311278238357372
66479535164484673
84323979866897521
55684273441597278
92261942458676768
23367311841445264
27339933839314946
STEP 0 P1 MOVE 7 1 8 2
OWN
00000000000000000
00000000000000000
00000000000000000
00000000000000000
00000000000000000
00000000000000000
00000000000000000
01100000000000000
01100000000000000
00000000000000000
STEP 1 P2 MOVE 3 4 3 6
OWN
00000000000000000
00000000000000000
00000000000000000
00002220000000000
00000000000000000
00000000000000000
00000000000000000
01100000000000000
01100000000000000
00000000000000000
STEP 2 P1 MOVE 1 16 3 16
OWN
00000000000000000
00000000000000001
00000000000000001
00002220000000001
00000000000000000
00000000000000000
00000000000000000
01100000000000000
01100000000000000
00000000000000000
STEP 3 P2 MOVE 6 9 6 11
OWN
00000000000000000
00000000000000001
00000000000000001
00002220000000001
00000000000000000
00000000000000000
00000000022200000
01100000000000000
01100000000000000
00000000000000000
STEP 4 P1 MOVE 2 3 4 3
OWN
00000000000000000
00000000000000001
00010000000000001
00012220000000001
00010000000000000
00000000000000000
00000000022200000
01100000000000000
01100000000000000
00000000000000000
STEP 5 P2 MOVE 7 6 7 8
OWN
00000000000000000
00000000000000001
00010000000000001
00012220000000001
00010000000000000
00000000000000000
00000000022200000
01100022200000000
01100000000000000
00000000000000000
STEP 6 P1 MOVE 3 13 3 14
OWN
00000000000000000
00000000000000001
00010000000000001
00012220000001101
00010000000000000
00000000000000000
00000000022200000
01100022200000000
01100000000000000
00000000000000000
STEP 7 P2 MOVE 0 6 0 7
OWN
00000022000000000
00000000000000001
00010000000000001
00012220000001101
00010000000000000
00000000000000000
00000000022200000
01100022200000000
01100000000000000
00000000000000000
STEP 8 P1 MOVE 1 7 1 9
OWN
00000022000000000
00000001110000001
00010000000000001
00012220000001101
00010000000000000
00000000000000000
00000000022200000
01100022200000000
01100000000000000
00000000000000000
STEP 9 P2 MOVE 3 2 5 2
OWN
00000022000000000
00000001110000001
00010000000000001
00212220000001101
00210000000000000
00200000000000000
00000000022200000
01100022200000000
01100000000000000
00000000000000000
STEP 10 P1 MOVE 0 0 0 1
OWN
11000022000000000
00000001110000001
00010000000000001
00212220000001101
00210000000000000
00200000000000000
00000000022200000
01100022200000000
01100000000000000
00000000000000000
STEP 11 P2 MOVE 5 3 6 3
OWN
11000022000000000
00000001110000001
00010000000000001
00212220000001101
00210000000000000
00220000000000000
00020000022200000
01100022200000000
01100000000000000
00000000000000000
STEP 12 P1 MOVE 0 9 0 10
OWN
11000022011000000
00000001110000001
00010000000000001
00212220000001101
00210000000000000
00220000000000000
00020000022200000
01100022200000000
01100000000000000
00000000000000000
STEP 13 P2 MOVE 1 10 2 10
OWN
11000022011000000
00000001112000001
00010000002000001
00212220000001101
00210000000000000
00220000000000000
00020000022200000
01100022200000000
01100000000000000
00000000000000000
STEP 14 P1 MOVE 4 1 5 1
OWN
11000022011000000
00000001112000001
00010000002000001
00212220000001101
01210000000000000
01220000000000000
00020000022200000
01100022200000000
01100000000000000
00000000000000000
STEP 15 P2 MOVE 7 11 8 11
OWN
11000022011000000
00000001112000001
00010000002000001
00212220000001101
01210000000000000
01220000000000000
00020000022200000
01100022200200000
01100000000200000
00000000000000000
STEP 16 P1 MOVE 6 0 6 1
OWN
11000022011000000
00000001112000001
00010000002000001
00212220000001101
01210000000000000
01220000000000000
11020000022200000
01100022200200000
01100000000200000
00000000000000000
STEP 17 P2 MOVE 8 15 9 15
OWN
11000022011000000
00000001112000001
00010000002000001
00212220000001101
01210000000000000
01220000000000000
11020000022200000
01100022200200000
01100000000200020
00000000000000020
STEP 18 P1 MOVE 9 1 9 2
OWN
11000022011000000
00000001112000001
00010000002000001
00212220000001101
01210000000000000
01220000000000000
11020000022200000
01100022200200000
01100000000200020
01100000000000020
STEP 19 P2 MOVE 8 16 9 16
OWN
11000022011000000
00000001112000001
00010000002000001
00212220000001101
01210000000000000
01220000000000000
11020000022200000
01100022200200000
01100000000200022
01100000000000022
STEP 20 P1 MOVE 8 10 8 13
OWN
11000022011000000
00000001112000001
00010000002000001
00212220000001101
01210000000000000
01220000000000000
11020000022200000
01100022200200000
01100000001111022
01100000000000022
STEP 21 P2 MOVE 7 13 9 13
OWN
11000022011000000
00000001112000001
00010000002000001
00212220000001101
01210000000000000
01220000000000000
11020000022200000
01100022200202000
01100000001112022
01100000000002022
STEP 22 P1 MOVE 7 4 7 5
OWN
11000022011000000
00000001112000001
00010000002000001
00212220000001101
01210000000000000
01220000000000000
11020000022200000
01101122200202000
01100000001112022
01100000000002022
STEP 23 P2 MOVE 4 10 5 10
OWN
11000022011000000
00000001112000001
00010000002000001
00212220000001101
01210000002000000
01220000002000000
11020000022200000
01101122200202000
01100000001112022
01100000000002022
STEP 24 P1 MOVE 4 9 4 11
OWN
11000022011000000
00000001112000001
00010000002000001
00212220000001101
01210000011100000
01220000002000000
11020000022200000
01101122200202000
01100000001112022
01100000000002022
STEP 25 P2 MOVE 2 8 3 8
OWN
11000022011000000
00000001112000001
00010000202000001
00212220200001101
01210000011100000
01220000002000000
11020000022200000
01101122200202000
01100000001112022
01100000000002022
STEP 26 P1 MOVE -1 -1 -1 -1
OWN
11000022011000000
00000001112000001
00010000202000001
00212220200001101
01210000011100000
01220000002000000
11020000022200000
01101122200202000
01100000001112022
01100000000002022
STEP 27 P2 MOVE 4 13 4 14
OWN
11000022011000000
00000001112000001
00010000202000001
00212220200001101
01210000011102200
01220000002000000
11020000022200000
01101122200202000
01100000001112022
01100000000002022
STEP 28 P1 MOVE 2 13 5 13
OWN
11000022011000000
00000001112000001
00010000202001001
00212220200001101
01210000011101200
01220000002001000
11020000022200000
01101122200202000
01100000001112022
01100000000002022
STEP 29 P2 MOVE 6 6 6 7
OWN
11000022011000000
00000001112000001
00010000202001001
00212220200001101
01210000011101200
01220000002001000
11020022022200000
01101122200202000
01100000001112022
01100000000002022
STEP 30 P1 MOVE 5 7 8 7
OWN
11000022011000000
00000001112000001
00010000202001001
00212220200001101
01210000011101200
01220001002001000
11020021022200000
01101121200202000
01100001001112022
01100000000002022
STEP 31 P2 MOVE 4 6 5 6
OWN
11000022011000000
00000001112000001
00010000202001001
00212220200001101
01210020011101200
01220021002001000
11020021022200000
01101121200202000
01100001001112022
01100000000002022
STEP 32 P1 MOVE -1 -1 -1 -1
OWN
11000022011000000
00000001112000001
00010000202001001
00212220200001101
01210020011101200
01220021002001000
11020021022200000
01101121200202000
01100001001112022
01100000000002022
STEP 33 P2 MOVE 6 4 6 8
OWN
11000022011000000
00000001112000001
00010000202001001
00212220200001101
01210020011101200
01220021002001000
11022222222200000
01101121200202000
01100001001112022
01100000000002022
STEP 34 P1 MOVE 2 5 4 6
OWN
11000022011000000
00000001112000001
00010110202001001
00212110200001101
01210110011101200
01220021002001000
11022222222200000
01101121200202000
01100001001112022
01100000000002022
STEP 35 P2 MOVE 1 6 8 6
OWN
11000022011000000
00000021112000001
00010120202001001
00212120200001101
01210120011101200
01220021002001000
11022222222200000
01101121200202000
01100021001112022
01100000000002022
STEP 36 P1 MOVE 5 4 8 4
OWN
11000022011000000
00000021112000001
00010120202001001
00212120200001101
01210120011101200
01221021002001000
11021222222200000
01101121200202000
01101021001112022
01100000000002022
STEP 37 P2 MOVE 2 1 3 2
OWN
11000022011000000
00000021112000001
02210120202001001
02212120200001101
01210120011101200
01221021002001000
11021222222200000
01101121200202000
01101021001112022
01100000000002022
STEP 38 P1 MOVE 3 0 3 7
OWN
11000022011000000
00000021112000001
02210120202001001
11111111200001101
01210120011101200
01221021002001000
11021222222200000
01101121200202000
01101021001112022
01100000000002022
STEP 39 P2 MOVE 2 0 4 0
OWN
11000022011000000
00000021112000001
22210120202001001
21111111200001101
21210120011101200
01221021002001000
11021222222200000
01101121200202000
01101021001112022
01100000000002022
STEP 40 P1 MOVE -1 -1 -1 -1
OWN
11000022011000000
00000021112000001
22210120202001001
21111111200001101
21210120011101200
01221021002001000
11021222222200000
01101121200202000
01101021001112022
01100000000002022
STEP 41 P2 MOVE 2 14 5 14
OWN
11000022011000000
00000021112000001
22210120202001201
21111111200001201
21210120011101200
01221021002001200
11021222222200000
01101121200202000
01101021001112022
01100000000002022
STEP 42 P1 MOVE 1 14 6 14
OWN
11000022011000000
00000021112000101
22210120202001101
21111111200001101
21210120011101100
01221021002001100
11021222222200100
01101121200202000
01101021001112022
01100000000002022
STEP 43 P2 MOVE -1 -1 -1 -1
OWN
11000022011000000
00000021112000101
22210120202001101
21111111200001101
21210120011101100
01221021002001100
11021222222200100
01101121200202000
01101021001112022
01100000000002022
STEP 44 P1 MOVE -1 -1 -1 -1
OWN
11000022011000000
00000021112000101
22210120202001101
21111111200001101
21210120011101100
01221021002001100
11021222222200100
01101121200202000
01101021001112022
01100000000002022
RESULT first=55 second=38 winner=1
ANALYSIS winner=P1 score=55-38 reason=Ĺ»ĂëżěŔ§(+10Ä­ »©ľŃŔ˝,2ąčČż°ú) steal(w/l)=17/7 neu(w/l)=45/48
