BOARD
55287954897186218
48219341459652249
94967179581263243
51611513414817951
32726638523517888
37786657798453358
41759144451696845
77892291982591498
53282963853686398
46249444918112983
STEP 0 P1 MOVE 1 3 4 3
OWN
00000000000000000
00010000000000000
00010000000000000
00010000000000000
00010000000000000
00000000000000000
00000000000000000
00000000000000000
00000000000000000
00000000000000000
STEP 1 P2 MOVE 1 7 1 9
OWN
00000000000000000
00010002220000000
00010000000000000
00010000000000000
00010000000000000
00000000000000000
00000000000000000
00000000000000000
00000000000000000
00000000000000000
STEP 2 P1 MOVE 4 0 6 0
OWN
00000000000000000
00010002220000000
00010000000000000
00010000000000000
10010000000000000
10000000000000000
10000000000000000
00000000000000000
00000000000000000
00000000000000000
STEP 3 P2 MOVE 3 1 5 1
OWN
00000000000000000
00010002220000000
00010000000000000
02010000000000000
12010000000000000
12000000000000000
10000000000000000
00000000000000000
00000000000000000
00000000000000000
STEP 4 P1 MOVE 5 13 7 13
OWN
00000000000000000
00010002220000000
00010000000000000
02010000000000000
12010000000000000
12000000000001000
10000000000001000
00000000000001000
00000000000000000
00000000000000000
STEP 5 P2 MOVE 9 10 9 12
OWN
00000000000000000
00010002220000000
00010000000000000
02010000000000000
12010000000000000
12000000000001000
10000000000001000
00000000000001000
00000000000000000
00000000002220000
STEP 6 P1 MOVE 7 2 8 2
OWN
00000000000000000
00010002220000000
00010000000000000
02010000000000000
12010000000000000
12000000000001000
10000000000001000
00100000000001000
00100000000000000
00000000002220000
STEP 7 P2 MOVE 8 6 9 6
OWN
00000000000000000
00010002220000000
00010000000000000
02010000000000000
12010000000000000
12000000000001000
10000000000001000
00100000000001000
00100020000000000
00000020002220000
STEP 8 P1 MOVE 0 0 0 1
OWN
11000000000000000
00010002220000000
00010000000000000
02010000000000000
12010000000000000
12000000000001000
10000000000001000
00100000000001000
00100020000000000
00000020002220000
STEP 9 P2 MOVE 0 2 0 3
OWN
11220000000000000
00010002220000000
00010000000000000
02010000000000000
12010000000000000
12000000000001000
10000000000001000
00100000000001000
00100020000000000
00000020002220000
STEP 10 P1 MOVE 7 6 7 7
OWN
11220000000000000
00010002220000000
00010000000000000
02010000000000000
12010000000000000
12000000000001000
10000000000001000
00100011000001000
00100020000000000
00000020002220000
STEP 11 P2 MOVE 1 1 1 2
OWN
11220000000000000
02210002220000000
00010000000000000
02010000000000000
12010000000000000
12000000000001000
10000000000001000
00100011000001000
00100020000000000
00000020002220000
STEP 12 P1 MOVE 7 9 7 10
OWN
11220000000000000
02210002220000000
00010000000000000
02010000000000000
12010000000000000
12000000000001000
10000000000001000
00100011011001000
00100020000000000
00000020002220000
STEP 13 P2 MOVE 7 1 8 1
OWN
11220000000000000
02210002220000000
00010000000000000
02010000000000000
12010000000000000
12000000000001000
10000000000001000
02100011011001000
02100020000000000
00000020002220000
STEP 14 P1 MOVE 8 3 8 4
OWN
11220000000000000
02210002220000000
00010000000000000
02010000000000000
12010000000000000
12000000000001000
10000000000001000
02100011011001000
02111020000000000
00000020002220000
STEP 15 P2 MOVE 6 4 6 5
OWN
11220000000000000
02210002220000000
00010000000000000
02010000000000000
12010000000000000
12000000000001000
10002200000001000
02100011011001000
02111020000000000
00000020002220000
STEP 16 P1 MOVE 1 10 2 10
OWN
11220000000000000
02210002221000000
00010000001000000
02010000000000000
12010000000000000
12000000000001000
10002200000001000
02100011011001000
02111020000000000
00000020002220000
STEP 17 P2 MOVE 6 5 7 7
OWN
11220000000000000
02210002221000000
00010000001000000
02010000000000000
12010000000000000
12000000000001000
10002222000001000
02100222011001000
02111020000000000
00000020002220000
STEP 18 P1 MOVE 6 9 8 9
OWN
11220000000000000
02210002221000000
00010000001000000
02010000000000000
12010000000000000
12000000000001000
10002222010001000
02100222011001000
02111020010000000
00000020002220000
STEP 19 P2 MOVE 5 9 9 9
OWN
11220000000000000
02210002221000000
00010000001000000
02010000000000000
12010000000000000
12000000020001000
10002222020001000
02100222021001000
02111020020000000
00000020022220000
STEP 20 P1 MOVE 6 3 6 10
OWN
11220000000000000
02210002221000000
00010000001000000
02010000000000000
12010000000000000
12000000020001000
10011111111001000
02100222021001000
02111020020000000
00000020022220000
STEP 21 P2 MOVE 5 7 8 7
OWN
11220000000000000
02210002221000000
00010000001000000
02010000000000000
12010000000000000
12000002020001000
10011112111001000
02100222021001000
02111022020000000
00000020022220000
STEP 22 P1 MOVE 4 8 4 10
OWN
11220000000000000
02210002221000000
00010000001000000
02010000000000000
12010000111000000
12000002020001000
10011112111001000
02100222021001000
02111022020000000
00000020022220000
STEP 23 P2 MOVE 5 11 6 11
OWN
11220000000000000
02210002221000000
00010000001000000
02010000000000000
12010000111000000
12000002020201000
10011112111201000
02100222021001000
02111022020000000
00000020022220000
STEP 24 P1 MOVE 4 11 7 11
OWN
11220000000000000
02210002221000000
00010000001000000
02010000000000000
12010000111100000
12000002020101000
10011112111101000
02100222021101000
02111022020000000
00000020022220000
STEP 25 P2 MOVE 3 11 4 12
OWN
11220000000000000
02210002221000000
00010000001000000
02010000000220000
12010000111220000
12000002020101000
10011112111101000
02100222021101000
02111022020000000
00000020022220000
STEP 26 P1 MOVE 2 13 3 13
OWN
11220000000000000
02210002221000000
00010000001001000
02010000000221000
12010000111220000
12000002020101000
10011112111101000
02100222021101000
02111022020000000
00000020022220000
STEP 27 P2 MOVE 3 4 3 7
OWN
11220000000000000
02210002221000000
00010000001001000
02012222000221000
12010000111220000
12000002020101000
10011112111101000
02100222021101000
02111022020000000
00000020022220000
STEP 28 P1 MOVE 1 5 4 5
OWN
11220000000000000
02210102221000000
00010100001001000
02012122000221000
12010100111220000
12000002020101000
10011112111101000
02100222021101000
02111022020000000
00000020022220000
STEP 29 P2 MOVE 1 6 1 11
OWN
11220000000000000
02210122222200000
00010100001001000
02012122000221000
12010100111220000
12000002020101000
10011112111101000
02100222021101000
02111022020000000
00000020022220000
STEP 30 P1 MOVE 0 10 2 11
OWN
11220000001100000
02210122221100000
00010100001101000
02012122000221000
12010100111220000
12000002020101000
10011112111101000
02100222021101000
02111022020000000
00000020022220000
STEP 31 P2 MOVE 2 10 3 12
OWN
11220000001100000
02210122221100000
00010100002221000
02012122002221000
12010100111220000
12000002020101000
10011112111101000
02100222021101000
02111022020000000
00000020022220000
STEP 32 P1 MOVE 3 2 3 8
OWN
11220000001100000
02210122221100000
00010100002221000
02111111102221000
12010100111220000
12000002020101000
10011112111101000
02100222021101000
02111022020000000
00000020022220000
STEP 33 P2 MOVE 2 9 2 14
OWN
11220000001100000
02210122221100000
00010100022222200
02111111102221000
12010100111220000
12000002020101000
10011112111101000
02100222021101000
02111022020000000
00000020022220000
STEP 34 P1 MOVE 1 14 2 15
OWN
11220000001100000
02210122221100110
00010100022222110
02111111102221000
12010100111220000
12000002020101000
10011112111101000
02100222021101000
02111022020000000
00000020022220000
STEP 35 P2 MOVE 0 13 1 14
OWN
11220000001102200
02210122221102210
00010100022222110
02111111102221000
12010100111220000
12000002020101000
10011112111101000
02100222021101000
02111022020000000
00000020022220000
STEP 36 P1 MOVE 1 12 5 12
OWN
11220000001102200
02210122221112210
00010100022212110
02111111102211000
12010100111210000
12000002020111000
10011112111101000
02100222021101000
02111022020000000
00000020022220000
STEP 37 P2 MOVE 2 6 4 6
OWN
11220000001102200
02210122221112210
00010120022212110
02111121102211000
12010120111210000
12000002020111000
10011112111101000
02100222021101000
02111022020000000
00000020022220000
STEP 38 P1 MOVE 0 9 3 9
OWN
11220000011102200
02210122211112210
00010120012212110
02111121112211000
12010120111210000
12000002020111000
10011112111101000
02100222021101000
02111022020000000
00000020022220000
STEP 39 P2 MOVE 0 6 5 6
OWN
11220020011102200
02210122211112210
00010120012212110
02111121112211000
12010120111210000
12000022020111000
10011112111101000
02100222021101000
02111022020000000
00000020022220000
STEP 40 P1 MOVE -1 -1 -1 -1
OWN
11220020011102200
02210122211112210
00010120012212110
02111121112211000
12010120111210000
12000022020111000
10011112111101000
02100222021101000
02111022020000000
00000020022220000
STEP 41 P2 MOVE -1 -1 -1 -1
OWN
11220020011102200
02210122211112210
00010120012212110
02111121112211000
12010120111210000
12000022020111000
10011112111101000
02100222021101000
02111022020000000
00000020022220000
RESULT first=55 second=42 winner=1
ANALYSIS winner=P1 score=55-42 reason=Ĺ»ĂëżěŔ§(+6Ä­ »©ľŃŔ˝,2ąčČż°ú) / żŞŔü˝Â steal(w/l)=19/13 neu(w/l)=49/48
