BOARD
48575442635984378
64611782553194978
92985911827296298
81915452871575932
13512683371875561
26232593218431421
33184738655938912
64893591334435983
11274823913918565
65336352913298441
STEP 0 P1 MOVE 6 9 9 9
OWN
00000000000000000
00000000000000000
00000000000000000
00000000000000000
00000000000000000
00000000000000000
00000000010000000
00000000010000000
00000000010000000
00000000010000000
STEP 1 P2 MOVE 0 7 4 7
OWN
00000002000000000
00000002000000000
00000002000000000
00000002000000000
00000002000000000
00000000000000000
00000000010000000
00000000010000000
00000000010000000
00000000010000000
STEP 2 P1 MOVE 1 1 4 1
OWN
00000002000000000
01000002000000000
01000002000000000
01000002000000000
01000002000000000
00000000000000000
00000000010000000
00000000010000000
00000000010000000
00000000010000000
STEP 3 P2 MOVE 5 12 8 12
OWN
00000002000000000
01000002000000000
01000002000000000
01000002000000000
01000002000000000
00000000000020000
00000000010020000
00000000010020000
00000000010020000
00000000010000000
STEP 4 P1 MOVE 4 15 5 16
OWN
00000002000000000
01000002000000000
01000002000000000
01000002000000000
01000002000000011
00000000000020011
00000000010020000
00000000010020000
00000000010020000
00000000010000000
STEP 5 P2 MOVE 1 3 3 3
OWN
00000002000000000
01020002000000000
01020002000000000
01020002000000000
01000002000000011
00000000000020011
00000000010020000
00000000010020000
00000000010020000
00000000010000000
STEP 6 P1 MOVE 0 9 2 9
OWN
00000002010000000
01020002010000000
01020002010000000
01020002000000000
01000002000000011
00000000000020011
00000000010020000
00000000010020000
00000000010020000
00000000010000000
STEP 7 P2 MOVE 6 16 8 16
OWN
00000002010000000
01020002010000000
01020002010000000
01020002000000000
01000002000000011
00000000000020011
00000000010020002
00000000010020002
00000000010020002
00000000010000000
STEP 8 P1 MOVE 0 6 0 8
OWN
00000011110000000
01020002010000000
01020002010000000
01020002000000000
01000002000000011
00000000000020011
00000000010020002
00000000010020002
00000000010020002
00000000010000000
STEP 9 P2 MOVE 7 10 9 10
OWN
00000011110000000
01020002010000000
01020002010000000
01020002000000000
01000002000000011
00000000000020011
00000000010020002
00000000012020002
00000000012020002
00000000012000000
STEP 10 P1 MOVE 8 1 8 3
OWN
00000011110000000
01020002010000000
01020002010000000
01020002000000000
01000002000000011
00000000000020011
00000000010020002
00000000012020002
01110000012020002
00000000012000000
STEP 11 P2 MOVE 6 0 8 0
OWN
00000011110000000
01020002010000000
01020002010000000
01020002000000000
01000002000000011
00000000000020011
20000000010020002
20000000012020002
21110000012020002
00000000012000000
STEP 12 P1 MOVE 9 5 9 7
OWN
00000011110000000
01020002010000000
01020002010000000
01020002000000000
01000002000000011
00000000000020011
20000000010020002
20000000012020002
21110000012020002
00000111012000000
STEP 13 P2 MOVE 1 11 1 12
OWN
00000011110000000
01020002010220000
01020002010000000
01020002000000000
01000002000000011
00000000000020011
20000000010020002
20000000012020002
21110000012020002
00000111012000000
STEP 14 P1 MOVE 2 16 3 16
OWN
00000011110000000
01020002010220000
01020002010000001
01020002000000001
01000002000000011
00000000000020011
20000000010020002
20000000012020002
21110000012020002
00000111012000000
STEP 15 P2 MOVE 8 5 8 6
OWN
00000011110000000
01020002010220000
01020002010000001
01020002000000001
01000002000000011
00000000000020011
20000000010020002
20000000012020002
21110220012020002
00000111012000000
STEP 16 P1 MOVE 0 0 1 0
OWN
10000011110000000
11020002010220000
01020002010000001
01020002000000001
01000002000000011
00000000000020011
20000000010020002
20000000012020002
21110220012020002
00000111012000000
STEP 17 P2 MOVE 4 13 4 14
OWN
10000011110000000
11020002010220000
01020002010000001
01020002000000001
01000002000002211
00000000000020011
20000000010020002
20000000012020002
21110220012020002
00000111012000000
STEP 18 P1 MOVE 6 14 6 15
OWN
10000011110000000
11020002010220000
01020002010000001
01020002000000001
01000002000002211
00000000000020011
20000000010020112
20000000012020002
21110220012020002
00000111012000000
STEP 19 P2 MOVE 7 6 7 7
OWN
10000011110000000
11020002010220000
01020002010000001
01020002000000001
01000002000002211
00000000000020011
20000000010020112
20000022012020002
21110220012020002
00000111012000000
STEP 20 P1 MOVE 8 4 9 4
OWN
10000011110000000
11020002010220000
01020002010000001
01020002000000001
01000002000002211
00000000000020011
20000000010020112
20000022012020002
21111220012020002
00001111012000000
STEP 21 P2 MOVE 0 14 0 15
OWN
10000011110000220
11020002010220000
01020002010000001
01020002000000001
01000002000002211
00000000000020011
20000000010020112
20000022012020002
21111220012020002
00001111012000000
STEP 22 P1 MOVE 6 5 6 6
OWN
10000011110000220
11020002010220000
01020002010000001
01020002000000001
01000002000002211
00000000000020011
20000110010020112
20000022012020002
21111220012020002
00001111012000000
STEP 23 P2 MOVE 2 5 2 6
OWN
10000011110000220
11020002010220000
01020222010000001
01020002000000001
01000002000002211
00000000000020011
20000110010020112
20000022012020002
21111220012020002
00001111012000000
STEP 24 P1 MOVE 4 8 4 9
OWN
10000011110000220
11020002010220000
01020222010000001
01020002000000001
01000002110002211
00000000000020011
20000110010020112
20000022012020002
21111220012020002
00001111012000000
STEP 25 P2 MOVE 1 10 2 10
OWN
10000011110000220
11020002012220000
01020222012000001
01020002000000001
01000002110002211
00000000000020011
20000110010020112
20000022012020002
21111220012020002
00001111012000000
STEP 26 P1 MOVE 0 8 1 10
OWN
10000011111000220
11020002111220000
01020222012000001
01020002000000001
01000002110002211
00000000000020011
20000110010020112
20000022012020002
21111220012020002
00001111012000000
STEP 27 P2 MOVE 2 8 2 11
OWN
10000011111000220
11020002111220000
01020222222200001
01020002000000001
01000002110002211
00000000000020011
20000110010020112
20000022012020002
21111220012020002
00001111012000000
STEP 28 P1 MOVE 3 5 4 5
OWN
10000011111000220
11020002111220000
01020222222200001
01020102000000001
01000102110002211
00000000000020011
20000110010020112
20000022012020002
21111220012020002
00001111012000000
STEP 29 P2 MOVE 5 3 5 5
OWN
10000011111000220
11020002111220000
01020222222200001
01020102000000001
01000102110002211
00022200000020011
20000110010020112
20000022012020002
21111220012020002
00001111012000000
STEP 30 P1 MOVE 3 10 5 10
OWN
10000011111000220
11020002111220000
01020222222200001
01020102001000001
01000102111002211
00022200001020011
20000110010020112
20000022012020002
21111220012020002
00001111012000000
STEP 31 P2 MOVE 5 9 5 14
OWN
10000011111000220
11020002111220000
01020222222200001
01020102001000001
01000102111002211
00022200022222211
20000110010020112
20000022012020002
21111220012020002
00001111012000000
STEP 32 P1 MOVE 4 2 5 4
OWN
10000011111000220
11020002111220000
01020222222200001
01020102001000001
01111102111002211
00111200022222211
20000110010020112
20000022012020002
21111220012020002
00001111012000000
STEP 33 P2 MOVE 3 2 6 2
OWN
10000011111000220
11020002111220000
01020222222200001
01220102001000001
01211102111002211
00211200022222211
20200110010020112
20000022012020002
21111220012020002
00001111012000000
STEP 34 P1 MOVE 1 13 2 13
OWN
10000011111000220
11020002111221000
01020222222201001
01220102001000001
01211102111002211
00211200022222211
20200110010020112
20000022012020002
21111220012020002
00001111012000000
STEP 35 P2 MOVE 3 8 5 8
OWN
10000011111000220
11020002111221000
01020222222201001
01220102201000001
01211102211002211
00211200222222211
20200110010020112
20000022012020002
21111220012020002
00001111012000000
STEP 36 P1 MOVE 3 7 5 9
OWN
10000011111000220
11020002111221000
01020222222201001
01220101111000001
01211101111002211
00211201112222211
20200110010020112
20000022012020002
21111220012020002
00001111012000000
STEP 37 P2 MOVE 3 6 3 11
OWN
10000011111000220
11020002111221000
01020222222201001
01220122222200001
01211101111002211
00211201112222211
20200110010020112
20000022012020002
21111220012020002
00001111012000000
STEP 38 P1 MOVE -1 -1 -1 -1
OWN
10000011111000220
11020002111221000
01020222222201001
01220122222200001
01211101111002211
00211201112222211
20200110010020112
20000022012020002
21111220012020002
00001111012000000
STEP 39 P2 MOVE -1 -1 -1 -1
OWN
10000011111000220
11020002111221000
01020222222201001
01220122222200001
01211101111002211
00211201112222211
20200110010020112
20000022012020002
21111220012020002
00001111012000000
RESULT first=51 second=49 winner=1
ANALYSIS winner=P1 score=51-49 reason=Ľ±°řŔĚÁˇ steal(w/l)=10/9 neu(w/l)=50/50
