BOARD
65864591652333399
79892319668316491
25777442163142881
21684248294435448
94749453561176857
28987688278247978
65317777484766395
23478931789813418
73879727641728682
24574467821861583
STEP 0 P1 MOVE 2 0 3 1
OWN
00000000000000000
00000000000000000
11000000000000000
11000000000000000
00000000000000000
00000000000000000
00000000000000000
00000000000000000
00000000000000000
00000000000000000
STEP 1 P2 MOVE 1 16 3 16
OWN
00000000000000000
00000000000000002
11000000000000002
11000000000000002
00000000000000000
00000000000000000
00000000000000000
00000000000000000
00000000000000000
00000000000000000
STEP 2 P1 MOVE 7 1 9 1
OWN
00000000000000000
00000000000000002
11000000000000002
11000000000000002
00000000000000000
00000000000000000
00000000000000000
01000000000000000
01000000000000000
01000000000000000
STEP 3 P2 MOVE 5 0 7 0
OWN
00000000000000000
00000000000000002
11000000000000002
11000000000000002
00000000000000000
20000000000000000
20000000000000000
21000000000000000
01000000000000000
01000000000000000
STEP 4 P1 MOVE 1 6 1 7
OWN
00000000000000000
00000011000000002
11000000000000002
11000000000000002
00000000000000000
20000000000000000
20000000000000000
21000000000000000
01000000000000000
01000000000000000
STEP 5 P2 MOVE 7 10 8 10
OWN
00000000000000000
00000011000000002
11000000000000002
11000000000000002
00000000000000000
20000000000000000
20000000000000000
21000000002000000
01000000002000000
01000000000000000
STEP 6 P1 MOVE 7 16 8 16
OWN
00000000000000000
00000011000000002
11000000000000002
11000000000000002
00000000000000000
20000000000000000
20000000000000000
21000000002000001
01000000002000001
01000000000000000
STEP 7 P2 MOVE 0 11 1 12
OWN
00000000000220000
00000011000220002
11000000000000002
11000000000000002
00000000000000000
20000000000000000
20000000000000000
21000000002000001
01000000002000001
01000000000000000
STEP 8 P1 MOVE 2 10 2 13
OWN
00000000000220000
00000011000220002
11000000001111002
11000000000000002
00000000000000000
20000000000000000
20000000000000000
21000000002000001
01000000002000001
01000000000000000
STEP 9 P2 MOVE 3 10 4 11
OWN
00000000000220000
00000011000220002
11000000001111002
11000000002200002
00000000002200000
20000000000000000
20000000000000000
21000000002000001
01000000002000001
01000000000000000
STEP 10 P1 MOVE 3 4 3 6
OWN
00000000000220000
00000011000220002
11000000001111002
11001110002200002
00000000002200000
20000000000000000
20000000000000000
21000000002000001
01000000002000001
01000000000000000
STEP 11 P2 MOVE 3 7 3 8
OWN
00000000000220000
00000011000220002
11000000001111002
11001112202200002
00000000002200000
20000000000000000
20000000000000000
21000000002000001
01000000002000001
01000000000000000
STEP 12 P1 MOVE 0 10 1 10
OWN
00000000001220000
00000011001220002
11000000001111002
11001112202200002
00000000002200000
20000000000000000
20000000000000000
21000000002000001
01000000002000001
01000000000000000
STEP 13 P2 MOVE 0 6 0 7
OWN
00000022001220000
00000011001220002
11000000001111002
11001112202200002
00000000002200000
20000000000000000
20000000000000000
21000000002000001
01000000002000001
01000000000000000
STEP 14 P1 MOVE 1 13 1 14
OWN
00000022001220000
00000011001221102
11000000001111002
11001112202200002
00000000002200000
20000000000000000
20000000000000000
21000000002000001
01000000002000001
01000000000000000
STEP 15 P2 MOVE 3 12 4 12
OWN
00000022001220000
00000011001221102
11000000001111002
11001112202220002
00000000002220000
20000000000000000
20000000000000000
21000000002000001
01000000002000001
01000000000000000
STEP 16 P1 MOVE 4 5 5 5
OWN
00000022001220000
00000011001221102
11000000001111002
11001112202220002
00000100002220000
20000100000000000
20000000000000000
21000000002000001
01000000002000001
01000000000000000
STEP 17 P2 MOVE 2 5 2 7
OWN
00000022001220000
00000011001221102
11000222001111002
11001112202220002
00000100002220000
20000100000000000
20000000000000000
21000000002000001
01000000002000001
01000000000000000
STEP 18 P1 MOVE 5 10 5 11
OWN
00000022001220000
00000011001221102
11000222001111002
11001112202220002
00000100002220000
20000100001100000
20000000000000000
21000000002000001
01000000002000001
01000000000000000
STEP 19 P2 MOVE 6 15 7 15
OWN
00000022001220000
00000011001221102
11000222001111002
11001112202220002
00000100002220000
20000100001100000
20000000000000020
21000000002000021
01000000002000001
01000000000000000
STEP 20 P1 MOVE 9 5 9 6
OWN
00000022001220000
00000011001221102
11000222001111002
11001112202220002
00000100002220000
20000100001100000
20000000000000020
21000000002000021
01000000002000001
01000110000000000
STEP 21 P2 MOVE 7 14 8 14
OWN
00000022001220000
00000011001221102
11000222001111002
11001112202220002
00000100002220000
20000100001100000
20000000000000020
21000000002000221
01000000002000201
01000110000000000
STEP 22 P1 MOVE 9 8 9 9
OWN
00000022001220000
00000011001221102
11000222001111002
11001112202220002
00000100002220000
20000100001100000
20000000000000020
21000000002000221
01000000002000201
01000110110000000
STEP 23 P2 MOVE 8 8 8 9
OWN
00000022001220000
00000011001221102
11000222001111002
11001112202220002
00000100002220000
20000100001100000
20000000000000020
21000000002000221
01000000222000201
01000110110000000
STEP 24 P1 MOVE 5 12 6 12
OWN
00000022001220000
00000011001221102
11000222001111002
11001112202220002
00000100002220000
20000100001110000
20000000000010020
21000000002000221
01000000222000201
01000110110000000
STEP 25 P2 MOVE 8 12 8 13
OWN
00000022001220000
00000011001221102
11000222001111002
11001112202220002
00000100002220000
20000100001110000
20000000000010020
21000000002000221
01000000222022201
01000110110000000
STEP 26 P1 MOVE 1 5 2 8
OWN
00000022001220000
00000111101221102
11000111101111002
11001112202220002
00000100002220000
20000100001110000
20000000000010020
21000000002000221
01000000222022201
01000110110000000
STEP 27 P2 MOVE 0 5 4 6
OWN
00000222001220000
00000221101221102
11000221101111002
11001222202220002
00000220002220000
20000100001110000
20000000000010020
21000000002000221
01000000222022201
01000110110000000
STEP 28 P1 MOVE 0 4 0 8
OWN
00001111101220000
00000221101221102
11000221101111002
11001222202220002
00000220002220000
20000100001110000
20000000000010020
21000000002000221
01000000222022201
01000110110000000
STEP 29 P2 MOVE 6 12 7 13
OWN
00001111101220000
00000221101221102
11000221101111002
11001222202220002
00000220002220000
20000100001110000
20000000000022020
21000000002022221
01000000222022201
01000110110000000
STEP 30 P1 MOVE 6 11 6 14
OWN
00001111101220000
00000221101221102
11000221101111002
11001222202220002
00000220002220000
20000100001110000
20000000000111120
21000000002022221
01000000222022201
01000110110000000
STEP 31 P2 MOVE -1 -1 -1 -1
OWN
00001111101220000
00000221101221102
11000221101111002
11001222202220002
00000220002220000
20000100001110000
20000000000111120
21000000002022221
01000000222022201
01000110110000000
STEP 32 P1 MOVE -1 -1 -1 -1
OWN
00001111101220000
00000221101221102
11000221101111002
11001222202220002
00000220002220000
20000100001110000
20000000000111120
21000000002022221
01000000222022201
01000110110000000
RESULT first=39 second=38 winner=1
ANALYSIS winner=P1 score=39-38 reason=Ľ±°řŔĚÁˇ steal(w/l)=8/8 neu(w/l)=39/38
