BOARD
18659623871986217
46975988263312658
33196766623458411
95638866642693452
61528794598369619
36525162783558478
95843247753311154
76989297321534299
35158525747149984
13697141915731797
STEP 0 P1 MOVE 6 5 9 5
OWN
00000000000000000
00000000000000000
00000000000000000
00000000000000000
00000000000000000
00000000000000000
00000100000000000
00000100000000000
00000100000000000
00000100000000000
STEP 1 P2 MOVE 0 14 0 16
OWN
00000000000000222
00000000000000000
00000000000000000
00000000000000000
00000000000000000
00000000000000000
00000100000000000
00000100000000000
00000100000000000
00000100000000000
STEP 2 P1 MOVE 1 2 2 2
OWN
00000000000000222
00100000000000000
00100000000000000
00000000000000000
00000000000000000
00000000000000000
00000100000000000
00000100000000000
00000100000000000
00000100000000000
STEP 3 P2 MOVE 6 14 6 16
OWN
00000000000000222
00100000000000000
00100000000000000
00000000000000000
00000000000000000
00000000000000000
00000100000000222
00000100000000000
00000100000000000
00000100000000000
STEP 4 P1 MOVE 9 0 9 2
OWN
00000000000000222
00100000000000000
00100000000000000
00000000000000000
00000000000000000
00000000000000000
00000100000000222
00000100000000000
00000100000000000
11100100000000000
STEP 5 P2 MOVE 1 7 1 8
OWN
00000000000000222
00100002200000000
00100000000000000
00000000000000000
00000000000000000
00000000000000000
00000100000000222
00000100000000000
00000100000000000
11100100000000000
STEP 6 P1 MOVE 7 0 8 0
OWN
00000000000000222
00100002200000000
00100000000000000
00000000000000000
00000000000000000
00000000000000000
00000100000000222
10000100000000000
10000100000000000
11100100000000000
STEP 7 P2 MOVE 1 0 1 1
OWN
00000000000000222
22100002200000000
00100000000000000
00000000000000000
00000000000000000
00000000000000000
00000100000000222
10000100000000000
10000100000000000
11100100000000000
STEP 8 P1 MOVE 7 7 7 8
OWN
00000000000000222
22100002200000000
00100000000000000
00000000000000000
00000000000000000
00000000000000000
00000100000000222
10000101100000000
10000100000000000
11100100000000000
STEP 9 P2 MOVE 4 15 4 16
OWN
00000000000000222
22100002200000000
00100000000000000
00000000000000000
00000000000000022
00000000000000000
00000100000000222
10000101100000000
10000100000000000
11100100000000000
STEP 10 P1 MOVE 9 11 9 12
OWN
00000000000000222
22100002200000000
00100000000000000
00000000000000000
00000000000000022
00000000000000000
00000100000000222
10000101100000000
10000100000000000
11100100000110000
STEP 11 P2 MOVE 0 6 1 6
OWN
00000020000000222
22100022200000000
00100000000000000
00000000000000000
00000000000000022
00000000000000000
00000100000000222
10000101100000000
10000100000000000
11100100000110000
STEP 12 P1 MOVE 0 10 0 11
OWN
00000020001100222
22100022200000000
00100000000000000
00000000000000000
00000000000000022
00000000000000000
00000100000000222
10000101100000000
10000100000000000
11100100000110000
STEP 13 P2 MOVE 3 7 4 7
OWN
00000020001100222
22100022200000000
00100000000000000
00000002000000000
00000002000000022
00000000000000000
00000100000000222
10000101100000000
10000100000000000
11100100000110000
STEP 14 P1 MOVE 3 8 3 9
OWN
00000020001100222
22100022200000000
00100000000000000
00000002110000000
00000002000000022
00000000000000000
00000100000000222
10000101100000000
10000100000000000
11100100000110000
STEP 15 P2 MOVE 3 10 4 10
OWN
00000020001100222
22100022200000000
00100000000000000
00000002112000000
00000002002000022
00000000000000000
00000100000000222
10000101100000000
10000100000000000
11100100000110000
STEP 16 P1 MOVE 4 2 5 2
OWN
00000020001100222
22100022200000000
00100000000000000
00000002112000000
00100002002000022
00100000000000000
00000100000000222
10000101100000000
10000100000000000
11100100000110000
STEP 17 P2 MOVE 4 3 4 4
OWN
00000020001100222
22100022200000000
00100000000000000
00000002112000000
00122002002000022
00100000000000000
00000100000000222
10000101100000000
10000100000000000
11100100000110000
STEP 18 P1 MOVE 8 13 9 13
OWN
00000020001100222
22100022200000000
00100000000000000
00000002112000000
00122002002000022
00100000000000000
00000100000000222
10000101100000000
10000100000001000
11100100000111000
STEP 19 P2 MOVE 5 6 6 6
OWN
00000020001100222
22100022200000000
00100000000000000
00000002112000000
00122002002000022
00100020000000000
00000120000000222
10000101100000000
10000100000001000
11100100000111000
STEP 20 P1 MOVE 5 3 5 7
OWN
00000020001100222
22100022200000000
00100000000000000
00000002112000000
00122002002000022
00111111000000000
00000120000000222
10000101100000000
10000100000001000
11100100000111000
STEP 21 P2 MOVE 6 4 6 7
OWN
00000020001100222
22100022200000000
00100000000000000
00000002112000000
00122002002000022
00111111000000000
00002222000000222
10000101100000000
10000100000001000
11100100000111000
STEP 22 P1 MOVE 2 11 3 11
OWN
00000020001100222
22100022200000000
00100000000100000
00000002112100000
00122002002000022
00111111000000000
00002222000000222
10000101100000000
10000100000001000
11100100000111000
STEP 23 P2 MOVE 2 9 2 12
OWN
00000020001100222
22100022200000000
00100000022220000
00000002112100000
00122002002000022
00111111000000000
00002222000000222
10000101100000000
10000100000001000
11100100000111000
STEP 24 P1 MOVE 1 13 2 13
OWN
00000020001100222
22100022200001000
00100000022221000
00000002112100000
00122002002000022
00111111000000000
00002222000000222
10000101100000000
10000100000001000
11100100000111000
STEP 25 P2 MOVE 1 11 1 14
OWN
00000020001100222
22100022200222200
00100000022221000
00000002112100000
00122002002000022
00111111000000000
00002222000000222
10000101100000000
10000100000001000
11100100000111000
STEP 26 P1 MOVE 2 8 2 14
OWN
00000020001100222
22100022200222200
00100000111111100
00000002112100000
00122002002000022
00111111000000000
00002222000000222
10000101100000000
10000100000001000
11100100000111000
STEP 27 P2 MOVE 1 10 7 10
OWN
00000020001100222
22100022202222200
00100000112111100
00000002112100000
00122002002000022
00111111002000000
00002222002000222
10000101102000000
10000100000001000
11100100000111000
STEP 28 P1 MOVE 6 9 6 13
OWN
00000020001100222
22100022202222200
00100000112111100
00000002112100000
00122002002000022
00111111002000000
00002222011111222
10000101102000000
10000100000001000
11100100000111000
STEP 29 P2 MOVE 5 11 7 11
OWN
00000020001100222
22100022202222200
00100000112111100
00000002112100000
00122002002000022
00111111002200000
00002222011211222
10000101102200000
10000100000001000
11100100000111000
STEP 30 P1 MOVE 2 14 3 15
OWN
00000020001100222
22100022202222200
00100000112111110
00000002112100110
00122002002000022
00111111002200000
00002222011211222
10000101102200000
10000100000001000
11100100000111000
STEP 31 P2 MOVE 4 14 5 14
OWN
00000020001100222
22100022202222200
00100000112111110
00000002112100110
00122002002000222
00111111002200200
00002222011211222
10000101102200000
10000100000001000
11100100000111000
STEP 32 P1 MOVE 8 4 8 6
OWN
00000020001100222
22100022202222200
00100000112111110
00000002112100110
00122002002000222
00111111002200200
00002222011211222
10000101102200000
10001110000001000
11100100000111000
STEP 33 P2 MOVE 8 6 9 7
OWN
00000020001100222
22100022202222200
00100000112111110
00000002112100110
00122002002000222
00111111002200200
00002222011211222
10000101102200000
10001122000001000
11100122000111000
STEP 34 P1 MOVE 9 8 9 9
OWN
00000020001100222
22100022202222200
00100000112111110
00000002112100110
00122002002000222
00111111002200200
00002222011211222
10000101102200000
10001122000001000
11100122110111000
STEP 35 P2 MOVE 5 9 7 9
OWN
00000020001100222
22100022202222200
00100000112111110
00000002112100110
00122002002000222
00111111022200200
00002222021211222
10000101122200000
10001122000001000
11100122110111000
STEP 36 P1 MOVE 6 8 7 12
OWN
00000020001100222
22100022202222200
00100000112111110
00000002112100110
00122002002000222
00111111022200200
00002222111111222
10000101111110000
10001122000001000
11100122110111000
STEP 37 P2 MOVE 5 11 8 12
OWN
00000020001100222
22100022202222200
00100000112111110
00000002112100110
00122002002000222
00111111022220200
00002222111221222
10000101111220000
10001122000221000
11100122110111000
STEP 38 P1 MOVE 4 10 8 11
OWN
00000020001100222
22100022202222200
00100000112111110
00000002112100110
00122002001100222
00111111021120200
00002222111121222
10000101111120000
10001122001121000
11100122110111000
STEP 39 P2 MOVE -1 -1 -1 -1
OWN
00000020001100222
22100022202222200
00100000112111110
00000002112100110
00122002001100222
00111111021120200
00002222111121222
10000101111120000
10001122001121000
11100122110111000
STEP 40 P1 MOVE -1 -1 -1 -1
OWN
00000020001100222
22100022202222200
00100000112111110
00000002112100110
00122002001100222
00111111021120200
00002222111121222
10000101111120000
10001122001121000
11100122110111000
RESULT first=54 second=40 winner=1
ANALYSIS winner=P1 score=54-40 reason=Ĺ»ĂëżěŔ§(+6Ä­ »©ľŃŔ˝,2ąčČż°ú) steal(w/l)=17/11 neu(w/l)=48/46
