BOARD
89226332462385327
42747341635438377
31239236365888533
53566742426249251
84281691358425241
73726881265919687
85659622457964186
14236371827785619
59582949769624983
81954671831647623
STEP 0 P1 MOVE 0 6 1 7
OWN
00000011000000000
00000011000000000
00000000000000000
00000000000000000
00000000000000000
00000000000000000
00000000000000000
00000000000000000
00000000000000000
00000000000000000
STEP 1 P2 MOVE 7 0 7 3
OWN
00000011000000000
00000011000000000
00000000000000000
00000000000000000
00000000000000000
00000000000000000
00000000000000000
22220000000000000
00000000000000000
00000000000000000
STEP 2 P1 MOVE 1 14 3 14
OWN
00000011000000000
00000011000000100
00000000000000100
00000000000000100
00000000000000000
00000000000000000
00000000000000000
22220000000000000
00000000000000000
00000000000000000
STEP 3 P2 MOVE 9 9 9 11
OWN
00000011000000000
00000011000000100
00000000000000100
00000000000000100
00000000000000000
00000000000000000
00000000000000000
22220000000000000
00000000000000000
00000000022200000
STEP 4 P1 MOVE 1 1 4 1
OWN
00000011000000000
01000011000000100
01000000000000100
01000000000000100
01000000000000000
00000000000000000
00000000000000000
22220000000000000
00000000000000000
00000000022200000
STEP 5 P2 MOVE 4 0 4 2
OWN
00000011000000000
01000011000000100
01000000000000100
01000000000000100
22200000000000000
00000000000000000
00000000000000000
22220000000000000
00000000000000000
00000000022200000
STEP 6 P1 MOVE 0 2 0 4
OWN
00111011000000000
01000011000000100
01000000000000100
01000000000000100
22200000000000000
00000000000000000
00000000000000000
22220000000000000
00000000000000000
00000000022200000
STEP 7 P2 MOVE 0 13 0 15
OWN
00111011000002220
01000011000000100
01000000000000100
01000000000000100
22200000000000000
00000000000000000
00000000000000000
22220000000000000
00000000000000000
00000000022200000
STEP 8 P1 MOVE 2 7 5 7
OWN
00111011000002220
01000011000000100
01000001000000100
01000001000000100
22200001000000000
00000001000000000
00000000000000000
22220000000000000
00000000000000000
00000000022200000
STEP 9 P2 MOVE 3 6 3 9
OWN
00111011000002220
01000011000000100
01000001000000100
01000022220000100
22200001000000000
00000001000000000
00000000000000000
22220000000000000
00000000000000000
00000000022200000
STEP 10 P1 MOVE 6 5 6 7
OWN
00111011000002220
01000011000000100
01000001000000100
01000022220000100
22200001000000000
00000001000000000
00000111000000000
22220000000000000
00000000000000000
00000000022200000
STEP 11 P2 MOVE 5 0 5 1
OWN
00111011000002220
01000011000000100
01000001000000100
01000022220000100
22200001000000000
22000001000000000
00000111000000000
22220000000000000
00000000000000000
00000000022200000
STEP 12 P1 MOVE 3 0 3 2
OWN
00111011000002220
01000011000000100
01000001000000100
11100022220000100
22200001000000000
22000001000000000
00000111000000000
22220000000000000
00000000000000000
00000000022200000
STEP 13 P2 MOVE 0 8 1 8
OWN
00111011200002220
01000011200000100
01000001000000100
11100022220000100
22200001000000000
22000001000000000
00000111000000000
22220000000000000
00000000000000000
00000000022200000
STEP 14 P1 MOVE 9 1 9 2
OWN
00111011200002220
01000011200000100
01000001000000100
11100022220000100
22200001000000000
22000001000000000
00000111000000000
22220000000000000
00000000000000000
01100000022200000
STEP 15 P2 MOVE 1 4 1 5
OWN
00111011200002220
01002211200000100
01000001000000100
11100022220000100
22200001000000000
22000001000000000
00000111000000000
22220000000000000
00000000000000000
01100000022200000
STEP 16 P1 MOVE 8 7 9 7
OWN
00111011200002220
01002211200000100
01000001000000100
11100022220000100
22200001000000000
22000001000000000
00000111000000000
22220000000000000
00000001000000000
01100001022200000
STEP 17 P2 MOVE 1 15 2 15
OWN
00111011200002220
01002211200000120
01000001000000120
11100022220000100
22200001000000000
22000001000000000
00000111000000000
22220000000000000
00000001000000000
01100001022200000
STEP 18 P1 MOVE 5 11 5 12
OWN
00111011200002220
01002211200000120
01000001000000120
11100022220000100
22200001000000000
22000001000110000
00000111000000000
22220000000000000
00000001000000000
01100001022200000
STEP 19 P2 MOVE 1 16 2 16
OWN
00111011200002220
01002211200000122
01000001000000122
11100022220000100
22200001000000000
22000001000110000
00000111000000000
22220000000000000
00000001000000000
01100001022200000
STEP 20 P1 MOVE 4 3 5 3
OWN
00111011200002220
01002211200000122
01000001000000122
11100022220000100
22210001000000000
22010001000110000
00000111000000000
22220000000000000
00000001000000000
01100001022200000
STEP 21 P2 MOVE 7 5 7 6
OWN
00111011200002220
01002211200000122
01000001000000122
11100022220000100
22210001000000000
22010001000110000
00000111000000000
22220220000000000
00000001000000000
01100001022200000
STEP 22 P1 MOVE 7 12 8 12
OWN
00111011200002220
01002211200000122
01000001000000122
11100022220000100
22210001000000000
22010001000110000
00000111000000000
22220220000010000
00000001000010000
01100001022200000
STEP 23 P2 MOVE 6 12 9 12
OWN
00111011200002220
01002211200000122
01000001000000122
11100022220000100
22210001000000000
22010001000110000
00000111000020000
22220220000020000
00000001000020000
01100001022220000
STEP 24 P1 MOVE 8 11 8 13
OWN
00111011200002220
01002211200000122
01000001000000122
11100022220000100
22210001000000000
22010001000110000
00000111000020000
22220220000020000
00000001000111000
01100001022220000
STEP 25 P2 MOVE 9 4 9 5
OWN
00111011200002220
01002211200000122
01000001000000122
11100022220000100
22210001000000000
22010001000110000
00000111000020000
22220220000020000
00000001000111000
01102201022220000
STEP 26 P1 MOVE 7 15 7 16
OWN
00111011200002220
01002211200000122
01000001000000122
11100022220000100
22210001000000000
22010001000110000
00000111000020000
22220220000020011
00000001000111000
01102201022220000
STEP 27 P2 MOVE 8 15 9 15
OWN
00111011200002220
01002211200000122
01000001000000122
11100022220000100
22210001000000000
22010001000110000
00000111000020000
22220220000020011
00000001000111020
01102201022220020
STEP 28 P1 MOVE 7 8 7 9
OWN
00111011200002220
01002211200000122
01000001000000122
11100022220000100
22210001000000000
22010001000110000
00000111000020000
22220220110020011
00000001000111020
01102201022220020
STEP 29 P2 MOVE 4 7 7 8
OWN
00111011200002220
01002211200000122
01000001000000122
11100022220000100
22210002200000000
22010002200110000
00000112200020000
22220222210020011
00000001000111020
01102201022220020
STEP 30 P1 MOVE 2 8 8 8
OWN
00111011200002220
01002211200000122
01000001100000122
11100022120000100
22210002100000000
22010002100110000
00000112100020000
22220222110020011
00000001100111020
01102201022220020
STEP 31 P2 MOVE 8 6 8 9
OWN
00111011200002220
01002211200000122
01000001100000122
11100022120000100
22210002100000000
22010002100110000
00000112100020000
22220222110020011
00000022220111020
01102201022220020
STEP 32 P1 MOVE 1 10 2 10
OWN
00111011200002220
01002211201000122
01000001101000122
11100022120000100
22210002100000000
22010002100110000
00000112100020000
22220222110020011
00000022220111020
01102201022220020
STEP 33 P2 MOVE 1 9 1 12
OWN
00111011200002220
01002211222220122
01000001101000122
11100022120000100
22210002100000000
22010002100110000
00000112100020000
22220222110020011
00000022220111020
01102201022220020
STEP 34 P1 MOVE -1 -1 -1 -1
OWN
00111011200002220
01002211222220122
01000001101000122
11100022120000100
22210002100000000
22010002100110000
00000112100020000
22220222110020011
00000022220111020
01102201022220020
STEP 35 P2 MOVE -1 -1 -1 -1
OWN
00111011200002220
01002211222220122
01000001101000122
11100022120000100
22210002100000000
22010002100110000
00000112100020000
22220222110020011
00000022220111020
01102201022220020
RESULT first=38 second=47 winner=2
ANALYSIS winner=P2 score=38-47 reason=Ĺ»ĂëżěŔ§(+5Ä­ »©ľŃŔ˝,2ąčČż°ú) / żŞŔü˝Â steal(w/l)=11/6 neu(w/l)=42/43
