BOARD
22234945423413491
52417436441942331
21152497431149311
68489974864841459
79721452834385357
97599183299876679
33426722737942356
68256674618858788
28164111418887259
24936532814324769
STEP 0 P1 MOVE 0 9 0 12
OWN
00000000011110000
00000000000000000
00000000000000000
00000000000000000
00000000000000000
00000000000000000
00000000000000000
00000000000000000
00000000000000000
00000000000000000
STEP 1 P2 MOVE 0 2 1 3
OWN
00220000011110000
00220000000000000
00000000000000000
00000000000000000
00000000000000000
00000000000000000
00000000000000000
00000000000000000
00000000000000000
00000000000000000
STEP 2 P1 MOVE 1 10 4 10
OWN
00220000011110000
00220000001000000
00000000001000000
00000000001000000
00000000001000000
00000000000000000
00000000000000000
00000000000000000
00000000000000000
00000000000000000
STEP 3 P2 MOVE 9 9 9 12
OWN
00220000011110000
00220000001000000
00000000001000000
00000000001000000
00000000001000000
00000000000000000
00000000000000000
00000000000000000
00000000000000000
00000000022220000
STEP 4 P1 MOVE 9 5 9 7
OWN
00220000011110000
00220000001000000
00000000001000000
00000000001000000
00000000001000000
00000000000000000
00000000000000000
00000000000000000
00000000000000000
00000111022220000
STEP 5 P2 MOVE 3 13 3 15
OWN
00220000011110000
00220000001000000
00000000001000000
00000000001002220
00000000001000000
00000000000000000
00000000000000000
00000000000000000
00000000000000000
00000111022220000
STEP 6 P1 MOVE 1 14 2 15
OWN
00220000011110000
00220000001000110
00000000001000110
00000000001002220
00000000001000000
00000000000000000
00000000000000000
00000000000000000
00000000000000000
00000111022220000
STEP 7 P2 MOVE 6 0 6 2
OWN
00220000011110000
00220000001000110
00000000001000110
00000000001002220
00000000001000000
00000000000000000
22200000000000000
00000000000000000
00000000000000000
00000111022220000
STEP 8 P1 MOVE 7 0 9 0
OWN
00220000011110000
00220000001000110
00000000001000110
00000000001002220
00000000001000000
00000000000000000
22200000000000000
10000000000000000
10000000000000000
10000111022220000
STEP 9 P2 MOVE 4 2 4 4
OWN
00220000011110000
00220000001000110
00000000001000110
00000000001002220
00222000001000000
00000000000000000
22200000000000000
10000000000000000
10000000000000000
10000111022220000
STEP 10 P1 MOVE 7 7 7 8
OWN
00220000011110000
00220000001000110
00000000001000110
00000000001002220
00222000001000000
00000000000000000
22200000000000000
10000001100000000
10000000000000000
10000111022220000
STEP 11 P2 MOVE 6 9 6 10
OWN
00220000011110000
00220000001000110
00000000001000110
00000000001002220
00222000001000000
00000000000000000
22200000022000000
10000001100000000
10000000000000000
10000111022220000
STEP 12 P1 MOVE 2 16 3 16
OWN
00220000011110000
00220000001000110
00000000001000111
00000000001002221
00222000001000000
00000000000000000
22200000022000000
10000001100000000
10000000000000000
10000111022220000
STEP 13 P2 MOVE 1 11 2 11
OWN
00220000011110000
00220000001200110
00000000001200111
00000000001002221
00222000001000000
00000000000000000
22200000022000000
10000001100000000
10000000000000000
10000111022220000
STEP 14 P1 MOVE 6 6 8 6
OWN
00220000011110000
00220000001200110
00000000001200111
00000000001002221
00222000001000000
00000000000000000
22200010022000000
10000011100000000
10000010000000000
10000111022220000
STEP 15 P2 MOVE 1 9 1 13
OWN
00220000011110000
00220000022222110
00000000001200111
00000000001002221
00222000001000000
00000000000000000
22200010022000000
10000011100000000
10000010000000000
10000111022220000
STEP 16 P1 MOVE 8 4 8 8
OWN
00220000011110000
00220000022222110
00000000001200111
00000000001002221
00222000001000000
00000000000000000
22200010022000000
10000011100000000
10001111100000000
10000111022220000
STEP 17 P2 MOVE 7 8 9 9
OWN
00220000011110000
00220000022222110
00000000001200111
00000000001002221
00222000001000000
00000000000000000
22200010022000000
10000011220000000
10001111220000000
10000111222220000
STEP 18 P1 MOVE 7 1 7 2
OWN
00220000011110000
00220000022222110
00000000001200111
00000000001002221
00222000001000000
00000000000000000
22200010022000000
11100011220000000
10001111220000000
10000111222220000
STEP 19 P2 MOVE 0 15 0 16
OWN
00220000011110022
00220000022222110
00000000001200111
00000000001002221
00222000001000000
00000000000000000
22200010022000000
11100011220000000
10001111220000000
10000111222220000
STEP 20 P1 MOVE 6 13 7 13
OWN
00220000011110022
00220000022222110
00000000001200111
00000000001002221
00222000001000000
00000000000000000
22200010022001000
11100011220001000
10001111220000000
10000111222220000
STEP 21 P2 MOVE 1 7 1 8
OWN
00220000011110022
00220002222222110
00000000001200111
00000000001002221
00222000001000000
00000000000000000
22200010022001000
11100011220001000
10001111220000000
10000111222220000
STEP 22 P1 MOVE 4 8 5 8
OWN
00220000011110022
00220002222222110
00000000001200111
00000000001002221
00222000101000000
00000000100000000
22200010022001000
11100011220001000
10001111220000000
10000111222220000
STEP 23 P2 MOVE 4 6 4 9
OWN
00220000011110022
00220002222222110
00000000001200111
00000000001002221
00222022221000000
00000000100000000
22200010022001000
11100011220001000
10001111220000000
10000111222220000
STEP 24 P1 MOVE 8 2 9 2
OWN
00220000011110022
00220002222222110
00000000001200111
00000000001002221
00222022221000000
00000000100000000
22200010022001000
11100011220001000
10101111220000000
10100111222220000
STEP 25 P2 MOVE 9 4 9 13
OWN
00220000011110022
00220002222222110
00000000001200111
00000000001002221
00222022221000000
00000000100000000
22200010022001000
11100011220001000
10101111220000000
10102222222222000
STEP 26 P1 MOVE 2 2 5 2
OWN
00220000011110022
00220002222222110
00100000001200111
00100000001002221
00122022221000000
00100000100000000
22200010022001000
11100011220001000
10101111220000000
10102222222222000
STEP 27 P2 MOVE 0 1 2 3
OWN
02220000011110022
02220002222222110
02220000001200111
00100000001002221
00122022221000000
00100000100000000
22200010022001000
11100011220001000
10101111220000000
10102222222222000
STEP 28 P1 MOVE 9 3 9 14
OWN
02220000011110022
02220002222222110
02220000001200111
00100000001002221
00122022221000000
00100000100000000
22200010022001000
11100011220001000
10101111220000000
10111111111111100
STEP 29 P2 MOVE 9 1 9 15
OWN
02220000011110022
02220002222222110
02220000001200111
00100000001002221
00122022221000000
00100000100000000
22200010022001000
11100011220001000
10101111220000000
12222222222222220
STEP 30 P1 MOVE 5 4 5 5
OWN
02220000011110022
02220002222222110
02220000001200111
00100000001002221
00122022221000000
00101100100000000
22200010022001000
11100011220001000
10101111220000000
12222222222222220
STEP 31 P2 MOVE 6 14 7 14
OWN
02220000011110022
02220002222222110
02220000001200111
00100000001002221
00122022221000000
00101100100000000
22200010022001200
11100011220001200
10101111220000000
12222222222222220
STEP 32 P1 MOVE -1 -1 -1 -1
OWN
02220000011110022
02220002222222110
02220000001200111
00100000001002221
00122022221000000
00101100100000000
22200010022001200
11100011220001200
10101111220000000
12222222222222220
STEP 33 P2 MOVE -1 -1 -1 -1
OWN
02220000011110022
02220002222222110
02220000001200111
00100000001002221
00122022221000000
00101100100000000
22200010022001200
11100011220001200
10101111220000000
12222222222222220
RESULT first=34 second=54 winner=2
ANALYSIS winner=P2 score=34-54 reason=탈취우위(+10칸 빼앗음,2배효과) steal(w/l)=21/11 neu(w/l)=44/44
