BOARD
49796524896361485
28981444532912748
13914715982385658
63885726931639919
52225654471344616
24532765671623715
86721412619298269
99538291255557142
23879344935392646
32614838366963131
STEP 0 P1 MOVE 4 3 7 3
OWN
00000000000000000
00000000000000000
00000000000000000
00000000000000000
00010000000000000
00010000000000000
00010000000000000
00010000000000000
00000000000000000
00000000000000000
STEP 1 P2 MOVE 6 14 9 14
OWN
00000000000000000
00000000000000000
00000000000000000
00000000000000000
00010000000000000
00010000000000000
00010000000000200
00010000000000200
00000000000000200
00000000000000200
STEP 2 P1 MOVE 8 0 9 1
OWN
00000000000000000
00000000000000000
00000000000000000
00000000000000000
00010000000000000
00010000000000000
00010000000000200
00010000000000200
11000000000000200
11000000000000200
STEP 3 P2 MOVE 0 12 1 13
OWN
00000000000022000
00000000000022000
00000000000000000
00000000000000000
00010000000000000
00010000000000000
00010000000000200
00010000000000200
11000000000000200
11000000000000200
STEP 4 P1 MOVE 3 10 3 12
OWN
00000000000022000
00000000000022000
00000000000000000
00000000001110000
00010000000000000
00010000000000000
00010000000000200
00010000000000200
11000000000000200
11000000000000200
STEP 5 P2 MOVE 0 10 2 10
OWN
00000000002022000
00000000002022000
00000000002000000
00000000001110000
00010000000000000
00010000000000000
00010000000000200
00010000000000200
11000000000000200
11000000000000200
STEP 6 P1 MOVE 1 4 3 4
OWN
00000000002022000
00001000002022000
00001000002000000
00001000001110000
00010000000000000
00010000000000000
00010000000000200
00010000000000200
11000000000000200
11000000000000200
STEP 7 P2 MOVE 4 13 4 14
OWN
00000000002022000
00001000002022000
00001000002000000
00001000001110000
00010000000002200
00010000000000000
00010000000000200
00010000000000200
11000000000000200
11000000000000200
STEP 8 P1 MOVE 7 11 7 12
OWN
00000000002022000
00001000002022000
00001000002000000
00001000001110000
00010000000002200
00010000000000000
00010000000000200
00010000000110200
11000000000000200
11000000000000200
STEP 9 P2 MOVE 5 10 6 10
OWN
00000000002022000
00001000002022000
00001000002000000
00001000001110000
00010000000002200
00010000002000000
00010000002000200
00010000000110200
11000000000000200
11000000000000200
STEP 10 P1 MOVE 4 8 5 8
OWN
00000000002022000
00001000002022000
00001000002000000
00001000001110000
00010000100002200
00010000102000000
00010000002000200
00010000000110200
11000000000000200
11000000000000200
STEP 11 P2 MOVE 3 2 4 2
OWN
00000000002022000
00001000002022000
00001000002000000
00201000001110000
00210000100002200
00010000102000000
00010000002000200
00010000000110200
11000000000000200
11000000000000200
STEP 12 P1 MOVE 6 6 6 9
OWN
00000000002022000
00001000002022000
00001000002000000
00201000001110000
00210000100002200
00010000102000000
00010011112000200
00010000000110200
11000000000000200
11000000000000200
STEP 13 P2 MOVE 5 7 8 7
OWN
00000000002022000
00001000002022000
00001000002000000
00201000001110000
00210000100002200
00010002102000000
00010012112000200
00010002000110200
11000002000000200
11000000000000200
STEP 14 P1 MOVE 7 10 8 10
OWN
00000000002022000
00001000002022000
00001000002000000
00201000001110000
00210000100002200
00010002102000000
00010012112000200
00010002001110200
11000002001000200
11000000000000200
STEP 15 P2 MOVE 4 10 5 11
OWN
00000000002022000
00001000002022000
00001000002000000
00201000001110000
00210000102202200
00010002102200000
00010012112000200
00010002001110200
11000002001000200
11000000000000200
STEP 16 P1 MOVE 1 0 1 1
OWN
00000000002022000
11001000002022000
00001000002000000
00201000001110000
00210000102202200
00010002102200000
00010012112000200
00010002001110200
11000002001000200
11000000000000200
STEP 17 P2 MOVE 2 2 2 3
OWN
00000000002022000
11001000002022000
00221000002000000
00201000001110000
00210000102202200
00010002102200000
00010012112000200
00010002001110200
11000002001000200
11000000000000200
STEP 18 P1 MOVE 3 7 4 7
OWN
00000000002022000
11001000002022000
00221000002000000
00201001001110000
00210001102202200
00010002102200000
00010012112000200
00010002001110200
11000002001000200
11000000000000200
STEP 19 P2 MOVE 2 1 2 5
OWN
00000000002022000
11001000002022000
02222200002000000
00201001001110000
00210001102202200
00010002102200000
00010012112000200
00010002001110200
11000002001000200
11000000000000200
STEP 20 P1 MOVE 1 0 2 2
OWN
00000000002022000
11101000002022000
11122200002000000
00201001001110000
00210001102202200
00010002102200000
00010012112000200
00010002001110200
11000002001000200
11000000000000200
STEP 21 P2 MOVE 5 1 6 1
OWN
00000000002022000
11101000002022000
11122200002000000
00201001001110000
00210001102202200
02010002102200000
02010012112000200
00010002001110200
11000002001000200
11000000000000200
STEP 22 P1 MOVE 6 15 7 15
OWN
00000000002022000
11101000002022000
11122200002000000
00201001001110000
00210001102202200
02010002102200000
02010012112000210
00010002001110210
11000002001000200
11000000000000200
STEP 23 P2 MOVE 8 15 8 16
OWN
00000000002022000
11101000002022000
11122200002000000
00201001001110000
00210001102202200
02010002102200000
02010012112000210
00010002001110210
11000002001000222
11000000000000200
STEP 24 P1 MOVE 1 15 3 15
OWN
00000000002022000
11101000002022010
11122200002000010
00201001001110010
00210001102202200
02010002102200000
02010012112000210
00010002001110210
11000002001000222
11000000000000200
STEP 25 P2 MOVE 3 1 5 2
OWN
00000000002022000
11101000002022010
11122200002000010
02201001001110010
02210001102202200
02210002102200000
02010012112000210
00010002001110210
11000002001000222
11000000000000200
STEP 26 P1 MOVE 7 4 7 5
OWN
00000000002022000
11101000002022010
11122200002000010
02201001001110010
02210001102202200
02210002102200000
02010012112000210
00011102001110210
11000002001000222
11000000000000200
STEP 27 P2 MOVE 5 0 6 0
OWN
00000000002022000
11101000002022010
11122200002000010
02201001001110010
02210001102202200
22210002102200000
22010012112000210
00011102001110210
11000002001000222
11000000000000200
STEP 28 P1 MOVE 0 0 3 0
OWN
10000000002022000
11101000002022010
11122200002000010
12201001001110010
02210001102202200
22210002102200000
22010012112000210
00011102001110210
11000002001000222
11000000000000200
STEP 29 P2 MOVE 2 5 3 6
OWN
10000000002022000
11101000002022010
11122220002000010
12201221001110010
02210001102202200
22210002102200000
22010012112000210
00011102001110210
11000002001000222
11000000000000200
STEP 30 P1 MOVE 2 6 4 7
OWN
10000000002022000
11101000002022010
11122211002000010
12201211001110010
02210011102202200
22210002102200000
22010012112000210
00011102001110210
11000002001000222
11000000000000200
STEP 31 P2 MOVE 1 5 4 5
OWN
10000000002022000
11101200002022010
11122211002000010
12201211001110010
02210211102202200
22210002102200000
22010012112000210
00011102001110210
11000002001000222
11000000000000200
STEP 32 P1 MOVE 0 15 5 15
OWN
10000000002022010
11101200002022010
11122211002000010
12201211001110010
02210211102202210
22210002102200010
22010012112000210
00011102001110210
11000002001000222
11000000000000200
STEP 33 P2 MOVE 5 14 9 15
OWN
10000000002022010
11101200002022010
11122211002000010
12201211001110010
02210211102202210
22210002102200220
22010012112000220
00011102001110220
11000002001000222
11000000000000220
STEP 34 P1 MOVE 5 12 5 16
OWN
10000000002022010
11101200002022010
11122211002000010
12201211001110010
02210211102202210
22210002102211111
22010012112000220
00011102001110220
11000002001000222
11000000000000220
STEP 35 P2 MOVE 1 6 5 6
OWN
10000000002022010
11101220002022010
11122221002000010
12201221001110010
02210221102202210
22210022102211111
22010012112000220
00011102001110220
11000002001000222
11000000000000220
STEP 36 P1 MOVE 9 12 9 16
OWN
10000000002022010
11101220002022010
11122221002000010
12201221001110010
02210221102202210
22210022102211111
22010012112000220
00011102001110220
11000002001000222
11000000000011111
STEP 37 P2 MOVE 4 12 4 16
OWN
10000000002022010
11101220002022010
11122221002000010
12201221001110010
02210221102222222
22210022102211111
22010012112000220
00011102001110220
11000002001000222
11000000000011111
STEP 38 P1 MOVE 0 6 1 7
OWN
10000011002022010
11101211002022010
11122221002000010
12201221001110010
02210221102222222
22210022102211111
22010012112000220
00011102001110220
11000002001000222
11000000000011111
STEP 39 P2 MOVE 3 9 4 9
OWN
10000011002022010
11101211002022010
11122221002000010
12201221021110010
02210221122222222
22210022102211111
22010012112000220
00011102001110220
11000002001000222
11000000000011111
STEP 40 P1 MOVE 6 4 8 4
OWN
10000011002022010
11101211002022010
11122221002000010
12201221021110010
02210221122222222
22210022102211111
22011012112000220
00011102001110220
11001002001000222
11000000000011111
STEP 41 P2 MOVE 4 0 4 4
OWN
10000011002022010
11101211002022010
11122221002000010
12201221021110010
22222221122222222
22210022102211111
22011012112000220
00011102001110220
11001002001000222
11000000000011111
STEP 42 P1 MOVE 8 3 8 5
OWN
10000011002022010
11101211002022010
11122221002000010
12201221021110010
22222221122222222
22210022102211111
22011012112000220
00011102001110220
11011102001000222
11000000000011111
STEP 43 P2 MOVE -1 -1 -1 -1
OWN
10000011002022010
11101211002022010
11122221002000010
12201221021110010
22222221122222222
22210022102211111
22011012112000220
00011102001110220
11011102001000222
11000000000011111
STEP 44 P1 MOVE -1 -1 -1 -1
OWN
10000011002022010
11101211002022010
11122221002000010
12201221021110010
22222221122222222
22210022102211111
22011012112000220
00011102001110220
11011102001000222
11000000000011111
RESULT first=56 second=52 winner=1
ANALYSIS winner=P1 score=56-52 reason=şóÄ­Ľ±Áˇ(+6) / Ľ±°řŔĚÁˇ steal(w/l)=9/10 neu(w/l)=57/51
