BOARD
81591786238595639
53549134283512318
16116279584552227
37396619317325212
42399926517383872
63955972741388489
17723154322123243
18757414877972344
29931184796319636
86348887648258954
STEP 0 P1 MOVE 6 8 6 12
OWN
00000000000000000
00000000000000000
00000000000000000
00000000000000000
00000000000000000
00000000000000000
00000000111110000
00000000000000000
00000000000000000
00000000000000000
STEP 1 P2 MOVE 2 2 2 5
OWN
00000000000000000
00000000000000000
00222200000000000
00000000000000000
00000000000000000
00000000000000000
00000000111110000
00000000000000000
00000000000000000
00000000000000000
STEP 2 P1 MOVE 3 8 4 9
OWN
00000000000000000
00000000000000000
00222200000000000
00000000110000000
00000000110000000
00000000000000000
00000000111110000
00000000000000000
00000000000000000
00000000000000000
STEP 3 P2 MOVE 1 5 1 8
OWN
00000000000000000
00000222200000000
00222200000000000
00000000110000000
00000000110000000
00000000000000000
00000000111110000
00000000000000000
00000000000000000
00000000000000000
STEP 4 P1 MOVE 5 0 8 0
OWN
00000000000000000
00000222200000000
00222200000000000
00000000110000000
00000000110000000
10000000000000000
10000000111110000
10000000000000000
10000000000000000
00000000000000000
STEP 5 P2 MOVE 2 6 4 6
OWN
00000000000000000
00000222200000000
00222220000000000
00000020110000000
00000020110000000
10000000000000000
10000000111110000
10000000000000000
10000000000000000
00000000000000000
STEP 6 P1 MOVE 8 10 8 12
OWN
00000000000000000
00000222200000000
00222220000000000
00000020110000000
00000020110000000
10000000000000000
10000000111110000
10000000000000000
10000000001110000
00000000000000000
STEP 7 P2 MOVE 1 12 2 13
OWN
00000000000000000
00000222200022000
00222220000022000
00000020110000000
00000020110000000
10000000000000000
10000000111110000
10000000000000000
10000000001110000
00000000000000000
STEP 8 P1 MOVE 8 4 8 6
OWN
00000000000000000
00000222200022000
00222220000022000
00000020110000000
00000020110000000
10000000000000000
10000000111110000
10000000000000000
10001110001110000
00000000000000000
STEP 9 P2 MOVE 2 15 4 15
OWN
00000000000000000
00000222200022000
00222220000022020
00000020110000020
00000020110000020
10000000000000000
10000000111110000
10000000000000000
10001110001110000
00000000000000000
STEP 10 P1 MOVE 6 13 7 14
OWN
00000000000000000
00000222200022000
00222220000022020
00000020110000020
00000020110000020
10000000000000000
10000000111111100
10000000000001100
10001110001110000
00000000000000000
STEP 11 P2 MOVE 7 16 8 16
OWN
00000000000000000
00000222200022000
00222220000022020
00000020110000020
00000020110000020
10000000000000000
10000000111111100
10000000000001102
10001110001110002
00000000000000000
STEP 12 P1 MOVE 1 11 2 11
OWN
00000000000000000
00000222200122000
00222220000122020
00000020110000020
00000020110000020
10000000000000000
10000000111111100
10000000000001102
10001110001110002
00000000000000000
STEP 13 P2 MOVE 5 14 8 14
OWN
00000000000000000
00000222200122000
00222220000122020
00000020110000020
00000020110000020
10000000000000200
10000000111111200
10000000000001202
10001110001110202
00000000000000000
STEP 14 P1 MOVE 4 14 4 16
OWN
00000000000000000
00000222200122000
00222220000122020
00000020110000020
00000020110000111
10000000000000200
10000000111111200
10000000000001202
10001110001110202
00000000000000000
STEP 15 P2 MOVE 0 4 1 4
OWN
00002000000000000
00002222200122000
00222220000122020
00000020110000020
00000020110000111
10000000000000200
10000000111111200
10000000000001202
10001110001110202
00000000000000000
STEP 16 P1 MOVE 5 3 5 4
OWN
00002000000000000
00002222200122000
00222220000122020
00000020110000020
00000020110000111
10011000000000200
10000000111111200
10000000000001202
10001110001110202
00000000000000000
STEP 17 P2 MOVE 6 3 8 3
OWN
00002000000000000
00002222200122000
00222220000122020
00000020110000020
00000020110000111
10011000000000200
10020000111111200
10020000000001202
10021110001110202
00000000000000000
STEP 18 P1 MOVE 6 2 6 4
OWN
00002000000000000
00002222200122000
00222220000122020
00000020110000020
00000020110000111
10011000000000200
10111000111111200
10020000000001202
10021110001110202
00000000000000000
STEP 19 P2 MOVE 9 10 9 11
OWN
00002000000000000
00002222200122000
00222220000122020
00000020110000020
00000020110000111
10011000000000200
10111000111111200
10020000000001202
10021110001110202
00000000002200000
STEP 20 P1 MOVE 9 8 9 9
OWN
00002000000000000
00002222200122000
00222220000122020
00000020110000020
00000020110000111
10011000000000200
10111000111111200
10020000000001202
10021110001110202
00000000112200000
STEP 21 P2 MOVE 0 2 1 2
OWN
00202000000000000
00202222200122000
00222220000122020
00000020110000020
00000020110000111
10011000000000200
10111000111111200
10020000000001202
10021110001110202
00000000112200000
STEP 22 P1 MOVE 3 11 3 13
OWN
00202000000000000
00202222200122000
00222220000122020
00000020110111020
00000020110000111
10011000000000200
10111000111111200
10020000000001202
10021110001110202
00000000112200000
STEP 23 P2 MOVE 1 13 4 14
OWN
00202000000000000
00202222200122200
00222220000122220
00000020110112220
00000020110002211
10011000000000200
10111000111111200
10020000000001202
10021110001110202
00000000112200000
STEP 24 P1 MOVE 3 0 3 1
OWN
00202000000000000
00202222200122200
00222220000122220
11000020110112220
00000020110002211
10011000000000200
10111000111111200
10020000000001202
10021110001110202
00000000112200000
STEP 25 P2 MOVE 2 0 3 2
OWN
00202000000000000
00202222200122200
22222220000122220
22200020110112220
00000020110002211
10011000000000200
10111000111111200
10020000000001202
10021110001110202
00000000112200000
STEP 26 P1 MOVE 0 14 1 15
OWN
00202000000000110
00202222200122110
22222220000122220
22200020110112220
00000020110002211
10011000000000200
10111000111111200
10020000000001202
10021110001110202
00000000112200000
STEP 27 P2 MOVE 0 1 0 3
OWN
02222000000000110
00202222200122110
22222220000122220
22200020110112220
00000020110002211
10011000000000200
10111000111111200
10020000000001202
10021110001110202
00000000112200000
STEP 28 P1 MOVE 5 7 7 7
OWN
02222000000000110
00202222200122110
22222220000122220
22200020110112220
00000020110002211
10011001000000200
10111001111111200
10020001000001202
10021110001110202
00000000112200000
STEP 29 P2 MOVE 4 7 8 7
OWN
02222000000000110
00202222200122110
22222220000122220
22200020110112220
00000022110002211
10011002000000200
10111002111111200
10020002000001202
10021112001110202
00000000112200000
STEP 30 P1 MOVE 5 5 6 5
OWN
02222000000000110
00202222200122110
22222220000122220
22200020110112220
00000022110002211
10011102000000200
10111102111111200
10020002000001202
10021112001110202
00000000112200000
STEP 31 P2 MOVE 6 5 7 6
OWN
02222000000000110
00202222200122110
22222220000122220
22200020110112220
00000022110002211
10011102000000200
10111222111111200
10020222000001202
10021112001110202
00000000112200000
STEP 32 P1 MOVE -1 -1 -1 -1
OWN
02222000000000110
00202222200122110
22222220000122220
22200020110112220
00000022110002211
10011102000000200
10111222111111200
10020222000001202
10021112001110202
00000000112200000
STEP 33 P2 MOVE -1 -1 -1 -1
OWN
02222000000000110
00202222200122110
22222220000122220
22200020110112220
00000022110002211
10011102000000200
10111222111111200
10020222000001202
10021112001110202
00000000112200000
RESULT first=39 second=52 winner=2
ANALYSIS winner=P2 score=39-52 reason=탈취우위(+7칸 빼앗음,2배효과) steal(w/l)=10/3 neu(w/l)=45/46
