BOARD
25231315647863751
39515227842849484
39321667712234555
77786799654793343
94319933823324134
26345746534185254
24938969854715415
79337736981921411
43529518566285555
45918819644542163
STEP 0 P1 MOVE 0 4 0 7
OWN
00001111000000000
00000000000000000
00000000000000000
00000000000000000
00000000000000000
00000000000000000
00000000000000000
00000000000000000
00000000000000000
00000000000000000
STEP 1 P2 MOVE 6 6 8 6
OWN
00001111000000000
00000000000000000
00000000000000000
00000000000000000
00000000000000000
00000000000000000
00000020000000000
00000020000000000
00000020000000000
00000000000000000
STEP 2 P1 MOVE 5 16 7 16
OWN
00001111000000000
00000000000000000
00000000000000000
00000000000000000
00000000000000000
00000000000000001
00000020000000001
00000020000000001
00000020000000000
00000000000000000
STEP 3 P2 MOVE 0 16 2 16
OWN
00001111000000002
00000000000000002
00000000000000002
00000000000000000
00000000000000000
00000000000000001
00000020000000001
00000020000000001
00000020000000000
00000000000000000
STEP 4 P1 MOVE 6 14 7 15
OWN
00001111000000002
00000000000000002
00000000000000002
00000000000000000
00000000000000000
00000000000000001
00000020000000111
00000020000000111
00000020000000000
00000000000000000
STEP 5 P2 MOVE 3 14 3 16
OWN
00001111000000002
00000000000000002
00000000000000002
00000000000000222
00000000000000000
00000000000000001
00000020000000111
00000020000000111
00000020000000000
00000000000000000
STEP 6 P1 MOVE 9 14 9 16
OWN
00001111000000002
00000000000000002
00000000000000002
00000000000000222
00000000000000000
00000000000000001
00000020000000111
00000020000000111
00000020000000000
00000000000000111
STEP 7 P2 MOVE 5 15 8 15
OWN
00001111000000002
00000000000000002
00000000000000002
00000000000000222
00000000000000000
00000000000000021
00000020000000121
00000020000000121
00000020000000020
00000000000000111
STEP 8 P1 MOVE 2 8 2 10
OWN
00001111000000002
00000000000000002
00000000111000002
00000000000000222
00000000000000000
00000000000000021
00000020000000121
00000020000000121
00000020000000020
00000000000000111
STEP 9 P2 MOVE 4 9 4 12
OWN
00001111000000002
00000000000000002
00000000111000002
00000000000000222
00000000022220000
00000000000000021
00000020000000121
00000020000000121
00000020000000020
00000000000000111
STEP 10 P1 MOVE 1 10 5 10
OWN
00001111000000002
00000000001000002
00000000111000002
00000000001000222
00000000021220000
00000000001000021
00000020000000121
00000020000000121
00000020000000020
00000000000000111
STEP 11 P2 MOVE 8 13 8 14
OWN
00001111000000002
00000000001000002
00000000111000002
00000000001000222
00000000021220000
00000000001000021
00000020000000121
00000020000000121
00000020000002220
00000000000000111
STEP 12 P1 MOVE 0 1 0 3
OWN
01111111000000002
00000000001000002
00000000111000002
00000000001000222
00000000021220000
00000000001000021
00000020000000121
00000020000000121
00000020000002220
00000000000000111
STEP 13 P2 MOVE 1 3 1 6
OWN
01111111000000002
00022220001000002
00000000111000002
00000000001000222
00000000021220000
00000000001000021
00000020000000121
00000020000000121
00000020000002220
00000000000000111
STEP 14 P1 MOVE 8 1 8 3
OWN
01111111000000002
00022220001000002
00000000111000002
00000000001000222
00000000021220000
00000000001000021
00000020000000121
00000020000000121
01110020000002220
00000000000000111
STEP 15 P2 MOVE 2 11 5 11
OWN
01111111000000002
00022220001000002
00000000111200002
00000000001200222
00000000021220000
00000000001200021
00000020000000121
00000020000000121
01110020000002220
00000000000000111
STEP 16 P1 MOVE 4 1 5 1
OWN
01111111000000002
00022220001000002
00000000111200002
00000000001200222
01000000021220000
01000000001200021
00000020000000121
00000020000000121
01110020000002220
00000000000000111
STEP 17 P2 MOVE 2 2 3 2
OWN
01111111000000002
00022220001000002
00200000111200002
00200000001200222
01000000021220000
01000000001200021
00000020000000121
00000020000000121
01110020000002220
00000000000000111
STEP 18 P1 MOVE 9 8 9 9
OWN
01111111000000002
00022220001000002
00200000111200002
00200000001200222
01000000021220000
01000000001200021
00000020000000121
00000020000000121
01110020000002220
00000000110000111
STEP 19 P2 MOVE 8 11 8 12
OWN
01111111000000002
00022220001000002
00200000111200002
00200000001200222
01000000021220000
01000000001200021
00000020000000121
00000020000000121
01110020000222220
00000000110000111
STEP 20 P1 MOVE 9 6 9 7
OWN
01111111000000002
00022220001000002
00200000111200002
00200000001200222
01000000021220000
01000000001200021
00000020000000121
00000020000000121
01110020000222220
00000011110000111
STEP 21 P2 MOVE 9 2 9 3
OWN
01111111000000002
00022220001000002
00200000111200002
00200000001200222
01000000021220000
01000000001200021
00000020000000121
00000020000000121
01110020000222220
00220011110000111
STEP 22 P1 MOVE 8 10 9 10
OWN
01111111000000002
00022220001000002
00200000111200002
00200000001200222
01000000021220000
01000000001200021
00000020000000121
00000020000000121
01110020001222220
00220011111000111
STEP 23 P2 MOVE 0 8 0 9
OWN
01111111220000002
00022220001000002
00200000111200002
00200000001200222
01000000021220000
01000000001200021
00000020000000121
00000020000000121
01110020001222220
00220011111000111
STEP 24 P1 MOVE 0 12 1 12
OWN
01111111220010002
00022220001010002
00200000111200002
00200000001200222
01000000021220000
01000000001200021
00000020000000121
00000020000000121
01110020001222220
00220011111000111
STEP 25 P2 MOVE 5 6 5 7
OWN
01111111220010002
00022220001010002
00200000111200002
00200000001200222
01000000021220000
01000022001200021
00000020000000121
00000020000000121
01110020001222220
00220011111000111
STEP 26 P1 MOVE 7 10 7 11
OWN
01111111220010002
00022220001010002
00200000111200002
00200000001200222
01000000021220000
01000022001200021
00000020000000121
00000020001100121
01110020001222220
00220011111000111
STEP 27 P2 MOVE 0 13 0 14
OWN
01111111220012202
00022220001010002
00200000111200002
00200000001200222
01000000021220000
01000022001200021
00000020000000121
00000020001100121
01110020001222220
00220011111000111
STEP 28 P1 MOVE 7 9 7 12
OWN
01111111220012202
00022220001010002
00200000111200002
00200000001200222
01000000021220000
01000022001200021
00000020000000121
00000020011110121
01110020001222220
00220011111000111
STEP 29 P2 MOVE 3 1 4 2
OWN
01111111220012202
00022220001010002
00200000111200002
02200000001200222
02200000021220000
01000022001200021
00000020000000121
00000020011110121
01110020001222220
00220011111000111
STEP 30 P1 MOVE 4 0 4 3
OWN
01111111220012202
00022220001010002
00200000111200002
02200000001200222
11110000021220000
01000022001200021
00000020000000121
00000020011110121
01110020001222220
00220011111000111
STEP 31 P2 MOVE 2 0 3 0
OWN
01111111220012202
00022220001010002
20200000111200002
22200000001200222
11110000021220000
01000022001200021
00000020000000121
00000020011110121
01110020001222220
00220011111000111
STEP 32 P1 MOVE -1 -1 -1 -1
OWN
01111111220012202
00022220001010002
20200000111200002
22200000001200222
11110000021220000
01000022001200021
00000020000000121
00000020011110121
01110020001222220
00220011111000111
STEP 33 P2 MOVE 7 8 7 13
OWN
01111111220012202
00022220001010002
20200000111200002
22200000001200222
11110000021220000
01000022001200021
00000020000000121
00000020222222121
01110020001222220
00220011111000111
STEP 34 P1 MOVE 6 13 8 16
OWN
01111111220012202
00022220001010002
20200000111200002
22200000001200222
11110000021220000
01000022001200021
00000020000001111
00000020222221111
01110020001221111
00220011111000111
STEP 35 P2 MOVE 4 14 5 16
OWN
01111111220012202
00022220001010002
20200000111200002
22200000001200222
11110000021220222
01000022001200222
00000020000001111
00000020222221111
01110020001221111
00220011111000111
STEP 36 P1 MOVE 2 14 2 15
OWN
01111111220012202
00022220001010002
20200000111200112
22200000001200222
11110000021220222
01000022001200222
00000020000001111
00000020222221111
01110020001221111
00220011111000111
STEP 37 P2 MOVE 5 3 7 3
OWN
01111111220012202
00022220001010002
20200000111200112
22200000001200222
11110000021220222
01020022001200222
00020020000001111
00020020222221111
01110020001221111
00220011111000111
STEP 38 P1 MOVE 5 0 5 4
OWN
01111111220012202
00022220001010002
20200000111200112
22200000001200222
11110000021220222
11111022001200222
00020020000001111
00020020222221111
01110020001221111
00220011111000111
STEP 39 P2 MOVE 2 7 2 12
OWN
01111111220012202
00022220001010002
20200002222220112
22200000001200222
11110000021220222
11111022001200222
00020020000001111
00020020222221111
01110020001221111
00220011111000111
STEP 40 P1 MOVE 2 6 2 13
OWN
01111111220012202
00022220001010002
20200011111111112
22200000001200222
11110000021220222
11111022001200222
00020020000001111
00020020222221111
01110020001221111
00220011111000111
STEP 41 P2 MOVE 7 2 7 4
OWN
01111111220012202
00022220001010002
20200011111111112
22200000001200222
11110000021220222
11111022001200222
00020020000001111
00222020222221111
01110020001221111
00220011111000111
STEP 42 P1 MOVE -1 -1 -1 -1
OWN
01111111220012202
00022220001010002
20200011111111112
22200000001200222
11110000021220222
11111022001200222
00020020000001111
00222020222221111
01110020001221111
00220011111000111
STEP 43 P2 MOVE -1 -1 -1 -1
OWN
01111111220012202
00022220001010002
20200011111111112
22200000001200222
11110000021220222
11111022001200222
00020020000001111
00222020222221111
01110020001221111
00220011111000111
RESULT first=56 second=48 winner=1
ANALYSIS winner=P1 score=56-48 reason=탈취우위(+5칸 빼앗음,2배효과) steal(w/l)=16/11 neu(w/l)=51/53
