BOARD
16921476858484395
31193164738684356
99343239748663672
15397588826728147
89634792973524336
12627272629742395
81174254892874243
93974225138948539
42682326173994125
15725329379522547
STEP 0 P1 MOVE 9 3 9 5
OWN
00000000000000000
00000000000000000
00000000000000000
00000000000000000
00000000000000000
00000000000000000
00000000000000000
00000000000000000
00000000000000000
00011100000000000
STEP 1 P2 MOVE 3 0 5 0
OWN
00000000000000000
00000000000000000
00000000000000000
20000000000000000
20000000000000000
20000000000000000
00000000000000000
00000000000000000
00000000000000000
00011100000000000
STEP 2 P1 MOVE 5 1 6 2
OWN
00000000000000000
00000000000000000
00000000000000000
20000000000000000
20000000000000000
21100000000000000
01100000000000000
00000000000000000
00000000000000000
00011100000000000
STEP 3 P2 MOVE 6 8 8 8
OWN
00000000000000000
00000000000000000
00000000000000000
20000000000000000
20000000000000000
21100000000000000
01100000200000000
00000000200000000
00000000200000000
00011100000000000
STEP 4 P1 MOVE 6 10 7 10
OWN
00000000000000000
00000000000000000
00000000000000000
20000000000000000
20000000000000000
21100000000000000
01100000201000000
00000000201000000
00000000200000000
00011100000000000
STEP 5 P2 MOVE 7 9 8 9
OWN
00000000000000000
00000000000000000
00000000000000000
20000000000000000
20000000000000000
21100000000000000
01100000201000000
00000000221000000
00000000220000000
00011100000000000
STEP 6 P1 MOVE 5 7 5 9
OWN
00000000000000000
00000000000000000
00000000000000000
20000000000000000
20000000000000000
21100001110000000
01100000201000000
00000000221000000
00000000220000000
00011100000000000
STEP 7 P2 MOVE 2 4 3 4
OWN
00000000000000000
00000000000000000
00002000000000000
20002000000000000
20000000000000000
21100001110000000
01100000201000000
00000000221000000
00000000220000000
00011100000000000
STEP 8 P1 MOVE 6 4 8 4
OWN
00000000000000000
00000000000000000
00002000000000000
20002000000000000
20000000000000000
21100001110000000
01101000201000000
00001000221000000
00001000220000000
00011100000000000
STEP 9 P2 MOVE 4 10 4 12
OWN
00000000000000000
00000000000000000
00002000000000000
20002000000000000
20000000002220000
21100001110000000
01101000201000000
00001000221000000
00001000220000000
00011100000000000
STEP 10 P1 MOVE 0 7 1 7
OWN
00000001000000000
00000001000000000
00002000000000000
20002000000000000
20000000002220000
21100001110000000
01101000201000000
00001000221000000
00001000220000000
00011100000000000
STEP 11 P2 MOVE 9 8 9 9
OWN
00000001000000000
00000001000000000
00002000000000000
20002000000000000
20000000002220000
21100001110000000
01101000201000000
00001000221000000
00001000220000000
00011100220000000
STEP 12 P1 MOVE 3 12 3 13
OWN
00000001000000000
00000001000000000
00002000000000000
20002000000011000
20000000002220000
21100001110000000
01101000201000000
00001000221000000
00001000220000000
00011100220000000
STEP 13 P2 MOVE 2 12 5 12
OWN
00000001000000000
00000001000000000
00002000000020000
20002000000021000
20000000002220000
21100001110020000
01101000201000000
00001000221000000
00001000220000000
00011100220000000
STEP 14 P1 MOVE 0 11 1 11
OWN
00000001000100000
00000001000100000
00002000000020000
20002000000021000
20000000002220000
21100001110020000
01101000201000000
00001000221000000
00001000220000000
00011100220000000
STEP 15 P2 MOVE 1 8 1 9
OWN
00000001000100000
00000001220100000
00002000000020000
20002000000021000
20000000002220000
21100001110020000
01101000201000000
00001000221000000
00001000220000000
00011100220000000
STEP 16 P1 MOVE 3 7 4 7
OWN
00000001000100000
00000001220100000
00002000000020000
20002001000021000
20000001002220000
21100001110020000
01101000201000000
00001000221000000
00001000220000000
00011100220000000
STEP 17 P2 MOVE 3 8 3 9
OWN
00000001000100000
00000001220100000
00002000000020000
20002001220021000
20000001002220000
21100001110020000
01101000201000000
00001000221000000
00001000220000000
00011100220000000
STEP 18 P1 MOVE 4 13 6 13
OWN
00000001000100000
00000001220100000
00002000000020000
20002001220021000
20000001002221000
21100001110021000
01101000201001000
00001000221000000
00001000220000000
00011100220000000
STEP 19 P2 MOVE 1 14 3 14
OWN
00000001000100000
00000001220100200
00002000000020200
20002001220021200
20000001002221000
21100001110021000
01101000201001000
00001000221000000
00001000220000000
00011100220000000
STEP 20 P1 MOVE 0 2 1 2
OWN
00100001000100000
00100001220100200
00002000000020200
20002001220021200
20000001002221000
21100001110021000
01101000201001000
00001000221000000
00001000220000000
00011100220000000
STEP 21 P2 MOVE 0 0 0 4
OWN
22222001000100000
00100001220100200
00002000000020200
20002001220021200
20000001002221000
21100001110021000
01101000201001000
00001000221000000
00001000220000000
00011100220000000
STEP 22 P1 MOVE 1 1 2 1
OWN
22222001000100000
01100001220100200
01002000000020200
20002001220021200
20000001002221000
21100001110021000
01101000201001000
00001000221000000
00001000220000000
00011100220000000
STEP 23 P2 MOVE 1 4 1 6
OWN
22222001000100000
01102221220100200
01002000000020200
20002001220021200
20000001002221000
21100001110021000
01101000201001000
00001000221000000
00001000220000000
00011100220000000
STEP 24 P1 MOVE 0 6 2 6
OWN
22222011000100000
01102211220100200
01002010000020200
20002001220021200
20000001002221000
21100001110021000
01101000201001000
00001000221000000
00001000220000000
00011100220000000
STEP 25 P2 MOVE -1 -1 -1 -1
OWN
22222011000100000
01102211220100200
01002010000020200
20002001220021200
20000001002221000
21100001110021000
01101000201001000
00001000221000000
00001000220000000
00011100220000000
STEP 26 P1 MOVE 3 11 4 14
OWN
22222011000100000
01102211220100200
01002010000020200
20002001220111100
20000001002111100
21100001110021000
01101000201001000
00001000221000000
00001000220000000
00011100220000000
STEP 27 P2 MOVE 2 12 6 13
OWN
22222011000100000
01102211220100200
01002010000022200
20002001220122100
20000001002122100
21100001110022000
01101000201022000
00001000221000000
00001000220000000
00011100220000000
STEP 28 P1 MOVE 4 9 4 15
OWN
22222011000100000
01102211220100200
01002010000022200
20002001220122100
20000001011111110
21100001110022000
01101000201022000
00001000221000000
00001000220000000
00011100220000000
STEP 29 P2 MOVE 3 10 3 15
OWN
22222011000100000
01102211220100200
01002010000022200
20002001222222220
20000001011111110
21100001110022000
01101000201022000
00001000221000000
00001000220000000
00011100220000000
STEP 30 P1 MOVE 6 11 6 14
OWN
22222011000100000
01102211220100200
01002010000022200
20002001222222220
20000001011111110
21100001110022000
01101000201111100
00001000221000000
00001000220000000
00011100220000000
STEP 31 P2 MOVE 5 11 5 14
OWN
22222011000100000
01102211220100200
01002010000022200
20002001222222220
20000001011111110
21100001110222200
01101000201111100
00001000221000000
00001000220000000
00011100220000000
STEP 32 P1 MOVE -1 -1 -1 -1
OWN
22222011000100000
01102211220100200
01002010000022200
20002001222222220
20000001011111110
21100001110222200
01101000201111100
00001000221000000
00001000220000000
00011100220000000
STEP 33 P2 MOVE 7 1 9 1
OWN
22222011000100000
01102211220100200
01002010000022200
20002001222222220
20000001011111110
21100001110222200
01101000201111100
02001000221000000
02001000220000000
02011100220000000
STEP 34 P1 MOVE 9 0 9 6
OWN
22222011000100000
01102211220100200
01002010000022200
20002001222222220
20000001011111110
21100001110222200
01101000201111100
02001000221000000
02001000220000000
11111110220000000
STEP 35 P2 MOVE 8 0 8 2
OWN
22222011000100000
01102211220100200
01002010000022200
20002001222222220
20000001011111110
21100001110222200
01101000201111100
02001000221000000
22201000220000000
11111110220000000
STEP 36 P1 MOVE -1 -1 -1 -1
OWN
22222011000100000
01102211220100200
01002010000022200
20002001222222220
20000001011111110
21100001110222200
01101000201111100
02001000221000000
22201000220000000
11111110220000000
STEP 37 P2 MOVE -1 -1 -1 -1
OWN
22222011000100000
01102211220100200
01002010000022200
20002001222222220
20000001011111110
21100001110222200
01101000201111100
02001000221000000
22201000220000000
11111110220000000
RESULT first=42 second=41 winner=1
ANALYSIS winner=P1 score=42-41 reason=Ľ±°řŔĚÁˇ steal(w/l)=11/10 neu(w/l)=41/42
