BOARD
44696827112717321
37429272165619215
95121732168793344
18537826121852552
81446411453124511
28951181325272298
83293789894163743
97788823579337879
66668119147893856
15273827872466296
STEP 0 P1 MOVE 1 14 2 15
OWN
00000000000000000
00000000000000110
00000000000000110
00000000000000000
00000000000000000
00000000000000000
00000000000000000
00000000000000000
00000000000000000
00000000000000000
STEP 1 P2 MOVE 3 6 4 7
OWN
00000000000000000
00000000000000110
00000000000000110
00000022000000000
00000022000000000
00000000000000000
00000000000000000
00000000000000000
00000000000000000
00000000000000000
STEP 2 P1 MOVE 5 4 5 6
OWN
00000000000000000
00000000000000110
00000000000000110
00000022000000000
00000022000000000
00001110000000000
00000000000000000
00000000000000000
00000000000000000
00000000000000000
STEP 3 P2 MOVE 0 10 0 12
OWN
00000000002220000
00000000000000110
00000000000000110
00000022000000000
00000022000000000
00001110000000000
00000000000000000
00000000000000000
00000000000000000
00000000000000000
STEP 4 P1 MOVE 7 6 7 8
OWN
00000000002220000
00000000000000110
00000000000000110
00000022000000000
00000022000000000
00001110000000000
00000000000000000
00000011100000000
00000000000000000
00000000000000000
STEP 5 P2 MOVE 6 11 6 13
OWN
00000000002220000
00000000000000110
00000000000000110
00000022000000000
00000022000000000
00001110000000000
00000000000222000
00000011100000000
00000000000000000
00000000000000000
STEP 6 P1 MOVE 2 2 4 2
OWN
00000000002220000
00000000000000110
00100000000000110
00100022000000000
00100022000000000
00001110000000000
00000000000222000
00000011100000000
00000000000000000
00000000000000000
STEP 7 P2 MOVE 7 12 7 13
OWN
00000000002220000
00000000000000110
00100000000000110
00100022000000000
00100022000000000
00001110000000000
00000000000222000
00000011100022000
00000000000000000
00000000000000000
STEP 8 P1 MOVE 0 16 2 16
OWN
00000000002220001
00000000000000111
00100000000000111
00100022000000000
00100022000000000
00001110000000000
00000000000222000
00000011100022000
00000000000000000
00000000000000000
STEP 9 P2 MOVE 0 13 0 14
OWN
00000000002222201
00000000000000111
00100000000000111
00100022000000000
00100022000000000
00001110000000000
00000000000222000
00000011100022000
00000000000000000
00000000000000000
STEP 10 P1 MOVE 2 13 3 14
OWN
00000000002222201
00000000000000111
00100000000001111
00100022000001100
00100022000000000
00001110000000000
00000000000222000
00000011100022000
00000000000000000
00000000000000000
STEP 11 P2 MOVE 5 0 6 0
OWN
00000000002222201
00000000000000111
00100000000001111
00100022000001100
00100022000000000
20001110000000000
20000000000222000
00000011100022000
00000000000000000
00000000000000000
STEP 12 P1 MOVE 1 4 2 4
OWN
00000000002222201
00001000000000111
00101000000001111
00100022000001100
00100022000000000
20001110000000000
20000000000222000
00000011100022000
00000000000000000
00000000000000000
STEP 13 P2 MOVE 3 3 3 4
OWN
00000000002222201
00001000000000111
00101000000001111
00122022000001100
00100022000000000
20001110000000000
20000000000222000
00000011100022000
00000000000000000
00000000000000000
STEP 14 P1 MOVE 2 8 3 9
OWN
00000000002222201
00001000000000111
00101000110001111
00122022110001100
00100022000000000
20001110000000000
20000000000222000
00000011100022000
00000000000000000
00000000000000000
STEP 15 P2 MOVE 1 12 1 13
OWN
00000000002222201
00001000000022111
00101000110001111
00122022110001100
00100022000000000
20001110000000000
20000000000222000
00000011100022000
00000000000000000
00000000000000000
STEP 16 P1 MOVE 0 2 1 2
OWN
00100000002222201
00101000000022111
00101000110001111
00122022110001100
00100022000000000
20001110000000000
20000000000222000
00000011100022000
00000000000000000
00000000000000000
STEP 17 P2 MOVE 0 5 0 6
OWN
00100220002222201
00101000000022111
00101000110001111
00122022110001100
00100022000000000
20001110000000000
20000000000222000
00000011100022000
00000000000000000
00000000000000000
STEP 18 P1 MOVE 1 0 1 1
OWN
00100220002222201
11101000000022111
00101000110001111
00122022110001100
00100022000000000
20001110000000000
20000000000222000
00000011100022000
00000000000000000
00000000000000000
STEP 19 P2 MOVE 8 14 9 14
OWN
00100220002222201
11101000000022111
00101000110001111
00122022110001100
00100022000000000
20001110000000000
20000000000222000
00000011100022000
00000000000000200
00000000000000200
STEP 20 P1 MOVE 9 11 9 12
OWN
00100220002222201
11101000000022111
00101000110001111
00122022110001100
00100022000000000
20001110000000000
20000000000222000
00000011100022000
00000000000000200
00000000000110200
STEP 21 P2 MOVE 6 4 6 5
OWN
00100220002222201
11101000000022111
00101000110001111
00122022110001100
00100022000000000
20001110000000000
20002200000222000
00000011100022000
00000000000000200
00000000000110200
STEP 22 P1 MOVE 2 0 3 0
OWN
00100220002222201
11101000000022111
10101000110001111
10122022110001100
00100022000000000
20001110000000000
20002200000222000
00000011100022000
00000000000000200
00000000000110200
STEP 23 P2 MOVE 4 10 4 13
OWN
00100220002222201
11101000000022111
10101000110001111
10122022110001100
00100022002222000
20001110000000000
20002200000222000
00000011100022000
00000000000000200
00000000000110200
STEP 24 P1 MOVE 2 7 2 10
OWN
00100220002222201
11101000000022111
10101001111001111
10122022110001100
00100022002222000
20001110000000000
20002200000222000
00000011100022000
00000000000000200
00000000000110200
STEP 25 P2 MOVE 2 6 2 11
OWN
00100220002222201
11101000000022111
10101022222201111
10122022110001100
00100022002222000
20001110000000000
20002200000222000
00000011100022000
00000000000000200
00000000000110200
STEP 26 P1 MOVE 1 6 5 7
OWN
00100220002222201
11101011000022111
10101011222201111
10122011110001100
00100011002222000
20001111000000000
20002200000222000
00000011100022000
00000000000000200
00000000000110200
STEP 27 P2 MOVE 5 3 5 9
OWN
00100220002222201
11101011000022111
10101011222201111
10122011110001100
00100011002222000
20022222220000000
20002200000222000
00000011100022000
00000000000000200
00000000000110200
STEP 28 P1 MOVE 4 9 5 10
OWN
00100220002222201
11101011000022111
10101011222201111
10122011110001100
00100011011222000
20022222211000000
20002200000222000
00000011100022000
00000000000000200
00000000000110200
STEP 29 P2 MOVE 4 5 5 11
OWN
00100220002222201
11101011000022111
10101011222201111
10122011110001100
00100222222222000
20022222222200000
20002200000222000
00000011100022000
00000000000000200
00000000000110200
STEP 30 P1 MOVE 5 11 7 12
OWN
00100220002222201
11101011000022111
10101011222201111
10122011110001100
00100222222222000
20022222222110000
20002200000112000
00000011100112000
00000000000000200
00000000000110200
STEP 31 P2 MOVE 1 8 8 8
OWN
00100220002222201
11101011200022111
10101011222201111
10122011210001100
00100222222222000
20022222222110000
20002200200112000
00000011200112000
00000000200000200
00000000000110200
STEP 32 P1 MOVE 1 3 1 9
OWN
00100220002222201
11111111110022111
10101011222201111
10122011210001100
00100222222222000
20022222222110000
20002200200112000
00000011200112000
00000000200000200
00000000000110200
STEP 33 P2 MOVE 8 4 8 6
OWN
00100220002222201
11111111110022111
10101011222201111
10122011210001100
00100222222222000
20022222222110000
20002200200112000
00000011200112000
00002220200000200
00000000000110200
STEP 34 P1 MOVE 6 6 9 6
OWN
00100220002222201
11111111110022111
10101011222201111
10122011210001100
00100222222222000
20022222222110000
20002210200112000
00000011200112000
00002210200000200
00000010000110200
STEP 35 P2 MOVE 4 15 5 15
OWN
00100220002222201
11111111110022111
10101011222201111
10122011210001100
00100222222222020
20022222222110020
20002210200112000
00000011200112000
00002210200000200
00000010000110200
STEP 36 P1 MOVE 0 15 4 16
OWN
00100220002222211
11111111110022111
10101011222201111
10122011210001111
00100222222222011
20022222222110020
20002210200112000
00000011200112000
00002210200000200
00000010000110200
STEP 37 P2 MOVE 0 9 6 9
OWN
00100220022222211
11111111120022111
10101011222201111
10122011220001111
00100222222222011
20022222222110020
20002210220112000
00000011200112000
00002210200000200
00000010000110200
STEP 38 P1 MOVE 1 10 6 10
OWN
00100220022222211
11111111121022111
10101011221201111
10122011221001111
00100222221222011
20022222221110020
20002210221112000
00000011200112000
00002210200000200
00000010000110200
STEP 39 P2 MOVE 5 14 5 16
OWN
00100220022222211
11111111121022111
10101011221201111
10122011221001111
00100222221222011
20022222221110222
20002210221112000
00000011200112000
00002210200000200
00000010000110200
STEP 40 P1 MOVE 4 3 4 4
OWN
00100220022222211
11111111121022111
10101011221201111
10122011221001111
00111222221222011
20022222221110222
20002210221112000
00000011200112000
00002210200000200
00000010000110200
STEP 41 P2 MOVE 3 12 4 14
OWN
00100220022222211
11111111121022111
10101011221201111
10122011221022211
00111222221222211
20022222221110222
20002210221112000
00000011200112000
00002210200000200
00000010000110200
STEP 42 P1 MOVE 3 11 5 13
OWN
00100220022222211
11111111121022111
10101011221201111
10122011221111211
00111222221111211
20022222221111222
20002210221112000
00000011200112000
00002210200000200
00000010000110200
STEP 43 P2 MOVE 6 1 7 1
OWN
00100220022222211
11111111121022111
10101011221201111
10122011221111211
00111222221111211
20022222221111222
22002210221112000
02000011200112000
00002210200000200
00000010000110200
STEP 44 P1 MOVE -1 -1 -1 -1
OWN
00100220022222211
11111111121022111
10101011221201111
10122011221111211
00111222221111211
20022222221111222
22002210221112000
02000011200112000
00002210200000200
00000010000110200
STEP 45 P2 MOVE -1 -1 -1 -1
OWN
00100220022222211
11111111121022111
10101011221201111
10122011221111211
00111222221111211
20022222221111222
22002210221112000
02000011200112000
00002210200000200
00000010000110200
RESULT first=61 second=51 winner=1
ANALYSIS winner=P1 score=61-51 reason=Ĺ»ĂëżěŔ§(+3Ä­ »©ľŃŔ˝,2ąčČż°ú) / şóÄ­Ľ±Áˇ(+4) steal(w/l)=23/20 neu(w/l)=58/54
