BOARD
52553814667785948
66627773811736439
66986187863334737
11913762458117734
81765317753437659
36533228985385541
25875868523746567
32916774287657612
27411886862521729
59158492683223713
STEP 0 P1 MOVE 5 0 8 0
OWN
00000000000000000
00000000000000000
00000000000000000
00000000000000000
00000000000000000
10000000000000000
10000000000000000
10000000000000000
10000000000000000
00000000000000000
STEP 1 P2 MOVE 9 10 9 13
OWN
00000000000000000
00000000000000000
00000000000000000
00000000000000000
00000000000000000
10000000000000000
10000000000000000
10000000000000000
10000000000000000
00000000002222000
STEP 2 P1 MOVE 8 10 8 13
OWN
00000000000000000
00000000000000000
00000000000000000
00000000000000000
00000000000000000
10000000000000000
10000000000000000
10000000000000000
10000000001111000
00000000002222000
STEP 3 P2 MOVE 5 3 5 6
OWN
00000000000000000
00000000000000000
00000000000000000
00000000000000000
00000000000000000
10022220000000000
10000000000000000
10000000000000000
10000000001111000
00000000002222000
STEP 4 P1 MOVE 5 14 5 16
OWN
00000000000000000
00000000000000000
00000000000000000
00000000000000000
00000000000000000
10022220000000111
10000000000000000
10000000000000000
10000000001111000
00000000002222000
STEP 5 P2 MOVE 6 15 9 15
OWN
00000000000000000
00000000000000000
00000000000000000
00000000000000000
00000000000000000
10022220000000111
10000000000000020
10000000000000020
10000000001111020
00000000002222020
STEP 6 P1 MOVE 9 14 9 16
OWN
00000000000000000
00000000000000000
00000000000000000
00000000000000000
00000000000000000
10022220000000111
10000000000000020
10000000000000020
10000000001111020
00000000002222111
STEP 7 P2 MOVE 7 2 7 3
OWN
00000000000000000
00000000000000000
00000000000000000
00000000000000000
00000000000000000
10022220000000111
10000000000000020
10220000000000020
10000000001111020
00000000002222111
STEP 8 P1 MOVE 6 8 6 10
OWN
00000000000000000
00000000000000000
00000000000000000
00000000000000000
00000000000000000
10022220000000111
10000000111000020
10220000000000020
10000000001111020
00000000002222111
STEP 9 P2 MOVE 0 15 2 15
OWN
00000000000000020
00000000000000020
00000000000000020
00000000000000000
00000000000000000
10022220000000111
10000000111000020
10220000000000020
10000000001111020
00000000002222111
STEP 10 P1 MOVE 4 10 4 12
OWN
00000000000000020
00000000000000020
00000000000000020
00000000000000000
00000000001110000
10022220000000111
10000000111000020
10220000000000020
10000000001111020
00000000002222111
STEP 11 P2 MOVE 3 10 3 12
OWN
00000000000000020
00000000000000020
00000000000000020
00000000002220000
00000000001110000
10022220000000111
10000000111000020
10220000000000020
10000000001111020
00000000002222111
STEP 12 P1 MOVE 1 13 2 13
OWN
00000000000000020
00000000000001020
00000000000001020
00000000002220000
00000000001110000
10022220000000111
10000000111000020
10220000000000020
10000000001111020
00000000002222111
STEP 13 P2 MOVE 3 2 3 3
OWN
00000000000000020
00000000000001020
00000000000001020
00220000002220000
00000000001110000
10022220000000111
10000000111000020
10220000000000020
10000000001111020
00000000002222111
STEP 14 P1 MOVE 0 4 1 4
OWN
00001000000000020
00001000000001020
00000000000001020
00220000002220000
00000000001110000
10022220000000111
10000000111000020
10220000000000020
10000000001111020
00000000002222111
STEP 15 P2 MOVE 3 14 3 15
OWN
00001000000000020
00001000000001020
00000000000001020
00220000002220220
00000000001110000
10022220000000111
10000000111000020
10220000000000020
10000000001111020
00000000002222111
STEP 16 P1 MOVE 7 8 8 8
OWN
00001000000000020
00001000000001020
00000000000001020
00220000002220220
00000000001110000
10022220000000111
10000000111000020
10220000100000020
10000000101111020
00000000002222111
STEP 17 P2 MOVE 1 6 1 7
OWN
00001000000000020
00001022000001020
00000000000001020
00220000002220220
00000000001110000
10022220000000111
10000000111000020
10220000100000020
10000000101111020
00000000002222111
STEP 18 P1 MOVE 3 9 4 9
OWN
00001000000000020
00001022000001020
00000000000001020
00220000012220220
00000000011110000
10022220000000111
10000000111000020
10220000100000020
10000000101111020
00000000002222111
STEP 19 P2 MOVE 5 11 6 11
OWN
00001000000000020
00001022000001020
00000000000001020
00220000012220220
00000000011110000
10022220000200111
10000000111200020
10220000100000020
10000000101111020
00000000002222111
STEP 20 P1 MOVE 3 5 4 5
OWN
00001000000000020
00001022000001020
00000000000001020
00220100012220220
00000100011110000
10022220000200111
10000000111200020
10220000100000020
10000000101111020
00000000002222111
STEP 21 P2 MOVE 1 8 1 10
OWN
00001000000000020
00001022222001020
00000000000001020
00220100012220220
00000100011110000
10022220000200111
10000000111200020
10220000100000020
10000000101111020
00000000002222111
STEP 22 P1 MOVE 3 1 3 6
OWN
00001000000000020
00001022222001020
00000000000001020
01111110012220220
00000100011110000
10022220000200111
10000000111200020
10220000100000020
10000000101111020
00000000002222111
STEP 23 P2 MOVE 2 5 4 6
OWN
00001000000000020
00001022222001020
00000220000001020
01111220012220220
00000220011110000
10022220000200111
10000000111200020
10220000100000020
10000000101111020
00000000002222111
STEP 24 P1 MOVE 3 0 4 1
OWN
00001000000000020
00001022222001020
00000220000001020
11111220012220220
11000220011110000
10022220000200111
10000000111200020
10220000100000020
10000000101111020
00000000002222111
STEP 25 P2 MOVE 4 4 6 4
OWN
00001000000000020
00001022222001020
00000220000001020
11111220012220220
11002220011110000
10022220000200111
10002000111200020
10220000100000020
10000000101111020
00000000002222111
STEP 26 P1 MOVE 0 10 2 10
OWN
00001000001000020
00001022221001020
00000220001001020
11111220012220220
11002220011110000
10022220000200111
10002000111200020
10220000100000020
10000000101111020
00000000002222111
STEP 27 P2 MOVE 1 3 2 3
OWN
00001000001000020
00021022221001020
00020220001001020
11111220012220220
11002220011110000
10022220000200111
10002000111200020
10220000100000020
10000000101111020
00000000002222111
STEP 28 P1 MOVE 1 11 2 11
OWN
00001000001000020
00021022221101020
00020220001101020
11111220012220220
11002220011110000
10022220000200111
10002000111200020
10220000100000020
10000000101111020
00000000002222111
STEP 29 P2 MOVE 7 7 8 7
OWN
00001000001000020
00021022221101020
00020220001101020
11111220012220220
11002220011110000
10022220000200111
10002000111200020
10220002100000020
10000002101111020
00000000002222111
STEP 30 P1 MOVE 2 12 2 14
OWN
00001000001000020
00021022221101020
00020220001111120
11111220012220220
11002220011110000
10022220000200111
10002000111200020
10220002100000020
10000002101111020
00000000002222111
STEP 31 P2 MOVE 0 2 0 3
OWN
00221000001000020
00021022221101020
00020220001111120
11111220012220220
11002220011110000
10022220000200111
10002000111200020
10220002100000020
10000002101111020
00000000002222111
STEP 32 P1 MOVE 0 7 0 8
OWN
00221001101000020
00021022221101020
00020220001111120
11111220012220220
11002220011110000
10022220000200111
10002000111200020
10220002100000020
10000002101111020
00000000002222111
STEP 33 P2 MOVE 1 14 4 14
OWN
00221001101000020
00021022221101220
00020220001111220
11111220012220220
11002220011110200
10022220000200111
10002000111200020
10220002100000020
10000002101111020
00000000002222111
STEP 34 P1 MOVE 4 14 6 15
OWN
00221001101000020
00021022221101220
00020220001111220
11111220012220220
11002220011110110
10022220000200111
10002000111200110
10220002100000020
10000002101111020
00000000002222111
STEP 35 P2 MOVE 0 1 0 5
OWN
02222201101000020
00021022221101220
00020220001111220
11111220012220220
11002220011110110
10022220000200111
10002000111200110
10220002100000020
10000002101111020
00000000002222111
STEP 36 P1 MOVE -1 -1 -1 -1
OWN
02222201101000020
00021022221101220
00020220001111220
11111220012220220
11002220011110110
10022220000200111
10002000111200110
10220002100000020
10000002101111020
00000000002222111
STEP 37 P2 MOVE 1 5 1 12
OWN
02222201101000020
00021222222221220
00020220001111220
11111220012220220
11002220011110110
10022220000200111
10002000111200110
10220002100000020
10000002101111020
00000000002222111
STEP 38 P1 MOVE 0 6 3 7
OWN
02222211101000020
00021211222221220
00020211001111220
11111211012220220
11002220011110110
10022220000200111
10002000111200110
10220002100000020
10000002101111020
00000000002222111
STEP 39 P2 MOVE -1 -1 -1 -1
OWN
02222211101000020
00021211222221220
00020211001111220
11111211012220220
11002220011110110
10022220000200111
10002000111200110
10220002100000020
10000002101111020
00000000002222111
STEP 40 P1 MOVE -1 -1 -1 -1
OWN
02222211101000020
00021211222221220
00020211001111220
11111211012220220
11002220011110110
10022220000200111
10002000111200110
10220002100000020
10000002101111020
00000000002222111
RESULT first=51 second=45 winner=1
ANALYSIS winner=P1 score=51-45 reason=Ĺ»ĂëżěŔ§(+3Ä­ »©ľŃŔ˝,2ąčČż°ú) steal(w/l)=10/7 neu(w/l)=48/48
