BOARD
28714738273393835
33187439865569739
92627729859122618
71853315728138757
17578555294169971
53688593773263535
17574814939291296
41363741994834363
53322932718394376
46993367568359289
STEP 0 P1 MOVE 0 11 3 11
OWN
00000000000100000
00000000000100000
00000000000100000
00000000000100000
00000000000000000
00000000000000000
00000000000000000
00000000000000000
00000000000000000
00000000000000000
STEP 1 P2 MOVE 7 6 8 7
OWN
00000000000100000
00000000000100000
00000000000100000
00000000000100000
00000000000000000
00000000000000000
00000000000000000
00000022000000000
00000022000000000
00000000000000000
STEP 2 P1 MOVE 4 10 5 11
OWN
00000000000100000
00000000000100000
00000000000100000
00000000000100000
00000000001100000
00000000001100000
00000000000000000
00000022000000000
00000022000000000
00000000000000000
STEP 3 P2 MOVE 2 1 2 3
OWN
00000000000100000
00000000000100000
02220000000100000
00000000000100000
00000000001100000
00000000001100000
00000000000000000
00000022000000000
00000022000000000
00000000000000000
STEP 4 P1 MOVE 8 1 8 4
OWN
00000000000100000
00000000000100000
02220000000100000
00000000000100000
00000000001100000
00000000001100000
00000000000000000
00000022000000000
01111022000000000
00000000000000000
STEP 5 P2 MOVE 6 4 9 4
OWN
00000000000100000
00000000000100000
02220000000100000
00000000000100000
00000000001100000
00000000001100000
00002000000000000
00002022000000000
01112022000000000
00002000000000000
STEP 6 P1 MOVE 4 1 5 1
OWN
00000000000100000
00000000000100000
02220000000100000
00000000000100000
01000000001100000
01000000001100000
00002000000000000
00002022000000000
01112022000000000
00002000000000000
STEP 7 P2 MOVE 7 1 7 3
OWN
00000000000100000
00000000000100000
02220000000100000
00000000000100000
01000000001100000
01000000001100000
00002000000000000
02222022000000000
01112022000000000
00002000000000000
STEP 8 P1 MOVE 4 5 5 5
OWN
00000000000100000
00000000000100000
02220000000100000
00000000000100000
01000100001100000
01000100001100000
00002000000000000
02222022000000000
01112022000000000
00002000000000000
STEP 9 P2 MOVE 0 8 1 8
OWN
00000000200100000
00000000200100000
02220000000100000
00000000000100000
01000100001100000
01000100001100000
00002000000000000
02222022000000000
01112022000000000
00002000000000000
STEP 10 P1 MOVE 0 0 0 1
OWN
11000000200100000
00000000200100000
02220000000100000
00000000000100000
01000100001100000
01000100001100000
00002000000000000
02222022000000000
01112022000000000
00002000000000000
STEP 11 P2 MOVE 7 9 8 9
OWN
11000000200100000
00000000200100000
02220000000100000
00000000000100000
01000100001100000
01000100001100000
00002000000000000
02222022020000000
01112022020000000
00002000000000000
STEP 12 P1 MOVE 0 5 0 6
OWN
11000110200100000
00000000200100000
02220000000100000
00000000000100000
01000100001100000
01000100001100000
00002000000000000
02222022020000000
01112022020000000
00002000000000000
STEP 13 P2 MOVE 6 14 9 14
OWN
11000110200100000
00000000200100000
02220000000100000
00000000000100000
01000100001100000
01000100001100000
00002000000000200
02222022020000200
01112022020000200
00002000000000200
STEP 14 P1 MOVE 6 13 6 15
OWN
11000110200100000
00000000200100000
02220000000100000
00000000000100000
01000100001100000
01000100001100000
00002000000001110
02222022020000200
01112022020000200
00002000000000200
STEP 15 P2 MOVE 6 11 7 11
OWN
11000110200100000
00000000200100000
02220000000100000
00000000000100000
01000100001100000
01000100001100000
00002000000201110
02222022020200200
01112022020000200
00002000000000200
STEP 16 P1 MOVE 9 0 9 1
OWN
11000110200100000
00000000200100000
02220000000100000
00000000000100000
01000100001100000
01000100001100000
00002000000201110
02222022020200200
01112022020000200
11002000000000200
STEP 17 P2 MOVE 5 0 7 0
OWN
11000110200100000
00000000200100000
02220000000100000
00000000000100000
01000100001100000
21000100001100000
20002000000201110
22222022020200200
01112022020000200
11002000000000200
STEP 18 P1 MOVE 5 6 6 6
OWN
11000110200100000
00000000200100000
02220000000100000
00000000000100000
01000100001100000
21000110001100000
20002010000201110
22222022020200200
01112022020000200
11002000000000200
STEP 19 P2 MOVE 5 9 6 9
OWN
11000110200100000
00000000200100000
02220000000100000
00000000000100000
01000100001100000
21000110021100000
20002010020201110
22222022020200200
01112022020000200
11002000000000200
STEP 20 P1 MOVE 0 9 0 10
OWN
11000110211100000
00000000200100000
02220000000100000
00000000000100000
01000100001100000
21000110021100000
20002010020201110
22222022020200200
01112022020000200
11002000000000200
STEP 21 P2 MOVE 1 14 1 15
OWN
11000110211100000
00000000200100220
02220000000100000
00000000000100000
01000100001100000
21000110021100000
20002010020201110
22222022020200200
01112022020000200
11002000000000200
STEP 22 P1 MOVE 5 7 5 8
OWN
11000110211100000
00000000200100220
02220000000100000
00000000000100000
01000100001100000
21000111121100000
20002010020201110
22222022020200200
01112022020000200
11002000000000200
STEP 23 P2 MOVE 4 6 4 7
OWN
11000110211100000
00000000200100220
02220000000100000
00000000000100000
01000122001100000
21000111121100000
20002010020201110
22222022020200200
01112022020000200
11002000000000200
STEP 24 P1 MOVE 2 4 3 4
OWN
11000110211100000
00000000200100220
02221000000100000
00001000000100000
01000122001100000
21000111121100000
20002010020201110
22222022020200200
01112022020000200
11002000000000200
STEP 25 P2 MOVE 4 4 4 8
OWN
11000110211100000
00000000200100220
02221000000100000
00001000000100000
01002222201100000
21000111121100000
20002010020201110
22222022020200200
01112022020000200
11002000000000200
STEP 26 P1 MOVE 3 6 6 7
OWN
11000110211100000
00000000200100220
02221000000100000
00001011000100000
01002211201100000
21000111121100000
20002011020201110
22222022020200200
01112022020000200
11002000000000200
STEP 27 P2 MOVE 3 5 3 8
OWN
11000110211100000
00000000200100220
02221000000100000
00001222200100000
01002211201100000
21000111121100000
20002011020201110
22222022020200200
01112022020000200
11002000000000200
STEP 28 P1 MOVE 3 9 3 10
OWN
11000110211100000
00000000200100220
02221000000100000
00001222211100000
01002211201100000
21000111121100000
20002011020201110
22222022020200200
01112022020000200
11002000000000200
STEP 29 P2 MOVE 2 13 3 13
OWN
11000110211100000
00000000200100220
02221000000102000
00001222211102000
01002211201100000
21000111121100000
20002011020201110
22222022020200200
01112022020000200
11002000000000200
STEP 30 P1 MOVE 7 13 7 15
OWN
11000110211100000
00000000200100220
02221000000102000
00001222211102000
01002211201100000
21000111121100000
20002011020201110
22222022020201110
01112022020000200
11002000000000200
STEP 31 P2 MOVE 7 10 7 16
OWN
11000110211100000
00000000200100220
02221000000102000
00001222211102000
01002211201100000
21000111121100000
20002011020201110
22222022022222222
01112022020000200
11002000000000200
STEP 32 P1 MOVE 3 12 3 14
OWN
11000110211100000
00000000200100220
02221000000102000
00001222211111100
01002211201100000
21000111121100000
20002011020201110
22222022022222222
01112022020000200
11002000000000200
STEP 33 P2 MOVE 3 3 3 15
OWN
11000110211100000
00000000200100220
02221000000102000
00022222222222220
01002211201100000
21000111121100000
20002011020201110
22222022022222222
01112022020000200
11002000000000200
STEP 34 P1 MOVE 5 15 8 15
OWN
11000110211100000
00000000200100220
02221000000102000
00022222222222220
01002211201100000
21000111121100010
20002011020201110
22222022022222212
01112022020000210
11002000000000200
STEP 35 P2 MOVE 8 13 8 16
OWN
11000110211100000
00000000200100220
02221000000102000
00022222222222220
01002211201100000
21000111121100010
20002011020201110
22222022022222212
01112022020002222
11002000000000200
STEP 36 P1 MOVE 5 14 5 16
OWN
11000110211100000
00000000200100220
02221000000102000
00022222222222220
01002211201100000
21000111121100111
20002011020201110
22222022022222212
01112022020002222
11002000000000200
STEP 37 P2 MOVE -1 -1 -1 -1
OWN
11000110211100000
00000000200100220
02221000000102000
00022222222222220
01002211201100000
21000111121100111
20002011020201110
22222022022222212
01112022020002222
11002000000000200
STEP 38 P1 MOVE -1 -1 -1 -1
OWN
11000110211100000
00000000200100220
02221000000102000
00022222222222220
01002211201100000
21000111121100111
20002011020201110
22222022022222212
01112022020002222
11002000000000200
RESULT first=36 second=54 winner=2
ANALYSIS winner=P2 score=36-54 reason=탈취우위(+9칸 빼앗음,2배효과) steal(w/l)=15/6 neu(w/l)=45/45
