BOARD
37398849937282834
87942896518498455
76857219445579341
93192764981848746
36912578369458373
49995438278475288
45951669447722377
43455859824362739
92869858923553414
73154899917319711
STEP 0 P1 MOVE 3 4 6 4
OWN
00000000000000000
00000000000000000
00000000000000000
00001000000000000
00001000000000000
00001000000000000
00001000000000000
00000000000000000
00000000000000000
00000000000000000
STEP 1 P2 MOVE 2 16 4 16
OWN
00000000000000000
00000000000000000
00000000000000002
00001000000000002
00001000000000002
00001000000000000
00001000000000000
00000000000000000
00000000000000000
00000000000000000
STEP 2 P1 MOVE 3 3 4 3
OWN
00000000000000000
00000000000000000
00000000000000002
00011000000000002
00011000000000002
00001000000000000
00001000000000000
00000000000000000
00000000000000000
00000000000000000
STEP 3 P2 MOVE 6 1 8 1
OWN
00000000000000000
00000000000000000
00000000000000002
00011000000000002
00011000000000002
00001000000000000
02001000000000000
02000000000000000
02000000000000000
00000000000000000
STEP 4 P1 MOVE 8 9 8 11
OWN
00000000000000000
00000000000000000
00000000000000002
00011000000000002
00011000000000002
00001000000000000
02001000000000000
02000000000000000
02000000011100000
00000000000000000
STEP 5 P2 MOVE 9 2 9 4
OWN
00000000000000000
00000000000000000
00000000000000002
00011000000000002
00011000000000002
00001000000000000
02001000000000000
02000000000000000
02000000011100000
00222000000000000
STEP 6 P1 MOVE 2 4 2 6
OWN
00000000000000000
00000000000000000
00001110000000002
00011000000000002
00011000000000002
00001000000000000
02001000000000000
02000000000000000
02000000011100000
00222000000000000
STEP 7 P2 MOVE 0 1 0 2
OWN
02200000000000000
00000000000000000
00001110000000002
00011000000000002
00011000000000002
00001000000000000
02001000000000000
02000000000000000
02000000011100000
00222000000000000
STEP 8 P1 MOVE 3 14 4 14
OWN
02200000000000000
00000000000000000
00001110000000002
00011000000000102
00011000000000102
00001000000000000
02001000000000000
02000000000000000
02000000011100000
00222000000000000
STEP 9 P2 MOVE 0 13 1 13
OWN
02200000000002000
00000000000002000
00001110000000002
00011000000000102
00011000000000102
00001000000000000
02001000000000000
02000000000000000
02000000011100000
00222000000000000
STEP 10 P1 MOVE 0 9 0 10
OWN
02200000011002000
00000000000002000
00001110000000002
00011000000000102
00011000000000102
00001000000000000
02001000000000000
02000000000000000
02000000011100000
00222000000000000
STEP 11 P2 MOVE 9 8 9 9
OWN
02200000011002000
00000000000002000
00001110000000002
00011000000000102
00011000000000102
00001000000000000
02001000000000000
02000000000000000
02000000011100000
00222000220000000
STEP 12 P1 MOVE 1 4 1 5
OWN
02200000011002000
00001100000002000
00001110000000002
00011000000000102
00011000000000102
00001000000000000
02001000000000000
02000000000000000
02000000011100000
00222000220000000
STEP 13 P2 MOVE 7 3 7 4
OWN
02200000011002000
00001100000002000
00001110000000002
00011000000000102
00011000000000102
00001000000000000
02001000000000000
02022000000000000
02000000011100000
00222000220000000
STEP 14 P1 MOVE 1 15 1 16
OWN
02200000011002000
00001100000002011
00001110000000002
00011000000000102
00011000000000102
00001000000000000
02001000000000000
02022000000000000
02000000011100000
00222000220000000
STEP 15 P2 MOVE 2 10 2 11
OWN
02200000011002000
00001100000002011
00001110002200002
00011000000000102
00011000000000102
00001000000000000
02001000000000000
02022000000000000
02000000011100000
00222000220000000
STEP 16 P1 MOVE 6 14 6 15
OWN
02200000011002000
00001100000002011
00001110002200002
00011000000000102
00011000000000102
00001000000000000
02001000000000110
02022000000000000
02000000011100000
00222000220000000
STEP 17 P2 MOVE 0 11 0 12
OWN
02200000011222000
00001100000002011
00001110002200002
00011000000000102
00011000000000102
00001000000000000
02001000000000110
02022000000000000
02000000011100000
00222000220000000
STEP 18 P1 MOVE 4 6 5 6
OWN
02200000011222000
00001100000002011
00001110002200002
00011000000000102
00011010000000102
00001010000000000
02001000000000110
02022000000000000
02000000011100000
00222000220000000
STEP 19 P2 MOVE 3 6 3 7
OWN
02200000011222000
00001100000002011
00001110002200002
00011022000000102
00011010000000102
00001010000000000
02001000000000110
02022000000000000
02000000011100000
00222000220000000
STEP 20 P1 MOVE 5 5 6 5
OWN
02200000011222000
00001100000002011
00001110002200002
00011022000000102
00011010000000102
00001110000000000
02001100000000110
02022000000000000
02000000011100000
00222000220000000
STEP 21 P2 MOVE 5 7 5 8
OWN
02200000011222000
00001100000002011
00001110002200002
00011022000000102
00011010000000102
00001112200000000
02001100000000110
02022000000000000
02000000011100000
00222000220000000
STEP 22 P1 MOVE 7 6 8 6
OWN
02200000011222000
00001100000002011
00001110002200002
00011022000000102
00011010000000102
00001112200000000
02001100000000110
02022010000000000
02000010011100000
00222000220000000
STEP 23 P2 MOVE 7 8 7 9
OWN
02200000011222000
00001100000002011
00001110002200002
00011022000000102
00011010000000102
00001112200000000
02001100000000110
02022010220000000
02000010011100000
00222000220000000
STEP 24 P1 MOVE 9 0 9 1
OWN
02200000011222000
00001100000002011
00001110002200002
00011022000000102
00011010000000102
00001112200000000
02001100000000110
02022010220000000
02000010011100000
11222000220000000
STEP 25 P2 MOVE 3 10 4 10
OWN
02200000011222000
00001100000002011
00001110002200002
00011022002000102
00011010002000102
00001112200000000
02001100000000110
02022010220000000
02000010011100000
11222000220000000
STEP 26 P1 MOVE 3 2 4 2
OWN
02200000011222000
00001100000002011
00001110002200002
00111022002000102
00111010002000102
00001112200000000
02001100000000110
02022010220000000
02000010011100000
11222000220000000
STEP 27 P2 MOVE 6 11 7 11
OWN
02200000011222000
00001100000002011
00001110002200002
00111022002000102
00111010002000102
00001112200000000
02001100000200110
02022010220200000
02000010011100000
11222000220000000
STEP 28 P1 MOVE 7 10 7 12
OWN
02200000011222000
00001100000002011
00001110002200002
00111022002000102
00111010002000102
00001112200000000
02001100000200110
02022010221110000
02000010011100000
11222000220000000
STEP 29 P2 MOVE 9 12 9 13
OWN
02200000011222000
00001100000002011
00001110002200002
00111022002000102
00111010002000102
00001112200000000
02001100000200110
02022010221110000
02000010011100000
11222000220022000
STEP 30 P1 MOVE 9 11 9 14
OWN
02200000011222000
00001100000002011
00001110002200002
00111022002000102
00111010002000102
00001112200000000
02001100000200110
02022010221110000
02000010011100000
11222000220111100
STEP 31 P2 MOVE 7 12 8 13
OWN
02200000011222000
00001100000002011
00001110002200002
00111022002000102
00111010002000102
00001112200000000
02001100000200110
02022010221122000
02000010011122000
11222000220111100
STEP 32 P1 MOVE 4 9 4 11
OWN
02200000011222000
00001100000002011
00001110002200002
00111022002000102
00111010011100102
00001112200000000
02001100000200110
02022010221122000
02000010011122000
11222000220111100
STEP 33 P2 MOVE 4 8 5 9
OWN
02200000011222000
00001100000002011
00001110002200002
00111022002000102
00111010221100102
00001112220000000
02001100000200110
02022010221122000
02000010011122000
11222000220111100
STEP 34 P1 MOVE -1 -1 -1 -1
OWN
02200000011222000
00001100000002011
00001110002200002
00111022002000102
00111010221100102
00001112220000000
02001100000200110
02022010221122000
02000010011122000
11222000220111100
STEP 35 P2 MOVE 5 14 5 15
OWN
02200000011222000
00001100000002011
00001110002200002
00111022002000102
00111010221100102
00001112220000220
02001100000200110
02022010221122000
02000010011122000
11222000220111100
STEP 36 P1 MOVE -1 -1 -1 -1
OWN
02200000011222000
00001100000002011
00001110002200002
00111022002000102
00111010221100102
00001112220000220
02001100000200110
02022010221122000
02000010011122000
11222000220111100
STEP 37 P2 MOVE 3 1 3 5
OWN
02200000011222000
00001100000002011
00001110002200002
02222222002000102
00111010221100102
00001112220000220
02001100000200110
02022010221122000
02000010011122000
11222000220111100
STEP 38 P1 MOVE 2 3 4 5
OWN
02200000011222000
00001100000002011
00011110002200002
02211122002000102
00111110221100102
00001112220000220
02001100000200110
02022010221122000
02000010011122000
11222000220111100
STEP 39 P2 MOVE 4 15 7 15
OWN
02200000011222000
00001100000002011
00011110002200002
02211122002000102
00111110221100122
00001112220000220
02001100000200120
02022010221122020
02000010011122000
11222000220111100
STEP 40 P1 MOVE 2 15 9 15
OWN
02200000011222000
00001100000002011
00011110002200012
02211122002000112
00111110221100112
00001112220000210
02001100000200110
02022010221122010
02000010011122010
11222000220111110
STEP 41 P2 MOVE 2 14 7 14
OWN
02200000011222000
00001100000002011
00011110002200212
02211122002000212
00111110221100212
00001112220000210
02001100000200210
02022010221122210
02000010011122010
11222000220111110
STEP 42 P1 MOVE -1 -1 -1 -1
OWN
02200000011222000
00001100000002011
00011110002200212
02211122002000212
00111110221100212
00001112220000210
02001100000200210
02022010221122210
02000010011122010
11222000220111110
STEP 43 P2 MOVE -1 -1 -1 -1
OWN
02200000011222000
00001100000002011
00011110002200212
02211122002000212
00111110221100212
00001112220000210
02001100000200210
02022010221122210
02000010011122010
11222000220111110
RESULT first=46 second=44 winner=1
ANALYSIS winner=P1 score=46-44 reason=摹奢檜薄 steal(w/l)=11/9 neu(w/l)=44/46
