BOARD
61734159431349478
48971185287665755
12424663887759613
45464111975637524
68146622122629875
29741524539519157
22571446352447794
94697185667788188
73383835973499678
28431812383159545
STEP 0 P1 MOVE 3 12 6 12
OWN
00000000000000000
00000000000000000
00000000000000000
00000000000010000
00000000000010000
00000000000010000
00000000000010000
00000000000000000
00000000000000000
00000000000000000
STEP 1 P2 MOVE 2 2 2 4
OWN
00000000000000000
00000000000000000
00222000000000000
00000000000010000
00000000000010000
00000000000010000
00000000000010000
00000000000000000
00000000000000000
00000000000000000
STEP 2 P1 MOVE 4 0 6 0
OWN
00000000000000000
00000000000000000
00222000000000000
00000000000010000
10000000000010000
10000000000010000
10000000000010000
00000000000000000
00000000000000000
00000000000000000
STEP 3 P2 MOVE 0 4 0 6
OWN
00002220000000000
00000000000000000
00222000000000000
00000000000010000
10000000000010000
10000000000010000
10000000000010000
00000000000000000
00000000000000000
00000000000000000
STEP 4 P1 MOVE 1 4 1 6
OWN
00002220000000000
00001110000000000
00222000000000000
00000000000010000
10000000000010000
10000000000010000
10000000000010000
00000000000000000
00000000000000000
00000000000000000
STEP 5 P2 MOVE 4 9 6 9
OWN
00002220000000000
00001110000000000
00222000000000000
00000000000010000
10000000020010000
10000000020010000
10000000020010000
00000000000000000
00000000000000000
00000000000000000
STEP 6 P1 MOVE 2 14 2 16
OWN
00002220000000000
00001110000000000
00222000000000111
00000000000010000
10000000020010000
10000000020010000
10000000020010000
00000000000000000
00000000000000000
00000000000000000
STEP 7 P2 MOVE 9 4 9 6
OWN
00002220000000000
00001110000000000
00222000000000111
00000000000010000
10000000020010000
10000000020010000
10000000020010000
00000000000000000
00000000000000000
00002220000000000
STEP 8 P1 MOVE 1 8 2 8
OWN
00002220000000000
00001110100000000
00222000100000111
00000000000010000
10000000020010000
10000000020010000
10000000020010000
00000000000000000
00000000000000000
00002220000000000
STEP 9 P2 MOVE 0 3 1 3
OWN
00022220000000000
00021110100000000
00222000100000111
00000000000010000
10000000020010000
10000000020010000
10000000020010000
00000000000000000
00000000000000000
00002220000000000
STEP 10 P1 MOVE 8 0 8 1
OWN
00022220000000000
00021110100000000
00222000100000111
00000000000010000
10000000020010000
10000000020010000
10000000020010000
00000000000000000
11000000000000000
00002220000000000
STEP 11 P2 MOVE 5 3 5 5
OWN
00022220000000000
00021110100000000
00222000100000111
00000000000010000
10000000020010000
10022200020010000
10000000020010000
00000000000000000
11000000000000000
00002220000000000
STEP 12 P1 MOVE 4 6 5 7
OWN
00022220000000000
00021110100000000
00222000100000111
00000000000010000
10000011020010000
10022211020010000
10000000020010000
00000000000000000
11000000000000000
00002220000000000
STEP 13 P2 MOVE 3 3 4 3
OWN
00022220000000000
00021110100000000
00222000100000111
00020000000010000
10020011020010000
10022211020010000
10000000020010000
00000000000000000
11000000000000000
00002220000000000
STEP 14 P1 MOVE 9 0 9 1
OWN
00022220000000000
00021110100000000
00222000100000111
00020000000010000
10020011020010000
10022211020010000
10000000020010000
00000000000000000
11000000000000000
11002220000000000
STEP 15 P2 MOVE 3 8 4 8
OWN
00022220000000000
00021110100000000
00222000100000111
00020000200010000
10020011220010000
10022211020010000
10000000020010000
00000000000000000
11000000000000000
11002220000000000
STEP 16 P1 MOVE 3 4 4 4
OWN
00022220000000000
00021110100000000
00222000100000111
00021000200010000
10021011220010000
10022211020010000
10000000020010000
00000000000000000
11000000000000000
11002220000000000
STEP 17 P2 MOVE 7 7 8 7
OWN
00022220000000000
00021110100000000
00222000100000111
00021000200010000
10021011220010000
10022211020010000
10000000020010000
00000002000000000
11000002000000000
11002220000000000
STEP 18 P1 MOVE 3 5 3 9
OWN
00022220000000000
00021110100000000
00222000100000111
00021111110010000
10021011220010000
10022211020010000
10000000020010000
00000002000000000
11000002000000000
11002220000000000
STEP 19 P2 MOVE 2 6 6 6
OWN
00022220000000000
00021110100000000
00222020100000111
00021121110010000
10021021220010000
10022221020010000
10000020020010000
00000002000000000
11000002000000000
11002220000000000
STEP 20 P1 MOVE 4 5 6 5
OWN
00022220000000000
00021110100000000
00222020100000111
00021121110010000
10021121220010000
10022121020010000
10000120020010000
00000002000000000
11000002000000000
11002220000000000
STEP 21 P2 MOVE 6 4 6 8
OWN
00022220000000000
00021110100000000
00222020100000111
00021121110010000
10021121220010000
10022121020010000
10002222220010000
00000002000000000
11000002000000000
11002220000000000
STEP 22 P1 MOVE 1 7 9 7
OWN
00022220000000000
00021111100000000
00222021100000111
00021121110010000
10021121220010000
10022121020010000
10002221220010000
00000001000000000
11000001000000000
11002221000000000
STEP 23 P2 MOVE 9 2 9 8
OWN
00022220000000000
00021111100000000
00222021100000111
00021121110010000
10021121220010000
10022121020010000
10002221220010000
00000001000000000
11000001000000000
11222222200000000
STEP 24 P1 MOVE 0 0 1 0
OWN
10022220000000000
10021111100000000
00222021100000111
00021121110010000
10021121220010000
10022121020010000
10002221220010000
00000001000000000
11000001000000000
11222222200000000
STEP 25 P2 MOVE 2 2 3 5
OWN
10022220000000000
10021111100000000
00222221100000111
00222221110010000
10021121220010000
10022121020010000
10002221220010000
00000001000000000
11000001000000000
11222222200000000
STEP 26 P1 MOVE 2 1 2 9
OWN
10022220000000000
10021111100000000
01111111110000111
00222221110010000
10021121220010000
10022121020010000
10002221220010000
00000001000000000
11000001000000000
11222222200000000
STEP 27 P2 MOVE 0 0 2 1
OWN
22022220000000000
22021111100000000
22111111110000111
00222221110010000
10021121220010000
10022121020010000
10002221220010000
00000001000000000
11000001000000000
11222222200000000
STEP 28 P1 MOVE 0 12 1 12
OWN
22022220000010000
22021111100010000
22111111110000111
00222221110010000
10021121220010000
10022121020010000
10002221220010000
00000001000000000
11000001000000000
11222222200000000
STEP 29 P2 MOVE 1 15 1 16
OWN
22022220000010000
22021111100010022
22111111110000111
00222221110010000
10021121220010000
10022121020010000
10002221220010000
00000001000000000
11000001000000000
11222222200000000
STEP 30 P1 MOVE 7 10 8 10
OWN
22022220000010000
22021111100010022
22111111110000111
00222221110010000
10021121220010000
10022121020010000
10002221220010000
00000001001000000
11000001001000000
11222222200000000
STEP 31 P2 MOVE 5 13 5 14
OWN
22022220000010000
22021111100010022
22111111110000111
00222221110010000
10021121220010000
10022121020012200
10002221220010000
00000001001000000
11000001001000000
11222222200000000
STEP 32 P1 MOVE 5 11 5 15
OWN
22022220000010000
22021111100010022
22111111110000111
00222221110010000
10021121220010000
10022121020111110
10002221220010000
00000001001000000
11000001001000000
11222222200000000
STEP 33 P2 MOVE 4 11 6 11
OWN
22022220000010000
22021111100010022
22111111110000111
00222221110010000
10021121220210000
10022121020211110
10002221220210000
00000001001000000
11000001001000000
11222222200000000
STEP 34 P1 MOVE -1 -1 -1 -1
OWN
22022220000010000
22021111100010022
22111111110000111
00222221110010000
10021121220210000
10022121020211110
10002221220210000
00000001001000000
11000001001000000
11222222200000000
STEP 35 P2 MOVE 3 1 3 10
OWN
22022220000010000
22021111100010022
22111111110000111
02222222222010000
10021121220210000
10022121020211110
10002221220210000
00000001001000000
11000001001000000
11222222200000000
STEP 36 P1 MOVE 1 2 4 2
OWN
22022220000010000
22121111100010022
22111111110000111
02122222222010000
10121121220210000
10022121020211110
10002221220210000
00000001001000000
11000001001000000
11222222200000000
STEP 37 P2 MOVE 3 0 3 11
OWN
22022220000010000
22121111100010022
22111111110000111
22222222222210000
10121121220210000
10022121020211110
10002221220210000
00000001001000000
11000001001000000
11222222200000000
STEP 38 P1 MOVE 4 1 4 10
OWN
22022220000010000
22121111100010022
22111111110000111
22222222222210000
11111111111210000
10022121020211110
10002221220210000
00000001001000000
11000001001000000
11222222200000000
STEP 39 P2 MOVE -1 -1 -1 -1
OWN
22022220000010000
22121111100010022
22111111110000111
22222222222210000
11111111111210000
10022121020211110
10002221220210000
00000001001000000
11000001001000000
11222222200000000
STEP 40 P1 MOVE -1 -1 -1 -1
OWN
22022220000010000
22121111100010022
22111111110000111
22222222222210000
11111111111210000
10022121020211110
10002221220210000
00000001001000000
11000001001000000
11222222200000000
RESULT first=50 second=44 winner=1
ANALYSIS winner=P1 score=50-44 reason=±ŮĽŇşąÇŐżěŔ§ steal(w/l)=17/15 neu(w/l)=48/46
