BOARD
21581567377716414
47654929384634956
79166388441166586
19279939594451477
56392348968122675
39264345532663433
76493621699812146
26937846629374865
79991542415462179
65168836159421764
STEP 0 P1 MOVE 3 12 4 13
OWN
00000000000000000
00000000000000000
00000000000000000
00000000000011000
00000000000011000
00000000000000000
00000000000000000
00000000000000000
00000000000000000
00000000000000000
STEP 1 P2 MOVE 2 8 2 11
OWN
00000000000000000
00000000000000000
00000000222200000
00000000000011000
00000000000011000
00000000000000000
00000000000000000
00000000000000000
00000000000000000
00000000000000000
STEP 2 P1 MOVE 8 4 8 6
OWN
00000000000000000
00000000000000000
00000000222200000
00000000000011000
00000000000011000
00000000000000000
00000000000000000
00000000000000000
00001110000000000
00000000000000000
STEP 3 P2 MOVE 5 8 5 10
OWN
00000000000000000
00000000000000000
00000000222200000
00000000000011000
00000000000011000
00000000222000000
00000000000000000
00000000000000000
00001110000000000
00000000000000000
STEP 4 P1 MOVE 8 8 8 10
OWN
00000000000000000
00000000000000000
00000000222200000
00000000000011000
00000000000011000
00000000222000000
00000000000000000
00000000000000000
00001110111000000
00000000000000000
STEP 5 P2 MOVE 6 4 7 4
OWN
00000000000000000
00000000000000000
00000000222200000
00000000000011000
00000000000011000
00000000222000000
00002000000000000
00002000000000000
00001110111000000
00000000000000000
STEP 6 P1 MOVE 0 13 0 14
OWN
00000000000001100
00000000000000000
00000000222200000
00000000000011000
00000000000011000
00000000222000000
00002000000000000
00002000000000000
00001110111000000
00000000000000000
STEP 7 P2 MOVE 0 8 0 9
OWN
00000000220001100
00000000000000000
00000000222200000
00000000000011000
00000000000011000
00000000222000000
00002000000000000
00002000000000000
00001110111000000
00000000000000000
STEP 8 P1 MOVE 8 2 9 2
OWN
00000000220001100
00000000000000000
00000000222200000
00000000000011000
00000000000011000
00000000222000000
00002000000000000
00002000000000000
00101110111000000
00100000000000000
STEP 9 P2 MOVE 5 13 6 14
OWN
00000000220001100
00000000000000000
00000000222200000
00000000000011000
00000000000011000
00000000222002200
00002000000002200
00002000000000000
00101110111000000
00100000000000000
STEP 10 P1 MOVE 2 13 7 13
OWN
00000000220001100
00000000000000000
00000000222201000
00000000000011000
00000000000011000
00000000222001200
00002000000001200
00002000000001000
00101110111000000
00100000000000000
STEP 11 P2 MOVE 8 13 8 15
OWN
00000000220001100
00000000000000000
00000000222201000
00000000000011000
00000000000011000
00000000222001200
00002000000001200
00002000000001000
00101110111002220
00100000000000000
STEP 12 P1 MOVE 1 10 1 11
OWN
00000000220001100
00000000001100000
00000000222201000
00000000000011000
00000000000011000
00000000222001200
00002000000001200
00002000000001000
00101110111002220
00100000000000000
STEP 13 P2 MOVE 3 14 4 14
OWN
00000000220001100
00000000001100000
00000000222201000
00000000000011200
00000000000011200
00000000222001200
00002000000001200
00002000000001000
00101110111002220
00100000000000000
STEP 14 P1 MOVE 3 0 3 1
OWN
00000000220001100
00000000001100000
00000000222201000
11000000000011200
00000000000011200
00000000222001200
00002000000001200
00002000000001000
00101110111002220
00100000000000000
STEP 15 P2 MOVE 6 1 6 2
OWN
00000000220001100
00000000001100000
00000000222201000
11000000000011200
00000000000011200
00000000222001200
02202000000001200
00002000000001000
00101110111002220
00100000000000000
STEP 16 P1 MOVE 4 15 5 15
OWN
00000000220001100
00000000001100000
00000000222201000
11000000000011200
00000000000011210
00000000222001210
02202000000001200
00002000000001000
00101110111002220
00100000000000000
STEP 17 P2 MOVE 0 16 1 16
OWN
00000000220001102
00000000001100002
00000000222201000
11000000000011200
00000000000011210
00000000222001210
02202000000001200
00002000000001000
00101110111002220
00100000000000000
STEP 18 P1 MOVE 6 15 7 15
OWN
00000000220001102
00000000001100002
00000000222201000
11000000000011200
00000000000011210
00000000222001210
02202000000001210
00002000000001010
00101110111002220
00100000000000000
STEP 19 P2 MOVE 2 1 2 2
OWN
00000000220001102
00000000001100002
02200000222201000
11000000000011200
00000000000011210
00000000222001210
02202000000001210
00002000000001010
00101110111002220
00100000000000000
STEP 20 P1 MOVE 9 15 9 16
OWN
00000000220001102
00000000001100002
02200000222201000
11000000000011200
00000000000011210
00000000222001210
02202000000001210
00002000000001010
00101110111002220
00100000000000011
STEP 21 P2 MOVE 9 12 9 14
OWN
00000000220001102
00000000001100002
02200000222201000
11000000000011200
00000000000011210
00000000222001210
02202000000001210
00002000000001010
00101110111002220
00100000000022211
STEP 22 P1 MOVE 8 11 8 12
OWN
00000000220001102
00000000001100002
02200000222201000
11000000000011200
00000000000011210
00000000222001210
02202000000001210
00002000000001010
00101110111112220
00100000000022211
STEP 23 P2 MOVE 7 11 7 12
OWN
00000000220001102
00000000001100002
02200000222201000
11000000000011200
00000000000011210
00000000222001210
02202000000001210
00002000000221010
00101110111112220
00100000000022211
STEP 24 P1 MOVE 1 6 2 6
OWN
00000000220001102
00000010001100002
02200010222201000
11000000000011200
00000000000011210
00000000222001210
02202000000001210
00002000000221010
00101110111112220
00100000000022211
STEP 25 P2 MOVE 5 0 6 0
OWN
00000000220001102
00000010001100002
02200010222201000
11000000000011200
00000000000011210
20000000222001210
22202000000001210
00002000000221010
00101110111112220
00100000000022211
STEP 26 P1 MOVE -1 -1 -1 -1
OWN
00000000220001102
00000010001100002
02200010222201000
11000000000011200
00000000000011210
20000000222001210
22202000000001210
00002000000221010
00101110111112220
00100000000022211
STEP 27 P2 MOVE 9 6 9 8
OWN
00000000220001102
00000010001100002
02200010222201000
11000000000011200
00000000000011210
20000000222001210
22202000000001210
00002000000221010
00101110111112220
00100022200022211
STEP 28 P1 MOVE 8 5 9 7
OWN
00000000220001102
00000010001100002
02200010222201000
11000000000011200
00000000000011210
20000000222001210
22202000000001210
00002000000221010
00101111111112220
00100111200022211
STEP 29 P2 MOVE 4 6 6 6
OWN
00000000220001102
00000010001100002
02200010222201000
11000000000011200
00000020000011210
20000020222001210
22202020000001210
00002000000221010
00101111111112220
00100111200022211
STEP 30 P1 MOVE 7 6 7 7
OWN
00000000220001102
00000010001100002
02200010222201000
11000000000011200
00000020000011210
20000020222001210
22202020000001210
00002011000221010
00101111111112220
00100111200022211
STEP 31 P2 MOVE 0 12 2 12
OWN
00000000220021102
00000010001120002
02200010222221000
11000000000011200
00000020000011210
20000020222001210
22202020000001210
00002011000221010
00101111111112220
00100111200022211
STEP 32 P1 MOVE 2 11 4 14
OWN
00000000220021102
00000010001120002
02200010222111100
11000000000111100
00000020000111110
20000020222001210
22202020000001210
00002011000221010
00101111111112220
00100111200022211
STEP 33 P2 MOVE 1 4 2 4
OWN
00000000220021102
00002010001120002
02202010222111100
11000000000111100
00000020000111110
20000020222001210
22202020000001210
00002011000221010
00101111111112220
00100111200022211
STEP 34 P1 MOVE 0 4 3 4
OWN
00001000220021102
00001010001120002
02201010222111100
11001000000111100
00000020000111110
20000020222001210
22202020000001210
00002011000221010
00101111111112220
00100111200022211
STEP 35 P2 MOVE 1 12 5 13
OWN
00001000220021102
00001010001122002
02201010222122100
11001000000122100
00000020000122110
20000020222022210
22202020000001210
00002011000221010
00101111111112220
00100111200022211
STEP 36 P1 MOVE 1 12 6 14
OWN
00001000220021102
00001010001111102
02201010222111100
11001000000111100
00000020000111110
20000020222011110
22202020000011110
00002011000221010
00101111111112220
00100111200022211
STEP 37 P2 MOVE 5 3 5 4
OWN
00001000220021102
00001010001111102
02201010222111100
11001000000111100
00000020000111110
20022020222011110
22202020000011110
00002011000221010
00101111111112220
00100111200022211
STEP 38 P1 MOVE 5 2 5 7
OWN
00001000220021102
00001010001111102
02201010222111100
11001000000111100
00000020000111110
20111111222011110
22202020000011110
00002011000221010
00101111111112220
00100111200022211
STEP 39 P2 MOVE 4 4 9 4
OWN
00001000220021102
00001010001111102
02201010222111100
11001000000111100
00002020000111110
20112111222011110
22202020000011110
00002011000221010
00102111111112220
00102111200022211
STEP 40 P1 MOVE -1 -1 -1 -1
OWN
00001000220021102
00001010001111102
02201010222111100
11001000000111100
00002020000111110
20112111222011110
22202020000011110
00002011000221010
00102111111112220
00102111200022211
STEP 41 P2 MOVE -1 -1 -1 -1
OWN
00001000220021102
00001010001111102
02201010222111100
11001000000111100
00002020000111110
20112111222011110
22202020000011110
00002011000221010
00102111111112220
00102111200022211
RESULT first=60 second=34 winner=1
ANALYSIS winner=P1 score=60-34 reason=Ĺ»ĂëżěŔ§(+16Ä­ »©ľŃŔ˝,2ąčČż°ú) steal(w/l)=25/9 neu(w/l)=44/50
