BOARD
66869358625365764
25582297887154526
15584213643754645
47149118651338461
13316929531623227
32555226818267139
91691799967268834
21184869467143526
51519586546783516
19819552678133957
STEP 0 P1 MOVE 1 4 2 5
OWN
00000000000000000
00001100000000000
00001100000000000
00000000000000000
00000000000000000
00000000000000000
00000000000000000
00000000000000000
00000000000000000
00000000000000000
STEP 1 P2 MOVE 3 9 4 10
OWN
00000000000000000
00001100000000000
00001100000000000
00000000022000000
00000000022000000
00000000000000000
00000000000000000
00000000000000000
00000000000000000
00000000000000000
STEP 2 P1 MOVE 4 15 7 15
OWN
00000000000000000
00001100000000000
00001100000000000
00000000022000000
00000000022000010
00000000000000010
00000000000000010
00000000000000010
00000000000000000
00000000000000000
STEP 3 P2 MOVE 2 12 4 12
OWN
00000000000000000
00001100000000000
00001100000020000
00000000022020000
00000000022020010
00000000000000010
00000000000000010
00000000000000010
00000000000000000
00000000000000000
STEP 4 P1 MOVE 7 3 9 3
OWN
00000000000000000
00001100000000000
00001100000020000
00000000022020000
00000000022020010
00000000000000010
00000000000000010
00010000000000010
00010000000000000
00010000000000000
STEP 5 P2 MOVE 0 9 0 11
OWN
00000000022200000
00001100000000000
00001100000020000
00000000022020000
00000000022020010
00000000000000010
00000000000000010
00010000000000010
00010000000000000
00010000000000000
STEP 6 P1 MOVE 1 11 1 13
OWN
00000000022200000
00001100000111000
00001100000020000
00000000022020000
00000000022020010
00000000000000010
00000000000000010
00010000000000010
00010000000000000
00010000000000000
STEP 7 P2 MOVE 5 14 5 16
OWN
00000000022200000
00001100000111000
00001100000020000
00000000022020000
00000000022020010
00000000000000222
00000000000000010
00010000000000010
00010000000000000
00010000000000000
STEP 8 P1 MOVE 4 13 5 13
OWN
00000000022200000
00001100000111000
00001100000020000
00000000022020000
00000000022021010
00000000000001222
00000000000000010
00010000000000010
00010000000000000
00010000000000000
STEP 9 P2 MOVE 4 14 6 14
OWN
00000000022200000
00001100000111000
00001100000020000
00000000022020000
00000000022021210
00000000000001222
00000000000000210
00010000000000010
00010000000000000
00010000000000000
STEP 10 P1 MOVE 4 11 6 11
OWN
00000000022200000
00001100000111000
00001100000020000
00000000022020000
00000000022121210
00000000000101222
00000000000100210
00010000000000010
00010000000000000
00010000000000000
STEP 11 P2 MOVE 5 5 5 7
OWN
00000000022200000
00001100000111000
00001100000020000
00000000022020000
00000000022121210
00000222000101222
00000000000100210
00010000000000010
00010000000000000
00010000000000000
STEP 12 P1 MOVE 7 9 8 9
OWN
00000000022200000
00001100000111000
00001100000020000
00000000022020000
00000000022121210
00000222000101222
00000000000100210
00010000010000010
00010000010000000
00010000000000000
STEP 13 P2 MOVE 1 2 2 2
OWN
00000000022200000
00201100000111000
00201100000020000
00000000022020000
00000000022121210
00000222000101222
00000000000100210
00010000010000010
00010000010000000
00010000000000000
STEP 14 P1 MOVE 9 0 9 1
OWN
00000000022200000
00201100000111000
00201100000020000
00000000022020000
00000000022121210
00000222000101222
00000000000100210
00010000010000010
00010000010000000
11010000000000000
STEP 15 P2 MOVE 2 14 2 15
OWN
00000000022200000
00201100000111000
00201100000020220
00000000022020000
00000000022121210
00000222000101222
00000000000100210
00010000010000010
00010000010000000
11010000000000000
STEP 16 P1 MOVE 4 2 4 4
OWN
00000000022200000
00201100000111000
00201100000020220
00000000022020000
00111000022121210
00000222000101222
00000000000100210
00010000010000010
00010000010000000
11010000000000000
STEP 17 P2 MOVE 3 5 3 7
OWN
00000000022200000
00201100000111000
00201100000020220
00000222022020000
00111000022121210
00000222000101222
00000000000100210
00010000010000010
00010000010000000
11010000000000000
STEP 18 P1 MOVE 6 3 6 4
OWN
00000000022200000
00201100000111000
00201100000020220
00000222022020000
00111000022121210
00000222000101222
00011000000100210
00010000010000010
00010000010000000
11010000000000000
STEP 19 P2 MOVE 2 11 3 11
OWN
00000000022200000
00201100000111000
00201100000220220
00000222022220000
00111000022121210
00000222000101222
00011000000100210
00010000010000010
00010000010000000
11010000000000000
STEP 20 P1 MOVE 3 14 3 15
OWN
00000000022200000
00201100000111000
00201100000220220
00000222022220110
00111000022121210
00000222000101222
00011000000100210
00010000010000010
00010000010000000
11010000000000000
STEP 21 P2 MOVE 1 14 7 14
OWN
00000000022200000
00201100000111200
00201100000220220
00000222022220210
00111000022121210
00000222000101222
00011000000100210
00010000010000210
00010000010000000
11010000000000000
STEP 22 P1 MOVE 2 4 3 6
OWN
00000000022200000
00201100000111200
00201110000220220
00001112022220210
00111000022121210
00000222000101222
00011000000100210
00010000010000210
00010000010000000
11010000000000000
STEP 23 P2 MOVE 0 15 0 16
OWN
00000000022200022
00201100000111200
00201110000220220
00001112022220210
00111000022121210
00000222000101222
00011000000100210
00010000010000210
00010000010000000
11010000000000000
STEP 24 P1 MOVE 8 5 9 5
OWN
00000000022200022
00201100000111200
00201110000220220
00001112022220210
00111000022121210
00000222000101222
00011000000100210
00010000010000210
00010100010000000
11010100000000000
STEP 25 P2 MOVE 6 16 7 16
OWN
00000000022200022
00201100000111200
00201110000220220
00001112022220210
00111000022121210
00000222000101222
00011000000100212
00010000010000212
00010100010000000
11010100000000000
STEP 26 P1 MOVE 6 12 7 12
OWN
00000000022200022
00201100000111200
00201110000220220
00001112022220210
00111000022121210
00000222000101222
00011000000110212
00010000010010212
00010100010000000
11010100000000000
STEP 27 P2 MOVE 5 3 5 4
OWN
00000000022200022
00201100000111200
00201110000220220
00001112022220210
00111000022121210
00022222000101222
00011000000110212
00010000010010212
00010100010000000
11010100000000000
STEP 28 P1 MOVE 6 0 6 1
OWN
00000000022200022
00201100000111200
00201110000220220
00001112022220210
00111000022121210
00022222000101222
11011000000110212
00010000010010212
00010100010000000
11010100000000000
STEP 29 P2 MOVE 5 0 5 2
OWN
00000000022200022
00201100000111200
00201110000220220
00001112022220210
00111000022121210
22222222000101222
11011000000110212
00010000010010212
00010100010000000
11010100000000000
STEP 30 P1 MOVE 1 10 2 10
OWN
00000000022200022
00201100001111200
00201110001220220
00001112022220210
00111000022121210
22222222000101222
11011000000110212
00010000010010212
00010100010000000
11010100000000000
STEP 31 P2 MOVE 1 7 2 7
OWN
00000000022200022
00201102001111200
00201112001220220
00001112022220210
00111000022121210
22222222000101222
11011000000110212
00010000010010212
00010100010000000
11010100000000000
STEP 32 P1 MOVE 1 9 1 15
OWN
00000000022200022
00201102011111110
00201112001220220
00001112022220210
00111000022121210
22222222000101222
11011000000110212
00010000010010212
00010100010000000
11010100000000000
STEP 33 P2 MOVE 0 9 2 12
OWN
00000000022220022
00201102022221110
00201112022220220
00001112022220210
00111000022121210
22222222000101222
11011000000110212
00010000010010212
00010100010000000
11010100000000000
STEP 34 P1 MOVE 2 8 2 13
OWN
00000000022220022
00201102022221110
00201112111111220
00001112022220210
00111000022121210
22222222000101222
11011000000110212
00010000010010212
00010100010000000
11010100000000000
STEP 35 P2 MOVE 6 0 7 2
OWN
00000000022220022
00201102022221110
00201112111111220
00001112022220210
00111000022121210
22222222000101222
22211000000110212
22210000010010212
00010100010000000
11010100000000000
STEP 36 P1 MOVE 3 2 8 3
OWN
00000000022220022
00201102022221110
00201112111111220
00111112022220210
00111000022121210
22112222000101222
22111000000110212
22110000010010212
00110100010000000
11010100000000000
STEP 37 P2 MOVE 3 0 8 0
OWN
00000000022220022
00201102022221110
00201112111111220
20111112022220210
20111000022121210
22112222000101222
22111000000110212
22110000010010212
20110100010000000
11010100000000000
STEP 38 P1 MOVE 1 1 2 1
OWN
00000000022220022
01201102022221110
01201112111111220
20111112022220210
20111000022121210
22112222000101222
22111000000110212
22110000010010212
20110100010000000
11010100000000000
STEP 39 P2 MOVE 1 0 1 3
OWN
00000000022220022
22221102022221110
01201112111111220
20111112022220210
20111000022121210
22112222000101222
22111000000110212
22110000010010212
20110100010000000
11010100000000000
STEP 40 P1 MOVE 8 1 8 4
OWN
00000000022220022
22221102022221110
01201112111111220
20111112022220210
20111000022121210
22112222000101222
22111000000110212
22110000010010212
21111100010000000
11010100000000000
STEP 41 P2 MOVE 3 1 4 1
OWN
00000000022220022
22221102022221110
01201112111111220
22111112022220210
22111000022121210
22112222000101222
22111000000110212
22110000010010212
21111100010000000
11010100000000000
STEP 42 P1 MOVE -1 -1 -1 -1
OWN
00000000022220022
22221102022221110
01201112111111220
22111112022220210
22111000022121210
22112222000101222
22111000000110212
22110000010010212
21111100010000000
11010100000000000
STEP 43 P2 MOVE -1 -1 -1 -1
OWN
00000000022220022
22221102022221110
01201112111111220
22111112022220210
22111000022121210
22112222000101222
22111000000110212
22110000010010212
21111100010000000
11010100000000000
RESULT first=52 second=51 winner=1
ANALYSIS winner=P1 score=52-51 reason=摹奢檜薄 steal(w/l)=11/10 neu(w/l)=51/52
