BOARD
22796688662432141
58951799127443239
95271357421722866
49111232266991873
13517493946447433
41337364429172968
34835736492832534
49232526962211324
54537738883155559
13858938548854711
STEP 0 P1 MOVE 0 11 0 14
OWN
00000000000111100
00000000000000000
00000000000000000
00000000000000000
00000000000000000
00000000000000000
00000000000000000
00000000000000000
00000000000000000
00000000000000000
STEP 1 P2 MOVE 7 13 7 16
OWN
00000000000111100
00000000000000000
00000000000000000
00000000000000000
00000000000000000
00000000000000000
00000000000000000
00000000000002222
00000000000000000
00000000000000000
STEP 2 P1 MOVE 3 13 5 13
OWN
00000000000111100
00000000000000000
00000000000000000
00000000000001000
00000000000001000
00000000000001000
00000000000000000
00000000000002222
00000000000000000
00000000000000000
STEP 3 P2 MOVE 1 8 1 10
OWN
00000000000111100
00000000222000000
00000000000000000
00000000000001000
00000000000001000
00000000000001000
00000000000000000
00000000000002222
00000000000000000
00000000000000000
STEP 4 P1 MOVE 3 4 3 8
OWN
00000000000111100
00000000222000000
00000000000000000
00001111100001000
00000000000001000
00000000000001000
00000000000000000
00000000000002222
00000000000000000
00000000000000000
STEP 5 P2 MOVE 2 5 5 5
OWN
00000000000111100
00000000222000000
00000200000000000
00001211100001000
00000200000001000
00000200000001000
00000000000000000
00000000000002222
00000000000000000
00000000000000000
STEP 6 P1 MOVE 5 7 5 9
OWN
00000000000111100
00000000222000000
00000200000000000
00001211100001000
00000200000001000
00000201110001000
00000000000000000
00000000000002222
00000000000000000
00000000000000000
STEP 7 P2 MOVE 4 14 4 16
OWN
00000000000111100
00000000222000000
00000200000000000
00001211100001000
00000200000001222
00000201110001000
00000000000000000
00000000000002222
00000000000000000
00000000000000000
STEP 8 P1 MOVE 7 0 9 0
OWN
00000000000111100
00000000222000000
00000200000000000
00001211100001000
00000200000001222
00000201110001000
00000000000000000
10000000000002222
10000000000000000
10000000000000000
STEP 9 P2 MOVE 4 9 4 10
OWN
00000000000111100
00000000222000000
00000200000000000
00001211100001000
00000200022001222
00000201110001000
00000000000000000
10000000000002222
10000000000000000
10000000000000000
STEP 10 P1 MOVE 6 14 8 14
OWN
00000000000111100
00000000222000000
00000200000000000
00001211100001000
00000200022001222
00000201110001000
00000000000000100
10000000000002122
10000000000000100
10000000000000000
STEP 11 P2 MOVE 8 13 8 15
OWN
00000000000111100
00000000222000000
00000200000000000
00001211100001000
00000200022001222
00000201110001000
00000000000000100
10000000000002122
10000000000002220
10000000000000000
STEP 12 P1 MOVE 8 16 9 16
OWN
00000000000111100
00000000222000000
00000200000000000
00001211100001000
00000200022001222
00000201110001000
00000000000000100
10000000000002122
10000000000002221
10000000000000001
STEP 13 P2 MOVE 4 0 4 3
OWN
00000000000111100
00000000222000000
00000200000000000
00001211100001000
22220200022001222
00000201110001000
00000000000000100
10000000000002122
10000000000002221
10000000000000001
STEP 14 P1 MOVE 3 1 5 1
OWN
00000000000111100
00000000222000000
00000200000000000
01001211100001000
21220200022001222
01000201110001000
00000000000000100
10000000000002122
10000000000002221
10000000000000001
STEP 15 P2 MOVE 5 0 5 3
OWN
00000000000111100
00000000222000000
00000200000000000
01001211100001000
21220200022001222
22220201110001000
00000000000000100
10000000000002122
10000000000002221
10000000000000001
STEP 16 P1 MOVE 0 8 2 8
OWN
00000000100111100
00000000122000000
00000200100000000
01001211100001000
21220200022001222
22220201110001000
00000000000000100
10000000000002122
10000000000002221
10000000000000001
STEP 17 P2 MOVE 2 7 2 10
OWN
00000000100111100
00000000122000000
00000202222000000
01001211100001000
21220200022001222
22220201110001000
00000000000000100
10000000000002122
10000000000002221
10000000000000001
STEP 18 P1 MOVE 3 15 3 16
OWN
00000000100111100
00000000122000000
00000202222000000
01001211100001011
21220200022001222
22220201110001000
00000000000000100
10000000000002122
10000000000002221
10000000000000001
STEP 19 P2 MOVE 0 1 1 1
OWN
02000000100111100
02000000122000000
00000202222000000
01001211100001011
21220200022001222
22220201110001000
00000000000000100
10000000000002122
10000000000002221
10000000000000001
STEP 20 P1 MOVE 5 10 5 11
OWN
02000000100111100
02000000122000000
00000202222000000
01001211100001011
21220200022001222
22220201111101000
00000000000000100
10000000000002122
10000000000002221
10000000000000001
STEP 21 P2 MOVE 3 10 7 10
OWN
02000000100111100
02000000122000000
00000202222000000
01001211102001011
21220200022001222
22220201112101000
00000000002000100
10000000002002122
10000000000002221
10000000000000001
STEP 22 P1 MOVE 6 5 6 6
OWN
02000000100111100
02000000122000000
00000202222000000
01001211102001011
21220200022001222
22220201112101000
00000110002000100
10000000002002122
10000000000002221
10000000000000001
STEP 23 P2 MOVE 6 2 7 2
OWN
02000000100111100
02000000122000000
00000202222000000
01001211102001011
21220200022001222
22220201112101000
00200110002000100
10200000002002122
10000000000002221
10000000000000001
STEP 24 P1 MOVE 6 11 7 11
OWN
02000000100111100
02000000122000000
00000202222000000
01001211102001011
21220200022001222
22220201112101000
00200110002100100
10200000002102122
10000000000002221
10000000000000001
STEP 25 P2 MOVE 0 10 1 12
OWN
02000000102221100
02000000122220000
00000202222000000
01001211102001011
21220200022001222
22220201112101000
00200110002100100
10200000002102122
10000000000002221
10000000000000001
STEP 26 P1 MOVE 0 9 0 15
OWN
02000000111111110
02000000122220000
00000202222000000
01001211102001011
21220200022001222
22220201112101000
00200110002100100
10200000002102122
10000000000002221
10000000000000001
STEP 27 P2 MOVE 7 10 8 12
OWN
02000000111111110
02000000122220000
00000202222000000
01001211102001011
21220200022001222
22220201112101000
00200110002100100
10200000002222122
10000000002222221
10000000000000001
STEP 28 P1 MOVE 5 15 9 15
OWN
02000000111111110
02000000122220000
00000202222000000
01001211102001011
21220200022001222
22220201112101010
00200110002100110
10200000002222112
10000000002222211
10000000000000011
STEP 29 P2 MOVE 3 3 8 3
OWN
02000000111111110
02000000122220000
00000202222000000
01021211102001011
21220200022001222
22220201112101010
00220110002100110
10220000002222112
10020000002222211
10000000000000011
STEP 30 P1 MOVE 0 16 1 16
OWN
02000000111111111
02000000122220001
00000202222000000
01021211102001011
21220200022001222
22220201112101010
00220110002100110
10220000002222112
10020000002222211
10000000000000011
STEP 31 P2 MOVE 6 7 6 8
OWN
02000000111111111
02000000122220001
00000202222000000
01021211102001011
21220200022001222
22220201112101010
00220112202100110
10220000002222112
10020000002222211
10000000000000011
STEP 32 P1 MOVE 8 5 8 6
OWN
02000000111111111
02000000122220001
00000202222000000
01021211102001011
21220200022001222
22220201112101010
00220112202100110
10220000002222112
10020110002222211
10000000000000011
STEP 33 P2 MOVE -1 -1 -1 -1
OWN
02000000111111111
02000000122220001
00000202222000000
01021211102001011
21220200022001222
22220201112101010
00220112202100110
10220000002222112
10020110002222211
10000000000000011
STEP 34 P1 MOVE 2 2 2 4
OWN
02000000111111111
02000000122220001
00111202222000000
01021211102001011
21220200022001222
22220201112101010
00220112202100110
10220000002222112
10020110002222211
10000000000000011
STEP 35 P2 MOVE 1 3 9 3
OWN
02000000111111111
02020000122220001
00121202222000000
01021211102001011
21220200022001222
22220201112101010
00220112202100110
10220000002222112
10020110002222211
10020000000000011
STEP 36 P1 MOVE 2 1 6 2
OWN
02000000111111111
02020000122220001
01121202222000000
01121211102001011
21120200022001222
21120201112101010
01120112202100110
10220000002222112
10020110002222211
10020000000000011
STEP 37 P2 MOVE 3 0 3 9
OWN
02000000111111111
02020000122220001
01121202222000000
22222222222001011
21120200022001222
21120201112101010
01120112202100110
10220000002222112
10020110002222211
10020000000000011
STEP 38 P1 MOVE 1 2 1 4
OWN
02000000111111111
02111000122220001
01121202222000000
22222222222001011
21120200022001222
21120201112101010
01120112202100110
10220000002222112
10020110002222211
10020000000000011
STEP 39 P2 MOVE -1 -1 -1 -1
OWN
02000000111111111
02111000122220001
01121202222000000
22222222222001011
21120200022001222
21120201112101010
01120112202100110
10220000002222112
10020110002222211
10020000000000011
STEP 40 P1 MOVE -1 -1 -1 -1
OWN
02000000111111111
02111000122220001
01121202222000000
22222222222001011
21120200022001222
21120201112101010
01120112202100110
10220000002222112
10020110002222211
10020000000000011
RESULT first=49 second=53 winner=2
ANALYSIS winner=P2 score=49-53 reason=±ŮĽŇşąÇŐżěŔ§ steal(w/l)=15/13 neu(w/l)=51/51
