BOARD
32684567279373931
27951973249922157
59437131127468598
15853562798765618
31868762446578899
69197888898556953
58192742352552918
97122662768362818
28464257865964681
21676384415895816
STEP 0 P1 MOVE 3 0 4 1
OWN
00000000000000000
00000000000000000
00000000000000000
11000000000000000
11000000000000000
00000000000000000
00000000000000000
00000000000000000
00000000000000000
00000000000000000
STEP 1 P2 MOVE 1 12 1 15
OWN
00000000000000000
00000000000022220
00000000000000000
11000000000000000
11000000000000000
00000000000000000
00000000000000000
00000000000000000
00000000000000000
00000000000000000
STEP 2 P1 MOVE 6 15 8 15
OWN
00000000000000000
00000000000022220
00000000000000000
11000000000000000
11000000000000000
00000000000000000
00000000000000010
00000000000000010
00000000000000010
00000000000000000
STEP 3 P2 MOVE 7 3 7 5
OWN
00000000000000000
00000000000022220
00000000000000000
11000000000000000
11000000000000000
00000000000000000
00000000000000010
00022200000000010
00000000000000010
00000000000000000
STEP 4 P1 MOVE 0 0 2 0
OWN
10000000000000000
10000000000022220
10000000000000000
11000000000000000
11000000000000000
00000000000000000
00000000000000010
00022200000000010
00000000000000010
00000000000000000
STEP 5 P2 MOVE 5 13 7 13
OWN
10000000000000000
10000000000022220
10000000000000000
11000000000000000
11000000000000000
00000000000002000
00000000000002010
00022200000002010
00000000000000010
00000000000000000
STEP 6 P1 MOVE 9 8 9 10
OWN
10000000000000000
10000000000022220
10000000000000000
11000000000000000
11000000000000000
00000000000002000
00000000000002010
00022200000002010
00000000000000010
00000000111000000
STEP 7 P2 MOVE 6 8 6 10
OWN
10000000000000000
10000000000022220
10000000000000000
11000000000000000
11000000000000000
00000000000002000
00000000222002010
00022200000002010
00000000000000010
00000000111000000
STEP 8 P1 MOVE 4 7 4 9
OWN
10000000000000000
10000000000022220
10000000000000000
11000000000000000
11000001110000000
00000000000002000
00000000222002010
00022200000002010
00000000000000010
00000000111000000
STEP 9 P2 MOVE 8 3 8 4
OWN
10000000000000000
10000000000022220
10000000000000000
11000000000000000
11000001110000000
00000000000002000
00000000222002010
00022200000002010
00022000000000010
00000000111000000
STEP 10 P1 MOVE 4 2 6 2
OWN
10000000000000000
10000000000022220
10000000000000000
11000000000000000
11100001110000000
00100000000002000
00100000222002010
00022200000002010
00022000000000010
00000000111000000
STEP 11 P2 MOVE 8 13 8 14
OWN
10000000000000000
10000000000022220
10000000000000000
11000000000000000
11100001110000000
00100000000002000
00100000222002010
00022200000002010
00022000000002210
00000000111000000
STEP 12 P1 MOVE 5 7 6 7
OWN
10000000000000000
10000000000022220
10000000000000000
11000000000000000
11100001110000000
00100001000002000
00100001222002010
00022200000002010
00022000000002210
00000000111000000
STEP 13 P2 MOVE 5 11 6 11
OWN
10000000000000000
10000000000022220
10000000000000000
11000000000000000
11100001110000000
00100001000202000
00100001222202010
00022200000002010
00022000000002210
00000000111000000
STEP 14 P1 MOVE 0 11 0 12
OWN
10000000000110000
10000000000022220
10000000000000000
11000000000000000
11100001110000000
00100001000202000
00100001222202010
00022200000002010
00022000000002210
00000000111000000
STEP 15 P2 MOVE 2 15 3 15
OWN
10000000000110000
10000000000022220
10000000000000020
11000000000000020
11100001110000000
00100001000202000
00100001222202010
00022200000002010
00022000000002210
00000000111000000
STEP 16 P1 MOVE 2 11 2 12
OWN
10000000000110000
10000000000022220
10000000000110020
11000000000000020
11100001110000000
00100001000202000
00100001222202010
00022200000002010
00022000000002210
00000000111000000
STEP 17 P2 MOVE 5 12 6 12
OWN
10000000000110000
10000000000022220
10000000000110020
11000000000000020
11100001110000000
00100001000222000
00100001222222010
00022200000002010
00022000000002210
00000000111000000
STEP 18 P1 MOVE 8 0 8 1
OWN
10000000000110000
10000000000022220
10000000000110020
11000000000000020
11100001110000000
00100001000222000
00100001222222010
00022200000002010
11022000000002210
00000000111000000
STEP 19 P2 MOVE 1 4 1 5
OWN
10000000000110000
10002200000022220
10000000000110020
11000000000000020
11100001110000000
00100001000222000
00100001222222010
00022200000002010
11022000000002210
00000000111000000
STEP 20 P1 MOVE 0 7 1 7
OWN
10000001000110000
10002201000022220
10000000000110020
11000000000000020
11100001110000000
00100001000222000
00100001222222010
00022200000002010
11022000000002210
00000000111000000
STEP 21 P2 MOVE 2 8 2 10
OWN
10000001000110000
10002201000022220
10000000222110020
11000000000000020
11100001110000000
00100001000222000
00100001222222010
00022200000002010
11022000000002210
00000000111000000
STEP 22 P1 MOVE 8 2 9 2
OWN
10000001000110000
10002201000022220
10000000222110020
11000000000000020
11100001110000000
00100001000222000
00100001222222010
00022200000002010
11122000000002210
00100000111000000
STEP 23 P2 MOVE 7 1 8 5
OWN
10000001000110000
10002201000022220
10000000222110020
11000000000000020
11100001110000000
00100001000222000
00100001222222010
02222200000002010
12222200000002210
00100000111000000
STEP 24 P1 MOVE 2 4 3 4
OWN
10000001000110000
10002201000022220
10001000222110020
11001000000000020
11100001110000000
00100001000222000
00100001222222010
02222200000002010
12222200000002210
00100000111000000
STEP 25 P2 MOVE 0 4 2 5
OWN
10002201000110000
10002201000022220
10002200222110020
11001000000000020
11100001110000000
00100001000222000
00100001222222010
02222200000002010
12222200000002210
00100000111000000
STEP 26 P1 MOVE 6 5 9 5
OWN
10002201000110000
10002201000022220
10002200222110020
11001000000000020
11100001110000000
00100001000222000
00100101222222010
02222100000002010
12222100000002210
00100100111000000
STEP 27 P2 MOVE 9 0 9 3
OWN
10002201000110000
10002201000022220
10002200222110020
11001000000000020
11100001110000000
00100001000222000
00100101222222010
02222100000002010
12222100000002210
22220100111000000
STEP 28 P1 MOVE 6 6 7 6
OWN
10002201000110000
10002201000022220
10002200222110020
11001000000000020
11100001110000000
00100001000222000
00100111222222010
02222110000002010
12222100000002210
22220100111000000
STEP 29 P2 MOVE 5 6 7 7
OWN
10002201000110000
10002201000022220
10002200222110020
11001000000000020
11100001110000000
00100022000222000
00100122222222010
02222122000002010
12222100000002210
22220100111000000
STEP 30 P1 MOVE 2 7 8 7
OWN
10002201000110000
10002201000022220
10002201222110020
11001001000000020
11100001110000000
00100021000222000
00100121222222010
02222121000002010
12222101000002210
22220100111000000
STEP 31 P2 MOVE 2 2 2 6
OWN
10002201000110000
10002201000022220
10222221222110020
11001001000000020
11100001110000000
00100021000222000
00100121222222010
02222121000002010
12222101000002210
22220100111000000
STEP 32 P1 MOVE 1 3 3 3
OWN
10002201000110000
10012201000022220
10212221222110020
11011001000000020
11100001110000000
00100021000222000
00100121222222010
02222121000002010
12222101000002210
22220100111000000
STEP 33 P2 MOVE -1 -1 -1 -1
OWN
10002201000110000
10012201000022220
10212221222110020
11011001000000020
11100001110000000
00100021000222000
00100121222222010
02222121000002010
12222101000002210
22220100111000000
STEP 34 P1 MOVE -1 -1 -1 -1
OWN
10002201000110000
10012201000022220
10212221222110020
11011001000000020
11100001110000000
00100021000222000
00100121222222010
02222121000002010
12222101000002210
22220100111000000
RESULT first=40 second=44 winner=2
ANALYSIS winner=P2 score=40-44 reason=żŞŔü˝Â steal(w/l)=8/6 neu(w/l)=42/42
