BOARD
93487742194755743
53235776848289365
26493743675735748
13728745622638521
71669646944278293
58582338569516795
73715789691368961
36222663267575397
46268864153186543
37866517853738967
STEP 0 P1 MOVE 7 7 8 8
OWN
00000000000000000
00000000000000000
00000000000000000
00000000000000000
00000000000000000
00000000000000000
00000000000000000
00000001100000000
00000001100000000
00000000000000000
STEP 1 P2 MOVE 3 16 6 16
OWN
00000000000000000
00000000000000000
00000000000000000
00000000000000002
00000000000000002
00000000000000002
00000000000000002
00000001100000000
00000001100000000
00000000000000000
STEP 2 P1 MOVE 0 2 2 2
OWN
00100000000000000
00100000000000000
00100000000000000
00000000000000002
00000000000000002
00000000000000002
00000000000000002
00000001100000000
00000001100000000
00000000000000000
STEP 3 P2 MOVE 3 9 3 11
OWN
00100000000000000
00100000000000000
00100000000000000
00000000022200002
00000000000000002
00000000000000002
00000000000000002
00000001100000000
00000001100000000
00000000000000000
STEP 4 P1 MOVE 7 1 7 3
OWN
00100000000000000
00100000000000000
00100000000000000
00000000022200002
00000000000000002
00000000000000002
00000000000000002
01110001100000000
00000001100000000
00000000000000000
STEP 5 P2 MOVE 4 9 4 11
OWN
00100000000000000
00100000000000000
00100000000000000
00000000022200002
00000000022200002
00000000000000002
00000000000000002
01110001100000000
00000001100000000
00000000000000000
STEP 6 P1 MOVE 7 0 9 0
OWN
00100000000000000
00100000000000000
00100000000000000
00000000022200002
00000000022200002
00000000000000002
00000000000000002
11110001100000000
10000001100000000
10000000000000000
STEP 7 P2 MOVE 6 10 6 12
OWN
00100000000000000
00100000000000000
00100000000000000
00000000022200002
00000000022200002
00000000000000002
00000000002220002
11110001100000000
10000001100000000
10000000000000000
STEP 8 P1 MOVE 6 1 6 2
OWN
00100000000000000
00100000000000000
00100000000000000
00000000022200002
00000000022200002
00000000000000002
01100000002220002
11110001100000000
10000001100000000
10000000000000000
STEP 9 P2 MOVE 4 6 4 7
OWN
00100000000000000
00100000000000000
00100000000000000
00000000022200002
00000022022200002
00000000000000002
01100000002220002
11110001100000000
10000001100000000
10000000000000000
STEP 10 P1 MOVE 1 14 2 14
OWN
00100000000000000
00100000000000100
00100000000000100
00000000022200002
00000022022200002
00000000000000002
01100000002220002
11110001100000000
10000001100000000
10000000000000000
STEP 11 P2 MOVE 3 12 4 12
OWN
00100000000000000
00100000000000100
00100000000000100
00000000022220002
00000022022220002
00000000000000002
01100000002220002
11110001100000000
10000001100000000
10000000000000000
STEP 12 P1 MOVE 1 11 1 12
OWN
00100000000000000
00100000000110100
00100000000000100
00000000022220002
00000022022220002
00000000000000002
01100000002220002
11110001100000000
10000001100000000
10000000000000000
STEP 13 P2 MOVE 7 10 8 10
OWN
00100000000000000
00100000000110100
00100000000000100
00000000022220002
00000022022220002
00000000000000002
01100000002220002
11110001102000000
10000001102000000
10000000000000000
STEP 14 P1 MOVE 9 11 9 12
OWN
00100000000000000
00100000000110100
00100000000000100
00000000022220002
00000022022220002
00000000000000002
01100000002220002
11110001102000000
10000001102000000
10000000000110000
STEP 15 P2 MOVE 8 16 9 16
OWN
00100000000000000
00100000000110100
00100000000000100
00000000022220002
00000022022220002
00000000000000002
01100000002220002
11110001102000000
10000001102000002
10000000000110002
STEP 16 P1 MOVE 8 15 9 15
OWN
00100000000000000
00100000000110100
00100000000000100
00000000022220002
00000022022220002
00000000000000002
01100000002220002
11110001102000000
10000001102000012
10000000000110012
STEP 17 P2 MOVE 3 1 3 2
OWN
00100000000000000
00100000000110100
00100000000000100
02200000022220002
00000022022220002
00000000000000002
01100000002220002
11110001102000000
10000001102000012
10000000000110012
STEP 18 P1 MOVE 1 1 4 1
OWN
00100000000000000
01100000000110100
01100000000000100
01200000022220002
01000022022220002
00000000000000002
01100000002220002
11110001102000000
10000001102000012
10000000000110012
STEP 19 P2 MOVE 8 9 9 9
OWN
00100000000000000
01100000000110100
01100000000000100
01200000022220002
01000022022220002
00000000000000002
01100000002220002
11110001102000000
10000001122000012
10000000020110012
STEP 20 P1 MOVE 3 3 3 4
OWN
00100000000000000
01100000000110100
01100000000000100
01211000022220002
01000022022220002
00000000000000002
01100000002220002
11110001102000000
10000001122000012
10000000020110012
STEP 21 P2 MOVE 0 12 0 13
OWN
00100000000022000
01100000000110100
01100000000000100
01211000022220002
01000022022220002
00000000000000002
01100000002220002
11110001102000000
10000001122000012
10000000020110012
STEP 22 P1 MOVE 2 4 2 5
OWN
00100000000022000
01100000000110100
01101100000000100
01211000022220002
01000022022220002
00000000000000002
01100000002220002
11110001102000000
10000001122000012
10000000020110012
STEP 23 P2 MOVE 4 13 4 14
OWN
00100000000022000
01100000000110100
01101100000000100
01211000022220002
01000022022222202
00000000000000002
01100000002220002
11110001102000000
10000001122000012
10000000020110012
STEP 24 P1 MOVE 5 3 5 4
OWN
00100000000022000
01100000000110100
01101100000000100
01211000022220002
01000022022222202
00011000000000002
01100000002220002
11110001102000000
10000001122000012
10000000020110012
STEP 25 P2 MOVE 5 5 6 5
OWN
00100000000022000
01100000000110100
01101100000000100
01211000022220002
01000022022222202
00011200000000002
01100200002220002
11110001102000000
10000001122000012
10000000020110012
STEP 26 P1 MOVE 7 4 8 4
OWN
00100000000022000
01100000000110100
01101100000000100
01211000022220002
01000022022222202
00011200000000002
01100200002220002
11111001102000000
10001001122000012
10000000020110012
STEP 27 P2 MOVE 8 2 9 2
OWN
00100000000022000
01100000000110100
01101100000000100
01211000022220002
01000022022222202
00011200000000002
01100200002220002
11111001102000000
10201001122000012
10200000020110012
STEP 28 P1 MOVE 0 15 1 15
OWN
00100000000022010
01100000000110110
01101100000000100
01211000022220002
01000022022222202
00011200000000002
01100200002220002
11111001102000000
10201001122000012
10200000020110012
STEP 29 P2 MOVE 0 14 0 16
OWN
00100000000022222
01100000000110110
01101100000000100
01211000022220002
01000022022222202
00011200000000002
01100200002220002
11111001102000000
10201001122000012
10200000020110012
STEP 30 P1 MOVE -1 -1 -1 -1
OWN
00100000000022222
01100000000110110
01101100000000100
01211000022220002
01000022022222202
00011200000000002
01100200002220002
11111001102000000
10201001122000012
10200000020110012
STEP 31 P2 MOVE 2 0 4 0
OWN
00100000000022222
01100000000110110
21101100000000100
21211000022220002
21000022022222202
00011200000000002
01100200002220002
11111001102000000
10201001122000012
10200000020110012
STEP 32 P1 MOVE 1 0 5 0
OWN
00100000000022222
11100000000110110
11101100000000100
11211000022220002
11000022022222202
10011200000000002
01100200002220002
11111001102000000
10201001122000012
10200000020110012
STEP 33 P2 MOVE 2 11 2 12
OWN
00100000000022222
11100000000110110
11101100000220100
11211000022220002
11000022022222202
10011200000000002
01100200002220002
11111001102000000
10201001122000012
10200000020110012
STEP 34 P1 MOVE 2 10 2 13
OWN
00100000000022222
11100000000110110
11101100001111100
11211000022220002
11000022022222202
10011200000000002
01100200002220002
11111001102000000
10201001122000012
10200000020110012
STEP 35 P2 MOVE -1 -1 -1 -1
OWN
00100000000022222
11100000000110110
11101100001111100
11211000022220002
11000022022222202
10011200000000002
01100200002220002
11111001102000000
10201001122000012
10200000020110012
STEP 36 P1 MOVE -1 -1 -1 -1
OWN
00100000000022222
11100000000110110
11101100001111100
11211000022220002
11000022022222202
10011200000000002
01100200002220002
11111001102000000
10201001122000012
10200000020110012
RESULT first=45 second=35 winner=1
ANALYSIS winner=P1 score=45-35 reason=Ĺ»ĂëżěŔ§(+5Ä­ »©ľŃŔ˝,2ąčČż°ú) steal(w/l)=6/1 neu(w/l)=40/40
