BOARD
16586846173668853
22877943816197153
67433562235824974
55924769776568133
29365279828546689
63537749394845861
79747924163923199
24215835745499397
76492891473324555
48586374897974739
STEP 0 P1 MOVE 1 16 3 16
OWN
00000000000000000
00000000000000001
00000000000000001
00000000000000001
00000000000000000
00000000000000000
00000000000000000
00000000000000000
00000000000000000
00000000000000000
STEP 1 P2 MOVE 2 14 3 14
OWN
00000000000000000
00000000000000001
00000000000000201
00000000000000201
00000000000000000
00000000000000000
00000000000000000
00000000000000000
00000000000000000
00000000000000000
STEP 2 P1 MOVE 8 1 8 2
OWN
00000000000000000
00000000000000001
00000000000000201
00000000000000201
00000000000000000
00000000000000000
00000000000000000
00000000000000000
01100000000000000
00000000000000000
STEP 3 P2 MOVE 2 2 2 4
OWN
00000000000000000
00000000000000001
00222000000000201
00000000000000201
00000000000000000
00000000000000000
00000000000000000
00000000000000000
01100000000000000
00000000000000000
STEP 4 P1 MOVE 4 12 6 12
OWN
00000000000000000
00000000000000001
00222000000000201
00000000000000201
00000000000010000
00000000000010000
00000000000010000
00000000000000000
01100000000000000
00000000000000000
STEP 5 P2 MOVE 8 15 8 16
OWN
00000000000000000
00000000000000001
00222000000000201
00000000000000201
00000000000010000
00000000000010000
00000000000010000
00000000000000000
01100000000000022
00000000000000000
STEP 6 P1 MOVE 5 16 6 16
OWN
00000000000000000
00000000000000001
00222000000000201
00000000000000201
00000000000010000
00000000000010001
00000000000010001
00000000000000000
01100000000000022
00000000000000000
STEP 7 P2 MOVE 2 15 3 15
OWN
00000000000000000
00000000000000001
00222000000000221
00000000000000221
00000000000010000
00000000000010001
00000000000010001
00000000000000000
01100000000000022
00000000000000000
STEP 8 P1 MOVE 8 10 9 10
OWN
00000000000000000
00000000000000001
00222000000000221
00000000000000221
00000000000010000
00000000000010001
00000000000010001
00000000000000000
01100000001000022
00000000001000000
STEP 9 P2 MOVE 9 14 9 15
OWN
00000000000000000
00000000000000001
00222000000000221
00000000000000221
00000000000010000
00000000000010001
00000000000010001
00000000000000000
01100000001000022
00000000001000220
STEP 10 P1 MOVE 7 3 8 3
OWN
00000000000000000
00000000000000001
00222000000000221
00000000000000221
00000000000010000
00000000000010001
00000000000010001
00010000000000000
01110000001000022
00000000001000220
STEP 11 P2 MOVE 8 4 8 5
OWN
00000000000000000
00000000000000001
00222000000000221
00000000000000221
00000000000010000
00000000000010001
00000000000010001
00010000000000000
01112200001000022
00000000001000220
STEP 12 P1 MOVE 6 14 6 15
OWN
00000000000000000
00000000000000001
00222000000000221
00000000000000221
00000000000010000
00000000000010001
00000000000010111
00010000000000000
01112200001000022
00000000001000220
STEP 13 P2 MOVE 5 3 5 4
OWN
00000000000000000
00000000000000001
00222000000000221
00000000000000221
00000000000010000
00022000000010001
00000000000010111
00010000000000000
01112200001000022
00000000001000220
STEP 14 P1 MOVE 0 9 0 10
OWN
00000000011000000
00000000000000001
00222000000000221
00000000000000221
00000000000010000
00022000000010001
00000000000010111
00010000000000000
01112200001000022
00000000001000220
STEP 15 P2 MOVE 3 11 4 11
OWN
00000000011000000
00000000000000001
00222000000000221
00000000000200221
00000000000210000
00022000000010001
00000000000010111
00010000000000000
01112200001000022
00000000001000220
STEP 16 P1 MOVE 2 11 2 12
OWN
00000000011000000
00000000000000001
00222000000110221
00000000000200221
00000000000210000
00022000000010001
00000000000010111
00010000000000000
01112200001000022
00000000001000220
STEP 17 P2 MOVE 0 6 0 7
OWN
00000022011000000
00000000000000001
00222000000110221
00000000000200221
00000000000210000
00022000000010001
00000000000010111
00010000000000000
01112200001000022
00000000001000220
STEP 18 P1 MOVE 1 6 2 6
OWN
00000022011000000
00000010000000001
00222010000110221
00000000000200221
00000000000210000
00022000000010001
00000000000010111
00010000000000000
01112200001000022
00000000001000220
STEP 19 P2 MOVE 2 9 3 9
OWN
00000022011000000
00000010000000001
00222010020110221
00000000020200221
00000000000210000
00022000000010001
00000000000010111
00010000000000000
01112200001000022
00000000001000220
STEP 20 P1 MOVE 6 7 8 7
OWN
00000022011000000
00000010000000001
00222010020110221
00000000020200221
00000000000210000
00022000000010001
00000001000010111
00010001000000000
01112201001000022
00000000001000220
STEP 21 P2 MOVE 6 9 7 9
OWN
00000022011000000
00000010000000001
00222010020110221
00000000020200221
00000000000210000
00022000000010001
00000001020010111
00010001020000000
01112201001000022
00000000001000220
STEP 22 P1 MOVE 7 6 7 8
OWN
00000022011000000
00000010000000001
00222010020110221
00000000020200221
00000000000210000
00022000000010001
00000001020010111
00010011120000000
01112201001000022
00000000001000220
STEP 23 P2 MOVE 0 15 1 15
OWN
00000022011000020
00000010000000021
00222010020110221
00000000020200221
00000000000210000
00022000000010001
00000001020010111
00010011120000000
01112201001000022
00000000001000220
STEP 24 P1 MOVE 1 1 1 2
OWN
00000022011000020
01100010000000021
00222010020110221
00000000020200221
00000000000210000
00022000000010001
00000001020010111
00010011120000000
01112201001000022
00000000001000220
STEP 25 P2 MOVE 1 8 2 8
OWN
00000022011000020
01100010200000021
00222010220110221
00000000020200221
00000000000210000
00022000000010001
00000001020010111
00010011120000000
01112201001000022
00000000001000220
STEP 26 P1 MOVE 1 11 1 12
OWN
00000022011000020
01100010200110021
00222010220110221
00000000020200221
00000000000210000
00022000000010001
00000001020010111
00010011120000000
01112201001000022
00000000001000220
STEP 27 P2 MOVE 1 7 1 10
OWN
00000022011000020
01100012222110021
00222010220110221
00000000020200221
00000000000210000
00022000000010001
00000001020010111
00010011120000000
01112201001000022
00000000001000220
STEP 28 P1 MOVE 4 8 4 9
OWN
00000022011000020
01100012222110021
00222010220110221
00000000020200221
00000000110210000
00022000000010001
00000001020010111
00010011120000000
01112201001000022
00000000001000220
STEP 29 P2 MOVE 4 3 6 3
OWN
00000022011000020
01100012222110021
00222010220110221
00000000020200221
00020000110210000
00022000000010001
00020001020010111
00010011120000000
01112201001000022
00000000001000220
STEP 30 P1 MOVE 3 3 9 3
OWN
00000022011000020
01100012222110021
00222010220110221
00010000020200221
00010000110210000
00012000000010001
00010001020010111
00010011120000000
01112201001000022
00010000001000220
STEP 31 P2 MOVE 4 2 4 5
OWN
00000022011000020
01100012222110021
00222010220110221
00010000020200221
00222200110210000
00012000000010001
00010001020010111
00010011120000000
01112201001000022
00010000001000220
STEP 32 P1 MOVE -1 -1 -1 -1
OWN
00000022011000020
01100012222110021
00222010220110221
00010000020200221
00222200110210000
00012000000010001
00010001020010111
00010011120000000
01112201001000022
00010000001000220
STEP 33 P2 MOVE 8 9 8 11
OWN
00000022011000020
01100012222110021
00222010220110221
00010000020200221
00222200110210000
00012000000010001
00010001020010111
00010011120000000
01112201022200022
00010000001000220
STEP 34 P1 MOVE 8 8 8 13
OWN
00000022011000020
01100012222110021
00222010220110221
00010000020200221
00222200110210000
00012000000010001
00010001020010111
00010011120000000
01112201111111022
00010000001000220
STEP 35 P2 MOVE 3 8 5 8
OWN
00000022011000020
01100012222110021
00222010220110221
00010000220200221
00222200210210000
00012000200010001
00010001020010111
00010011120000000
01112201111111022
00010000001000220
STEP 36 P1 MOVE 0 8 5 9
OWN
00000022111000020
01100012112110021
00222010110110221
00010000110200221
00222200110210000
00012000110010001
00010001020010111
00010011120000000
01112201111111022
00010000001000220
STEP 37 P2 MOVE 5 7 6 8
OWN
00000022111000020
01100012112110021
00222010110110221
00010000110200221
00222200110210000
00012002210010001
00010002220010111
00010011120000000
01112201111111022
00010000001000220
STEP 38 P1 MOVE 6 6 7 10
OWN
00000022111000020
01100012112110021
00222010110110221
00010000110200221
00222200110210000
00012002210010001
00010011111010111
00010011111000000
01112201111111022
00010000001000220
STEP 39 P2 MOVE -1 -1 -1 -1
OWN
00000022111000020
01100012112110021
00222010110110221
00010000110200221
00222200110210000
00012002210010001
00010011111010111
00010011111000000
01112201111111022
00010000001000220
STEP 40 P1 MOVE -1 -1 -1 -1
OWN
00000022111000020
01100012112110021
00222010110110221
00010000110200221
00222200110210000
00012002210010001
00010011111010111
00010011111000000
01112201111111022
00010000001000220
RESULT first=56 second=28 winner=1
ANALYSIS winner=P1 score=56-28 reason=Ĺ»ĂëżěŔ§(+13Ä­ »©ľŃŔ˝,2ąčČż°ú) steal(w/l)=18/5 neu(w/l)=43/41
