BOARD
84746126673167348
43292778815912594
48748568616835159
83436698594811871
13478961673961811
71819922299689943
71934785768979239
35166647629629861
17965466289529159
96463281235554764
STEP 0 P1 MOVE 3 15 4 16
OWN
00000000000000000
00000000000000000
00000000000000000
00000000000000011
00000000000000011
00000000000000000
00000000000000000
00000000000000000
00000000000000000
00000000000000000
STEP 1 P2 MOVE 0 12 2 12
OWN
00000000000020000
00000000000020000
00000000000020000
00000000000000011
00000000000000011
00000000000000000
00000000000000000
00000000000000000
00000000000000000
00000000000000000
STEP 2 P1 MOVE 3 11 3 13
OWN
00000000000020000
00000000000020000
00000000000020000
00000000000111011
00000000000000011
00000000000000000
00000000000000000
00000000000000000
00000000000000000
00000000000000000
STEP 3 P2 MOVE 7 8 9 8
OWN
00000000000020000
00000000000020000
00000000000020000
00000000000111011
00000000000000011
00000000000000000
00000000000000000
00000000200000000
00000000200000000
00000000200000000
STEP 4 P1 MOVE 3 1 3 3
OWN
00000000000020000
00000000000020000
00000000000020000
01110000000111011
00000000000000011
00000000000000000
00000000000000000
00000000200000000
00000000200000000
00000000200000000
STEP 5 P2 MOVE 4 1 7 1
OWN
00000000000020000
00000000000020000
00000000000020000
01110000000111011
02000000000000011
02000000000000000
02000000000000000
02000000200000000
00000000200000000
00000000200000000
STEP 6 P1 MOVE 0 9 0 10
OWN
00000000011020000
00000000000020000
00000000000020000
01110000000111011
02000000000000011
02000000000000000
02000000000000000
02000000200000000
00000000200000000
00000000200000000
STEP 7 P2 MOVE 7 2 8 2
OWN
00000000011020000
00000000000020000
00000000000020000
01110000000111011
02000000000000011
02000000000000000
02000000000000000
02200000200000000
00200000200000000
00000000200000000
STEP 8 P1 MOVE 5 3 7 3
OWN
00000000011020000
00000000000020000
00000000000020000
01110000000111011
02000000000000011
02010000000000000
02010000000000000
02210000200000000
00200000200000000
00000000200000000
STEP 9 P2 MOVE 9 11 9 12
OWN
00000000011020000
00000000000020000
00000000000020000
01110000000111011
02000000000000011
02010000000000000
02010000000000000
02210000200000000
00200000200000000
00000000200220000
STEP 10 P1 MOVE 9 2 9 3
OWN
00000000011020000
00000000000020000
00000000000020000
01110000000111011
02000000000000011
02010000000000000
02010000000000000
02210000200000000
00200000200000000
00110000200220000
STEP 11 P2 MOVE 0 11 1 11
OWN
00000000011220000
00000000000220000
00000000000020000
01110000000111011
02000000000000011
02010000000000000
02010000000000000
02210000200000000
00200000200000000
00110000200220000
STEP 12 P1 MOVE 7 5 7 6
OWN
00000000011220000
00000000000220000
00000000000020000
01110000000111011
02000000000000011
02010000000000000
02010000000000000
02210110200000000
00200000200000000
00110000200220000
STEP 13 P2 MOVE 6 0 7 0
OWN
00000000011220000
00000000000220000
00000000000020000
01110000000111011
02000000000000011
02010000000000000
22010000000000000
22210110200000000
00200000200000000
00110000200220000
STEP 14 P1 MOVE 7 16 8 16
OWN
00000000011220000
00000000000220000
00000000000020000
01110000000111011
02000000000000011
02010000000000000
22010000000000000
22210110200000001
00200000200000001
00110000200220000
STEP 15 P2 MOVE 2 10 3 10
OWN
00000000011220000
00000000000220000
00000000002020000
01110000002111011
02000000000000011
02010000000000000
22010000000000000
22210110200000001
00200000200000001
00110000200220000
STEP 16 P1 MOVE 8 0 9 0
OWN
00000000011220000
00000000000220000
00000000002020000
01110000002111011
02000000000000011
02010000000000000
22010000000000000
22210110200000001
10200000200000001
10110000200220000
STEP 17 P2 MOVE 9 15 9 16
OWN
00000000011220000
00000000000220000
00000000002020000
01110000002111011
02000000000000011
02010000000000000
22010000000000000
22210110200000001
10200000200000001
10110000200220022
STEP 18 P1 MOVE 8 13 8 14
OWN
00000000011220000
00000000000220000
00000000002020000
01110000002111011
02000000000000011
02010000000000000
22010000000000000
22210110200000001
10200000200001101
10110000200220022
STEP 19 P2 MOVE 4 9 4 10
OWN
00000000011220000
00000000000220000
00000000002020000
01110000002111011
02000000022000011
02010000000000000
22010000000000000
22210110200000001
10200000200001101
10110000200220022
STEP 20 P1 MOVE 4 13 5 13
OWN
00000000011220000
00000000000220000
00000000002020000
01110000002111011
02000000022001011
02010000000001000
22010000000000000
22210110200000001
10200000200001101
10110000200220022
STEP 21 P2 MOVE 5 6 6 6
OWN
00000000011220000
00000000000220000
00000000002020000
01110000002111011
02000000022001011
02010020000001000
22010020000000000
22210110200000001
10200000200001101
10110000200220022
STEP 22 P1 MOVE 6 4 7 4
OWN
00000000011220000
00000000000220000
00000000002020000
01110000002111011
02000000022001011
02010020000001000
22011020000000000
22211110200000001
10200000200001101
10110000200220022
STEP 23 P2 MOVE 6 14 7 14
OWN
00000000011220000
00000000000220000
00000000002020000
01110000002111011
02000000022001011
02010020000001000
22011020000000200
22211110200000201
10200000200001101
10110000200220022
STEP 24 P1 MOVE -1 -1 -1 -1
OWN
00000000011220000
00000000000220000
00000000002020000
01110000002111011
02000000022001011
02010020000001000
22011020000000200
22211110200000201
10200000200001101
10110000200220022
STEP 25 P2 MOVE 1 4 2 4
OWN
00000000011220000
00002000000220000
00002000002020000
01110000002111011
02000000022001011
02010020000001000
22011020000000200
22211110200000201
10200000200001101
10110000200220022
STEP 26 P1 MOVE 2 3 3 4
OWN
00000000011220000
00002000000220000
00011000002020000
01111000002111011
02000000022001011
02010020000001000
22011020000000200
22211110200000201
10200000200001101
10110000200220022
STEP 27 P2 MOVE 0 3 0 4
OWN
00022000011220000
00002000000220000
00011000002020000
01111000002111011
02000000022001011
02010020000001000
22011020000000200
22211110200000201
10200000200001101
10110000200220022
STEP 28 P1 MOVE -1 -1 -1 -1
OWN
00022000011220000
00002000000220000
00011000002020000
01111000002111011
02000000022001011
02010020000001000
22011020000000200
22211110200000201
10200000200001101
10110000200220022
STEP 29 P2 MOVE 9 5 9 6
OWN
00022000011220000
00002000000220000
00011000002020000
01111000002111011
02000000022001011
02010020000001000
22011020000000200
22211110200000201
10200000200001101
10110220200220022
STEP 30 P1 MOVE 9 1 9 7
OWN
00022000011220000
00002000000220000
00011000002020000
01111000002111011
02000000022001011
02010020000001000
22011020000000200
22211110200000201
10200000200001101
11111111200220022
STEP 31 P2 MOVE 7 9 8 9
OWN
00022000011220000
00002000000220000
00011000002020000
01111000002111011
02000000022001011
02010020000001000
22011020000000200
22211110220000201
10200000220001101
11111111200220022
STEP 32 P1 MOVE 8 5 8 6
OWN
00022000011220000
00002000000220000
00011000002020000
01111000002111011
02000000022001011
02010020000001000
22011020000000200
22211110220000201
10200110220001101
11111111200220022
STEP 33 P2 MOVE 0 2 0 6
OWN
00222220011220000
00002000000220000
00011000002020000
01111000002111011
02000000022001011
02010020000001000
22011020000000200
22211110220000201
10200110220001101
11111111200220022
STEP 34 P1 MOVE 0 1 0 7
OWN
01111111011220000
00002000000220000
00011000002020000
01111000002111011
02000000022001011
02010020000001000
22011020000000200
22211110220000201
10200110220001101
11111111200220022
STEP 35 P2 MOVE -1 -1 -1 -1
OWN
01111111011220000
00002000000220000
00011000002020000
01111000002111011
02000000022001011
02010020000001000
22011020000000200
22211110220000201
10200110220001101
11111111200220022
STEP 36 P1 MOVE -1 -1 -1 -1
OWN
01111111011220000
00002000000220000
00011000002020000
01111000002111011
02000000022001011
02010020000001000
22011020000000200
22211110220000201
10200110220001101
11111111200220022
RESULT first=46 second=31 winner=1
ANALYSIS winner=P1 score=46-31 reason=Ĺ»ĂëżěŔ§(+8Ä­ »©ľŃŔ˝,2ąčČż°ú) steal(w/l)=8/0 neu(w/l)=38/39
