BOARD
91273167564355871
52422674134676122
12356969239939547
87244569193139432
47849194118237832
62746877151933739
36641697888721798
16668144598234913
25459423132315926
25911125481775567
STEP 0 P1 MOVE 0 8 4 8
OWN
00000000100000000
00000000100000000
00000000100000000
00000000100000000
00000000100000000
00000000000000000
00000000000000000
00000000000000000
00000000000000000
00000000000000000
STEP 1 P2 MOVE 3 15 4 16
OWN
00000000100000000
00000000100000000
00000000100000000
00000000100000022
00000000100000022
00000000000000000
00000000000000000
00000000000000000
00000000000000000
00000000000000000
STEP 2 P1 MOVE 0 4 0 6
OWN
00001110100000000
00000000100000000
00000000100000000
00000000100000022
00000000100000022
00000000000000000
00000000000000000
00000000000000000
00000000000000000
00000000000000000
STEP 3 P2 MOVE 6 13 8 13
OWN
00001110100000000
00000000100000000
00000000100000000
00000000100000022
00000000100000022
00000000000000000
00000000000002000
00000000000002000
00000000000002000
00000000000000000
STEP 4 P1 MOVE 3 2 3 4
OWN
00001110100000000
00000000100000000
00000000100000000
00111000100000022
00000000100000022
00000000000000000
00000000000002000
00000000000002000
00000000000002000
00000000000000000
STEP 5 P2 MOVE 0 16 2 16
OWN
00001110100000002
00000000100000002
00000000100000002
00111000100000022
00000000100000022
00000000000000000
00000000000002000
00000000000002000
00000000000002000
00000000000000000
STEP 6 P1 MOVE 5 0 7 0
OWN
00001110100000002
00000000100000002
00000000100000002
00111000100000022
00000000100000022
10000000000000000
10000000000002000
10000000000002000
00000000000002000
00000000000000000
STEP 7 P2 MOVE 1 3 1 5
OWN
00001110100000002
00022200100000002
00000000100000002
00111000100000022
00000000100000022
10000000000000000
10000000000002000
10000000000002000
00000000000002000
00000000000000000
STEP 8 P1 MOVE 1 14 3 14
OWN
00001110100000002
00022200100000102
00000000100000102
00111000100000122
00000000100000022
10000000000000000
10000000000002000
10000000000002000
00000000000002000
00000000000000000
STEP 9 P2 MOVE 0 1 0 3
OWN
02221110100000002
00022200100000102
00000000100000102
00111000100000122
00000000100000022
10000000000000000
10000000000002000
10000000000002000
00000000000002000
00000000000000000
STEP 10 P1 MOVE 5 13 5 14
OWN
02221110100000002
00022200100000102
00000000100000102
00111000100000122
00000000100000022
10000000000001100
10000000000002000
10000000000002000
00000000000002000
00000000000000000
STEP 11 P2 MOVE 8 8 8 12
OWN
02221110100000002
00022200100000102
00000000100000102
00111000100000122
00000000100000022
10000000000001100
10000000000002000
10000000000002000
00000000222222000
00000000000000000
STEP 12 P1 MOVE 9 3 9 7
OWN
02221110100000002
00022200100000102
00000000100000102
00111000100000122
00000000100000022
10000000000001100
10000000000002000
10000000000002000
00000000222222000
00011111000000000
STEP 13 P2 MOVE 6 15 7 15
OWN
02221110100000002
00022200100000102
00000000100000102
00111000100000122
00000000100000022
10000000000001100
10000000000002020
10000000000002020
00000000222222000
00011111000000000
STEP 14 P1 MOVE 2 1 2 3
OWN
02221110100000002
00022200100000102
01110000100000102
00111000100000122
00000000100000022
10000000000001100
10000000000002020
10000000000002020
00000000222222000
00011111000000000
STEP 15 P2 MOVE 4 4 4 5
OWN
02221110100000002
00022200100000102
01110000100000102
00111000100000122
00002200100000022
10000000000001100
10000000000002020
10000000000002020
00000000222222000
00011111000000000
STEP 16 P1 MOVE 9 13 9 14
OWN
02221110100000002
00022200100000102
01110000100000102
00111000100000122
00002200100000022
10000000000001100
10000000000002020
10000000000002020
00000000222222000
00011111000001100
STEP 17 P2 MOVE 7 12 9 12
OWN
02221110100000002
00022200100000102
01110000100000102
00111000100000122
00002200100000022
10000000000001100
10000000000002020
10000000000022020
00000000222222000
00011111000021100
STEP 18 P1 MOVE 6 3 7 3
OWN
02221110100000002
00022200100000102
01110000100000102
00111000100000122
00002200100000022
10000000000001100
10010000000002020
10010000000022020
00000000222222000
00011111000021100
STEP 19 P2 MOVE 0 12 0 13
OWN
02221110100022002
00022200100000102
01110000100000102
00111000100000122
00002200100000022
10000000000001100
10010000000002020
10010000000022020
00000000222222000
00011111000021100
STEP 20 P1 MOVE 1 12 2 12
OWN
02221110100022002
00022200100010102
01110000100010102
00111000100000122
00002200100000022
10000000000001100
10010000000002020
10010000000022020
00000000222222000
00011111000021100
STEP 21 P2 MOVE 1 10 1 11
OWN
02221110100022002
00022200102210102
01110000100010102
00111000100000122
00002200100000022
10000000000001100
10010000000002020
10010000000022020
00000000222222000
00011111000021100
STEP 22 P1 MOVE 3 9 4 9
OWN
02221110100022002
00022200102210102
01110000100010102
00111000110000122
00002200110000022
10000000000001100
10010000000002020
10010000000022020
00000000222222000
00011111000021100
STEP 23 P2 MOVE 2 3 4 4
OWN
02221110100022002
00022200102210102
01122000100010102
00122000110000122
00022200110000022
10000000000001100
10010000000002020
10010000000022020
00000000222222000
00011111000021100
STEP 24 P1 MOVE 2 0 2 5
OWN
02221110100022002
00022200102210102
11111100100010102
00122000110000122
00022200110000022
10000000000001100
10010000000002020
10010000000022020
00000000222222000
00011111000021100
STEP 25 P2 MOVE 5 3 5 4
OWN
02221110100022002
00022200102210102
11111100100010102
00122000110000122
00022200110000022
10022000000001100
10010000000002020
10010000000022020
00000000222222000
00011111000021100
STEP 26 P1 MOVE 2 11 3 11
OWN
02221110100022002
00022200102210102
11111100100110102
00122000110100122
00022200110000022
10022000000001100
10010000000002020
10010000000022020
00000000222222000
00011111000021100
STEP 27 P2 MOVE 5 10 5 11
OWN
02221110100022002
00022200102210102
11111100100110102
00122000110100122
00022200110000022
10022000002201100
10010000000002020
10010000000022020
00000000222222000
00011111000021100
STEP 28 P1 MOVE 7 10 7 11
OWN
02221110100022002
00022200102210102
11111100100110102
00122000110100122
00022200110000022
10022000002201100
10010000000002020
10010000001122020
00000000222222000
00011111000021100
STEP 29 P2 MOVE 7 2 8 2
OWN
02221110100022002
00022200102210102
11111100100110102
00122000110100122
00022200110000022
10022000002201100
10010000000002020
10210000001122020
00200000222222000
00011111000021100
STEP 30 P1 MOVE 8 1 8 3
OWN
02221110100022002
00022200102210102
11111100100110102
00122000110100122
00022200110000022
10022000002201100
10010000000002020
10210000001122020
01110000222222000
00011111000021100
STEP 31 P2 MOVE 5 14 6 15
OWN
02221110100022002
00022200102210102
11111100100110102
00122000110100122
00022200110000022
10022000002201220
10010000000002220
10210000001122020
01110000222222000
00011111000021100
STEP 32 P1 MOVE 6 12 6 16
OWN
02221110100022002
00022200102210102
11111100100110102
00122000110100122
00022200110000022
10022000002201220
10010000000011111
10210000001122020
01110000222222000
00011111000021100
STEP 33 P2 MOVE 5 11 6 12
OWN
02221110100022002
00022200102210102
11111100100110102
00122000110100122
00022200110000022
10022000002221220
10010000000221111
10210000001122020
01110000222222000
00011111000021100
STEP 34 P1 MOVE 4 12 4 13
OWN
02221110100022002
00022200102210102
11111100100110102
00122000110100122
00022200110011022
10022000002221220
10010000000221111
10210000001122020
01110000222222000
00011111000021100
STEP 35 P2 MOVE 0 9 0 10
OWN
02221110122022002
00022200102210102
11111100100110102
00122000110100122
00022200110011022
10022000002221220
10010000000221111
10210000001122020
01110000222222000
00011111000021100
STEP 36 P1 MOVE 0 7 0 11
OWN
02221111111122002
00022200102210102
11111100100110102
00122000110100122
00022200110011022
10022000002221220
10010000000221111
10210000001122020
01110000222222000
00011111000021100
STEP 37 P2 MOVE 4 11 4 14
OWN
02221111111122002
00022200102210102
11111100100110102
00122000110100122
00022200110222222
10022000002221220
10010000000221111
10210000001122020
01110000222222000
00011111000021100
STEP 38 P1 MOVE 3 11 9 12
OWN
02221111111122002
00022200102210102
11111100100110102
00122000110110122
00022200110112222
10022000002111220
10010000000111111
10210000001112020
01110000222112000
00011111000111100
STEP 39 P2 MOVE 8 10 9 14
OWN
02221111111122002
00022200102210102
11111100100110102
00122000110110122
00022200110112222
10022000002111220
10010000000111111
10210000001112020
01110000222222200
00011111002222200
STEP 40 P1 MOVE -1 -1 -1 -1
OWN
02221111111122002
00022200102210102
11111100100110102
00122000110110122
00022200110112222
10022000002111220
10010000000111111
10210000001112020
01110000222222200
00011111002222200
STEP 41 P2 MOVE -1 -1 -1 -1
OWN
02221111111122002
00022200102210102
11111100100110102
00122000110110122
00022200110112222
10022000002111220
10010000000111111
10210000001112020
01110000222222200
00011111002222200
RESULT first=56 second=44 winner=1
ANALYSIS winner=P1 score=56-44 reason=Ĺ»ĂëżěŔ§(+5Ä­ »©ľŃŔ˝,2ąčČż°ú) steal(w/l)=18/13 neu(w/l)=51/49
