BOARD
18763432199543988
47554713433469736
29332431217442718
56332577876229745
54578892361525897
75998577766714548
24795227651827351
83922325292972327
53939893619295437
82392916678348463
STEP 0 P1 MOVE 0 5 0 8
OWN
00000111100000000
00000000000000000
00000000000000000
00000000000000000
00000000000000000
00000000000000000
00000000000000000
00000000000000000
00000000000000000
00000000000000000
STEP 1 P2 MOVE 4 10 7 10
OWN
00000111100000000
00000000000000000
00000000000000000
00000000000000000
00000000002000000
00000000002000000
00000000002000000
00000000002000000
00000000000000000
00000000000000000
STEP 2 P1 MOVE 5 12 7 12
OWN
00000111100000000
00000000000000000
00000000000000000
00000000000000000
00000000002000000
00000000002010000
00000000002010000
00000000002010000
00000000000000000
00000000000000000
STEP 3 P2 MOVE 2 8 2 10
OWN
00000111100000000
00000000000000000
00000000222000000
00000000000000000
00000000002000000
00000000002010000
00000000002010000
00000000002010000
00000000000000000
00000000000000000
STEP 4 P1 MOVE 8 7 8 9
OWN
00000111100000000
00000000000000000
00000000222000000
00000000000000000
00000000002000000
00000000002010000
00000000002010000
00000000002010000
00000001110000000
00000000000000000
STEP 5 P2 MOVE 3 10 3 12
OWN
00000111100000000
00000000000000000
00000000222000000
00000000002220000
00000000002000000
00000000002010000
00000000002010000
00000000002010000
00000001110000000
00000000000000000
STEP 6 P1 MOVE 1 9 3 9
OWN
00000111100000000
00000000010000000
00000000212000000
00000000012220000
00000000002000000
00000000002010000
00000000002010000
00000000002010000
00000001110000000
00000000000000000
STEP 7 P2 MOVE 2 11 2 13
OWN
00000111100000000
00000000010000000
00000000212222000
00000000012220000
00000000002000000
00000000002010000
00000000002010000
00000000002010000
00000001110000000
00000000000000000
STEP 8 P1 MOVE 5 5 7 5
OWN
00000111100000000
00000000010000000
00000000212222000
00000000012220000
00000000002000000
00000100002010000
00000100002010000
00000100002010000
00000001110000000
00000000000000000
STEP 9 P2 MOVE 6 1 8 1
OWN
00000111100000000
00000000010000000
00000000212222000
00000000012220000
00000000002000000
00000100002010000
02000100002010000
02000100002010000
02000001110000000
00000000000000000
STEP 10 P1 MOVE 6 14 8 14
OWN
00000111100000000
00000000010000000
00000000212222000
00000000012220000
00000000002000000
00000100002010000
02000100002010100
02000100002010100
02000001110000100
00000000000000000
STEP 11 P2 MOVE 9 14 9 15
OWN
00000111100000000
00000000010000000
00000000212222000
00000000012220000
00000000002000000
00000100002010000
02000100002010100
02000100002010100
02000001110000100
00000000000000220
STEP 12 P1 MOVE 6 15 8 15
OWN
00000111100000000
00000000010000000
00000000212222000
00000000012220000
00000000002000000
00000100002010000
02000100002010110
02000100002010110
02000001110000110
00000000000000220
STEP 13 P2 MOVE 9 5 9 6
OWN
00000111100000000
00000000010000000
00000000212222000
00000000012220000
00000000002000000
00000100002010000
02000100002010110
02000100002010110
02000001110000110
00000220000000220
STEP 14 P1 MOVE 9 0 9 1
OWN
00000111100000000
00000000010000000
00000000212222000
00000000012220000
00000000002000000
00000100002010000
02000100002010110
02000100002010110
02000001110000110
11000220000000220
STEP 15 P2 MOVE 0 12 1 12
OWN
00000111100020000
00000000010020000
00000000212222000
00000000012220000
00000000002000000
00000100002010000
02000100002010110
02000100002010110
02000001110000110
11000220000000220
STEP 16 P1 MOVE 4 8 5 8
OWN
00000111100020000
00000000010020000
00000000212222000
00000000012220000
00000000102000000
00000100102010000
02000100002010110
02000100002010110
02000001110000110
11000220000000220
STEP 17 P2 MOVE 3 0 4 0
OWN
00000111100020000
00000000010020000
00000000212222000
20000000012220000
20000000102000000
00000100102010000
02000100002010110
02000100002010110
02000001110000110
11000220000000220
STEP 18 P1 MOVE 3 1 4 1
OWN
00000111100020000
00000000010020000
00000000212222000
21000000012220000
21000000102000000
00000100102010000
02000100002010110
02000100002010110
02000001110000110
11000220000000220
STEP 19 P2 MOVE 6 0 7 0
OWN
00000111100020000
00000000010020000
00000000212222000
21000000012220000
21000000102000000
00000100102010000
22000100002010110
22000100002010110
02000001110000110
11000220000000220
STEP 20 P1 MOVE 8 16 9 16
OWN
00000111100020000
00000000010020000
00000000212222000
21000000012220000
21000000102000000
00000100102010000
22000100002010110
22000100002010110
02000001110000111
11000220000000221
STEP 21 P2 MOVE 1 7 1 10
OWN
00000111100020000
00000002222020000
00000000212222000
21000000012220000
21000000102000000
00000100102010000
22000100002010110
22000100002010110
02000001110000111
11000220000000221
STEP 22 P1 MOVE 1 14 1 15
OWN
00000111100020000
00000002222020110
00000000212222000
21000000012220000
21000000102000000
00000100102010000
22000100002010110
22000100002010110
02000001110000111
11000220000000221
STEP 23 P2 MOVE 3 3 3 5
OWN
00000111100020000
00000002222020110
00000000212222000
21022200012220000
21000000102000000
00000100102010000
22000100002010110
22000100002010110
02000001110000111
11000220000000221
STEP 24 P1 MOVE 3 2 3 6
OWN
00000111100020000
00000002222020110
00000000212222000
21111110012220000
21000000102000000
00000100102010000
22000100002010110
22000100002010110
02000001110000111
11000220000000221
STEP 25 P2 MOVE 2 3 4 3
OWN
00000111100020000
00000002222020110
00020000212222000
21121110012220000
21020000102000000
00000100102010000
22000100002010110
22000100002010110
02000001110000111
11000220000000221
STEP 26 P1 MOVE 2 4 4 4
OWN
00000111100020000
00000002222020110
00021000212222000
21121110012220000
21021000102000000
00000100102010000
22000100002010110
22000100002010110
02000001110000111
11000220000000221
STEP 27 P2 MOVE 0 6 1 9
OWN
00000122220020000
00000022222020110
00021000212222000
21121110012220000
21021000102000000
00000100102010000
22000100002010110
22000100002010110
02000001110000111
11000220000000221
STEP 28 P1 MOVE 0 7 2 10
OWN
00000121111020000
00000021111020110
00021001111222000
21121110012220000
21021000102000000
00000100102010000
22000100002010110
22000100002010110
02000001110000111
11000220000000221
STEP 29 P2 MOVE 2 6 2 14
OWN
00000121111020000
00000021111020110
00021022222222200
21121110012220000
21021000102000000
00000100102010000
22000100002010110
22000100002010110
02000001110000111
11000220000000221
STEP 30 P1 MOVE -1 -1 -1 -1
OWN
00000121111020000
00000021111020110
00021022222222200
21121110012220000
21021000102000000
00000100102010000
22000100002010110
22000100002010110
02000001110000111
11000220000000221
STEP 31 P2 MOVE 1 13 2 15
OWN
00000121111020000
00000021111022220
00021022222222220
21121110012220000
21021000102000000
00000100102010000
22000100002010110
22000100002010110
02000001110000111
11000220000000221
STEP 32 P1 MOVE 1 11 1 16
OWN
00000121111020000
00000021111111111
00021022222222220
21121110012220000
21021000102000000
00000100102010000
22000100002010110
22000100002010110
02000001110000111
11000220000000221
STEP 33 P2 MOVE 0 11 4 11
OWN
00000121111220000
00000021111211111
00021022222222220
21121110012220000
21021000102200000
00000100102010000
22000100002010110
22000100002010110
02000001110000111
11000220000000221
STEP 34 P1 MOVE 0 5 1 13
OWN
00000111111111000
00000111111111111
00021022222222220
21121110012220000
21021000102200000
00000100102010000
22000100002010110
22000100002010110
02000001110000111
11000220000000221
STEP 35 P2 MOVE 4 7 4 12
OWN
00000111111111000
00000111111111111
00021022222222220
21121110012220000
21021002222220000
00000100102010000
22000100002010110
22000100002010110
02000001110000111
11000220000000221
STEP 36 P1 MOVE -1 -1 -1 -1
OWN
00000111111111000
00000111111111111
00021022222222220
21121110012220000
21021002222220000
00000100102010000
22000100002010110
22000100002010110
02000001110000111
11000220000000221
STEP 37 P2 MOVE -1 -1 -1 -1
OWN
00000111111111000
00000111111111111
00021022222222220
21121110012220000
21021002222220000
00000100102010000
22000100002010110
22000100002010110
02000001110000111
11000220000000221
RESULT first=50 second=36 winner=1
ANALYSIS winner=P1 score=50-36 reason=Ĺ»ĂëżěŔ§(+9Ä­ »©ľŃŔ˝,2ąčČż°ú) steal(w/l)=22/13 neu(w/l)=41/45
