BOARD
29654942292617179
52594524459679767
73575939831796821
33847135239138377
43172972672882493
45734938357544831
56621358662965884
38239912927582974
15254883761123194
14316454653712337
STEP 0 P1 MOVE 6 0 9 0
OWN
00000000000000000
00000000000000000
00000000000000000
00000000000000000
00000000000000000
00000000000000000
10000000000000000
10000000000000000
10000000000000000
10000000000000000
STEP 1 P2 MOVE 5 3 6 4
OWN
00000000000000000
00000000000000000
00000000000000000
00000000000000000
00000000000000000
00022000000000000
10022000000000000
10000000000000000
10000000000000000
10000000000000000
STEP 2 P1 MOVE 9 2 9 4
OWN
00000000000000000
00000000000000000
00000000000000000
00000000000000000
00000000000000000
00022000000000000
10022000000000000
10000000000000000
10000000000000000
10111000000000000
STEP 3 P2 MOVE 4 2 4 4
OWN
00000000000000000
00000000000000000
00000000000000000
00000000000000000
00222000000000000
00022000000000000
10022000000000000
10000000000000000
10000000000000000
10111000000000000
STEP 4 P1 MOVE 6 13 8 13
OWN
00000000000000000
00000000000000000
00000000000000000
00000000000000000
00222000000000000
00022000000000000
10022000000001000
10000000000001000
10000000000001000
10111000000000000
STEP 5 P2 MOVE 9 11 9 13
OWN
00000000000000000
00000000000000000
00000000000000000
00000000000000000
00222000000000000
00022000000000000
10022000000001000
10000000000001000
10000000000001000
10111000000222000
STEP 6 P1 MOVE 3 6 3 8
OWN
00000000000000000
00000000000000000
00000000000000000
00000011100000000
00222000000000000
00022000000000000
10022000000001000
10000000000001000
10000000000001000
10111000000222000
STEP 7 P2 MOVE 8 9 8 12
OWN
00000000000000000
00000000000000000
00000000000000000
00000011100000000
00222000000000000
00022000000000000
10022000000001000
10000000000001000
10000000022221000
10111000000222000
STEP 8 P1 MOVE 7 10 9 10
OWN
00000000000000000
00000000000000000
00000000000000000
00000011100000000
00222000000000000
00022000000000000
10022000000001000
10000000001001000
10000000021221000
10111000001222000
STEP 9 P2 MOVE 4 12 4 13
OWN
00000000000000000
00000000000000000
00000000000000000
00000011100000000
00222000000022000
00022000000000000
10022000000001000
10000000001001000
10000000021221000
10111000001222000
STEP 10 P1 MOVE 7 14 8 14
OWN
00000000000000000
00000000000000000
00000000000000000
00000011100000000
00222000000022000
00022000000000000
10022000000001000
10000000001001100
10000000021221100
10111000001222000
STEP 11 P2 MOVE 5 12 6 12
OWN
00000000000000000
00000000000000000
00000000000000000
00000011100000000
00222000000022000
00022000000020000
10022000000021000
10000000001001100
10000000021221100
10111000001222000
STEP 12 P1 MOVE 4 10 4 11
OWN
00000000000000000
00000000000000000
00000000000000000
00000011100000000
00222000001122000
00022000000020000
10022000000021000
10000000001001100
10000000021221100
10111000001222000
STEP 13 P2 MOVE 3 10 3 11
OWN
00000000000000000
00000000000000000
00000000000000000
00000011102200000
00222000001122000
00022000000020000
10022000000021000
10000000001001100
10000000021221100
10111000001222000
STEP 14 P1 MOVE 9 15 9 16
OWN
00000000000000000
00000000000000000
00000000000000000
00000011102200000
00222000001122000
00022000000020000
10022000000021000
10000000001001100
10000000021221100
10111000001222011
STEP 15 P2 MOVE 8 7 8 8
OWN
00000000000000000
00000000000000000
00000000000000000
00000011102200000
00222000001122000
00022000000020000
10022000000021000
10000000001001100
10000002221221100
10111000001222011
STEP 16 P1 MOVE 6 7 7 7
OWN
00000000000000000
00000000000000000
00000000000000000
00000011102200000
00222000001122000
00022000000020000
10022001000021000
10000001001001100
10000002221221100
10111000001222011
STEP 17 P2 MOVE 7 5 7 6
OWN
00000000000000000
00000000000000000
00000000000000000
00000011102200000
00222000001122000
00022000000020000
10022001000021000
10000221001001100
10000002221221100
10111000001222011
STEP 18 P1 MOVE 4 7 5 7
OWN
00000000000000000
00000000000000000
00000000000000000
00000011102200000
00222001001122000
00022001000020000
10022001000021000
10000221001001100
10000002221221100
10111000001222011
STEP 19 P2 MOVE 2 10 6 10
OWN
00000000000000000
00000000000000000
00000000002000000
00000011102200000
00222001002122000
00022001002020000
10022001002021000
10000221001001100
10000002221221100
10111000001222011
STEP 20 P1 MOVE 2 0 2 1
OWN
00000000000000000
00000000000000000
11000000002000000
00000011102200000
00222001002122000
00022001002020000
10022001002021000
10000221001001100
10000002221221100
10111000001222011
STEP 21 P2 MOVE 2 9 2 11
OWN
00000000000000000
00000000000000000
11000000022200000
00000011102200000
00222001002122000
00022001002020000
10022001002021000
10000221001001100
10000002221221100
10111000001222011
STEP 22 P1 MOVE 0 0 3 0
OWN
10000000000000000
10000000000000000
11000000022200000
10000011102200000
00222001002122000
00022001002020000
10022001002021000
10000221001001100
10000002221221100
10111000001222011
STEP 23 P2 MOVE 3 0 4 1
OWN
10000000000000000
10000000000000000
11000000022200000
22000011102200000
22222001002122000
00022001002020000
10022001002021000
10000221001001100
10000002221221100
10111000001222011
STEP 24 P1 MOVE 4 6 5 6
OWN
10000000000000000
10000000000000000
11000000022200000
22000011102200000
22222011002122000
00022011002020000
10022001002021000
10000221001001100
10000002221221100
10111000001222011
STEP 25 P2 MOVE 5 9 5 11
OWN
10000000000000000
10000000000000000
11000000022200000
22000011102200000
22222011002122000
00022011022220000
10022001002021000
10000221001001100
10000002221221100
10111000001222011
STEP 26 P1 MOVE 1 6 6 6
OWN
10000000000000000
10000010000000000
11000010022200000
22000011102200000
22222011002122000
00022011022220000
10022011002021000
10000221001001100
10000002221221100
10111000001222011
STEP 27 P2 MOVE 0 6 1 7
OWN
10000022000000000
10000022000000000
11000010022200000
22000011102200000
22222011002122000
00022011022220000
10022011002021000
10000221001001100
10000002221221100
10111000001222011
STEP 28 P1 MOVE 3 5 4 5
OWN
10000022000000000
10000022000000000
11000010022200000
22000111102200000
22222111002122000
00022011022220000
10022011002021000
10000221001001100
10000002221221100
10111000001222011
STEP 29 P2 MOVE 3 9 4 9
OWN
10000022000000000
10000022000000000
11000010022200000
22000111122200000
22222111022122000
00022011022220000
10022011002021000
10000221001001100
10000002221221100
10111000001222011
STEP 30 P1 MOVE 3 4 3 12
OWN
10000022000000000
10000022000000000
11000010022200000
22001111111110000
22222111022122000
00022011022220000
10022011002021000
10000221001001100
10000002221221100
10111000001222011
STEP 31 P2 MOVE 3 3 4 8
OWN
10000022000000000
10000022000000000
11000010022200000
22022222211110000
22222222222122000
00022011022220000
10022011002021000
10000221001001100
10000002221221100
10111000001222011
STEP 32 P1 MOVE 2 3 7 3
OWN
10000022000000000
10000022000000000
11010010022200000
22012222211110000
22212222222122000
00012011022220000
10012011002021000
10010221001001100
10000002221221100
10111000001222011
STEP 33 P2 MOVE 6 2 8 2
OWN
10000022000000000
10000022000000000
11010010022200000
22012222211110000
22212222222122000
00012011022220000
10212011002021000
10210221001001100
10200002221221100
10111000001222011
STEP 34 P1 MOVE 1 2 2 2
OWN
10000022000000000
10100022000000000
11110010022200000
22012222211110000
22212222222122000
00012011022220000
10212011002021000
10210221001001100
10200002221221100
10111000001222011
STEP 35 P2 MOVE 1 1 3 2
OWN
10000022000000000
12200022000000000
12210010022200000
22212222211110000
22212222222122000
00012011022220000
10212011002021000
10210221001001100
10200002221221100
10111000001222011
STEP 36 P1 MOVE 8 1 8 3
OWN
10000022000000000
12200022000000000
12210010022200000
22212222211110000
22212222222122000
00012011022220000
10212011002021000
10210221001001100
11110002221221100
10111000001222011
STEP 37 P2 MOVE -1 -1 -1 -1
OWN
10000022000000000
12200022000000000
12210010022200000
22212222211110000
22212222222122000
00012011022220000
10212011002021000
10210221001001100
11110002221221100
10111000001222011
STEP 38 P1 MOVE 3 14 3 15
OWN
10000022000000000
12200022000000000
12210010022200000
22212222211110110
22212222222122000
00012011022220000
10212011002021000
10210221001001100
11110002221221100
10111000001222011
STEP 39 P2 MOVE 2 15 3 16
OWN
10000022000000000
12200022000000000
12210010022200022
22212222211110122
22212222222122000
00012011022220000
10212011002021000
10210221001001100
11110002221221100
10111000001222011
STEP 40 P1 MOVE -1 -1 -1 -1
OWN
10000022000000000
12200022000000000
12210010022200022
22212222211110122
22212222222122000
00012011022220000
10212011002021000
10210221001001100
11110002221221100
10111000001222011
STEP 41 P2 MOVE -1 -1 -1 -1
OWN
10000022000000000
12200022000000000
12210010022200022
22212222211110122
22212222222122000
00012011022220000
10212011002021000
10210221001001100
11110002221221100
10111000001222011
RESULT first=41 second=55 winner=2
ANALYSIS winner=P2 score=41-55 reason=Ĺ»ĂëżěŔ§(+6Ä­ »©ľŃŔ˝,2ąčČż°ú) steal(w/l)=15/9 neu(w/l)=49/47
