77159875864935325
93522689267649889
51912718646244439
82269825952969495
82764534315822331
29795944758862628
64415246367123419
21242726211432841
19725242567319812
74568341336952831

32528887428177185
42611191747194889
46448517923526979
45589718477369628
92397681815733941
49947966859179399
47186949786761996
81439329512218154
52365233593558688
21576745259471417

12263554137796989
51168677939344136
33996993879666837
89485899688698846
35855999975489626
14211542935441711
66341222111653339
17143116256815891
57384262183978963
65571931513332849

49368218594489987
34397123151587778
36213845757976974
61536924552288262
73157721176959415
12291475531666377
89792957457595961
76173168665811165
85636366557213594
54637226648326485

45278322179514996
53254155435562679
43485295155947757
83455121859986342
74853676946214542
63581162561656372
54853573616183665
28474211133198461
29574844878147847
48411554944753616

56918413268479241
47537323833114433
56494347516733526
51625658638831516
71976718134248696
95826517246963659
25653235831297146
58731186433723763
17538398868558732
79386328599962615

28511386615847992
49527626758245214
68499164756229942
55478434914316956
79753813772842887
29785724588311925
64598695778588837
85866375678359181
31266814351798284
26634631221882193

63712926194127724
29712417141935739
25932462921489768
86543425986852297
36387129666882258
21585761863281453
47782387953795767
43233441835513796
63918977772871424
83261213926124735

46734123494718887
84728415978725227
72164289432918438
85967332966894536
95929946415645175
75737231435217637
43787722521229963
98324136725666184
11336782244883722
83892876841418224

86533169826917387
33412392725447254
75614171783147212
44612391928947274
23311593512743916
92626847417617244
85625529117978642
74279696353511353
23111847516538953
29522783973586215

17814885319862461
73677558356384871
14345964698782693
47411852923763228
34677845393258533
38667419166425873
78495988238873796
97839827118921623
28838798658769934
61481257452192538

89889439832853291
78319211441868494
58128579256495122
72572114418777245
62561723421188394
89437727741551437
21348516572224416
68383733544439478
27122195475785932
34892544125784113

85963716858491386
36414296721194278
27396931939277887
91245667525466699
31771914717429432
51758619864658884
38963441563419142
69931652499886583
85156984595111395
73447819517727496

55343433294517315
32587356489767626
58938893543965685
57389444632787171
43885375646934841
16635439243279918
62913527552896116
63899984451793357
45746457467167822
11548897615973312

29455528587725466
56933953122612547
78226328945848595
22255213729278397
85887725874882385
81771668565941985
27214511959652134
14595344656193946
87479968147862523
41345883971256977

41913411364268657
56446645974878286
86872814393159832
27128957943996245
53678682583287715
25218153888191828
48521167761585917
71679135489664686
16461392763626689
82712383499667499

68857481754415563
51451318854565726
87935152196483556
88238188182828134
76191768924622924
17121735431494223
57717888511147597
24272528737433779
47368374718552258
49848938922618281

97565395214775967
39134399469225729
83796176161861742
94496152549993556
63625611618581455
28193787345324195
66137255782929449
53518784979828448
64619716394663457
68292914938889399

32864488385854526
93434469484551674
79695559258938344
73798245969828383
82429647991328773
77357636653791733
71999892157789873
43365812693934523
43526266256377979
15715752453638226

19294769535257652
65142429872271277
85937492474338298
18829898679314218
78253858753885512
45728289813752233
75824827317519654
59611542459893695
95959781431829258
76663862987162676

35263177223688744
66672987244142245
55532154441155368
35973372376421947
33225167891328961
22265251144991319
35375272444425397
32881345725465321
51765782284192961
35521144726581379

37758489399411672
34417781698261322
18396783318424422
98974639756897687
51238182994692336
66542323763194731
68974439287815155
17437263381539814
63678853953173156
47573332723183225

34183262451639711
55743291665375935
53716917595977356
71599979722862771
49471284319763664
81293421472381289
35882625213962623
75312462495823152
84762931471448717
85442523361183518

52157796345814812
28719761416346656
28388333969422271
55626595894532284
69327381177134141
98261784125894854
22993994527318673
72495775991521369
74326992498851671
37413872758993995

73434323518821938
85825365296146625
24385595428336843
89594942356947457
28665376461186882
12677989774556536
21591777558766171
88234394833122141
98136523239298955
88773624933386543

71458151572249639
69892267643822729
31932479878988185
31778184762322433
43643998656888878
76925761413592511
93153622739635224
93221639452225185
65551357195152368
14886915865367241

44791381937474143
34876411599291189
66774154779312239
91174629627178216
24235676987113192
81311715732532211
79158697122484543
97762923113746245
67848419221442393
19339117892746341

85542259656734482
27718618536493275
19238359131836725
88616353869194348
92661762559258859
21548992116452197
78136144746726132
25438824651835984
75493614282476513
27264391381981459

23934387443733441
74227633995483415
52995273462178637
57934354971441667
28389498737485844
11779583991866247
49232598234392896
98777264969692627
57832741358413818
14227115866764164

92652967711284628
69748347794975594
78935587263536297
37785364511779373
51115219119133864
21458134231744494
64125647167535727
17781673336879264
81844839633181985
12546424342566136

95145177328194123
97692714572592853
55592346217953938
69869621288585533
39574486759775865
93359614269195791
81386589337926147
81372745516618826
88324687244822723
39613699546344338

18273132943311349
89742217644676444
79113634371298447
64648156567864253
99523416275542846
87192522446338189
56812838158864127
58313214453989999
74948586362964573
12743475475945118

24354811269619861
93918454826219238
17119643858395215
45624757281383213
51953714181996688
46994477649366341
81213674872673652
94358672131149674
27643481811851923
62294625349223114

34589939698852575
98175694216542626
49561695977321692
23226117564478869
85821877624198638
81258579758871766
32365367766911482
52244422179613712
38114942662851118
56693626788542943

96141762756293256
13921659173557644
89337974422857254
37682987863853435
52592957475968221
67633768651599135
29529835383673286
33589981788733277
95398847585924395
25128889549962665

96363575195626191
28616811462363286
25323988677158991
26982277487154431
22231381893959871
79599368582692687
18824693824524717
68913286929498434
74549978438289416
75446619318652278

61152193457695927
87674732984953869
31783476485149895
82454332467917683
95228446333928555
19591518272577356
43587232385598137
21648462763665287
77723996312952328
28991197277372847

29168928577831272
95676194972119624
16693114549515548
34518829154283661
23239495813953423
79916521437862425
14488695194515915
84664626828932561
83168283364334623
25842126913689292

77226861366565874
29837941769913825
23822753687855375
36249451374621961
47382319813739541
65128945537319547
12992987517578863
47265314452326178
19784446523956211
97656572778843693

45714471563152612
76727955287561148
76576839723554278
92711717394298494
43928695494333665
31242412228986543
63592282519234738
36348466861848617
92541996167428139
15528123645625598

89145436581931481
36256399271664353
95583487923412852
44882868594213738
27417894484335523
63414319447785594
17133515677691995
85919416521991515
23311646781351824
88584876988147637

76437595714183363
51217542683912233
15641371573227187
41232877959118633
21237297244768782
59445767582493414
38424938624728498
76561333993721964
75535742575784298
84838524887191478

21544329271124491
94974851376534622
72665189272956421
45242758636645239
43875946141675246
48783534995776439
82123372778959129
56257381593925943
63991681265414228
29338935974945768

15386288197697731
22732398379537211
31355292128669833
26156329258671872
63235297813122316
29858672124747576
76139341454644774
18912119999265438
73412427477213726
65939344412585286

79923745142123957
76626532922562516
72884435411716688
93488615314199564
72662417182331525
21753941585296982
58577598265333287
68253599641498295
73853469266831277
79844331651943349

57852561281252512
35347273113656627
21667995186463148
75477738929719199
56533151721658846
54948131582342223
73287577739126746
68479917181444112
65689717871747126
52937641763272934

27149391126113959
62786388289274698
53262687375642462
52693693942726313
57191446227833795
87375737121427659
61745785591416751
98165791234165311
97249261734163857
35236455662889547

62798659771712158
91674499684196669
44136267995246482
76549569185759424
78593813922599876
15986144673384323
69725812726151339
84898123396141721
25195493952869127
76583292881792589

96399594733284499
93841272383319566
24551536734751625
58224368967216776
17875364843433579
97718951211166289
82828342446179715
16772486212434234
56437122791532322
79986875584318745

26726991153819945
67143277665717942
59963846578875919
31425216176284758
35862278822447691
36622357256938283
71592667999414162
88591795284183573
54345641271222974
95548856154364212

85648629649236266
44267226714657248
58354927298799389
52693161789432357
46191245978778272
61128156699825374
22133131561391451
38776934195676139
85326759922921258
85545444541983425

49934495798996675
71219518365684183
81122398177462893
68829817918992959
81679279548849168
59849655839732581
37299958887153777
66769879682137475
17961951615828993
65289147321938339

51986713373681197
81423384588721727
69337993526377141
49883323234549729
34394834979423116
52713932791358139
33324646543251244
96666513752841635
56798185291288425
15593169442682463

48989681136351316
48443369697165329
77843188464321218
79654177334966484
98638452727725374
84544887434963358
67214297654586339
62197717988374614
57919616527111979
18936927711797499

38958874867441898
29695759325581716
51413374148738441
89467777691885468
52198498386956512
67777376687239968
53765399552824233
49534466643752911
13588686241978342
78174561947173797

24352352689779767
91514918417429744
47356127566448334
59384537827251556
53278882859625479
78351467669116486
89597584439468811
92953847274549148
84716852767976213
73129156192794198

91895974262654141
93713743249483732
49343398611611992
87686498981436831
45358131593921574
19895417339391118
52931532744263939
24772445224217953
97741986726752837
68549172715541734

16149685771396772
89533379379376994
45747818817168918
91515666518331753
15743121564341931
23893283997379747
32143118215466877
97376674718972727
12591121384131634
71191745598351843

44414876558752184
82897612351355342
34833341552895673
55484482328568858
32319415114221819
58669162334467283
44113167682619778
72624732372142974
59817913529527181
48526634223677634

42813511878953639
22616521422552263
71285994697531789
65639389448497496
91616672182471783
56966252582834482
26761426141657671
41411535343223995
14382358188341473
36799853399415185

55354886123371417
33539912531454952
43544296867292119
22376997793668297
18593247929719817
21423678341864165
86245649939651378
49649223421982499
47479799515366877
31773589211943813

83946561866278636
19236173375568663
57743319681972517
32862742661857743
27825871646398822
43217445876825432
37836352336233827
57478792139684931
18686958539593653
35723938582627985

32485639331532188
91634269817566815
57454314134326885
46363797678169922
18249663725527686
17285774339176786
31135254513528957
65953979583678914
61737637763799962
96451539175441767

88558272245251436
45113497768421166
21317816161672599
24947831647693582
73633518412737599
95281461978228673
48536692753781995
71866768872381864
35722471568697192
73566442138674977

82791454327841271
23215494218745397
69568931148344154
41523544435785635
33513122913695781
86911963296593776
36711537394858265
51762286821992192
77273935624164372
49731557381695786

75594889896742985
48152393236664478
81316565137259133
97739764459646152
55833325776927338
85869538912396913
54355457373952985
44497553461565377
92525937159641551
38378698543238639

25748559283893263
78919273611484685
45246672527512687
17927686643165158
68619356261621713
39329729257421823
98642574572637343
42127293599774266
55512789692444795
64974272554493963

22787578541351383
22854717933691847
16379186413134827
15834991759272587
41398846285597961
25294823554918915
95143381896326261
64248229185651288
65859471361193926
69282941717286784

89247856896392198
26123441978979391
36321875247777257
31177342665487889
98751192845468522
25361538796625762
34764786728581425
65241893455722258
26623357226816868
32365863765216329

12326697878969983
77275343549422725
61224134453826599
71522575388459374
57875296971287326
84177458315299188
49622739228398962
77958413251235425
46182956129759575
87198313648676527

25883623477472965
78221865315828236
94219715362439257
23875993256232281
14525173285247693
95619612911746748
22765194431898193
78764553996838545
89999163836467225
38131124222989875

69153452491491968
36316174367821433
49651564712242537
88652454388965251
14486995453189843
24858755796898174
85951177264638968
15729559951576756
28825838773888331
29843348163183331

23696536473148182
52961755664684683
57638411671723518
81989742892586812
55644953271184164
42684641983726583
51839977162497681
94616232712169661
19424572254312361
96293824827297995

52983852879948215
71769789731542865
34145514937222439
38889465417277126
73682342957757281
22598924614215437
17314394737227575
45863878738569256
22989692697887114
21645896219868611

92625346288958365
91913483745571943
14611127873337887
24318838345159595
63624396746228435
59319825827143789
38395958974345347
52537382416341337
42847313427297566
95642359894482481

87819862625586857
17984343583815121
56412725692855447
11568519399815963
65788275699862577
61998667263179954
68439417868417626
33545878937372644
19698584639681475
51327463914896636

68745174558842654
69117746981273242
52921148837897318
74867393139213299
77723191824158292
16622722677886615
79146248475953958
91498789427588223
45499858993285388
64312827517254633

56444258943991518
34973662295984442
24989224622829258
92691794487371118
16725981823592186
71183114282782345
42333114977895287
59558418211312294
27327588974755296
64568979975795252

42557137487914367
67336614243853953
97291286472774316
69952991473112873
25488977323478482
24156436542832171
81674717283958186
66833768971932899
68964336325671189
95997794515863936

38634483261428537
86272581682182243
75646853219613645
61939919617211478
84464994382916938
23842357584455432
15812175667955955
36533492796938892
88388795232736445
89258416756924484

57976697619741743
91383346634552621
13955616824896918
45686191742213156
81926838733477322
37596599843967952
15677142649556563
24333285183224145
66263467779288712
16843555673984932

98699781338165645
32495936374848197
65656231755348244
23571179332774161
46875271742198465
18979645757931913
24515943832475644
46692575827223645
98341748825381443
78784328855596465

38953353178245932
82668283146519698
77575165245141622
61771569428712976
98262787761986492
17864377936534584
73242685396387854
22456913351657577
47112483135218622
45179175194299986

88237114435217365
94848311186739688
68437993316848128
97345526232723585
67836495197872182
83185829717387257
67342129915187219
47722959584934879
42646886139687858
36359453386477124

51819648896395987
64381913189592144
73525229289138139
43536695387391218
45237977566521569
52475659581715234
58384852229334673
61182764466189152
62166921868595265
45548378286967688

42644864799487219
27888443726317399
41863152733679344
63538823156431679
93333565395172939
99954786447854586
98385843486462446
21137211375982113
25311473363525254
22632913852424583

19612957292781446
13752872583867774
41756966777538987
12132784919116848
19536784997936152
65155648559786712
43271517775453819
95734463617911228
59635336426215345
96939548392493783

34925696261572892
45392515776846485
15256158119215847
51963755744646421
55644975379461463
11391184654961676
13637475683357548
53252982672522885
12343426185317926
47759153914723272

74631916834233876
73532861348443149
89187978928371337
51329927564769186
67365796781574761
16498529153169441
78371938552598451
16347389774156676
68779673546358679
74163132875468384

25362376456238143
81962278275631139
42361693593987869
95499594675395469
91835552974781345
81918457615271299
71233517544311156
77578835716927889
34933539741756367
47254717689147432

42856855856293176
82399312129542272
11243197928665365
86978918698793545
17832939934954365
57261581728731379
27671259724139226
83774173881874257
82468763285739636
76359143195423938

23378888544684472
28957967973637694
51917739429775963
86846861739549932
71169317195466274
49747595531327328
76868974453172349
76689255524229843
61392969529656825
61634194243372174

79995298326111333
78323827671533434
38175552916735622
88356364998436112
39682239692192779
44687953477938296
36497125714493682
47637752196579916
94655646163475788
48852152248685486

86226337231926722
44835564822132225
14473682873939256
29159179118119739
59354161326481965
37697531517913968
16961125291523892
88734379348187357
84787287174166212
49644365459497326

93255718657591717
68641783532585267
61915418645313848
14992513934417343
48397466739367383
96659166419434335
88418772133647212
21828525976813857
61922949459886828
25411592439754763

99938131254194265
76333763759322685
11699656477232114
74983783288465794
53423942148165374
49169315767819888
29645164836233542
17846879542589329
89227898595616812
89214614118875533

66742611376256653
91898864699613128
94623295554771596
77248641534357183
32185131632954331
24652965243853631
29867314177259891
12347953516449567
78329569823872384
32685734989399235

47611911561288264
53579432493232299
52182431394624131
38198119872191199
94977638265614436
52999248219818591
39591295746293791
38497134383275341
15452853215532337
35235323437187793

61671859284716117
56184937394593494
79293736835923188
96919194654512187
86717565416162747
29227748488578877
71813135896393589
62636694416872962
13617251314868149
12833884291297925

77434432579928474
67438362928671591
74692894816343839
31213872723517639
74148597368133722
23533734968452632
95116477677769231
67845452644758287
52956893575735784
76461654357476712

