BOARD
49368218594489987
34397123151587778
36213845757976974
61536924552288262
73157721176959415
12291475531666377
89792957457595961
76173168665811165
85636366557213594
54637226648326485
STEP 0 P1 MOVE 1 7 1 10
OWN
00000000000000000
00000001111000000
00000000000000000
00000000000000000
00000000000000000
00000000000000000
00000000000000000
00000000000000000
00000000000000000
00000000000000000
STEP 1 P2 MOVE 1 6 4 6
OWN
00000000000000000
00000021111000000
00000020000000000
00000020000000000
00000020000000000
00000000000000000
00000000000000000
00000000000000000
00000000000000000
00000000000000000
STEP 2 P1 MOVE 3 7 5 7
OWN
00000000000000000
00000021111000000
00000020000000000
00000021000000000
00000021000000000
00000001000000000
00000000000000000
00000000000000000
00000000000000000
00000000000000000
STEP 3 P2 MOVE 1 0 1 2
OWN
00000000000000000
22200021111000000
00000020000000000
00000021000000000
00000021000000000
00000001000000000
00000000000000000
00000000000000000
00000000000000000
00000000000000000
STEP 4 P1 MOVE 4 4 6 4
OWN
00000000000000000
22200021111000000
00000020000000000
00000021000000000
00001021000000000
00001001000000000
00001000000000000
00000000000000000
00000000000000000
00000000000000000
STEP 5 P2 MOVE 3 14 3 16
OWN
00000000000000000
22200021111000000
00000020000000000
00000021000000222
00001021000000000
00001001000000000
00001000000000000
00000000000000000
00000000000000000
00000000000000000
STEP 6 P1 MOVE 7 4 7 6
OWN
00000000000000000
22200021111000000
00000020000000000
00000021000000222
00001021000000000
00001001000000000
00001000000000000
00001110000000000
00000000000000000
00000000000000000
STEP 7 P2 MOVE 5 2 7 2
OWN
00000000000000000
22200021111000000
00000020000000000
00000021000000222
00001021000000000
00201001000000000
00201000000000000
00201110000000000
00000000000000000
00000000000000000
STEP 8 P1 MOVE 5 9 5 11
OWN
00000000000000000
22200021111000000
00000020000000000
00000021000000222
00001021000000000
00201001011100000
00201000000000000
00201110000000000
00000000000000000
00000000000000000
STEP 9 P2 MOVE 6 16 8 16
OWN
00000000000000000
22200021111000000
00000020000000000
00000021000000222
00001021000000000
00201001011100000
00201000000000002
00201110000000002
00000000000000002
00000000000000000
STEP 10 P1 MOVE 7 14 9 14
OWN
00000000000000000
22200021111000000
00000020000000000
00000021000000222
00001021000000000
00201001011100000
00201000000000002
00201110000000102
00000000000000102
00000000000000100
STEP 11 P2 MOVE 4 8 6 8
OWN
00000000000000000
22200021111000000
00000020000000000
00000021000000222
00001021200000000
00201001211100000
00201000200000002
00201110000000102
00000000000000102
00000000000000100
STEP 12 P1 MOVE 4 14 4 16
OWN
00000000000000000
22200021111000000
00000020000000000
00000021000000222
00001021200000111
00201001211100000
00201000200000002
00201110000000102
00000000000000102
00000000000000100
STEP 13 P2 MOVE 1 3 2 3
OWN
00000000000000000
22220021111000000
00020020000000000
00000021000000222
00001021200000111
00201001211100000
00201000200000002
00201110000000102
00000000000000102
00000000000000100
STEP 14 P1 MOVE 3 8 3 9
OWN
00000000000000000
22220021111000000
00020020000000000
00000021110000222
00001021200000111
00201001211100000
00201000200000002
00201110000000102
00000000000000102
00000000000000100
STEP 15 P2 MOVE 7 11 8 11
OWN
00000000000000000
22220021111000000
00020020000000000
00000021110000222
00001021200000111
00201001211100000
00201000200000002
00201110000200102
00000000000200102
00000000000000100
STEP 16 P1 MOVE 9 5 9 7
OWN
00000000000000000
22220021111000000
00020020000000000
00000021110000222
00001021200000111
00201001211100000
00201000200000002
00201110000200102
00000000000200102
00000111000000100
STEP 17 P2 MOVE 5 14 5 15
OWN
00000000000000000
22220021111000000
00020020000000000
00000021110000222
00001021200000111
00201001211100220
00201000200000002
00201110000200102
00000000000200102
00000111000000100
STEP 18 P1 MOVE 7 3 8 3
OWN
00000000000000000
22220021111000000
00020020000000000
00000021110000222
00001021200000111
00201001211100220
00201000200000002
00211110000200102
00010000000200102
00000111000000100
STEP 19 P2 MOVE 1 4 2 4
OWN
00000000000000000
22222021111000000
00022020000000000
00000021110000222
00001021200000111
00201001211100220
00201000200000002
00211110000200102
00010000000200102
00000111000000100
STEP 20 P1 MOVE 2 2 2 5
OWN
00000000000000000
22222021111000000
00111120000000000
00000021110000222
00001021200000111
00201001211100220
00201000200000002
00211110000200102
00010000000200102
00000111000000100
STEP 21 P2 MOVE 1 0 2 5
OWN
00000000000000000
22222221111000000
22222220000000000
00000021110000222
00001021200000111
00201001211100220
00201000200000002
00211110000200102
00010000000200102
00000111000000100
STEP 22 P1 MOVE 0 0 3 0
OWN
10000000000000000
12222221111000000
12222220000000000
10000021110000222
00001021200000111
00201001211100220
00201000200000002
00211110000200102
00010000000200102
00000111000000100
STEP 23 P2 MOVE 0 1 3 1
OWN
12000000000000000
12222221111000000
12222220000000000
12000021110000222
00001021200000111
00201001211100220
00201000200000002
00211110000200102
00010000000200102
00000111000000100
STEP 24 P1 MOVE 4 0 4 1
OWN
12000000000000000
12222221111000000
12222220000000000
12000021110000222
11001021200000111
00201001211100220
00201000200000002
00211110000200102
00010000000200102
00000111000000100
STEP 25 P2 MOVE 9 1 9 2
OWN
12000000000000000
12222221111000000
12222220000000000
12000021110000222
11001021200000111
00201001211100220
00201000200000002
00211110000200102
00010000000200102
02200111000000100
STEP 26 P1 MOVE 9 8 9 9
OWN
12000000000000000
12222221111000000
12222220000000000
12000021110000222
11001021200000111
00201001211100220
00201000200000002
00211110000200102
00010000000200102
02200111110000100
STEP 27 P2 MOVE 8 8 8 9
OWN
12000000000000000
12222221111000000
12222220000000000
12000021110000222
11001021200000111
00201001211100220
00201000200000002
00211110000200102
00010000220200102
02200111110000100
STEP 28 P1 MOVE 9 3 9 4
OWN
12000000000000000
12222221111000000
12222220000000000
12000021110000222
11001021200000111
00201001211100220
00201000200000002
00211110000200102
00010000220200102
02211111110000100
STEP 29 P2 MOVE 6 12 7 12
OWN
12000000000000000
12222221111000000
12222220000000000
12000021110000222
11001021200000111
00201001211100220
00201000200020002
00211110000220102
00010000220200102
02211111110000100
STEP 30 P1 MOVE -1 -1 -1 -1
OWN
12000000000000000
12222221111000000
12222220000000000
12000021110000222
11001021200000111
00201001211100220
00201000200020002
00211110000220102
00010000220200102
02211111110000100
STEP 31 P2 MOVE 7 13 9 13
OWN
12000000000000000
12222221111000000
12222220000000000
12000021110000222
11001021200000111
00201001211100220
00201000200020002
00211110000222102
00010000220202102
02211111110002100
STEP 32 P1 MOVE 9 12 9 15
OWN
12000000000000000
12222221111000000
12222220000000000
12000021110000222
11001021200000111
00201001211100220
00201000200020002
00211110000222102
00010000220202102
02211111110011110
STEP 33 P2 MOVE 8 12 8 15
OWN
12000000000000000
12222221111000000
12222220000000000
12000021110000222
11001021200000111
00201001211100220
00201000200020002
00211110000222102
00010000220222222
02211111110011110
STEP 34 P1 MOVE 6 11 6 13
OWN
12000000000000000
12222221111000000
12222220000000000
12000021110000222
11001021200000111
00201001211100220
00201000200111002
00211110000222102
00010000220222222
02211111110011110
STEP 35 P2 MOVE -1 -1 -1 -1
OWN
12000000000000000
12222221111000000
12222220000000000
12000021110000222
11001021200000111
00201001211100220
00201000200111002
00211110000222102
00010000220222222
02211111110011110
STEP 36 P1 MOVE -1 -1 -1 -1
OWN
12000000000000000
12222221111000000
12222220000000000
12000021110000222
11001021200000111
00201001211100220
00201000200111002
00211110000222102
00010000220222222
02211111110011110
RESULT first=44 second=42 winner=1
ANALYSIS winner=P1 score=44-42 reason=Ľ±°řŔĚÁˇ steal(w/l)=6/5 neu(w/l)=43/43
