BOARD
88558272245251436
45113497768421166
21317816161672599
24947831647693582
73633518412737599
95281461978228673
48536692753781995
71866768872381864
35722471568697192
73566442138674977
STEP 0 P1 MOVE 9 6 9 9
OWN
00000000000000000
00000000000000000
00000000000000000
00000000000000000
00000000000000000
00000000000000000
00000000000000000
00000000000000000
00000000000000000
00000011110000000
STEP 1 P2 MOVE 5 12 5 13
OWN
00000000000000000
00000000000000000
00000000000000000
00000000000000000
00000000000000000
00000000000022000
00000000000000000
00000000000000000
00000000000000000
00000011110000000
STEP 2 P1 MOVE 8 0 9 0
OWN
00000000000000000
00000000000000000
00000000000000000
00000000000000000
00000000000000000
00000000000022000
00000000000000000
00000000000000000
10000000000000000
10000011110000000
STEP 3 P2 MOVE 0 8 2 8
OWN
00000000200000000
00000000200000000
00000000200000000
00000000000000000
00000000000000000
00000000000022000
00000000000000000
00000000000000000
10000000000000000
10000011110000000
STEP 4 P1 MOVE 3 6 3 8
OWN
00000000200000000
00000000200000000
00000000200000000
00000011100000000
00000000000000000
00000000000022000
00000000000000000
00000000000000000
10000000000000000
10000011110000000
STEP 5 P2 MOVE 4 4 6 4
OWN
00000000200000000
00000000200000000
00000000200000000
00000011100000000
00002000000000000
00002000000022000
00002000000000000
00000000000000000
10000000000000000
10000011110000000
STEP 6 P1 MOVE 4 9 4 11
OWN
00000000200000000
00000000200000000
00000000200000000
00000011100000000
00002000011100000
00002000000022000
00002000000000000
00000000000000000
10000000000000000
10000011110000000
STEP 7 P2 MOVE 1 1 2 2
OWN
00000000200000000
02200000200000000
02200000200000000
00000011100000000
00002000011100000
00002000000022000
00002000000000000
00000000000000000
10000000000000000
10000011110000000
STEP 8 P1 MOVE 5 5 6 5
OWN
00000000200000000
02200000200000000
02200000200000000
00000011100000000
00002000011100000
00002100000022000
00002100000000000
00000000000000000
10000000000000000
10000011110000000
STEP 9 P2 MOVE 1 4 2 4
OWN
00000000200000000
02202000200000000
02202000200000000
00000011100000000
00002000011100000
00002100000022000
00002100000000000
00000000000000000
10000000000000000
10000011110000000
STEP 10 P1 MOVE 4 12 4 13
OWN
00000000200000000
02202000200000000
02202000200000000
00000011100000000
00002000011111000
00002100000022000
00002100000000000
00000000000000000
10000000000000000
10000011110000000
STEP 11 P2 MOVE 1 6 2 6
OWN
00000000200000000
02202020200000000
02202020200000000
00000011100000000
00002000011111000
00002100000022000
00002100000000000
00000000000000000
10000000000000000
10000011110000000
STEP 12 P1 MOVE 5 2 5 3
OWN
00000000200000000
02202020200000000
02202020200000000
00000011100000000
00002000011111000
00112100000022000
00002100000000000
00000000000000000
10000000000000000
10000011110000000
STEP 13 P2 MOVE 6 13 6 14
OWN
00000000200000000
02202020200000000
02202020200000000
00000011100000000
00002000011111000
00112100000022000
00002100000002200
00000000000000000
10000000000000000
10000011110000000
STEP 14 P1 MOVE 5 7 5 8
OWN
00000000200000000
02202020200000000
02202020200000000
00000011100000000
00002000011111000
00112101100022000
00002100000002200
00000000000000000
10000000000000000
10000011110000000
STEP 15 P2 MOVE 5 10 5 11
OWN
00000000200000000
02202020200000000
02202020200000000
00000011100000000
00002000011111000
00112101102222000
00002100000002200
00000000000000000
10000000000000000
10000011110000000
STEP 16 P1 MOVE 5 15 5 16
OWN
00000000200000000
02202020200000000
02202020200000000
00000011100000000
00002000011111000
00112101102222011
00002100000002200
00000000000000000
10000000000000000
10000011110000000
STEP 17 P2 MOVE 0 9 1 9
OWN
00000000220000000
02202020220000000
02202020200000000
00000011100000000
00002000011111000
00112101102222011
00002100000002200
00000000000000000
10000000000000000
10000011110000000
STEP 18 P1 MOVE 7 15 7 16
OWN
00000000220000000
02202020220000000
02202020200000000
00000011100000000
00002000011111000
00112101102222011
00002100000002200
00000000000000011
10000000000000000
10000011110000000
STEP 19 P2 MOVE 2 9 3 9
OWN
00000000220000000
02202020220000000
02202020220000000
00000011120000000
00002000011111000
00112101102222011
00002100000002200
00000000000000011
10000000000000000
10000011110000000
STEP 20 P1 MOVE 6 7 7 7
OWN
00000000220000000
02202020220000000
02202020220000000
00000011120000000
00002000011111000
00112101102222011
00002101000002200
00000001000000011
10000000000000000
10000011110000000
STEP 21 P2 MOVE 8 14 9 14
OWN
00000000220000000
02202020220000000
02202020220000000
00000011120000000
00002000011111000
00112101102222011
00002101000002200
00000001000000011
10000000000000200
10000011110000200
STEP 22 P1 MOVE 9 4 9 5
OWN
00000000220000000
02202020220000000
02202020220000000
00000011120000000
00002000011111000
00112101102222011
00002101000002200
00000001000000011
10000000000000200
10001111110000200
STEP 23 P2 MOVE 6 10 6 11
OWN
00000000220000000
02202020220000000
02202020220000000
00000011120000000
00002000011111000
00112101102222011
00002101002202200
00000001000000011
10000000000000200
10001111110000200
STEP 24 P1 MOVE 8 3 9 4
OWN
00000000220000000
02202020220000000
02202020220000000
00000011120000000
00002000011111000
00112101102222011
00002101002202200
00000001000000011
10011000000000200
10011111110000200
STEP 25 P2 MOVE 3 3 6 3
OWN
00000000220000000
02202020220000000
02202020220000000
00020011120000000
00022000011111000
00122101102222011
00022101002202200
00000001000000011
10011000000000200
10011111110000200
STEP 26 P1 MOVE 2 2 3 3
OWN
00000000220000000
02202020220000000
02112020220000000
00110011120000000
00022000011111000
00122101102222011
00022101002202200
00000001000000011
10011000000000200
10011111110000200
STEP 27 P2 MOVE 4 0 4 1
OWN
00000000220000000
02202020220000000
02112020220000000
00110011120000000
22022000011111000
00122101102222011
00022101002202200
00000001000000011
10011000000000200
10011111110000200
STEP 28 P1 MOVE 3 14 4 14
OWN
00000000220000000
02202020220000000
02112020220000000
00110011120000100
22022000011111100
00122101102222011
00022101002202200
00000001000000011
10011000000000200
10011111110000200
STEP 29 P2 MOVE 0 2 0 3
OWN
00220000220000000
02202020220000000
02112020220000000
00110011120000100
22022000011111100
00122101102222011
00022101002202200
00000001000000011
10011000000000200
10011111110000200
STEP 30 P1 MOVE 0 4 0 5
OWN
00221100220000000
02202020220000000
02112020220000000
00110011120000100
22022000011111100
00122101102222011
00022101002202200
00000001000000011
10011000000000200
10011111110000200
STEP 31 P2 MOVE 1 12 1 15
OWN
00221100220000000
02202020220022220
02112020220000000
00110011120000100
22022000011111100
00122101102222011
00022101002202200
00000001000000011
10011000000000200
10011111110000200
STEP 32 P1 MOVE 1 11 1 16
OWN
00221100220000000
02202020220111111
02112020220000000
00110011120000100
22022000011111100
00122101102222011
00022101002202200
00000001000000011
10011000000000200
10011111110000200
STEP 33 P2 MOVE 2 13 3 14
OWN
00221100220000000
02202020220111111
02112020220002200
00110011120002200
22022000011111100
00122101102222011
00022101002202200
00000001000000011
10011000000000200
10011111110000200
STEP 34 P1 MOVE 3 15 3 16
OWN
00221100220000000
02202020220111111
02112020220002200
00110011120002211
22022000011111100
00122101102222011
00022101002202200
00000001000000011
10011000000000200
10011111110000200
STEP 35 P2 MOVE 2 10 7 10
OWN
00221100220000000
02202020220111111
02112020222002200
00110011122002211
22022000012111100
00122101102222011
00022101002202200
00000001002000011
10011000000000200
10011111110000200
STEP 36 P1 MOVE 3 8 4 11
OWN
00221100220000000
02202020220111111
02112020222002200
00110011111102211
22022000111111100
00122101102222011
00022101002202200
00000001002000011
10011000000000200
10011111110000200
STEP 37 P2 MOVE 7 9 7 11
OWN
00221100220000000
02202020220111111
02112020222002200
00110011111102211
22022000111111100
00122101102222011
00022101002202200
00000001022200011
10011000000000200
10011111110000200
STEP 38 P1 MOVE 2 0 2 5
OWN
00221100220000000
02202020220111111
11111120222002200
00110011111102211
22022000111111100
00122101102222011
00022101002202200
00000001022200011
10011000000000200
10011111110000200
STEP 39 P2 MOVE 1 0 3 1
OWN
00221100220000000
22202020220111111
22111120222002200
22110011111102211
22022000111111100
00122101102222011
00022101002202200
00000001022200011
10011000000000200
10011111110000200
STEP 40 P1 MOVE -1 -1 -1 -1
OWN
00221100220000000
22202020220111111
22111120222002200
22110011111102211
22022000111111100
00122101102222011
00022101002202200
00000001022200011
10011000000000200
10011111110000200
STEP 41 P2 MOVE -1 -1 -1 -1
OWN
00221100220000000
22202020220111111
22111120222002200
22110011111102211
22022000111111100
00122101102222011
00022101002202200
00000001022200011
10011000000000200
10011111110000200
RESULT first=51 second=44 winner=1
ANALYSIS winner=P1 score=51-44 reason=Ĺ»ĂëżěŔ§(+6Ä­ »©ľŃŔ˝,2ąčČż°ú) steal(w/l)=11/5 neu(w/l)=45/50
