BOARD
55354886123371417
33539912531454952
43544296867292119
22376997793668297
18593247929719817
21423678341864165
86245649939651378
49649223421982499
47479799515366877
31773589211943813
STEP 0 P1 MOVE 7 7 7 10
OWN
00000000000000000
00000000000000000
00000000000000000
00000000000000000
00000000000000000
00000000000000000
00000000000000000
00000001111000000
00000000000000000
00000000000000000
STEP 1 P2 MOVE 1 0 4 0
OWN
00000000000000000
20000000000000000
20000000000000000
20000000000000000
20000000000000000
00000000000000000
00000000000000000
00000001111000000
00000000000000000
00000000000000000
STEP 2 P1 MOVE 1 7 1 9
OWN
00000000000000000
20000001110000000
20000000000000000
20000000000000000
20000000000000000
00000000000000000
00000000000000000
00000001111000000
00000000000000000
00000000000000000
STEP 3 P2 MOVE 1 10 1 12
OWN
00000000000000000
20000001112220000
20000000000000000
20000000000000000
20000000000000000
00000000000000000
00000000000000000
00000001111000000
00000000000000000
00000000000000000
STEP 4 P1 MOVE 5 1 5 4
OWN
00000000000000000
20000001112220000
20000000000000000
20000000000000000
20000000000000000
01111000000000000
00000000000000000
00000001111000000
00000000000000000
00000000000000000
STEP 5 P2 MOVE 2 10 3 10
OWN
00000000000000000
20000001112220000
20000000002000000
20000000002000000
20000000000000000
01111000000000000
00000000000000000
00000001111000000
00000000000000000
00000000000000000
STEP 6 P1 MOVE 5 0 6 0
OWN
00000000000000000
20000001112220000
20000000002000000
20000000002000000
20000000000000000
11111000000000000
10000000000000000
00000001111000000
00000000000000000
00000000000000000
STEP 7 P2 MOVE 2 4 3 4
OWN
00000000000000000
20000001112220000
20002000002000000
20002000002000000
20000000000000000
11111000000000000
10000000000000000
00000001111000000
00000000000000000
00000000000000000
STEP 8 P1 MOVE 7 2 7 3
OWN
00000000000000000
20000001112220000
20002000002000000
20002000002000000
20000000000000000
11111000000000000
10000000000000000
00110001111000000
00000000000000000
00000000000000000
STEP 9 P2 MOVE 3 1 4 1
OWN
00000000000000000
20000001112220000
20002000002000000
22002000002000000
22000000000000000
11111000000000000
10000000000000000
00110001111000000
00000000000000000
00000000000000000
STEP 10 P1 MOVE 3 2 3 3
OWN
00000000000000000
20000001112220000
20002000002000000
22112000002000000
22000000000000000
11111000000000000
10000000000000000
00110001111000000
00000000000000000
00000000000000000
STEP 11 P2 MOVE 6 14 6 15
OWN
00000000000000000
20000001112220000
20002000002000000
22112000002000000
22000000000000000
11111000000000000
10000000000000220
00110001111000000
00000000000000000
00000000000000000
STEP 12 P1 MOVE 5 10 6 10
OWN
00000000000000000
20000001112220000
20002000002000000
22112000002000000
22000000000000000
11111000001000000
10000000001000220
00110001111000000
00000000000000000
00000000000000000
STEP 13 P2 MOVE 0 0 0 1
OWN
22000000000000000
20000001112220000
20002000002000000
22112000002000000
22000000000000000
11111000001000000
10000000001000220
00110001111000000
00000000000000000
00000000000000000
STEP 14 P1 MOVE 1 6 2 6
OWN
22000000000000000
20000011112220000
20002010002000000
22112000002000000
22000000000000000
11111000001000000
10000000001000220
00110001111000000
00000000000000000
00000000000000000
STEP 15 P2 MOVE 2 15 2 16
OWN
22000000000000000
20000011112220000
20002010002000022
22112000002000000
22000000000000000
11111000001000000
10000000001000220
00110001111000000
00000000000000000
00000000000000000
STEP 16 P1 MOVE 3 13 3 14
OWN
22000000000000000
20000011112220000
20002010002000022
22112000002001100
22000000000000000
11111000001000000
10000000001000220
00110001111000000
00000000000000000
00000000000000000
STEP 17 P2 MOVE 2 14 5 14
OWN
22000000000000000
20000011112220000
20002010002000222
22112000002001200
22000000000000200
11111000001000200
10000000001000220
00110001111000000
00000000000000000
00000000000000000
STEP 18 P1 MOVE 4 13 4 15
OWN
22000000000000000
20000011112220000
20002010002000222
22112000002001200
22000000000001110
11111000001000200
10000000001000220
00110001111000000
00000000000000000
00000000000000000
STEP 19 P2 MOVE 2 2 4 2
OWN
22000000000000000
20000011112220000
20202010002000222
22212000002001200
22200000000001110
11111000001000200
10000000001000220
00110001111000000
00000000000000000
00000000000000000
STEP 20 P1 MOVE 0 2 6 2
OWN
22100000000000000
20100011112220000
20102010002000222
22112000002001200
22100000000001110
11111000001000200
10100000001000220
00110001111000000
00000000000000000
00000000000000000
STEP 21 P2 MOVE 8 16 9 16
OWN
22100000000000000
20100011112220000
20102010002000222
22112000002001200
22100000000001110
11111000001000200
10100000001000220
00110001111000000
00000000000000002
00000000000000002
STEP 22 P1 MOVE 6 1 6 3
OWN
22100000000000000
20100011112220000
20102010002000222
22112000002001200
22100000000001110
11111000001000200
11110000001000220
00110001111000000
00000000000000002
00000000000000002
STEP 23 P2 MOVE 9 3 9 4
OWN
22100000000000000
20100011112220000
20102010002000222
22112000002001200
22100000000001110
11111000001000200
11110000001000220
00110001111000000
00000000000000002
00022000000000002
STEP 24 P1 MOVE 8 12 9 12
OWN
22100000000000000
20100011112220000
20102010002000222
22112000002001200
22100000000001110
11111000001000200
11110000001000220
00110001111000000
00000000000010002
00022000000010002
STEP 25 P2 MOVE 7 12 7 13
OWN
22100000000000000
20100011112220000
20102010002000222
22112000002001200
22100000000001110
11111000001000200
11110000001000220
00110001111022000
00000000000010002
00022000000010002
STEP 26 P1 MOVE 6 12 7 14
OWN
22100000000000000
20100011112220000
20102010002000222
22112000002001200
22100000000001110
11111000001000200
11110000001011120
00110001111011100
00000000000010002
00022000000010002
STEP 27 P2 MOVE 5 12 5 13
OWN
22100000000000000
20100011112220000
20102010002000222
22112000002001200
22100000000001110
11111000001022200
11110000001011120
00110001111011100
00000000000010002
00022000000010002
STEP 28 P1 MOVE -1 -1 -1 -1
OWN
22100000000000000
20100011112220000
20102010002000222
22112000002001200
22100000000001110
11111000001022200
11110000001011120
00110001111011100
00000000000010002
00022000000010002
STEP 29 P2 MOVE 4 12 9 13
OWN
22100000000000000
20100011112220000
20102010002000222
22112000002001200
22100000000022110
11111000001022200
11110000001022120
00110001111022100
00000000000022002
00022000000022002
STEP 30 P1 MOVE 2 13 8 14
OWN
22100000000000000
20100011112220000
20102010002001122
22112000002001100
22100000000021110
11111000001021100
11110000001021120
00110001111021100
00000000000021102
00022000000022002
STEP 31 P2 MOVE 8 11 8 15
OWN
22100000000000000
20100011112220000
20102010002001122
22112000002001100
22100000000021110
11111000001021100
11110000001021120
00110001111021100
00000000000222222
00022000000022002
STEP 32 P1 MOVE 7 15 9 15
OWN
22100000000000000
20100011112220000
20102010002001122
22112000002001100
22100000000021110
11111000001021100
11110000001021120
00110001111021110
00000000000222212
00022000000022012
STEP 33 P2 MOVE 9 10 9 11
OWN
22100000000000000
20100011112220000
20102010002001122
22112000002001100
22100000000021110
11111000001021100
11110000001021120
00110001111021110
00000000000222212
00022000002222012
STEP 34 P1 MOVE -1 -1 -1 -1
OWN
22100000000000000
20100011112220000
20102010002001122
22112000002001100
22100000000021110
11111000001021100
11110000001021120
00110001111021110
00000000000222212
00022000002222012
STEP 35 P2 MOVE 4 9 8 9
OWN
22100000000000000
20100011112220000
20102010002001122
22112000002001100
22100000020021110
11111000021021100
11110000021021120
00110001121021110
00000000020222212
00022000002222012
STEP 36 P1 MOVE 3 9 9 9
OWN
22100000000000000
20100011112220000
20102010002001122
22112000012001100
22100000010021110
11111000011021100
11110000011021120
00110001111021110
00000000010222212
00022000012222012
STEP 37 P2 MOVE 9 8 9 14
OWN
22100000000000000
20100011112220000
20102010002001122
22112000012001100
22100000010021110
11111000011021100
11110000011021120
00110001111021110
00000000010222212
00022000222222212
STEP 38 P1 MOVE 8 8 8 10
OWN
22100000000000000
20100011112220000
20102010002001122
22112000012001100
22100000010021110
11111000011021100
11110000011021120
00110001111021110
00000000111222212
00022000222222212
STEP 39 P2 MOVE -1 -1 -1 -1
OWN
22100000000000000
20100011112220000
20102010002001122
22112000012001100
22100000010021110
11111000011021100
11110000011021120
00110001111021110
00000000111222212
00022000222222212
STEP 40 P1 MOVE -1 -1 -1 -1
OWN
22100000000000000
20100011112220000
20102010002001122
22112000012001100
22100000010021110
11111000011021100
11110000011021120
00110001111021110
00000000111222212
00022000222222212
RESULT first=51 second=37 winner=1
ANALYSIS winner=P1 score=51-37 reason=Ĺ»ĂëżěŔ§(+8Ä­ »©ľŃŔ˝,2ąčČż°ú) steal(w/l)=21/13 neu(w/l)=43/45
