BOARD
12263554137796989
51168677939344136
33996993879666837
89485899688698846
35855999975489626
14211542935441711
66341222111653339
17143116256815891
57384262183978963
65571931513332849
STEP 0 P1 MOVE 7 4 8 5
OWN
00000000000000000
00000000000000000
00000000000000000
00000000000000000
00000000000000000
00000000000000000
00000000000000000
00001100000000000
00001100000000000
00000000000000000
STEP 1 P2 MOVE 9 6 9 9
OWN
00000000000000000
00000000000000000
00000000000000000
00000000000000000
00000000000000000
00000000000000000
00000000000000000
00001100000000000
00001100000000000
00000022220000000
STEP 2 P1 MOVE 0 6 0 8
OWN
00000011100000000
00000000000000000
00000000000000000
00000000000000000
00000000000000000
00000000000000000
00000000000000000
00001100000000000
00001100000000000
00000022220000000
STEP 3 P2 MOVE 2 15 5 15
OWN
00000011100000000
00000000000000000
00000000000000020
00000000000000020
00000000000000020
00000000000000020
00000000000000000
00001100000000000
00001100000000000
00000022220000000
STEP 4 P1 MOVE 5 9 6 10
OWN
00000011100000000
00000000000000000
00000000000000020
00000000000000020
00000000000000020
00000000011000020
00000000011000000
00001100000000000
00001100000000000
00000022220000000
STEP 5 P2 MOVE 0 1 0 3
OWN
02220011100000000
00000000000000000
00000000000000020
00000000000000020
00000000000000020
00000000011000020
00000000011000000
00001100000000000
00001100000000000
00000022220000000
STEP 6 P1 MOVE 4 0 6 0
OWN
02220011100000000
00000000000000000
00000000000000020
00000000000000020
10000000000000020
10000000011000020
10000000011000000
00001100000000000
00001100000000000
00000022220000000
STEP 7 P2 MOVE 1 14 1 16
OWN
02220011100000000
00000000000000222
00000000000000020
00000000000000020
10000000000000020
10000000011000020
10000000011000000
00001100000000000
00001100000000000
00000022220000000
STEP 8 P1 MOVE 0 13 1 13
OWN
02220011100001000
00000000000001222
00000000000000020
00000000000000020
10000000000000020
10000000011000020
10000000011000000
00001100000000000
00001100000000000
00000022220000000
STEP 9 P2 MOVE 5 12 7 12
OWN
02220011100001000
00000000000001222
00000000000000020
00000000000000020
10000000000000020
10000000011020020
10000000011020000
00001100000020000
00001100000000000
00000022220000000
STEP 10 P1 MOVE 4 3 4 4
OWN
02220011100001000
00000000000001222
00000000000000020
00000000000000020
10011000000000020
10000000011020020
10000000011020000
00001100000020000
00001100000000000
00000022220000000
STEP 11 P2 MOVE 7 15 7 16
OWN
02220011100001000
00000000000001222
00000000000000020
00000000000000020
10011000000000020
10000000011020020
10000000011020000
00001100000020022
00001100000000000
00000022220000000
STEP 12 P1 MOVE 9 1 9 2
OWN
02220011100001000
00000000000001222
00000000000000020
00000000000000020
10011000000000020
10000000011020020
10000000011020000
00001100000020022
00001100000000000
01100022220000000
STEP 13 P2 MOVE 5 8 6 8
OWN
02220011100001000
00000000000001222
00000000000000020
00000000000000020
10011000000000020
10000000211020020
10000000211020000
00001100000020022
00001100000000000
01100022220000000
STEP 14 P1 MOVE 5 14 6 14
OWN
02220011100001000
00000000000001222
00000000000000020
00000000000000020
10011000000000020
10000000211020120
10000000211020100
00001100000020022
00001100000000000
01100022220000000
STEP 15 P2 MOVE 4 13 5 13
OWN
02220011100001000
00000000000001222
00000000000000020
00000000000000020
10011000000002020
10000000211022120
10000000211020100
00001100000020022
00001100000000000
01100022220000000
STEP 16 P1 MOVE 8 12 9 12
OWN
02220011100001000
00000000000001222
00000000000000020
00000000000000020
10011000000002020
10000000211022120
10000000211020100
00001100000020022
00001100000010000
01100022220010000
STEP 17 P2 MOVE 8 1 8 2
OWN
02220011100001000
00000000000001222
00000000000000020
00000000000000020
10011000000002020
10000000211022120
10000000211020100
00001100000020022
02201100000010000
01100022220010000
STEP 18 P1 MOVE 0 9 0 10
OWN
02220011111001000
00000000000001222
00000000000000020
00000000000000020
10011000000002020
10000000211022120
10000000211020100
00001100000020022
02201100000010000
01100022220010000
STEP 19 P2 MOVE 5 16 6 16
OWN
02220011111001000
00000000000001222
00000000000000020
00000000000000020
10011000000002020
10000000211022122
10000000211020102
00001100000020022
02201100000010000
01100022220010000
STEP 20 P1 MOVE 5 6 5 11
OWN
02220011111001000
00000000000001222
00000000000000020
00000000000000020
10011000000002020
10000011111122122
10000000211020102
00001100000020022
02201100000010000
01100022220010000
STEP 21 P2 MOVE 3 11 4 11
OWN
02220011111001000
00000000000001222
00000000000000020
00000000000200020
10011000000202020
10000011111122122
10000000211020102
00001100000020022
02201100000010000
01100022220010000
STEP 22 P1 MOVE 8 13 9 13
OWN
02220011111001000
00000000000001222
00000000000000020
00000000000200020
10011000000202020
10000011111122122
10000000211020102
00001100000020022
02201100000011000
01100022220011000
STEP 23 P2 MOVE 0 11 1 11
OWN
02220011111201000
00000000000201222
00000000000000020
00000000000200020
10011000000202020
10000011111122122
10000000211020102
00001100000020022
02201100000011000
01100022220011000
STEP 24 P1 MOVE 1 2 2 2
OWN
02220011111201000
00100000000201222
00100000000000020
00000000000200020
10011000000202020
10000011111122122
10000000211020102
00001100000020022
02201100000011000
01100022220011000
STEP 25 P2 MOVE 1 7 2 7
OWN
02220011111201000
00100002000201222
00100002000000020
00000000000200020
10011000000202020
10000011111122122
10000000211020102
00001100000020022
02201100000011000
01100022220011000
STEP 26 P1 MOVE 6 6 6 11
OWN
02220011111201000
00100002000201222
00100002000000020
00000000000200020
10011000000202020
10000011111122122
10000011111120102
00001100000020022
02201100000011000
01100022220011000
STEP 27 P2 MOVE 8 15 9 15
OWN
02220011111201000
00100002000201222
00100002000000020
00000000000200020
10011000000202020
10000011111122122
10000011111120102
00001100000020022
02201100000011020
01100022220011020
STEP 28 P1 MOVE 4 6 7 6
OWN
02220011111201000
00100002000201222
00100002000000020
00000000000200020
10011010000202020
10000011111122122
10000011111120102
00001110000020022
02201100000011020
01100022220011020
STEP 29 P2 MOVE 5 1 6 1
OWN
02220011111201000
00100002000201222
00100002000000020
00000000000200020
10011010000202020
12000011111122122
12000011111120102
00001110000020022
02201100000011020
01100022220011020
STEP 30 P1 MOVE 1 9 2 9
OWN
02220011111201000
00100002010201222
00100002010000020
00000000000200020
10011010000202020
12000011111122122
12000011111120102
00001110000020022
02201100000011020
01100022220011020
STEP 31 P2 MOVE 1 12 2 12
OWN
02220011111201000
00100002010221222
00100002010020020
00000000000200020
10011010000202020
12000011111122122
12000011111120102
00001110000020022
02201100000011020
01100022220011020
STEP 32 P1 MOVE 9 4 9 5
OWN
02220011111201000
00100002010221222
00100002010020020
00000000000200020
10011010000202020
12000011111122122
12000011111120102
00001110000020022
02201100000011020
01101122220011020
STEP 33 P2 MOVE 9 3 9 10
OWN
02220011111201000
00100002010221222
00100002010020020
00000000000200020
10011010000202020
12000011111122122
12000011111120102
00001110000020022
02201100000011020
01122222222011020
STEP 34 P1 MOVE -1 -1 -1 -1
OWN
02220011111201000
00100002010221222
00100002010020020
00000000000200020
10011010000202020
12000011111122122
12000011111120102
00001110000020022
02201100000011020
01122222222011020
STEP 35 P2 MOVE 4 2 5 2
OWN
02220011111201000
00100002010221222
00100002010020020
00000000000200020
10211010000202020
12200011111122122
12000011111120102
00001110000020022
02201100000011020
01122222222011020
STEP 36 P1 MOVE 6 5 7 8
OWN
02220011111201000
00100002010221222
00100002010020020
00000000000200020
10211010000202020
12200011111122122
12000111111120102
00001111100020022
02201100000011020
01122222222011020
STEP 37 P2 MOVE 4 8 8 8
OWN
02220011111201000
00100002010221222
00100002010020020
00000000000200020
10211010200202020
12200011211122122
12000111211120102
00001111200020022
02201100200011020
01122222222011020
STEP 38 P1 MOVE 5 4 6 13
OWN
02220011111201000
00100002010221222
00100002010020020
00000000000200020
10211010200202020
12201111111111122
12001111111111102
00001111200020022
02201100200011020
01122222222011020
STEP 39 P2 MOVE 6 2 6 15
OWN
02220011111201000
00100002010221222
00100002010020020
00000000000200020
10211010200202020
12201111111111122
12222222222222222
00001111200020022
02201100200011020
01122222222011020
STEP 40 P1 MOVE 5 3 7 9
OWN
02220011111201000
00100002010221222
00100002010020020
00000000000200020
10211010200202020
12211111111111122
12211111112222222
00011111110020022
02201100200011020
01122222222011020
STEP 41 P2 MOVE 4 2 7 5
OWN
02220011111201000
00100002010221222
00100002010020020
00000000000200020
10222210200202020
12222211111111122
12222211112222222
00222211110020022
02201100200011020
01122222222011020
STEP 42 P1 MOVE 8 7 8 9
OWN
02220011111201000
00100002010221222
00100002010020020
00000000000200020
10222210200202020
12222211111111122
12222211112222222
00222211110020022
02201101110011020
01122222222011020
STEP 43 P2 MOVE -1 -1 -1 -1
OWN
02220011111201000
00100002010221222
00100002010020020
00000000000200020
10222210200202020
12222211111111122
12222211112222222
00222211110020022
02201101110011020
01122222222011020
STEP 44 P1 MOVE -1 -1 -1 -1
OWN
02220011111201000
00100002010221222
00100002010020020
00000000000200020
10222210200202020
12222211111111122
12222211112222222
00222211110020022
02201101110011020
01122222222011020
RESULT first=43 second=61 winner=2
ANALYSIS winner=P2 score=43-61 reason=Ĺ»ĂëżěŔ§(+11Ä­ »©ľŃŔ˝,2ąčČż°ú) / żŞŔü˝Â steal(w/l)=27/16 neu(w/l)=50/54
