BOARD
34589939698852575
98175694216542626
49561695977321692
23226117564478869
85821877624198638
81258579758871766
32365367766911482
52244422179613712
38114942662851118
56693626788542943
STEP 0 P1 MOVE 7 6 8 7
OWN
00000000000000000
00000000000000000
00000000000000000
00000000000000000
00000000000000000
00000000000000000
00000000000000000
00000011000000000
00000011000000000
00000000000000000
STEP 1 P2 MOVE 4 1 7 1
OWN
00000000000000000
00000000000000000
00000000000000000
00000000000000000
02000000000000000
02000000000000000
02000000000000000
02000011000000000
00000011000000000
00000000000000000
STEP 2 P1 MOVE 5 0 5 2
OWN
00000000000000000
00000000000000000
00000000000000000
00000000000000000
02000000000000000
11100000000000000
02000000000000000
02000011000000000
00000011000000000
00000000000000000
STEP 3 P2 MOVE 0 9 1 9
OWN
00000000020000000
00000000020000000
00000000000000000
00000000000000000
02000000000000000
11100000000000000
02000000000000000
02000011000000000
00000011000000000
00000000000000000
STEP 4 P1 MOVE 7 12 8 13
OWN
00000000020000000
00000000020000000
00000000000000000
00000000000000000
02000000000000000
11100000000000000
02000000000000000
02000011000011000
00000011000011000
00000000000000000
STEP 5 P2 MOVE 7 14 8 15
OWN
00000000020000000
00000000020000000
00000000000000000
00000000000000000
02000000000000000
11100000000000000
02000000000000000
02000011000011220
00000011000011220
00000000000000000
STEP 6 P1 MOVE 5 16 7 16
OWN
00000000020000000
00000000020000000
00000000000000000
00000000000000000
02000000000000000
11100000000000001
02000000000000001
02000011000011221
00000011000011220
00000000000000000
STEP 7 P2 MOVE 8 3 9 3
OWN
00000000020000000
00000000020000000
00000000000000000
00000000000000000
02000000000000000
11100000000000001
02000000000000001
02000011000011221
00020011000011220
00020000000000000
STEP 8 P1 MOVE 3 0 4 0
OWN
00000000020000000
00000000020000000
00000000000000000
10000000000000000
12000000000000000
11100000000000001
02000000000000001
02000011000011221
00020011000011220
00020000000000000
STEP 9 P2 MOVE 4 11 4 12
OWN
00000000020000000
00000000020000000
00000000000000000
10000000000000000
12000000000220000
11100000000000001
02000000000000001
02000011000011221
00020011000011220
00020000000000000
STEP 10 P1 MOVE 2 3 4 3
OWN
00000000020000000
00000000020000000
00010000000000000
10010000000000000
12010000000220000
11100000000000001
02000000000000001
02000011000011221
00020011000011220
00020000000000000
STEP 11 P2 MOVE 8 10 8 11
OWN
00000000020000000
00000000020000000
00010000000000000
10010000000000000
12010000000220000
11100000000000001
02000000000000001
02000011000011221
00020011002211220
00020000000000000
STEP 12 P1 MOVE 6 11 6 12
OWN
00000000020000000
00000000020000000
00010000000000000
10010000000000000
12010000000220000
11100000000000001
02000000000110001
02000011000011221
00020011002211220
00020000000000000
STEP 13 P2 MOVE 2 6 3 6
OWN
00000000020000000
00000000020000000
00010020000000000
10010020000000000
12010000000220000
11100000000000001
02000000000110001
02000011000011221
00020011002211220
00020000000000000
STEP 14 P1 MOVE -1 -1 -1 -1
OWN
00000000020000000
00000000020000000
00010020000000000
10010020000000000
12010000000220000
11100000000000001
02000000000110001
02000011000011221
00020011002211220
00020000000000000
STEP 15 P2 MOVE 3 2 4 2
OWN
00000000020000000
00000000020000000
00010020000000000
10210020000000000
12210000000220000
11100000000000001
02000000000110001
02000011000011221
00020011002211220
00020000000000000
STEP 16 P1 MOVE 1 13 1 15
OWN
00000000020000000
00000000020001110
00010020000000000
10210020000000000
12210000000220000
11100000000000001
02000000000110001
02000011000011221
00020011002211220
00020000000000000
STEP 17 P2 MOVE 7 2 7 4
OWN
00000000020000000
00000000020001110
00010020000000000
10210020000000000
12210000000220000
11100000000000001
02000000000110001
02222011000011221
00020011002211220
00020000000000000
STEP 18 P1 MOVE 6 2 8 3
OWN
00000000020000000
00000000020001110
00010020000000000
10210020000000000
12210000000220000
11100000000000001
02110000000110001
02112011000011221
00110011002211220
00020000000000000
STEP 19 P2 MOVE 7 0 7 8
OWN
00000000020000000
00000000020001110
00010020000000000
10210020000000000
12210000000220000
11100000000000001
02110000000110001
22222222200011221
00110011002211220
00020000000000000
STEP 20 P1 MOVE 2 0 8 0
OWN
00000000020000000
00000000020001110
10010020000000000
10210020000000000
12210000000220000
11100000000000001
12110000000110001
12222222200011221
10110011002211220
00020000000000000
STEP 21 P2 MOVE 3 1 4 4
OWN
00000000020000000
00000000020001110
10010020000000000
12222020000000000
12222000000220000
11100000000000001
12110000000110001
12222222200011221
10110011002211220
00020000000000000
STEP 22 P1 MOVE 2 2 5 3
OWN
00000000020000000
00000000020001110
10110020000000000
12112020000000000
12112000000220000
11110000000000001
12110000000110001
12222222200011221
10110011002211220
00020000000000000
STEP 23 P2 MOVE 2 1 2 4
OWN
00000000020000000
00000000020001110
12222020000000000
12112020000000000
12112000000220000
11110000000000001
12110000000110001
12222222200011221
10110011002211220
00020000000000000
STEP 24 P1 MOVE 2 10 2 11
OWN
00000000020000000
00000000020001110
12222020001100000
12112020000000000
12112000000220000
11110000000000001
12110000000110001
12222222200011221
10110011002211220
00020000000000000
STEP 25 P2 MOVE 2 9 2 13
OWN
00000000020000000
00000000020001110
12222020022222000
12112020000000000
12112000000220000
11110000000000001
12110000000110001
12222222200011221
10110011002211220
00020000000000000
STEP 26 P1 MOVE 1 12 2 14
OWN
00000000020000000
00000000020011110
12222020022211100
12112020000000000
12112000000220000
11110000000000001
12110000000110001
12222222200011221
10110011002211220
00020000000000000
STEP 27 P2 MOVE 4 13 6 13
OWN
00000000020000000
00000000020011110
12222020022211100
12112020000000000
12112000000222000
11110000000002001
12110000000112001
12222222200011221
10110011002211220
00020000000000000
STEP 28 P1 MOVE 6 11 7 14
OWN
00000000020000000
00000000020011110
12222020022211100
12112020000000000
12112000000222000
11110000000002001
12110000000111101
12222222200111121
10110011002211220
00020000000000000
STEP 29 P2 MOVE 3 13 9 13
OWN
00000000020000000
00000000020011110
12222020022211100
12112020000002000
12112000000222000
11110000000002001
12110000000112101
12222222200112121
10110011002212220
00020000000002000
STEP 30 P1 MOVE 4 10 4 14
OWN
00000000020000000
00000000020011110
12222020022211100
12112020000002000
12112000001111100
11110000000002001
12110000000112101
12222222200112121
10110011002212220
00020000000002000
STEP 31 P2 MOVE 3 9 3 10
OWN
00000000020000000
00000000020011110
12222020022211100
12112020022002000
12112000001111100
11110000000002001
12110000000112101
12222222200112121
10110011002212220
00020000000002000
STEP 32 P1 MOVE -1 -1 -1 -1
OWN
00000000020000000
00000000020011110
12222020022211100
12112020022002000
12112000001111100
11110000000002001
12110000000112101
12222222200112121
10110011002212220
00020000000002000
STEP 33 P2 MOVE -1 -1 -1 -1
OWN
00000000020000000
00000000020011110
12222020022211100
12112020022002000
12112000001111100
11110000000002001
12110000000112101
12222222200112121
10110011002212220
00020000000002000
RESULT first=42 second=38 winner=1
ANALYSIS winner=P1 score=42-38 reason=탈취우위(+3칸 빼앗음,2배효과) / 선공이점 steal(w/l)=16/13 neu(w/l)=39/41
