BOARD
42856855856293176
82399312129542272
11243197928665365
86978918698793545
17832939934954365
57261581728731379
27671259724139226
83774173881874257
82468763285739636
76359143195423938
STEP 0 P1 MOVE 4 14 7 14
OWN
00000000000000000
00000000000000000
00000000000000000
00000000000000000
00000000000000100
00000000000000100
00000000000000100
00000000000000100
00000000000000000
00000000000000000
STEP 1 P2 MOVE 6 3 6 5
OWN
00000000000000000
00000000000000000
00000000000000000
00000000000000000
00000000000000100
00000000000000100
00022200000000100
00000000000000100
00000000000000000
00000000000000000
STEP 2 P1 MOVE 1 14 3 14
OWN
00000000000000000
00000000000000100
00000000000000100
00000000000000100
00000000000000100
00000000000000100
00022200000000100
00000000000000100
00000000000000000
00000000000000000
STEP 3 P2 MOVE 3 16 4 16
OWN
00000000000000000
00000000000000100
00000000000000100
00000000000000102
00000000000000102
00000000000000100
00022200000000100
00000000000000100
00000000000000000
00000000000000000
STEP 4 P1 MOVE 1 13 3 13
OWN
00000000000000000
00000000000001100
00000000000001100
00000000000001102
00000000000000102
00000000000000100
00022200000000100
00000000000000100
00000000000000000
00000000000000000
STEP 5 P2 MOVE 6 9 6 12
OWN
00000000000000000
00000000000001100
00000000000001100
00000000000001102
00000000000000102
00000000000000100
00022200022220100
00000000000000100
00000000000000000
00000000000000000
STEP 6 P1 MOVE 4 13 4 15
OWN
00000000000000000
00000000000001100
00000000000001100
00000000000001102
00000000000001112
00000000000000100
00022200022220100
00000000000000100
00000000000000000
00000000000000000
STEP 7 P2 MOVE 5 7 5 9
OWN
00000000000000000
00000000000001100
00000000000001100
00000000000001102
00000000000001112
00000002220000100
00022200022220100
00000000000000100
00000000000000000
00000000000000000
STEP 8 P1 MOVE 2 1 2 4
OWN
00000000000000000
00000000000001100
01111000000001100
00000000000001102
00000000000001112
00000002220000100
00022200022220100
00000000000000100
00000000000000000
00000000000000000
STEP 9 P2 MOVE 0 1 3 1
OWN
02000000000000000
02000000000001100
02111000000001100
02000000000001102
00000000000001112
00000002220000100
00022200022220100
00000000000000100
00000000000000000
00000000000000000
STEP 10 P1 MOVE 2 0 4 0
OWN
02000000000000000
02000000000001100
12111000000001100
12000000000001102
10000000000001112
00000002220000100
00022200022220100
00000000000000100
00000000000000000
00000000000000000
STEP 11 P2 MOVE 5 11 5 12
OWN
02000000000000000
02000000000001100
12111000000001100
12000000000001102
10000000000001112
00000002220220100
00022200022220100
00000000000000100
00000000000000000
00000000000000000
STEP 12 P1 MOVE 1 6 2 6
OWN
02000000000000000
02000010000001100
12111010000001100
12000000000001102
10000000000001112
00000002220220100
00022200022220100
00000000000000100
00000000000000000
00000000000000000
STEP 13 P2 MOVE 6 1 7 1
OWN
02000000000000000
02000010000001100
12111010000001100
12000000000001102
10000000000001112
00000002220220100
02022200022220100
02000000000000100
00000000000000000
00000000000000000
STEP 14 P1 MOVE 2 5 3 5
OWN
02000000000000000
02000010000001100
12111110000001100
12000100000001102
10000000000001112
00000002220220100
02022200022220100
02000000000000100
00000000000000000
00000000000000000
STEP 15 P2 MOVE 8 11 8 12
OWN
02000000000000000
02000010000001100
12111110000001100
12000100000001102
10000000000001112
00000002220220100
02022200022220100
02000000000000100
00000000000220000
00000000000000000
STEP 16 P1 MOVE 6 0 7 0
OWN
02000000000000000
02000010000001100
12111110000001100
12000100000001102
10000000000001112
00000002220220100
12022200022220100
12000000000000100
00000000000220000
00000000000000000
STEP 17 P2 MOVE 2 9 2 10
OWN
02000000000000000
02000010000001100
12111110022001100
12000100000001102
10000000000001112
00000002220220100
12022200022220100
12000000000000100
00000000000220000
00000000000000000
STEP 18 P1 MOVE 8 8 8 9
OWN
02000000000000000
02000010000001100
12111110022001100
12000100000001102
10000000000001112
00000002220220100
12022200022220100
12000000000000100
00000000110220000
00000000000000000
STEP 19 P2 MOVE 1 12 2 12
OWN
02000000000000000
02000010000021100
12111110022021100
12000100000001102
10000000000001112
00000002220220100
12022200022220100
12000000000000100
00000000110220000
00000000000000000
STEP 20 P1 MOVE 2 15 3 15
OWN
02000000000000000
02000010000021100
12111110022021110
12000100000001112
10000000000001112
00000002220220100
12022200022220100
12000000000000100
00000000110220000
00000000000000000
STEP 21 P2 MOVE 0 6 0 7
OWN
02000022000000000
02000010000021100
12111110022021110
12000100000001112
10000000000001112
00000002220220100
12022200022220100
12000000000000100
00000000110220000
00000000000000000
STEP 22 P1 MOVE 8 10 9 10
OWN
02000022000000000
02000010000021100
12111110022021110
12000100000001112
10000000000001112
00000002220220100
12022200022220100
12000000000000100
00000000111220000
00000000001000000
STEP 23 P2 MOVE 9 8 9 9
OWN
02000022000000000
02000010000021100
12111110022021110
12000100000001112
10000000000001112
00000002220220100
12022200022220100
12000000000000100
00000000111220000
00000000221000000
STEP 24 P1 MOVE 5 13 6 13
OWN
02000022000000000
02000010000021100
12111110022021110
12000100000001112
10000000000001112
00000002220221100
12022200022221100
12000000000000100
00000000111220000
00000000221000000
STEP 25 P2 MOVE 8 0 8 1
OWN
02000022000000000
02000010000021100
12111110022021110
12000100000001112
10000000000001112
00000002220221100
12022200022221100
12000000000000100
22000000111220000
00000000221000000
STEP 26 P1 MOVE 3 4 4 4
OWN
02000022000000000
02000010000021100
12111110022021110
12001100000001112
10001000000001112
00000002220221100
12022200022221100
12000000000000100
22000000111220000
00000000221000000
STEP 27 P2 MOVE 4 3 5 4
OWN
02000022000000000
02000010000021100
12111110022021110
12001100000001112
10022000000001112
00022002220221100
12022200022221100
12000000000000100
22000000111220000
00000000221000000
STEP 28 P1 MOVE 5 4 7 5
OWN
02000022000000000
02000010000021100
12111110022021110
12001100000001112
10022000000001112
00021102220221100
12021100022221100
12001100000000100
22000000111220000
00000000221000000
STEP 29 P2 MOVE 5 2 5 6
OWN
02000022000000000
02000010000021100
12111110022021110
12001100000001112
10022000000001112
00222222220221100
12021100022221100
12001100000000100
22000000111220000
00000000221000000
STEP 30 P1 MOVE 7 6 7 7
OWN
02000022000000000
02000010000021100
12111110022021110
12001100000001112
10022000000001112
00222222220221100
12021100022221100
12001111000000100
22000000111220000
00000000221000000
STEP 31 P2 MOVE 8 2 8 3
OWN
02000022000000000
02000010000021100
12111110022021110
12001100000001112
10022000000001112
00222222220221100
12021100022221100
12001111000000100
22220000111220000
00000000221000000
STEP 32 P1 MOVE 7 2 9 2
OWN
02000022000000000
02000010000021100
12111110022021110
12001100000001112
10022000000001112
00222222220221100
12021100022221100
12101111000000100
22120000111220000
00100000221000000
STEP 33 P2 MOVE 6 15 8 15
OWN
02000022000000000
02000010000021100
12111110022021110
12001100000001112
10022000000001112
00222222220221100
12021100022221120
12101111000000120
22120000111220020
00100000221000000
STEP 34 P1 MOVE 5 15 9 15
OWN
02000022000000000
02000010000021100
12111110022021110
12001100000001112
10022000000001112
00222222220221110
12021100022221110
12101111000000110
22120000111220010
00100000221000010
STEP 35 P2 MOVE 1 8 2 8
OWN
02000022000000000
02000010200021100
12111110222021110
12001100000001112
10022000000001112
00222222220221110
12021100022221110
12101111000000110
22120000111220010
00100000221000010
STEP 36 P1 MOVE 0 7 1 8
OWN
02000021100000000
02000011100021100
12111110222021110
12001100000001112
10022000000001112
00222222220221110
12021100022221110
12101111000000110
22120000111220010
00100000221000010
STEP 37 P2 MOVE 1 5 2 7
OWN
02000021100000000
02000222100021100
12111222222021110
12001100000001112
10022000000001112
00222222220221110
12021100022221110
12101111000000110
22120000111220010
00100000221000010
STEP 38 P1 MOVE 1 4 3 6
OWN
02000021100000000
02001112100021100
12111112222021110
12001110000001112
10022000000001112
00222222220221110
12021100022221110
12101111000000110
22120000111220010
00100000221000010
STEP 39 P2 MOVE -1 -1 -1 -1
OWN
02000021100000000
02001112100021100
12111112222021110
12001110000001112
10022000000001112
00222222220221110
12021100022221110
12101111000000110
22120000111220010
00100000221000010
STEP 40 P1 MOVE -1 -1 -1 -1
OWN
02000021100000000
02001112100021100
12111112222021110
12001110000001112
10022000000001112
00222222220221110
12021100022221110
12101111000000110
22120000111220010
00100000221000010
RESULT first=53 second=40 winner=1
ANALYSIS winner=P1 score=53-40 reason=Ĺ»ĂëżěŔ§(+5Ä­ »©ľŃŔ˝,2ąčČż°ú) / şóÄ­Ľ±Áˇ(+3) steal(w/l)=13/8 neu(w/l)=48/45
