BOARD
77226861366565874
29837941769913825
23822753687855375
36249451374621961
47382319813739541
65128945537319547
12992987517578863
47265314452326178
19784446523956211
97656572778843693
STEP 0 P1 MOVE 8 13 8 16
OWN
00000000000000000
00000000000000000
00000000000000000
00000000000000000
00000000000000000
00000000000000000
00000000000000000
00000000000000000
00000000000001111
00000000000000000
STEP 1 P2 MOVE 0 6 0 8
OWN
00000022200000000
00000000000000000
00000000000000000
00000000000000000
00000000000000000
00000000000000000
00000000000000000
00000000000000000
00000000000001111
00000000000000000
STEP 2 P1 MOVE 4 9 7 9
OWN
00000022200000000
00000000000000000
00000000000000000
00000000000000000
00000000010000000
00000000010000000
00000000010000000
00000000010000000
00000000000001111
00000000000000000
STEP 3 P2 MOVE 4 4 5 4
OWN
00000022200000000
00000000000000000
00000000000000000
00000000000000000
00002000010000000
00002000010000000
00000000010000000
00000000010000000
00000000000001111
00000000000000000
STEP 4 P1 MOVE 0 2 0 4
OWN
00111022200000000
00000000000000000
00000000000000000
00000000000000000
00002000010000000
00002000010000000
00000000010000000
00000000010000000
00000000000001111
00000000000000000
STEP 5 P2 MOVE 3 6 5 6
OWN
00111022200000000
00000000000000000
00000000000000000
00000020000000000
00002020010000000
00002020010000000
00000000010000000
00000000010000000
00000000000001111
00000000000000000
STEP 6 P1 MOVE 4 11 5 11
OWN
00111022200000000
00000000000000000
00000000000000000
00000020000000000
00002020010100000
00002020010100000
00000000010000000
00000000010000000
00000000000001111
00000000000000000
STEP 7 P2 MOVE 7 7 7 10
OWN
00111022200000000
00000000000000000
00000000000000000
00000020000000000
00002020010100000
00002020010100000
00000000010000000
00000002222000000
00000000000001111
00000000000000000
STEP 8 P1 MOVE 8 8 8 10
OWN
00111022200000000
00000000000000000
00000000000000000
00000020000000000
00002020010100000
00002020010100000
00000000010000000
00000002222000000
00000000111001111
00000000000000000
STEP 9 P2 MOVE 4 14 4 16
OWN
00111022200000000
00000000000000000
00000000000000000
00000020000000000
00002020010100222
00002020010100000
00000000010000000
00000002222000000
00000000111001111
00000000000000000
STEP 10 P1 MOVE 3 13 4 13
OWN
00111022200000000
00000000000000000
00000000000000000
00000020000001000
00002020010101222
00002020010100000
00000000010000000
00000002222000000
00000000111001111
00000000000000000
STEP 11 P2 MOVE 2 12 2 13
OWN
00111022200000000
00000000000000000
00000000000022000
00000020000001000
00002020010101222
00002020010100000
00000000010000000
00000002222000000
00000000111001111
00000000000000000
STEP 12 P1 MOVE 2 14 2 15
OWN
00111022200000000
00000000000000000
00000000000022110
00000020000001000
00002020010101222
00002020010100000
00000000010000000
00000002222000000
00000000111001111
00000000000000000
STEP 13 P2 MOVE 5 15 6 15
OWN
00111022200000000
00000000000000000
00000000000022110
00000020000001000
00002020010101222
00002020010100020
00000000010000020
00000002222000000
00000000111001111
00000000000000000
STEP 14 P1 MOVE 1 3 1 4
OWN
00111022200000000
00011000000000000
00000000000022110
00000020000001000
00002020010101222
00002020010100020
00000000010000020
00000002222000000
00000000111001111
00000000000000000
STEP 15 P2 MOVE 4 1 4 2
OWN
00111022200000000
00011000000000000
00000000000022110
00000020000001000
02202020010101222
00002020010100020
00000000010000020
00000002222000000
00000000111001111
00000000000000000
STEP 16 P1 MOVE 8 0 9 0
OWN
00111022200000000
00011000000000000
00000000000022110
00000020000001000
02202020010101222
00002020010100020
00000000010000020
00000002222000000
10000000111001111
10000000000000000
STEP 17 P2 MOVE 5 7 5 8
OWN
00111022200000000
00011000000000000
00000000000022110
00000020000001000
02202020010101222
00002022210100020
00000000010000020
00000002222000000
10000000111001111
10000000000000000
STEP 18 P1 MOVE 1 11 1 12
OWN
00111022200000000
00011000000110000
00000000000022110
00000020000001000
02202020010101222
00002022210100020
00000000010000020
00000002222000000
10000000111001111
10000000000000000
STEP 19 P2 MOVE 5 12 5 13
OWN
00111022200000000
00011000000110000
00000000000022110
00000020000001000
02202020010101222
00002022210122020
00000000010000020
00000002222000000
10000000111001111
10000000000000000
STEP 20 P1 MOVE 1 14 1 15
OWN
00111022200000000
00011000000110110
00000000000022110
00000020000001000
02202020010101222
00002022210122020
00000000010000020
00000002222000000
10000000111001111
10000000000000000
STEP 21 P2 MOVE 5 2 6 2
OWN
00111022200000000
00011000000110110
00000000000022110
00000020000001000
02202020010101222
00202022210122020
00200000010000020
00000002222000000
10000000111001111
10000000000000000
STEP 22 P1 MOVE 1 16 2 16
OWN
00111022200000000
00011000000110111
00000000000022111
00000020000001000
02202020010101222
00202022210122020
00200000010000020
00000002222000000
10000000111001111
10000000000000000
STEP 23 P2 MOVE 3 10 3 11
OWN
00111022200000000
00011000000110111
00000000000022111
00000020002201000
02202020010101222
00202022210122020
00200000010000020
00000002222000000
10000000111001111
10000000000000000
STEP 24 P1 MOVE 4 10 5 10
OWN
00111022200000000
00011000000110111
00000000000022111
00000020002201000
02202020011101222
00202022211122020
00200000010000020
00000002222000000
10000000111001111
10000000000000000
STEP 25 P2 MOVE 3 8 3 9
OWN
00111022200000000
00011000000110111
00000000000022111
00000020222201000
02202020011101222
00202022211122020
00200000010000020
00000002222000000
10000000111001111
10000000000000000
STEP 26 P1 MOVE 4 3 5 3
OWN
00111022200000000
00011000000110111
00000000000022111
00000020222201000
02212020011101222
00212022211122020
00200000010000020
00000002222000000
10000000111001111
10000000000000000
STEP 27 P2 MOVE 5 16 6 16
OWN
00111022200000000
00011000000110111
00000000000022111
00000020222201000
02212020011101222
00212022211122022
00200000010000022
00000002222000000
10000000111001111
10000000000000000
STEP 28 P1 MOVE 3 7 4 7
OWN
00111022200000000
00011000000110111
00000000000022111
00000021222201000
02212021011101222
00212022211122022
00200000010000022
00000002222000000
10000000111001111
10000000000000000
STEP 29 P2 MOVE 2 11 3 12
OWN
00111022200000000
00011000000110111
00000000000222111
00000021222221000
02212021011101222
00212022211122022
00200000010000022
00000002222000000
10000000111001111
10000000000000000
STEP 30 P1 MOVE 2 10 4 12
OWN
00111022200000000
00011000000110111
00000000001112111
00000021221111000
02212021011111222
00212022211122022
00200000010000022
00000002222000000
10000000111001111
10000000000000000
STEP 31 P2 MOVE 0 11 6 11
OWN
00111022200200000
00011000000210111
00000000001212111
00000021221211000
02212021011211222
00212022211222022
00200000010200022
00000002222000000
10000000111001111
10000000000000000
STEP 32 P1 MOVE 2 7 6 7
OWN
00111022200200000
00011000000210111
00000001001212111
00000021221211000
02212021011211222
00212021211222022
00200001010200022
00000002222000000
10000000111001111
10000000000000000
STEP 33 P2 MOVE 1 6 2 7
OWN
00111022200200000
00011022000210111
00000022001212111
00000021221211000
02212021011211222
00212021211222022
00200001010200022
00000002222000000
10000000111001111
10000000000000000
STEP 34 P1 MOVE 6 10 7 11
OWN
00111022200200000
00011022000210111
00000022001212111
00000021221211000
02212021011211222
00212021211222022
00200001011100022
00000002221100000
10000000111001111
10000000000000000
STEP 35 P2 MOVE 8 6 8 7
OWN
00111022200200000
00011022000210111
00000022001212111
00000021221211000
02212021011211222
00212021211222022
00200001011100022
00000002221100000
10000022111001111
10000000000000000
STEP 36 P1 MOVE -1 -1 -1 -1
OWN
00111022200200000
00011022000210111
00000022001212111
00000021221211000
02212021011211222
00212021211222022
00200001011100022
00000002221100000
10000022111001111
10000000000000000
STEP 37 P2 MOVE 2 2 2 3
OWN
00111022200200000
00011022000210111
00220022001212111
00000021221211000
02212021011211222
00212021211222022
00200001011100022
00000002221100000
10000022111001111
10000000000000000
STEP 38 P1 MOVE 1 2 3 2
OWN
00111022200200000
00111022000210111
00120022001212111
00100021221211000
02212021011211222
00212021211222022
00200001011100022
00000002221100000
10000022111001111
10000000000000000
STEP 39 P2 MOVE 3 1 3 3
OWN
00111022200200000
00111022000210111
00120022001212111
02220021221211000
02212021011211222
00212021211222022
00200001011100022
00000002221100000
10000022111001111
10000000000000000
STEP 40 P1 MOVE 7 6 9 7
OWN
00111022200200000
00111022000210111
00120022001212111
02220021221211000
02212021011211222
00212021211222022
00200001011100022
00000011221100000
10000011111001111
10000011000000000
STEP 41 P2 MOVE 7 4 7 12
OWN
00111022200200000
00111022000210111
00120022001212111
02220021221211000
02212021011211222
00212021211222022
00200001011100022
00002222222220000
10000011111001111
10000011000000000
STEP 42 P1 MOVE 2 1 6 1
OWN
00111022200200000
00111022000210111
01120022001212111
01220021221211000
01212021011211222
01212021211222022
01200001011100022
00002222222220000
10000011111001111
10000011000000000
STEP 43 P2 MOVE 6 0 6 3
OWN
00111022200200000
00111022000210111
01120022001212111
01220021221211000
01212021011211222
01212021211222022
22220001011100022
00002222222220000
10000011111001111
10000011000000000
STEP 44 P1 MOVE 6 2 7 4
OWN
00111022200200000
00111022000210111
01120022001212111
01220021221211000
01212021011211222
01212021211222022
22111001011100022
00111222222220000
10000011111001111
10000011000000000
STEP 45 P2 MOVE 4 0 5 0
OWN
00111022200200000
00111022000210111
01120022001212111
01220021221211000
21212021011211222
21212021211222022
22111001011100022
00111222222220000
10000011111001111
10000011000000000
STEP 46 P1 MOVE -1 -1 -1 -1
OWN
00111022200200000
00111022000210111
01120022001212111
01220021221211000
21212021011211222
21212021211222022
22111001011100022
00111222222220000
10000011111001111
10000011000000000
STEP 47 P2 MOVE -1 -1 -1 -1
OWN
00111022200200000
00111022000210111
01120022001212111
01220021221211000
21212021011211222
21212021211222022
22111001011100022
00111222222220000
10000011111001111
10000011000000000
RESULT first=57 second=48 winner=1
ANALYSIS winner=P1 score=57-48 reason=Ĺ»ĂëżěŔ§(+4Ä­ »©ľŃŔ˝,2ąčČż°ú) steal(w/l)=17/13 neu(w/l)=53/52
