BOARD
88237114435217365
94848311186739688
68437993316848128
97345526232723585
67836495197872182
83185829717387257
67342129915187219
47722959584934879
42646886139687858
36359453386477124
STEP 0 P1 MOVE 6 3 7 4
OWN
00000000000000000
00000000000000000
00000000000000000
00000000000000000
00000000000000000
00000000000000000
00011000000000000
00011000000000000
00000000000000000
00000000000000000
STEP 1 P2 MOVE 5 14 6 15
OWN
00000000000000000
00000000000000000
00000000000000000
00000000000000000
00000000000000000
00000000000000220
00011000000000220
00011000000000000
00000000000000000
00000000000000000
STEP 2 P1 MOVE 0 12 3 12
OWN
00000000000010000
00000000000010000
00000000000010000
00000000000010000
00000000000000000
00000000000000220
00011000000000220
00011000000000000
00000000000000000
00000000000000000
STEP 3 P2 MOVE 9 13 9 15
OWN
00000000000010000
00000000000010000
00000000000010000
00000000000010000
00000000000000000
00000000000000220
00011000000000220
00011000000000000
00000000000000000
00000000000002220
STEP 4 P1 MOVE 2 3 4 3
OWN
00000000000010000
00000000000010000
00010000000010000
00010000000010000
00010000000000000
00000000000000220
00011000000000220
00011000000000000
00000000000000000
00000000000002220
STEP 5 P2 MOVE 5 9 7 9
OWN
00000000000010000
00000000000010000
00010000000010000
00010000000010000
00010000000000000
00000000020000220
00011000020000220
00011000020000000
00000000000000000
00000000000002220
STEP 6 P1 MOVE 4 1 5 1
OWN
00000000000010000
00000000000010000
00010000000010000
00010000000010000
01010000000000000
01000000020000220
00011000020000220
00011000020000000
00000000000000000
00000000000002220
STEP 7 P2 MOVE 3 8 5 8
OWN
00000000000010000
00000000000010000
00010000000010000
00010000200010000
01010000200000000
01000000220000220
00011000020000220
00011000020000000
00000000000000000
00000000000002220
STEP 8 P1 MOVE 2 8 2 10
OWN
00000000000010000
00000000000010000
00010000111010000
00010000200010000
01010000200000000
01000000220000220
00011000020000220
00011000020000000
00000000000000000
00000000000002220
STEP 9 P2 MOVE 0 14 2 14
OWN
00000000000010200
00000000000010200
00010000111010200
00010000200010000
01010000200000000
01000000220000220
00011000020000220
00011000020000000
00000000000000000
00000000000002220
STEP 10 P1 MOVE 2 13 2 15
OWN
00000000000010200
00000000000010200
00010000111011110
00010000200010000
01010000200000000
01000000220000220
00011000020000220
00011000020000000
00000000000000000
00000000000002220
STEP 11 P2 MOVE 0 9 0 11
OWN
00000000022210200
00000000000010200
00010000111011110
00010000200010000
01010000200000000
01000000220000220
00011000020000220
00011000020000000
00000000000000000
00000000000002220
STEP 12 P1 MOVE 0 5 0 8
OWN
00000111122210200
00000000000010200
00010000111011110
00010000200010000
01010000200000000
01000000220000220
00011000020000220
00011000020000000
00000000000000000
00000000000002220
STEP 13 P2 MOVE 1 8 6 8
OWN
00000111122210200
00000000200010200
00010000211011110
00010000200010000
01010000200000000
01000000220000220
00011000220000220
00011000020000000
00000000000000000
00000000000002220
STEP 14 P1 MOVE 1 6 1 9
OWN
00000111122210200
00000011110010200
00010000211011110
00010000200010000
01010000200000000
01000000220000220
00011000220000220
00011000020000000
00000000000000000
00000000000002220
STEP 15 P2 MOVE 8 7 8 9
OWN
00000111122210200
00000011110010200
00010000211011110
00010000200010000
01010000200000000
01000000220000220
00011000220000220
00011000020000000
00000002220000000
00000000000002220
STEP 16 P1 MOVE 9 10 9 11
OWN
00000111122210200
00000011110010200
00010000211011110
00010000200010000
01010000200000000
01000000220000220
00011000220000220
00011000020000000
00000002220000000
00000000001102220
STEP 17 P2 MOVE 8 3 8 4
OWN
00000111122210200
00000011110010200
00010000211011110
00010000200010000
01010000200000000
01000000220000220
00011000220000220
00011000020000000
00022002220000000
00000000001102220
STEP 18 P1 MOVE 6 1 6 2
OWN
00000111122210200
00000011110010200
00010000211011110
00010000200010000
01010000200000000
01000000220000220
01111000220000220
00011000020000000
00022002220000000
00000000001102220
STEP 19 P2 MOVE 0 1 0 2
OWN
02200111122210200
00000011110010200
00010000211011110
00010000200010000
01010000200000000
01000000220000220
01111000220000220
00011000020000000
00022002220000000
00000000001102220
STEP 20 P1 MOVE 0 3 0 4
OWN
02211111122210200
00000011110010200
00010000211011110
00010000200010000
01010000200000000
01000000220000220
01111000220000220
00011000020000000
00022002220000000
00000000001102220
STEP 21 P2 MOVE 3 1 3 2
OWN
02211111122210200
00000011110010200
00010000211011110
02210000200010000
01010000200000000
01000000220000220
01111000220000220
00011000020000000
00022002220000000
00000000001102220
STEP 22 P1 MOVE 3 4 3 5
OWN
02211111122210200
00000011110010200
00010000211011110
02211100200010000
01010000200000000
01000000220000220
01111000220000220
00011000020000000
00022002220000000
00000000001102220
STEP 23 P2 MOVE 4 4 4 5
OWN
02211111122210200
00000011110010200
00010000211011110
02211100200010000
01012200200000000
01000000220000220
01111000220000220
00011000020000000
00022002220000000
00000000001102220
STEP 24 P1 MOVE 4 15 4 16
OWN
02211111122210200
00000011110010200
00010000211011110
02211100200010000
01012200200000011
01000000220000220
01111000220000220
00011000020000000
00022002220000000
00000000001102220
STEP 25 P2 MOVE 5 10 5 11
OWN
02211111122210200
00000011110010200
00010000211011110
02211100200010000
01012200200000011
01000000222200220
01111000220000220
00011000020000000
00022002220000000
00000000001102220
STEP 26 P1 MOVE 4 13 5 14
OWN
02211111122210200
00000011110010200
00010000211011110
02211100200010000
01012200200001111
01000000222201120
01111000220000220
00011000020000000
00022002220000000
00000000001102220
STEP 27 P2 MOVE 3 12 4 13
OWN
02211111122210200
00000011110010200
00010000211011110
02211100200022000
01012200200022111
01000000222201120
01111000220000220
00011000020000000
00022002220000000
00000000001102220
STEP 28 P1 MOVE 6 0 7 0
OWN
02211111122210200
00000011110010200
00010000211011110
02211100200022000
01012200200022111
01000000222201120
11111000220000220
10011000020000000
00022002220000000
00000000001102220
STEP 29 P2 MOVE 6 5 7 5
OWN
02211111122210200
00000011110010200
00010000211011110
02211100200022000
01012200200022111
01000000222201120
11111200220000220
10011200020000000
00022002220000000
00000000001102220
STEP 30 P1 MOVE 5 5 5 6
OWN
02211111122210200
00000011110010200
00010000211011110
02211100200022000
01012200200022111
01000110222201120
11111200220000220
10011200020000000
00022002220000000
00000000001102220
STEP 31 P2 MOVE 6 11 7 11
OWN
02211111122210200
00000011110010200
00010000211011110
02211100200022000
01012200200022111
01000110222201120
11111200220200220
10011200020200000
00022002220000000
00000000001102220
STEP 32 P1 MOVE -1 -1 -1 -1
OWN
02211111122210200
00000011110010200
00010000211011110
02211100200022000
01012200200022111
01000110222201120
11111200220200220
10011200020200000
00022002220000000
00000000001102220
STEP 33 P2 MOVE -1 -1 -1 -1
OWN
02211111122210200
00000011110010200
00010000211011110
02211100200022000
01012200200022111
01000110222201120
11111200220200220
10011200020200000
00022002220000000
00000000001102220
RESULT first=42 second=40 winner=1
ANALYSIS winner=P1 score=42-40 reason=摹奢檜薄 steal(w/l)=3/3 neu(w/l)=42/40
