BOARD
77434432579928474
67438362928671591
74692894816343839
31213872723517639
74148597368133722
23533734968452632
95116477677769231
67845452644758287
52956893575735784
76461654357476712
STEP 0 P1 MOVE 3 0 3 4
OWN
00000000000000000
00000000000000000
00000000000000000
11111000000000000
00000000000000000
00000000000000000
00000000000000000
00000000000000000
00000000000000000
00000000000000000
STEP 1 P2 MOVE 5 2 6 3
OWN
00000000000000000
00000000000000000
00000000000000000
11111000000000000
00000000000000000
00220000000000000
00220000000000000
00000000000000000
00000000000000000
00000000000000000
STEP 2 P1 MOVE 0 7 3 7
OWN
00000001000000000
00000001000000000
00000001000000000
11111001000000000
00000000000000000
00220000000000000
00220000000000000
00000000000000000
00000000000000000
00000000000000000
STEP 3 P2 MOVE 0 9 2 9
OWN
00000001020000000
00000001020000000
00000001020000000
11111001000000000
00000000000000000
00220000000000000
00220000000000000
00000000000000000
00000000000000000
00000000000000000
STEP 4 P1 MOVE 9 14 9 16
OWN
00000001020000000
00000001020000000
00000001020000000
11111001000000000
00000000000000000
00220000000000000
00220000000000000
00000000000000000
00000000000000000
00000000000000111
STEP 5 P2 MOVE 5 14 7 14
OWN
00000001020000000
00000001020000000
00000001020000000
11111001000000000
00000000000000000
00220000000000200
00220000000000200
00000000000000200
00000000000000000
00000000000000111
STEP 6 P1 MOVE 2 4 2 5
OWN
00000001020000000
00000001020000000
00001101020000000
11111001000000000
00000000000000000
00220000000000200
00220000000000200
00000000000000200
00000000000000000
00000000000000111
STEP 7 P2 MOVE 9 2 9 3
OWN
00000001020000000
00000001020000000
00001101020000000
11111001000000000
00000000000000000
00220000000000200
00220000000000200
00000000000000200
00000000000000000
00220000000000111
STEP 8 P1 MOVE 6 4 6 5
OWN
00000001020000000
00000001020000000
00001101020000000
11111001000000000
00000000000000000
00220000000000200
00221100000000200
00000000000000200
00000000000000000
00220000000000111
STEP 9 P2 MOVE 4 7 4 8
OWN
00000001020000000
00000001020000000
00001101020000000
11111001000000000
00000002200000000
00220000000000200
00221100000000200
00000000000000200
00000000000000000
00220000000000111
STEP 10 P1 MOVE 2 1 2 2
OWN
00000001020000000
00000001020000000
01101101020000000
11111001000000000
00000002200000000
00220000000000200
00221100000000200
00000000000000200
00000000000000000
00220000000000111
STEP 11 P2 MOVE 1 16 2 16
OWN
00000001020000000
00000001020000002
01101101020000002
11111001000000000
00000002200000000
00220000000000200
00221100000000200
00000000000000200
00000000000000000
00220000000000111
STEP 12 P1 MOVE 5 6 6 6
OWN
00000001020000000
00000001020000002
01101101020000002
11111001000000000
00000002200000000
00220010000000200
00221110000000200
00000000000000200
00000000000000000
00220000000000111
STEP 13 P2 MOVE 5 4 5 5
OWN
00000001020000000
00000001020000002
01101101020000002
11111001000000000
00000002200000000
00222210000000200
00221110000000200
00000000000000200
00000000000000000
00220000000000111
STEP 14 P1 MOVE 2 13 3 13
OWN
00000001020000000
00000001020000002
01101101020001002
11111001000001000
00000002200000000
00222210000000200
00221110000000200
00000000000000200
00000000000000000
00220000000000111
STEP 15 P2 MOVE 3 12 3 15
OWN
00000001020000000
00000001020000002
01101101020001002
11111001000022220
00000002200000000
00222210000000200
00221110000000200
00000000000000200
00000000000000000
00220000000000111
STEP 16 P1 MOVE 2 12 4 13
OWN
00000001020000000
00000001020000002
01101101020011002
11111001000011220
00000002200011000
00222210000000200
00221110000000200
00000000000000200
00000000000000000
00220000000000111
STEP 17 P2 MOVE 5 12 5 15
OWN
00000001020000000
00000001020000002
01101101020011002
11111001000011220
00000002200011000
00222210000022220
00221110000000200
00000000000000200
00000000000000000
00220000000000111
STEP 18 P1 MOVE 4 15 6 16
OWN
00000001020000000
00000001020000002
01101101020011002
11111001000011220
00000002200011011
00222210000022211
00221110000000211
00000000000000200
00000000000000000
00220000000000111
STEP 19 P2 MOVE 1 13 6 13
OWN
00000001020000000
00000001020002002
01101101020012002
11111001000012220
00000002200012011
00222210000022211
00221110000002211
00000000000000200
00000000000000000
00220000000000111
STEP 20 P1 MOVE 0 12 0 13
OWN
00000001020011000
00000001020002002
01101101020012002
11111001000012220
00000002200012011
00222210000022211
00221110000002211
00000000000000200
00000000000000000
00220000000000111
STEP 21 P2 MOVE 3 9 3 11
OWN
00000001020011000
00000001020002002
01101101020012002
11111001022212220
00000002200012011
00222210000022211
00221110000002211
00000000000000200
00000000000000000
00220000000000111
STEP 22 P1 MOVE 1 11 4 11
OWN
00000001020011000
00000001020102002
01101101020112002
11111001022112220
00000002200112011
00222210000022211
00221110000002211
00000000000000200
00000000000000000
00220000000000111
STEP 23 P2 MOVE -1 -1 -1 -1
OWN
00000001020011000
00000001020102002
01101101020112002
11111001022112220
00000002200112011
00222210000022211
00221110000002211
00000000000000200
00000000000000000
00220000000000111
STEP 24 P1 MOVE -1 -1 -1 -1
OWN
00000001020011000
00000001020102002
01101101020112002
11111001022112220
00000002200112011
00222210000022211
00221110000002211
00000000000000200
00000000000000000
00220000000000111
RESULT first=35 second=29 winner=1
ANALYSIS winner=P1 score=35-29 reason=şóÄ­Ľ±Áˇ(+6) steal(w/l)=4/4 neu(w/l)=35/29
