BOARD
75594889896742985
48152393236664478
81316565137259133
97739764459646152
55833325776927338
85869538912396913
54355457373952985
44497553461565377
92525937159641551
38378698543238639
STEP 0 P1 MOVE 6 7 6 8
OWN
00000000000000000
00000000000000000
00000000000000000
00000000000000000
00000000000000000
00000000000000000
00000001100000000
00000000000000000
00000000000000000
00000000000000000
STEP 1 P2 MOVE 4 6 6 6
OWN
00000000000000000
00000000000000000
00000000000000000
00000000000000000
00000020000000000
00000020000000000
00000021100000000
00000000000000000
00000000000000000
00000000000000000
STEP 2 P1 MOVE 8 12 8 14
OWN
00000000000000000
00000000000000000
00000000000000000
00000000000000000
00000020000000000
00000020000000000
00000021100000000
00000000000000000
00000000000011100
00000000000000000
STEP 3 P2 MOVE 6 1 8 1
OWN
00000000000000000
00000000000000000
00000000000000000
00000000000000000
00000020000000000
00000020000000000
02000021100000000
02000000000000000
02000000000011100
00000000000000000
STEP 4 P1 MOVE 7 8 9 8
OWN
00000000000000000
00000000000000000
00000000000000000
00000000000000000
00000020000000000
00000020000000000
02000021100000000
02000000100000000
02000000100011100
00000000100000000
STEP 5 P2 MOVE 9 2 9 3
OWN
00000000000000000
00000000000000000
00000000000000000
00000000000000000
00000020000000000
00000020000000000
02000021100000000
02000000100000000
02000000100011100
00220000100000000
STEP 6 P1 MOVE 4 1 5 1
OWN
00000000000000000
00000000000000000
00000000000000000
00000000000000000
01000020000000000
01000020000000000
02000021100000000
02000000100000000
02000000100011100
00220000100000000
STEP 7 P2 MOVE 8 16 9 16
OWN
00000000000000000
00000000000000000
00000000000000000
00000000000000000
01000020000000000
01000020000000000
02000021100000000
02000000100000000
02000000100011102
00220000100000002
STEP 8 P1 MOVE 1 2 2 3
OWN
00000000000000000
00110000000000000
00110000000000000
00000000000000000
01000020000000000
01000020000000000
02000021100000000
02000000100000000
02000000100011102
00220000100000002
STEP 9 P2 MOVE 3 16 4 16
OWN
00000000000000000
00110000000000000
00110000000000000
00000000000000002
01000020000000002
01000020000000000
02000021100000000
02000000100000000
02000000100011102
00220000100000002
STEP 10 P1 MOVE 0 1 0 2
OWN
01100000000000000
00110000000000000
00110000000000000
00000000000000002
01000020000000002
01000020000000000
02000021100000000
02000000100000000
02000000100011102
00220000100000002
STEP 11 P2 MOVE 7 7 8 7
OWN
01100000000000000
00110000000000000
00110000000000000
00000000000000002
01000020000000002
01000020000000000
02000021100000000
02000002100000000
02000002100011102
00220000100000002
STEP 12 P1 MOVE 0 12 1 12
OWN
01100000000010000
00110000000010000
00110000000000000
00000000000000002
01000020000000002
01000020000000000
02000021100000000
02000002100000000
02000002100011102
00220000100000002
STEP 13 P2 MOVE 5 14 5 15
OWN
01100000000010000
00110000000010000
00110000000000000
00000000000000002
01000020000000002
01000020000000220
02000021100000000
02000002100000000
02000002100011102
00220000100000002
STEP 14 P1 MOVE 3 5 4 5
OWN
01100000000010000
00110000000010000
00110000000000000
00000100000000002
01000120000000002
01000020000000220
02000021100000000
02000002100000000
02000002100011102
00220000100000002
STEP 15 P2 MOVE 7 10 8 10
OWN
01100000000010000
00110000000010000
00110000000000000
00000100000000002
01000120000000002
01000020000000220
02000021100000000
02000002102000000
02000002102011102
00220000100000002
STEP 16 P1 MOVE 4 13 4 14
OWN
01100000000010000
00110000000010000
00110000000000000
00000100000000002
01000120000001102
01000020000000220
02000021100000000
02000002102000000
02000002102011102
00220000100000002
STEP 17 P2 MOVE 7 5 7 6
OWN
01100000000010000
00110000000010000
00110000000000000
00000100000000002
01000120000001102
01000020000000220
02000021100000000
02000222102000000
02000002102011102
00220000100000002
STEP 18 P1 MOVE 3 11 3 12
OWN
01100000000010000
00110000000010000
00110000000000000
00000100000110002
01000120000001102
01000020000000220
02000021100000000
02000222102000000
02000002102011102
00220000100000002
STEP 19 P2 MOVE 2 9 2 10
OWN
01100000000010000
00110000000010000
00110000022000000
00000100000110002
01000120000001102
01000020000000220
02000021100000000
02000222102000000
02000002102011102
00220000100000002
STEP 20 P1 MOVE 3 6 3 7
OWN
01100000000010000
00110000000010000
00110000022000000
00000111000110002
01000120000001102
01000020000000220
02000021100000000
02000222102000000
02000002102011102
00220000100000002
STEP 21 P2 MOVE 3 2 3 3
OWN
01100000000010000
00110000000010000
00110000022000000
00220111000110002
01000120000001102
01000020000000220
02000021100000000
02000222102000000
02000002102011102
00220000100000002
STEP 22 P1 MOVE 1 11 1 13
OWN
01100000000010000
00110000000111000
00110000022000000
00220111000110002
01000120000001102
01000020000000220
02000021100000000
02000222102000000
02000002102011102
00220000100000002
STEP 23 P2 MOVE 6 3 6 4
OWN
01100000000010000
00110000000111000
00110000022000000
00220111000110002
01000120000001102
01000020000000220
02022021100000000
02000222102000000
02000002102011102
00220000100000002
STEP 24 P1 MOVE 2 5 5 5
OWN
01100000000010000
00110000000111000
00110100022000000
00220111000110002
01000120000001102
01000120000000220
02022021100000000
02000222102000000
02000002102011102
00220000100000002
STEP 25 P2 MOVE 2 5 6 6
OWN
01100000000010000
00110000000111000
00110220022000000
00220221000110002
01000220000001102
01000220000000220
02022221100000000
02000222102000000
02000002102011102
00220000100000002
STEP 26 P1 MOVE 6 2 6 9
OWN
01100000000010000
00110000000111000
00110220022000000
00220221000110002
01000220000001102
01000220000000220
02111111110000000
02000222102000000
02000002102011102
00220000100000002
STEP 27 P2 MOVE 1 10 1 14
OWN
01100000000010000
00110000002222200
00110220022000000
00220221000110002
01000220000001102
01000220000000220
02111111110000000
02000222102000000
02000002102011102
00220000100000002
STEP 28 P1 MOVE 1 9 2 12
OWN
01100000000010000
00110000011112200
00110220011110000
00220221000110002
01000220000001102
01000220000000220
02111111110000000
02000222102000000
02000002102011102
00220000100000002
STEP 29 P2 MOVE 2 8 2 13
OWN
01100000000010000
00110000011112200
00110220222222000
00220221000110002
01000220000001102
01000220000000220
02111111110000000
02000222102000000
02000002102011102
00220000100000002
STEP 30 P1 MOVE 0 12 4 13
OWN
01100000000011000
00110000011111200
00110220222211000
00220221000111002
01000220000011102
01000220000000220
02111111110000000
02000222102000000
02000002102011102
00220000100000002
STEP 31 P2 MOVE 3 11 4 14
OWN
01100000000011000
00110000011111200
00110220222211000
00220221000222202
01000220000222202
01000220000000220
02111111110000000
02000222102000000
02000002102011102
00220000100000002
STEP 32 P1 MOVE 2 10 3 14
OWN
01100000000011000
00110000011111200
00110220221111100
00220221001111102
01000220000222202
01000220000000220
02111111110000000
02000222102000000
02000002102011102
00220000100000002
STEP 33 P2 MOVE 0 8 1 8
OWN
01100000200011000
00110000211111200
00110220221111100
00220221001111102
01000220000222202
01000220000000220
02111111110000000
02000222102000000
02000002102011102
00220000100000002
STEP 34 P1 MOVE 1 7 1 15
OWN
01100000200011000
00110001111111110
00110220221111100
00220221001111102
01000220000222202
01000220000000220
02111111110000000
02000222102000000
02000002102011102
00220000100000002
STEP 35 P2 MOVE 0 11 5 11
OWN
01100000200211000
00110001111211110
00110220221211100
00220221001211102
01000220000222202
01000220000200220
02111111110000000
02000222102000000
02000002102011102
00220000100000002
STEP 36 P1 MOVE 7 14 7 15
OWN
01100000200211000
00110001111211110
00110220221211100
00220221001211102
01000220000222202
01000220000200220
02111111110000000
02000222102000110
02000002102011102
00220000100000002
STEP 37 P2 MOVE 7 13 8 15
OWN
01100000200211000
00110001111211110
00110220221211100
00220221001211102
01000220000222202
01000220000200220
02111111110000000
02000222102002220
02000002102012222
00220000100000002
STEP 38 P1 MOVE 7 15 9 16
OWN
01100000200211000
00110001111211110
00110220221211100
00220221001211102
01000220000222202
01000220000200220
02111111110000000
02000222102002211
02000002102012211
00220000100000011
STEP 39 P2 MOVE 6 13 9 13
OWN
01100000200211000
00110001111211110
00110220221211100
00220221001211102
01000220000222202
01000220000200220
02111111110002000
02000222102002211
02000002102012211
00220000100002011
STEP 40 P1 MOVE -1 -1 -1 -1
OWN
01100000200211000
00110001111211110
00110220221211100
00220221001211102
01000220000222202
01000220000200220
02111111110002000
02000222102002211
02000002102012211
00220000100002011
STEP 41 P2 MOVE 2 7 4 7
OWN
01100000200211000
00110001111211110
00110222221211100
00220222001211102
01000222000222202
01000220000200220
02111111110002000
02000222102002211
02000002102012211
00220000100002011
STEP 42 P1 MOVE 2 1 2 15
OWN
01100000200211000
00110001111211110
01111111111111110
00220222001211102
01000222000222202
01000220000200220
02111111110002000
02000222102002211
02000002102012211
00220000100002011
STEP 43 P2 MOVE 3 9 3 15
OWN
01100000200211000
00110001111211110
01111111111111110
00220222022222222
01000222000222202
01000220000200220
02111111110002000
02000222102002211
02000002102012211
00220000100002011
STEP 44 P1 MOVE 1 1 1 4
OWN
01100000200211000
01111001111211110
01111111111111110
00220222022222222
01000222000222202
01000220000200220
02111111110002000
02000222102002211
02000002102012211
00220000100002011
STEP 45 P2 MOVE 5 8 5 9
OWN
01100000200211000
01111001111211110
01111111111111110
00220222022222222
01000222000222202
01000220220200220
02111111110002000
02000222102002211
02000002102012211
00220000100002011
STEP 46 P1 MOVE 4 4 4 8
OWN
01100000200211000
01111001111211110
01111111111111110
00220222022222222
01001111100222202
01000220220200220
02111111110002000
02000222102002211
02000002102012211
00220000100002011
STEP 47 P2 MOVE 4 3 4 9
OWN
01100000200211000
01111001111211110
01111111111111110
00220222022222222
01022222220222202
01000220220200220
02111111110002000
02000222102002211
02000002102012211
00220000100002011
STEP 48 P1 MOVE 3 8 4 10
OWN
01100000200211000
01111001111211110
01111111111111110
00220222111222222
01022222111222202
01000220220200220
02111111110002000
02000222102002211
02000002102012211
00220000100002011
STEP 49 P2 MOVE 5 7 5 10
OWN
01100000200211000
01111001111211110
01111111111111110
00220222111222222
01022222111222202
01000222222200220
02111111110002000
02000222102002211
02000002102012211
00220000100002011
STEP 50 P1 MOVE -1 -1 -1 -1
OWN
01100000200211000
01111001111211110
01111111111111110
00220222111222222
01022222111222202
01000222222200220
02111111110002000
02000222102002211
02000002102012211
00220000100002011
STEP 51 P2 MOVE -1 -1 -1 -1
OWN
01100000200211000
01111001111211110
01111111111111110
00220222111222222
01022222111222202
01000222222200220
02111111110002000
02000222102002211
02000002102012211
00220000100002011
RESULT first=57 second=50 winner=1
ANALYSIS winner=P1 score=57-50 reason=şóÄ­Ľ±Áˇ(+3) steal(w/l)=37/35 neu(w/l)=55/52
