BOARD
47611911561288264
53579432493232299
52182431394624131
38198119872191199
94977638265614436
52999248219818591
39591295746293791
38497134383275341
15452853215532337
35235323437187793
STEP 0 P1 MOVE 5 16 8 16
OWN
00000000000000000
00000000000000000
00000000000000000
00000000000000000
00000000000000000
00000000000000001
00000000000000001
00000000000000001
00000000000000001
00000000000000000
STEP 1 P2 MOVE 7 6 7 8
OWN
00000000000000000
00000000000000000
00000000000000000
00000000000000000
00000000000000000
00000000000000001
00000000000000001
00000022200000001
00000000000000001
00000000000000000
STEP 2 P1 MOVE 2 12 2 15
OWN
00000000000000000
00000000000000000
00000000000011110
00000000000000000
00000000000000000
00000000000000001
00000000000000001
00000022200000001
00000000000000001
00000000000000000
STEP 3 P2 MOVE 0 10 3 10
OWN
00000000002000000
00000000002000000
00000000002011110
00000000002000000
00000000000000000
00000000000000001
00000000000000001
00000022200000001
00000000000000001
00000000000000000
STEP 4 P1 MOVE 2 4 2 7
OWN
00000000002000000
00000000002000000
00001111002011110
00000000002000000
00000000000000000
00000000000000001
00000000000000001
00000022200000001
00000000000000001
00000000000000000
STEP 5 P2 MOVE 6 0 9 0
OWN
00000000002000000
00000000002000000
00001111002011110
00000000002000000
00000000000000000
00000000000000001
20000000000000001
20000022200000001
20000000000000001
20000000000000000
STEP 6 P1 MOVE 6 13 8 13
OWN
00000000002000000
00000000002000000
00001111002011110
00000000002000000
00000000000000000
00000000000000001
20000000000001001
20000022200001001
20000000000001001
20000000000000000
STEP 7 P2 MOVE 6 11 9 11
OWN
00000000002000000
00000000002000000
00001111002011110
00000000002000000
00000000000000000
00000000000000001
20000000000201001
20000022200201001
20000000000201001
20000000000200000
STEP 8 P1 MOVE 7 10 7 12
OWN
00000000002000000
00000000002000000
00001111002011110
00000000002000000
00000000000000000
00000000000000001
20000000000201001
20000022201111001
20000000000201001
20000000000200000
STEP 9 P2 MOVE 9 9 9 10
OWN
00000000002000000
00000000002000000
00001111002011110
00000000002000000
00000000000000000
00000000000000001
20000000000201001
20000022201111001
20000000000201001
20000000022200000
STEP 10 P1 MOVE 9 1 9 3
OWN
00000000002000000
00000000002000000
00001111002011110
00000000002000000
00000000000000000
00000000000000001
20000000000201001
20000022201111001
20000000000201001
21110000022200000
STEP 11 P2 MOVE 9 4 9 6
OWN
00000000002000000
00000000002000000
00001111002011110
00000000002000000
00000000000000000
00000000000000001
20000000000201001
20000022201111001
20000000000201001
21112220022200000
STEP 12 P1 MOVE 2 16 3 16
OWN
00000000002000000
00000000002000000
00001111002011111
00000000002000001
00000000000000000
00000000000000001
20000000000201001
20000022201111001
20000000000201001
21112220022200000
STEP 13 P2 MOVE 0 11 2 11
OWN
00000000002200000
00000000002200000
00001111002211111
00000000002000001
00000000000000000
00000000000000001
20000000000201001
20000022201111001
20000000000201001
21112220022200000
STEP 14 P1 MOVE 3 14 3 15
OWN
00000000002200000
00000000002200000
00001111002211111
00000000002000111
00000000000000000
00000000000000001
20000000000201001
20000022201111001
20000000000201001
21112220022200000
STEP 15 P2 MOVE 6 4 8 4
OWN
00000000002200000
00000000002200000
00001111002211111
00000000002000111
00000000000000000
00000000000000001
20002000000201001
20002022201111001
20002000000201001
21112220022200000
STEP 16 P1 MOVE 7 3 7 5
OWN
00000000002200000
00000000002200000
00001111002211111
00000000002000111
00000000000000000
00000000000000001
20002000000201001
20011122201111001
20002000000201001
21112220022200000
STEP 17 P2 MOVE 6 5 8 5
OWN
00000000002200000
00000000002200000
00001111002211111
00000000002000111
00000000000000000
00000000000000001
20002200000201001
20011222201111001
20002200000201001
21112220022200000
STEP 18 P1 MOVE 5 7 5 8
OWN
00000000002200000
00000000002200000
00001111002211111
00000000002000111
00000000000000000
00000001100000001
20002200000201001
20011222201111001
20002200000201001
21112220022200000
STEP 19 P2 MOVE 0 13 0 14
OWN
00000000002202200
00000000002200000
00001111002211111
00000000002000111
00000000000000000
00000001100000001
20002200000201001
20011222201111001
20002200000201001
21112220022200000
STEP 20 P1 MOVE 3 2 3 3
OWN
00000000002202200
00000000002200000
00001111002211111
00110000002000111
00000000000000000
00000001100000001
20002200000201001
20011222201111001
20002200000201001
21112220022200000
STEP 21 P2 MOVE 2 1 3 1
OWN
00000000002202200
00000000002200000
02001111002211111
02110000002000111
00000000000000000
00000001100000001
20002200000201001
20011222201111001
20002200000201001
21112220022200000
STEP 22 P1 MOVE 2 2 4 2
OWN
00000000002202200
00000000002200000
02101111002211111
02110000002000111
00100000000000000
00000001100000001
20002200000201001
20011222201111001
20002200000201001
21112220022200000
STEP 23 P2 MOVE 4 7 4 8
OWN
00000000002202200
00000000002200000
02101111002211111
02110000002000111
00100002200000000
00000001100000001
20002200000201001
20011222201111001
20002200000201001
21112220022200000
STEP 24 P1 MOVE 6 9 6 10
OWN
00000000002202200
00000000002200000
02101111002211111
02110000002000111
00100002200000000
00000001100000001
20002200011201001
20011222201111001
20002200000201001
21112220022200000
STEP 25 P2 MOVE 5 12 6 12
OWN
00000000002202200
00000000002200000
02101111002211111
02110000002000111
00100002200000000
00000001100020001
20002200011221001
20011222201111001
20002200000201001
21112220022200000
STEP 26 P1 MOVE 1 0 2 0
OWN
00000000002202200
10000000002200000
12101111002211111
02110000002000111
00100002200000000
00000001100020001
20002200011221001
20011222201111001
20002200000201001
21112220022200000
STEP 27 P2 MOVE 0 15 0 16
OWN
00000000002202222
10000000002200000
12101111002211111
02110000002000111
00100002200000000
00000001100020001
20002200011221001
20011222201111001
20002200000201001
21112220022200000
STEP 28 P1 MOVE 8 14 9 14
OWN
00000000002202222
10000000002200000
12101111002211111
02110000002000111
00100002200000000
00000001100020001
20002200011221001
20011222201111001
20002200000201101
21112220022200100
STEP 29 P2 MOVE 3 4 3 6
OWN
00000000002202222
10000000002200000
12101111002211111
02112220002000111
00100002200000000
00000001100020001
20002200011221001
20011222201111001
20002200000201101
21112220022200100
STEP 30 P1 MOVE 1 5 4 5
OWN
00000000002202222
10000100002200000
12101111002211111
02112120002000111
00100102200000000
00000001100020001
20002200011221001
20011222201111001
20002200000201101
21112220022200100
STEP 31 P2 MOVE 4 4 4 6
OWN
00000000002202222
10000100002200000
12101111002211111
02112120002000111
00102222200000000
00000001100020001
20002200011221001
20011222201111001
20002200000201101
21112220022200100
STEP 32 P1 MOVE 8 3 8 6
OWN
00000000002202222
10000100002200000
12101111002211111
02112120002000111
00102222200000000
00000001100020001
20002200011221001
20011222201111001
20011110000201101
21112220022200100
STEP 33 P2 MOVE 0 4 0 5
OWN
00002200002202222
10000100002200000
12101111002211111
02112120002000111
00102222200000000
00000001100020001
20002200011221001
20011222201111001
20011110000201101
21112220022200100
STEP 34 P1 MOVE 0 5 5 6
OWN
00002110002202222
10000110002200000
12101111002211111
02112110002000111
00102112200000000
00000111100020001
20002200011221001
20011222201111001
20011110000201101
21112220022200100
STEP 35 P2 MOVE 5 4 5 9
OWN
00002110002202222
10000110002200000
12101111002211111
02112110002000111
00102112200000000
00002222220020001
20002200011221001
20011222201111001
20011110000201101
21112220022200100
STEP 36 P1 MOVE -1 -1 -1 -1
OWN
00002110002202222
10000110002200000
12101111002211111
02112110002000111
00102112200000000
00002222220020001
20002200011221001
20011222201111001
20011110000201101
21112220022200100
STEP 37 P2 MOVE 0 1 1 1
OWN
02002110002202222
12000110002200000
12101111002211111
02112110002000111
00102112200000000
00002222220020001
20002200011221001
20011222201111001
20011110000201101
21112220022200100
STEP 38 P1 MOVE 0 0 0 2
OWN
11102110002202222
12000110002200000
12101111002211111
02112110002000111
00102112200000000
00002222220020001
20002200011221001
20011222201111001
20011110000201101
21112220022200100
STEP 39 P2 MOVE 3 12 3 13
OWN
11102110002202222
12000110002200000
12101111002211111
02112110002022111
00102112200000000
00002222220020001
20002200011221001
20011222201111001
20011110000201101
21112220022200100
STEP 40 P1 MOVE 1 12 4 13
OWN
11102110002202222
12000110002211000
12101111002211111
02112110002011111
00102112200011000
00002222220020001
20002200011221001
20011222201111001
20011110000201101
21112220022200100
STEP 41 P2 MOVE 4 11 4 14
OWN
11102110002202222
12000110002211000
12101111002211111
02112110002011111
00102112200222200
00002222220020001
20002200011221001
20011222201111001
20011110000201101
21112220022200100
STEP 42 P1 MOVE 3 11 4 16
OWN
11102110002202222
12000110002211000
12101111002211111
02112110002111111
00102112200111111
00002222220020001
20002200011221001
20011222201111001
20011110000201101
21112220022200100
STEP 43 P2 MOVE 8 2 8 9
OWN
11102110002202222
12000110002211000
12101111002211111
02112110002111111
00102112200111111
00002222220020001
20002200011221001
20011222201111001
20222222220201101
21112220022200100
STEP 44 P1 MOVE 8 1 8 10
OWN
11102110002202222
12000110002211000
12101111002211111
02112110002111111
00102112200111111
00002222220020001
20002200011221001
20011222201111001
21111111111201101
21112220022200100
STEP 45 P2 MOVE 0 12 1 14
OWN
11102110002222222
12000110002222200
12101111002211111
02112110002111111
00102112200111111
00002222220020001
20002200011221001
20011222201111001
21111111111201101
21112220022200100
STEP 46 P1 MOVE -1 -1 -1 -1
OWN
11102110002222222
12000110002222200
12101111002211111
02112110002111111
00102112200111111
00002222220020001
20002200011221001
20011222201111001
21111111111201101
21112220022200100
STEP 47 P2 MOVE -1 -1 -1 -1
OWN
11102110002222222
12000110002222200
12101111002211111
02112110002111111
00102112200111111
00002222220020001
20002200011221001
20011222201111001
21111111111201101
21112220022200100
RESULT first=67 second=49 winner=1
ANALYSIS winner=P1 score=67-49 reason=Ĺ»ĂëżěŔ§(+10Ä­ »©ľŃŔ˝,2ąčČż°ú) steal(w/l)=24/14 neu(w/l)=57/59
