BOARD
48989681136351316
48443369697165329
77843188464321218
79654177334966484
98638452727725374
84544887434963358
67214297654586339
62197717988374614
57919616527111979
18936927711797499
STEP 0 P1 MOVE 2 10 2 13
OWN
00000000000000000
00000000000000000
00000000001111000
00000000000000000
00000000000000000
00000000000000000
00000000000000000
00000000000000000
00000000000000000
00000000000000000
STEP 1 P2 MOVE 0 14 0 16
OWN
00000000000000222
00000000000000000
00000000001111000
00000000000000000
00000000000000000
00000000000000000
00000000000000000
00000000000000000
00000000000000000
00000000000000000
STEP 2 P1 MOVE 8 10 8 13
OWN
00000000000000222
00000000000000000
00000000001111000
00000000000000000
00000000000000000
00000000000000000
00000000000000000
00000000000000000
00000000001111000
00000000000000000
STEP 3 P2 MOVE 3 14 5 14
OWN
00000000000000222
00000000000000000
00000000001111000
00000000000000200
00000000000000200
00000000000000200
00000000000000000
00000000000000000
00000000001111000
00000000000000000
STEP 4 P1 MOVE 1 4 3 4
OWN
00000000000000222
00001000000000000
00001000001111000
00001000000000200
00000000000000200
00000000000000200
00000000000000000
00000000000000000
00000000001111000
00000000000000000
STEP 5 P2 MOVE 7 11 9 11
OWN
00000000000000222
00001000000000000
00001000001111000
00001000000000200
00000000000000200
00000000000000200
00000000000000000
00000000000200000
00000000001211000
00000000000200000
STEP 6 P1 MOVE 0 6 0 8
OWN
00000011100000222
00001000000000000
00001000001111000
00001000000000200
00000000000000200
00000000000000200
00000000000000000
00000000000200000
00000000001211000
00000000000200000
STEP 7 P2 MOVE 3 8 3 10
OWN
00000011100000222
00001000000000000
00001000001111000
00001000222000200
00000000000000200
00000000000000200
00000000000000000
00000000000200000
00000000001211000
00000000000200000
STEP 8 P1 MOVE 8 3 8 4
OWN
00000011100000222
00001000000000000
00001000001111000
00001000222000200
00000000000000200
00000000000000200
00000000000000000
00000000000200000
00011000001211000
00000000000200000
STEP 9 P2 MOVE 6 6 7 6
OWN
00000011100000222
00001000000000000
00001000001111000
00001000222000200
00000000000000200
00000000000000200
00000020000000000
00000020000200000
00011000001211000
00000000000200000
STEP 10 P1 MOVE 1 8 2 8
OWN
00000011100000222
00001000100000000
00001000101111000
00001000222000200
00000000000000200
00000000000000200
00000020000000000
00000020000200000
00011000001211000
00000000000200000
STEP 11 P2 MOVE 5 5 6 5
OWN
00000011100000222
00001000100000000
00001000101111000
00001000222000200
00000000000000200
00000200000000200
00000220000000000
00000020000200000
00011000001211000
00000000000200000
STEP 12 P1 MOVE 7 2 8 2
OWN
00000011100000222
00001000100000000
00001000101111000
00001000222000200
00000000000000200
00000200000000200
00000220000000000
00100020000200000
00111000001211000
00000000000200000
STEP 13 P2 MOVE 4 9 6 9
OWN
00000011100000222
00001000100000000
00001000101111000
00001000222000200
00000000020000200
00000200020000200
00000220020000000
00100020000200000
00111000001211000
00000000000200000
STEP 14 P1 MOVE 6 8 6 10
OWN
00000011100000222
00001000100000000
00001000101111000
00001000222000200
00000000020000200
00000200020000200
00000220111000000
00100020000200000
00111000001211000
00000000000200000
STEP 15 P2 MOVE 7 13 7 14
OWN
00000011100000222
00001000100000000
00001000101111000
00001000222000200
00000000020000200
00000200020000200
00000220111000000
00100020000202200
00111000001211000
00000000000200000
STEP 16 P1 MOVE 1 13 1 15
OWN
00000011100000222
00001000100001110
00001000101111000
00001000222000200
00000000020000200
00000200020000200
00000220111000000
00100020000202200
00111000001211000
00000000000200000
STEP 17 P2 MOVE 0 5 2 5
OWN
00000211100000222
00001200100001110
00001200101111000
00001000222000200
00000000020000200
00000200020000200
00000220111000000
00100020000202200
00111000001211000
00000000000200000
STEP 18 P1 MOVE 0 4 3 5
OWN
00001111100000222
00001100100001110
00001100101111000
00001100222000200
00000000020000200
00000200020000200
00000220111000000
00100020000202200
00111000001211000
00000000000200000
STEP 19 P2 MOVE 1 3 1 6
OWN
00001111100000222
00022220100001110
00001100101111000
00001100222000200
00000000020000200
00000200020000200
00000220111000000
00100020000202200
00111000001211000
00000000000200000
STEP 20 P1 MOVE -1 -1 -1 -1
OWN
00001111100000222
00022220100001110
00001100101111000
00001100222000200
00000000020000200
00000200020000200
00000220111000000
00100020000202200
00111000001211000
00000000000200000
STEP 21 P2 MOVE 1 11 3 11
OWN
00001111100000222
00022220100201110
00001100101211000
00001100222200200
00000000020000200
00000200020000200
00000220111000000
00100020000202200
00111000001211000
00000000000200000
STEP 22 P1 MOVE 0 13 1 16
OWN
00001111100001111
00022220100201111
00001100101211000
00001100222200200
00000000020000200
00000200020000200
00000220111000000
00100020000202200
00111000001211000
00000000000200000
STEP 23 P2 MOVE 6 1 6 3
OWN
00001111100001111
00022220100201111
00001100101211000
00001100222200200
00000000020000200
00000200020000200
02220220111000000
00100020000202200
00111000001211000
00000000000200000
STEP 24 P1 MOVE 0 11 4 11
OWN
00001111100101111
00022220100101111
00001100101111000
00001100222100200
00000000020100200
00000200020000200
02220220111000000
00100020000202200
00111000001211000
00000000000200000
STEP 25 P2 MOVE 6 0 6 4
OWN
00001111100101111
00022220100101111
00001100101111000
00001100222100200
00000000020100200
00000200020000200
22222220111000000
00100020000202200
00111000001211000
00000000000200000
STEP 26 P1 MOVE -1 -1 -1 -1
OWN
00001111100101111
00022220100101111
00001100101111000
00001100222100200
00000000020100200
00000200020000200
22222220111000000
00100020000202200
00111000001211000
00000000000200000
STEP 27 P2 MOVE -1 -1 -1 -1
OWN
00001111100101111
00022220100101111
00001100101111000
00001100222100200
00000000020100200
00000200020000200
22222220111000000
00100020000202200
00111000001211000
00000000000200000
RESULT first=37 second=26 winner=1
ANALYSIS winner=P1 score=37-26 reason=Ĺ»ĂëżěŔ§(+6Ä­ »©ľŃŔ˝,2ąčČż°ú) steal(w/l)=10/4 neu(w/l)=31/32
