BOARD
73434323518821938
85825365296146625
24385595428336843
89594942356947457
28665376461186882
12677989774556536
21591777558766171
88234394833122141
98136523239298955
88773624933386543
STEP 0 P1 MOVE 4 16 7 16
OWN
00000000000000000
00000000000000000
00000000000000000
00000000000000000
00000000000000001
00000000000000001
00000000000000001
00000000000000001
00000000000000000
00000000000000000
STEP 1 P2 MOVE 7 11 7 15
OWN
00000000000000000
00000000000000000
00000000000000000
00000000000000000
00000000000000001
00000000000000001
00000000000000001
00000000000222221
00000000000000000
00000000000000000
STEP 2 P1 MOVE 8 6 8 9
OWN
00000000000000000
00000000000000000
00000000000000000
00000000000000000
00000000000000001
00000000000000001
00000000000000001
00000000000222221
00000011110000000
00000000000000000
STEP 3 P2 MOVE 0 1 0 3
OWN
02220000000000000
00000000000000000
00000000000000000
00000000000000000
00000000000000001
00000000000000001
00000000000000001
00000000000222221
00000011110000000
00000000000000000
STEP 4 P1 MOVE 7 2 9 2
OWN
02220000000000000
00000000000000000
00000000000000000
00000000000000000
00000000000000001
00000000000000001
00000000000000001
00100000000222221
00100011110000000
00100000000000000
STEP 5 P2 MOVE 1 3 1 5
OWN
02220000000000000
00022200000000000
00000000000000000
00000000000000000
00000000000000001
00000000000000001
00000000000000001
00100000000222221
00100011110000000
00100000000000000
STEP 6 P1 MOVE 0 6 0 8
OWN
02220011100000000
00022200000000000
00000000000000000
00000000000000000
00000000000000001
00000000000000001
00000000000000001
00100000000222221
00100011110000000
00100000000000000
STEP 7 P2 MOVE 1 0 2 0
OWN
02220011100000000
20022200000000000
20000000000000000
00000000000000000
00000000000000001
00000000000000001
00000000000000001
00100000000222221
00100011110000000
00100000000000000
STEP 8 P1 MOVE 4 0 4 1
OWN
02220011100000000
20022200000000000
20000000000000000
00000000000000000
11000000000000001
00000000000000001
00000000000000001
00100000000222221
00100011110000000
00100000000000000
STEP 9 P2 MOVE 9 3 9 4
OWN
02220011100000000
20022200000000000
20000000000000000
00000000000000000
11000000000000001
00000000000000001
00000000000000001
00100000000222221
00100011110000000
00122000000000000
STEP 10 P1 MOVE 7 3 7 5
OWN
02220011100000000
20022200000000000
20000000000000000
00000000000000000
11000000000000001
00000000000000001
00000000000000001
00111100000222221
00100011110000000
00122000000000000
STEP 11 P2 MOVE 4 10 4 12
OWN
02220011100000000
20022200000000000
20000000000000000
00000000000000000
11000000002220001
00000000000000001
00000000000000001
00111100000222221
00100011110000000
00122000000000000
STEP 12 P1 MOVE 4 5 4 6
OWN
02220011100000000
20022200000000000
20000000000000000
00000000000000000
11000110002220001
00000000000000001
00000000000000001
00111100000222221
00100011110000000
00122000000000000
STEP 13 P2 MOVE 3 10 5 10
OWN
02220011100000000
20022200000000000
20000000000000000
00000000002000000
11000110002220001
00000000002000001
00000000000000001
00111100000222221
00100011110000000
00122000000000000
STEP 14 P1 MOVE 5 15 6 15
OWN
02220011100000000
20022200000000000
20000000000000000
00000000002000000
11000110002220001
00000000002000011
00000000000000011
00111100000222221
00100011110000000
00122000000000000
STEP 15 P2 MOVE 0 13 0 14
OWN
02220011100002200
20022200000000000
20000000000000000
00000000002000000
11000110002220001
00000000002000011
00000000000000011
00111100000222221
00100011110000000
00122000000000000
STEP 16 P1 MOVE 0 11 0 12
OWN
02220011100112200
20022200000000000
20000000000000000
00000000002000000
11000110002220001
00000000002000011
00000000000000011
00111100000222221
00100011110000000
00122000000000000
STEP 17 P2 MOVE 3 7 3 9
OWN
02220011100112200
20022200000000000
20000000000000000
00000002222000000
11000110002220001
00000000002000011
00000000000000011
00111100000222221
00100011110000000
00122000000000000
STEP 18 P1 MOVE 1 8 4 8
OWN
02220011100112200
20022200100000000
20000000100000000
00000002122000000
11000110102220001
00000000002000011
00000000000000011
00111100000222221
00100011110000000
00122000000000000
STEP 19 P2 MOVE 3 6 4 7
OWN
02220011100112200
20022200100000000
20000000100000000
00000022122000000
11000122102220001
00000000002000011
00000000000000011
00111100000222221
00100011110000000
00122000000000000
STEP 20 P1 MOVE 0 9 1 9
OWN
02220011110112200
20022200110000000
20000000100000000
00000022122000000
11000122102220001
00000000002000011
00000000000000011
00111100000222221
00100011110000000
00122000000000000
STEP 21 P2 MOVE 1 7 2 7
OWN
02220011110112200
20022202110000000
20000002100000000
00000022122000000
11000122102220001
00000000002000011
00000000000000011
00111100000222221
00100011110000000
00122000000000000
STEP 22 P1 MOVE 1 12 1 13
OWN
02220011110112200
20022202110011000
20000002100000000
00000022122000000
11000122102220001
00000000002000011
00000000000000011
00111100000222221
00100011110000000
00122000000000000
STEP 23 P2 MOVE 8 15 8 16
OWN
02220011110112200
20022202110011000
20000002100000000
00000022122000000
11000122102220001
00000000002000011
00000000000000011
00111100000222221
00100011110000022
00122000000000000
STEP 24 P1 MOVE 3 16 9 16
OWN
02220011110112200
20022202110011000
20000002100000000
00000022122000001
11000122102220001
00000000002000011
00000000000000011
00111100000222221
00100011110000021
00122000000000001
STEP 25 P2 MOVE 2 4 2 5
OWN
02220011110112200
20022202110011000
20002202100000000
00000022122000001
11000122102220001
00000000002000011
00000000000000011
00111100000222221
00100011110000021
00122000000000001
STEP 26 P1 MOVE 6 14 8 14
OWN
02220011110112200
20022202110011000
20002202100000000
00000022122000001
11000122102220001
00000000002000011
00000000000000111
00111100000222121
00100011110000121
00122000000000001
STEP 27 P2 MOVE 5 14 9 14
OWN
02220011110112200
20022202110011000
20002202100000000
00000022122000001
11000122102220001
00000000002000211
00000000000000211
00111100000222221
00100011110000221
00122000000000201
STEP 28 P1 MOVE 9 13 9 15
OWN
02220011110112200
20022202110011000
20002202100000000
00000022122000001
11000122102220001
00000000002000211
00000000000000211
00111100000222221
00100011110000221
00122000000001111
STEP 29 P2 MOVE 6 3 6 4
OWN
02220011110112200
20022202110011000
20002202100000000
00000022122000001
11000122102220001
00000000002000211
00022000000000211
00111100000222221
00100011110000221
00122000000001111
STEP 30 P1 MOVE 5 3 8 3
OWN
02220011110112200
20022202110011000
20002202100000000
00000022122000001
11000122102220001
00010000002000211
00012000000000211
00111100000222221
00110011110000221
00122000000001111
STEP 31 P2 MOVE 6 8 6 9
OWN
02220011110112200
20022202110011000
20002202100000000
00000022122000001
11000122102220001
00010000002000211
00012000220000211
00111100000222221
00110011110000221
00122000000001111
STEP 32 P1 MOVE 5 9 7 9
OWN
02220011110112200
20022202110011000
20002202100000000
00000022122000001
11000122102220001
00010000012000211
00012000210000211
00111100010222221
00110011110000221
00122000000001111
STEP 33 P2 MOVE 2 9 2 10
OWN
02220011110112200
20022202110011000
20002202122000000
00000022122000001
11000122102220001
00010000012000211
00012000210000211
00111100010222221
00110011110000221
00122000000001111
STEP 34 P1 MOVE 1 10 2 11
OWN
02220011110112200
20022202111111000
20002202121100000
00000022122000001
11000122102220001
00010000012000211
00012000210000211
00111100010222221
00110011110000221
00122000000001111
STEP 35 P2 MOVE -1 -1 -1 -1
OWN
02220011110112200
20022202111111000
20002202121100000
00000022122000001
11000122102220001
00010000012000211
00012000210000211
00111100010222221
00110011110000221
00122000000001111
STEP 36 P1 MOVE -1 -1 -1 -1
OWN
02220011110112200
20022202111111000
20002202121100000
00000022122000001
11000122102220001
00010000012000211
00012000210000211
00111100010222221
00110011110000221
00122000000001111
RESULT first=48 second=38 winner=1
ANALYSIS winner=P1 score=48-38 reason=Ĺ»ĂëżěŔ§(+3Ä­ »©ľŃŔ˝,2ąčČż°ú) / şóÄ­Ľ±Áˇ(+4) steal(w/l)=7/4 neu(w/l)=45/41
