BOARD
29168928577831272
95676194972119624
16693114549515548
34518829154283661
23239495813953423
79916521437862425
14488695194515915
84664626828932561
83168283364334623
25842126913689292
STEP 0 P1 MOVE 1 5 3 5
OWN
00000000000000000
00000100000000000
00000100000000000
00000100000000000
00000000000000000
00000000000000000
00000000000000000
00000000000000000
00000000000000000
00000000000000000
STEP 1 P2 MOVE 0 13 0 15
OWN
00000000000002220
00000100000000000
00000100000000000
00000100000000000
00000000000000000
00000000000000000
00000000000000000
00000000000000000
00000000000000000
00000000000000000
STEP 2 P1 MOVE 7 12 7 14
OWN
00000000000002220
00000100000000000
00000100000000000
00000100000000000
00000000000000000
00000000000000000
00000000000000000
00000000000011100
00000000000000000
00000000000000000
STEP 3 P2 MOVE 9 9 9 11
OWN
00000000000002220
00000100000000000
00000100000000000
00000100000000000
00000000000000000
00000000000000000
00000000000000000
00000000000011100
00000000000000000
00000000022200000
STEP 4 P1 MOVE 6 10 6 12
OWN
00000000000002220
00000100000000000
00000100000000000
00000100000000000
00000000000000000
00000000000000000
00000000001110000
00000000000011100
00000000000000000
00000000022200000
STEP 5 P2 MOVE 3 8 3 10
OWN
00000000000002220
00000100000000000
00000100000000000
00000100222000000
00000000000000000
00000000000000000
00000000001110000
00000000000011100
00000000000000000
00000000022200000
STEP 6 P1 MOVE 2 6 2 8
OWN
00000000000002220
00000100000000000
00000111100000000
00000100222000000
00000000000000000
00000000000000000
00000000001110000
00000000000011100
00000000000000000
00000000022200000
STEP 7 P2 MOVE 5 6 5 9
OWN
00000000000002220
00000100000000000
00000111100000000
00000100222000000
00000000000000000
00000022220000000
00000000001110000
00000000000011100
00000000000000000
00000000022200000
STEP 8 P1 MOVE 4 9 6 9
OWN
00000000000002220
00000100000000000
00000111100000000
00000100222000000
00000000010000000
00000022210000000
00000000011110000
00000000000011100
00000000000000000
00000000022200000
STEP 9 P2 MOVE 4 0 4 3
OWN
00000000000002220
00000100000000000
00000111100000000
00000100222000000
22220000010000000
00000022210000000
00000000011110000
00000000000011100
00000000000000000
00000000022200000
STEP 10 P1 MOVE 3 3 6 3
OWN
00000000000002220
00000100000000000
00000111100000000
00010100222000000
22210000010000000
00010022210000000
00010000011110000
00000000000011100
00000000000000000
00000000022200000
STEP 11 P2 MOVE 3 4 3 6
OWN
00000000000002220
00000100000000000
00000111100000000
00012220222000000
22210000010000000
00010022210000000
00010000011110000
00000000000011100
00000000000000000
00000000022200000
STEP 12 P1 MOVE 1 0 2 0
OWN
00000000000002220
10000100000000000
10000111100000000
00012220222000000
22210000010000000
00010022210000000
00010000011110000
00000000000011100
00000000000000000
00000000022200000
STEP 13 P2 MOVE 3 0 5 0
OWN
00000000000002220
10000100000000000
10000111100000000
20012220222000000
22210000010000000
20010022210000000
00010000011110000
00000000000011100
00000000000000000
00000000022200000
STEP 14 P1 MOVE 4 7 6 7
OWN
00000000000002220
10000100000000000
10000111100000000
20012220222000000
22210001010000000
20010021210000000
00010001011110000
00000000000011100
00000000000000000
00000000022200000
STEP 15 P2 MOVE 8 5 8 6
OWN
00000000000002220
10000100000000000
10000111100000000
20012220222000000
22210001010000000
20010021210000000
00010001011110000
00000000000011100
00000220000000000
00000000022200000
STEP 16 P1 MOVE 6 6 6 8
OWN
00000000000002220
10000100000000000
10000111100000000
20012220222000000
22210001010000000
20010021210000000
00010011111110000
00000000000011100
00000220000000000
00000000022200000
STEP 17 P2 MOVE 4 13 6 13
OWN
00000000000002220
10000100000000000
10000111100000000
20012220222000000
22210001010002000
20010021210002000
00010011111112000
00000000000011100
00000220000000000
00000000022200000
STEP 18 P1 MOVE 4 10 5 10
OWN
00000000000002220
10000100000000000
10000111100000000
20012220222000000
22210001011002000
20010021211002000
00010011111112000
00000000000011100
00000220000000000
00000000022200000
STEP 19 P2 MOVE 6 14 6 15
OWN
00000000000002220
10000100000000000
10000111100000000
20012220222000000
22210001011002000
20010021211002000
00010011111112220
00000000000011100
00000220000000000
00000000022200000
STEP 20 P1 MOVE 5 14 8 14
OWN
00000000000002220
10000100000000000
10000111100000000
20012220222000000
22210001011002000
20010021211002100
00010011111112120
00000000000011100
00000220000000100
00000000022200000
STEP 21 P2 MOVE 8 11 8 13
OWN
00000000000002220
10000100000000000
10000111100000000
20012220222000000
22210001011002000
20010021211002100
00010011111112120
00000000000011100
00000220000222100
00000000022200000
STEP 22 P1 MOVE 3 11 3 12
OWN
00000000000002220
10000100000000000
10000111100000000
20012220222110000
22210001011002000
20010021211002100
00010011111112120
00000000000011100
00000220000222100
00000000022200000
STEP 23 P2 MOVE 1 12 1 13
OWN
00000000000002220
10000100000022000
10000111100000000
20012220222110000
22210001011002000
20010021211002100
00010011111112120
00000000000011100
00000220000222100
00000000022200000
STEP 24 P1 MOVE 1 9 1 11
OWN
00000000000002220
10000100011122000
10000111100000000
20012220222110000
22210001011002000
20010021211002100
00010011111112120
00000000000011100
00000220000222100
00000000022200000
STEP 25 P2 MOVE 7 1 7 2
OWN
00000000000002220
10000100011122000
10000111100000000
20012220222110000
22210001011002000
20010021211002100
00010011111112120
02200000000011100
00000220000222100
00000000022200000
STEP 26 P1 MOVE 8 0 9 0
OWN
00000000000002220
10000100011122000
10000111100000000
20012220222110000
22210001011002000
20010021211002100
00010011111112120
02200000000011100
10000220000222100
10000000022200000
STEP 27 P2 MOVE 8 9 8 10
OWN
00000000000002220
10000100011122000
10000111100000000
20012220222110000
22210001011002000
20010021211002100
00010011111112120
02200000000011100
10000220022222100
10000000022200000
STEP 28 P1 MOVE 7 8 7 9
OWN
00000000000002220
10000100011122000
10000111100000000
20012220222110000
22210001011002000
20010021211002100
00010011111112120
02200000110011100
10000220022222100
10000000022200000
STEP 29 P2 MOVE 0 1 0 2
OWN
02200000000002220
10000100011122000
10000111100000000
20012220222110000
22210001011002000
20010021211002100
00010011111112120
02200000110011100
10000220022222100
10000000022200000
STEP 30 P1 MOVE 7 4 7 5
OWN
02200000000002220
10000100011122000
10000111100000000
20012220222110000
22210001011002000
20010021211002100
00010011111112120
02201100110011100
10000220022222100
10000000022200000
STEP 31 P2 MOVE 7 4 8 6
OWN
02200000000002220
10000100011122000
10000111100000000
20012220222110000
22210001011002000
20010021211002100
00010011111112120
02202220110011100
10002220022222100
10000000022200000
STEP 32 P1 MOVE 4 15 7 15
OWN
02200000000002220
10000100011122000
10000111100000000
20012220222110000
22210001011002010
20010021211002110
00010011111112110
02202220110011110
10002220022222100
10000000022200000
STEP 33 P2 MOVE 3 15 4 16
OWN
02200000000002220
10000100011122000
10000111100000000
20012220222110022
22210001011002022
20010021211002110
00010011111112110
02202220110011110
10002220022222100
10000000022200000
STEP 34 P1 MOVE 8 2 8 7
OWN
02200000000002220
10000100011122000
10000111100000000
20012220222110022
22210001011002022
20010021211002110
00010011111112110
02202220110011110
10111111022222100
10000000022200000
STEP 35 P2 MOVE 6 2 7 3
OWN
02200000000002220
10000100011122000
10000111100000000
20012220222110022
22210001011002022
20010021211002110
00220011111112110
02222220110011110
10111111022222100
10000000022200000
STEP 36 P1 MOVE 0 6 0 7
OWN
02200011000002220
10000100011122000
10000111100000000
20012220222110022
22210001011002022
20010021211002110
00220011111112110
02222220110011110
10111111022222100
10000000022200000
STEP 37 P2 MOVE 2 1 3 1
OWN
02200011000002220
10000100011122000
12000111100000000
22012220222110022
22210001011002022
20010021211002110
00220011111112110
02222220110011110
10111111022222100
10000000022200000
STEP 38 P1 MOVE 3 14 4 14
OWN
02200011000002220
10000100011122000
12000111100000000
22012220222110122
22210001011002122
20010021211002110
00220011111112110
02222220110011110
10111111022222100
10000000022200000
STEP 39 P2 MOVE 6 4 9 4
OWN
02200011000002220
10000100011122000
12000111100000000
22012220222110122
22210001011002122
20010021211002110
00222011111112110
02222220110011110
10112111022222100
10002000022200000
STEP 40 P1 MOVE 5 3 9 4
OWN
02200011000002220
10000100011122000
12000111100000000
22012220222110122
22210001011002122
20011021211002110
00211011111112110
02211220110011110
10111111022222100
10011000022200000
STEP 41 P2 MOVE 6 1 6 5
OWN
02200011000002220
10000100011122000
12000111100000000
22012220222110122
22210001011002122
20011021211002110
02222211111112110
02211220110011110
10111111022222100
10011000022200000
STEP 42 P1 MOVE 4 5 9 5
OWN
02200011000002220
10000100011122000
12000111100000000
22012220222110122
22210101011002122
20011121211002110
02222111111112110
02211120110011110
10111111022222100
10011100022200000
STEP 43 P2 MOVE 9 2 9 6
OWN
02200011000002220
10000100011122000
12000111100000000
22012220222110122
22210101011002122
20011121211002110
02222111111112110
02211120110011110
10111111022222100
10222220022200000
STEP 44 P1 MOVE 5 16 6 16
OWN
02200011000002220
10000100011122000
12000111100000000
22012220222110122
22210101011002122
20011121211002111
02222111111112111
02211120110011110
10111111022222100
10222220022200000
STEP 45 P2 MOVE 7 11 7 16
OWN
02200011000002220
10000100011122000
12000111100000000
22012220222110122
22210101011002122
20011121211002111
02222111111112111
02211120110222222
10111111022222100
10222220022200000
STEP 46 P1 MOVE 7 10 8 15
OWN
02200011000002220
10000100011122000
12000111100000000
22012220222110122
22210101011002122
20011121211002111
02222111111112111
02211120111111112
10111111021111110
10222220022200000
STEP 47 P2 MOVE -1 -1 -1 -1
OWN
02200011000002220
10000100011122000
12000111100000000
22012220222110122
22210101011002122
20011121211002111
02222111111112111
02211120111111112
10111111021111110
10222220022200000
STEP 48 P1 MOVE -1 -1 -1 -1
OWN
02200011000002220
10000100011122000
12000111100000000
22012220222110122
22210101011002122
20011121211002111
02222111111112111
02211120111111112
10111111021111110
10222220022200000
RESULT first=67 second=46 winner=1
ANALYSIS winner=P1 score=67-46 reason=탈취우위(+10칸 빼앗음,2배효과) steal(w/l)=25/15 neu(w/l)=57/56
