BOARD
45278322179514996
53254155435562679
43485295155947757
83455121859986342
74853676946214542
63581162561656372
54853573616183665
28474211133198461
29574844878147847
48411554944753616
STEP 0 P1 MOVE 7 6 7 11
OWN
00000000000000000
00000000000000000
00000000000000000
00000000000000000
00000000000000000
00000000000000000
00000000000000000
00000011111100000
00000000000000000
00000000000000000
STEP 1 P2 MOVE 4 11 8 11
OWN
00000000000000000
00000000000000000
00000000000000000
00000000000000000
00000000000200000
00000000000200000
00000000000200000
00000011111200000
00000000000200000
00000000000000000
STEP 2 P1 MOVE 5 4 6 5
OWN
00000000000000000
00000000000000000
00000000000000000
00000000000000000
00000000000200000
00001100000200000
00001100000200000
00000011111200000
00000000000200000
00000000000000000
STEP 3 P2 MOVE 0 7 0 9
OWN
00000002220000000
00000000000000000
00000000000000000
00000000000000000
00000000000200000
00001100000200000
00001100000200000
00000011111200000
00000000000200000
00000000000000000
STEP 4 P1 MOVE 0 11 0 13
OWN
00000002220111000
00000000000000000
00000000000000000
00000000000000000
00000000000200000
00001100000200000
00001100000200000
00000011111200000
00000000000200000
00000000000000000
STEP 5 P2 MOVE 9 13 9 15
OWN
00000002220111000
00000000000000000
00000000000000000
00000000000000000
00000000000200000
00001100000200000
00001100000200000
00000011111200000
00000000000200000
00000000000002220
STEP 6 P1 MOVE 1 10 2 10
OWN
00000002220111000
00000000001000000
00000000001000000
00000000000000000
00000000000200000
00001100000200000
00001100000200000
00000011111200000
00000000000200000
00000000000002220
STEP 7 P2 MOVE 1 12 2 12
OWN
00000002220111000
00000000001020000
00000000001020000
00000000000000000
00000000000200000
00001100000200000
00001100000200000
00000011111200000
00000000000200000
00000000000002220
STEP 8 P1 MOVE 7 15 8 15
OWN
00000002220111000
00000000001020000
00000000001020000
00000000000000000
00000000000200000
00001100000200000
00001100000200000
00000011111200010
00000000000200010
00000000000002220
STEP 9 P2 MOVE 4 9 5 9
OWN
00000002220111000
00000000001020000
00000000001020000
00000000000000000
00000000020200000
00001100020200000
00001100000200000
00000011111200010
00000000000200010
00000000000002220
STEP 10 P1 MOVE 7 0 7 1
OWN
00000002220111000
00000000001020000
00000000001020000
00000000000000000
00000000020200000
00001100020200000
00001100000200000
11000011111200010
00000000000200010
00000000000002220
STEP 11 P2 MOVE 7 5 8 5
OWN
00000002220111000
00000000001020000
00000000001020000
00000000000000000
00000000020200000
00001100020200000
00001100000200000
11000211111200010
00000200000200010
00000000000002220
STEP 12 P1 MOVE 4 16 7 16
OWN
00000002220111000
00000000001020000
00000000001020000
00000000000000000
00000000020200001
00001100020200001
00001100000200001
11000211111200011
00000200000200010
00000000000002220
STEP 13 P2 MOVE 3 15 4 16
OWN
00000002220111000
00000000001020000
00000000001020000
00000000000000022
00000000020200022
00001100020200001
00001100000200001
11000211111200011
00000200000200010
00000000000002220
STEP 14 P1 MOVE 4 12 4 14
OWN
00000002220111000
00000000001020000
00000000001020000
00000000000000022
00000000020211122
00001100020200001
00001100000200001
11000211111200011
00000200000200010
00000000000002220
STEP 15 P2 MOVE 3 3 4 3
OWN
00000002220111000
00000000001020000
00000000001020000
00020000000000022
00020000020211122
00001100020200001
00001100000200001
11000211111200011
00000200000200010
00000000000002220
STEP 16 P1 MOVE 6 14 7 14
OWN
00000002220111000
00000000001020000
00000000001020000
00020000000000022
00020000020211122
00001100020200001
00001100000200101
11000211111200111
00000200000200010
00000000000002220
STEP 17 P2 MOVE 5 14 5 15
OWN
00000002220111000
00000000001020000
00000000001020000
00020000000000022
00020000020211122
00001100020200221
00001100000200101
11000211111200111
00000200000200010
00000000000002220
STEP 18 P1 MOVE 2 14 3 14
OWN
00000002220111000
00000000001020000
00000000001020100
00020000000000122
00020000020211122
00001100020200221
00001100000200101
11000211111200111
00000200000200010
00000000000002220
STEP 19 P2 MOVE 1 3 1 5
OWN
00000002220111000
00022200001020000
00000000001020100
00020000000000122
00020000020211122
00001100020200221
00001100000200101
11000211111200111
00000200000200010
00000000000002220
STEP 20 P1 MOVE 3 2 3 5
OWN
00000002220111000
00022200001020000
00000000001020100
00111100000000122
00020000020211122
00001100020200221
00001100000200101
11000211111200111
00000200000200010
00000000000002220
STEP 21 P2 MOVE 1 0 1 2
OWN
00000002220111000
22222200001020000
00000000001020100
00111100000000122
00020000020211122
00001100020200221
00001100000200101
11000211111200111
00000200000200010
00000000000002220
STEP 22 P1 MOVE 0 5 1 6
OWN
00000112220111000
22222110001020000
00000000001020100
00111100000000122
00020000020211122
00001100020200221
00001100000200101
11000211111200111
00000200000200010
00000000000002220
STEP 23 P2 MOVE 1 7 2 7
OWN
00000112220111000
22222112001020000
00000002001020100
00111100000000122
00020000020211122
00001100020200221
00001100000200101
11000211111200111
00000200000200010
00000000000002220
STEP 24 P1 MOVE -1 -1 -1 -1
OWN
00000112220111000
22222112001020000
00000002001020100
00111100000000122
00020000020211122
00001100020200221
00001100000200101
11000211111200111
00000200000200010
00000000000002220
STEP 25 P2 MOVE 2 1 4 1
OWN
00000112220111000
22222112001020000
02000002001020100
02111100000000122
02020000020211122
00001100020200221
00001100000200101
11000211111200111
00000200000200010
00000000000002220
STEP 26 P1 MOVE 3 0 3 6
OWN
00000112220111000
22222112001020000
02000002001020100
11111110000000122
02020000020211122
00001100020200221
00001100000200101
11000211111200111
00000200000200010
00000000000002220
STEP 27 P2 MOVE 2 6 3 7
OWN
00000112220111000
22222112001020000
02000022001020100
11111122000000122
02020000020211122
00001100020200221
00001100000200101
11000211111200111
00000200000200010
00000000000002220
STEP 28 P1 MOVE -1 -1 -1 -1
OWN
00000112220111000
22222112001020000
02000022001020100
11111122000000122
02020000020211122
00001100020200221
00001100000200101
11000211111200111
00000200000200010
00000000000002220
STEP 29 P2 MOVE 8 4 9 5
OWN
00000112220111000
22222112001020000
02000022001020100
11111122000000122
02020000020211122
00001100020200221
00001100000200101
11000211111200111
00002200000200010
00002200000002220
STEP 30 P1 MOVE 9 2 9 6
OWN
00000112220111000
22222112001020000
02000022001020100
11111122000000122
02020000020211122
00001100020200221
00001100000200101
11000211111200111
00002200000200010
00111110000002220
STEP 31 P2 MOVE 1 9 1 13
OWN
00000112220111000
22222112022222000
02000022001020100
11111122000000122
02020000020211122
00001100020200221
00001100000200101
11000211111200111
00002200000200010
00111110000002220
STEP 32 P1 MOVE 1 8 1 14
OWN
00000112220111000
22222112111111100
02000022001020100
11111122000000122
02020000020211122
00001100020200221
00001100000200101
11000211111200111
00002200000200010
00111110000002220
STEP 33 P2 MOVE 6 7 6 9
OWN
00000112220111000
22222112111111100
02000022001020100
11111122000000122
02020000020211122
00001100020200221
00001102220200101
11000211111200111
00002200000200010
00111110000002220
STEP 34 P1 MOVE 5 7 9 7
OWN
00000112220111000
22222112111111100
02000022001020100
11111122000000122
02020000020211122
00001101020200221
00001101220200101
11000211111200111
00002201000200010
00111111000002220
STEP 35 P2 MOVE 2 9 3 9
OWN
00000112220111000
22222112111111100
02000022021020100
11111122020000122
02020000020211122
00001101020200221
00001101220200101
11000211111200111
00002201000200010
00111111000002220
STEP 36 P1 MOVE 0 8 2 10
OWN
00000112111111000
22222112111111100
02000022111020100
11111122020000122
02020000020211122
00001101020200221
00001101220200101
11000211111200111
00002201000200010
00111111000002220
STEP 37 P2 MOVE 2 5 3 8
OWN
00000112111111000
22222112111111100
02000222211020100
11111222220000122
02020000020211122
00001101020200221
00001101220200101
11000211111200111
00002201000200010
00111111000002220
STEP 38 P1 MOVE -1 -1 -1 -1
OWN
00000112111111000
22222112111111100
02000222211020100
11111222220000122
02020000020211122
00001101020200221
00001101220200101
11000211111200111
00002201000200010
00111111000002220
STEP 39 P2 MOVE -1 -1 -1 -1
OWN
00000112111111000
22222112111111100
02000222211020100
11111222220000122
02020000020211122
00001101020200221
00001101220200101
11000211111200111
00002201000200010
00111111000002220
RESULT first=56 second=41 winner=1
ANALYSIS winner=P1 score=56-41 reason=Ĺ»ĂëżěŔ§(+8Ä­ »©ľŃŔ˝,2ąčČż°ú) steal(w/l)=14/6 neu(w/l)=48/49
