BOARD
24354811269619861
93918454826219238
17119643858395215
45624757281383213
51953714181996688
46994477649366341
81213674872673652
94358672131149674
27643481811851923
62294625349223114
STEP 0 P1 MOVE 7 8 7 12
OWN
00000000000000000
00000000000000000
00000000000000000
00000000000000000
00000000000000000
00000000000000000
00000000000000000
00000000111110000
00000000000000000
00000000000000000
STEP 1 P2 MOVE 2 0 2 3
OWN
00000000000000000
00000000000000000
22220000000000000
00000000000000000
00000000000000000
00000000000000000
00000000000000000
00000000111110000
00000000000000000
00000000000000000
STEP 2 P1 MOVE 0 11 1 12
OWN
00000000000110000
00000000000110000
22220000000000000
00000000000000000
00000000000000000
00000000000000000
00000000000000000
00000000111110000
00000000000000000
00000000000000000
STEP 3 P2 MOVE 8 15 9 16
OWN
00000000000110000
00000000000110000
22220000000000000
00000000000000000
00000000000000000
00000000000000000
00000000000000000
00000000111110000
00000000000000022
00000000000000022
STEP 4 P1 MOVE 2 15 3 16
OWN
00000000000110000
00000000000110000
22220000000000011
00000000000000011
00000000000000000
00000000000000000
00000000000000000
00000000111110000
00000000000000022
00000000000000022
STEP 5 P2 MOVE 6 1 7 2
OWN
00000000000110000
00000000000110000
22220000000000011
00000000000000011
00000000000000000
00000000000000000
02200000000000000
02200000111110000
00000000000000022
00000000000000022
STEP 6 P1 MOVE 0 6 0 9
OWN
00000011110110000
00000000000110000
22220000000000011
00000000000000011
00000000000000000
00000000000000000
02200000000000000
02200000111110000
00000000000000022
00000000000000022
STEP 7 P2 MOVE 8 9 8 11
OWN
00000011110110000
00000000000110000
22220000000000011
00000000000000011
00000000000000000
00000000000000000
02200000000000000
02200000111110000
00000000022200022
00000000000000022
STEP 8 P1 MOVE 4 8 4 10
OWN
00000011110110000
00000000000110000
22220000000000011
00000000000000011
00000000111000000
00000000000000000
02200000000000000
02200000111110000
00000000022200022
00000000000000022
STEP 9 P2 MOVE 2 6 4 6
OWN
00000011110110000
00000000000110000
22220020000000011
00000020000000011
00000020111000000
00000000000000000
02200000000000000
02200000111110000
00000000022200022
00000000000000022
STEP 10 P1 MOVE 4 4 6 4
OWN
00000011110110000
00000000000110000
22220020000000011
00000020000000011
00001020111000000
00001000000000000
02201000000000000
02200000111110000
00000000022200022
00000000000000022
STEP 11 P2 MOVE 2 14 4 14
OWN
00000011110110000
00000000000110000
22220020000000211
00000020000000211
00001020111000200
00001000000000000
02201000000000000
02200000111110000
00000000022200022
00000000000000022
STEP 12 P1 MOVE 9 0 9 2
OWN
00000011110110000
00000000000110000
22220020000000211
00000020000000211
00001020111000200
00001000000000000
02201000000000000
02200000111110000
00000000022200022
11100000000000022
STEP 13 P2 MOVE 6 3 8 3
OWN
00000011110110000
00000000000110000
22220020000000211
00000020000000211
00001020111000200
00001000000000000
02221000000000000
02220000111110000
00020000022200022
11100000000000022
STEP 14 P1 MOVE 8 14 9 14
OWN
00000011110110000
00000000000110000
22220020000000211
00000020000000211
00001020111000200
00001000000000000
02221000000000000
02220000111110000
00020000022200122
11100000000000122
STEP 15 P2 MOVE 7 5 8 5
OWN
00000011110110000
00000000000110000
22220020000000211
00000020000000211
00001020111000200
00001000000000000
02221000000000000
02220200111110000
00020200022200122
11100000000000122
STEP 16 P1 MOVE 3 8 3 9
OWN
00000011110110000
00000000000110000
22220020000000211
00000020110000211
00001020111000200
00001000000000000
02221000000000000
02220200111110000
00020200022200122
11100000000000122
STEP 17 P2 MOVE 5 0 5 1
OWN
00000011110110000
00000000000110000
22220020000000211
00000020110000211
00001020111000200
22001000000000000
02221000000000000
02220200111110000
00020200022200122
11100000000000122
STEP 18 P1 MOVE 0 14 1 14
OWN
00000011110110100
00000000000110100
22220020000000211
00000020110000211
00001020111000200
22001000000000000
02221000000000000
02220200111110000
00020200022200122
11100000000000122
STEP 19 P2 MOVE 9 4 9 5
OWN
00000011110110100
00000000000110100
22220020000000211
00000020110000211
00001020111000200
22001000000000000
02221000000000000
02220200111110000
00020200022200122
11102200000000122
STEP 20 P1 MOVE 9 6 9 8
OWN
00000011110110100
00000000000110100
22220020000000211
00000020110000211
00001020111000200
22001000000000000
02221000000000000
02220200111110000
00020200022200122
11102211100000122
STEP 21 P2 MOVE 1 5 2 5
OWN
00000011110110100
00000200000110100
22220220000000211
00000020110000211
00001020111000200
22001000000000000
02221000000000000
02220200111110000
00020200022200122
11102211100000122
STEP 22 P1 MOVE 2 7 3 7
OWN
00000011110110100
00000200000110100
22220221000000211
00000021110000211
00001020111000200
22001000000000000
02221000000000000
02220200111110000
00020200022200122
11102211100000122
STEP 23 P2 MOVE 5 5 6 5
OWN
00000011110110100
00000200000110100
22220221000000211
00000021110000211
00001020111000200
22001200000000000
02221200000000000
02220200111110000
00020200022200122
11102211100000122
STEP 24 P1 MOVE 6 12 6 13
OWN
00000011110110100
00000200000110100
22220221000000211
00000021110000211
00001020111000200
22001200000000000
02221200000011000
02220200111110000
00020200022200122
11102211100000122
STEP 25 P2 MOVE 3 10 5 10
OWN
00000011110110100
00000200000110100
22220221000000211
00000021112000211
00001020112000200
22001200002000000
02221200000011000
02220200111110000
00020200022200122
11102211100000122
STEP 26 P1 MOVE 3 5 3 11
OWN
00000011110110100
00000200000110100
22220221000000211
00000111111100211
00001020112000200
22001200002000000
02221200000011000
02220200111110000
00020200022200122
11102211100000122
STEP 27 P2 MOVE 2 10 6 10
OWN
00000011110110100
00000200000110100
22220221002000211
00000111112100211
00001020112000200
22001200002000000
02221200002011000
02220200111110000
00020200022200122
11102211100000122
STEP 28 P1 MOVE 5 8 5 9
OWN
00000011110110100
00000200000110100
22220221002000211
00000111112100211
00001020112000200
22001200112000000
02221200002011000
02220200111110000
00020200022200122
11102211100000122
STEP 29 P2 MOVE 5 7 5 11
OWN
00000011110110100
00000200000110100
22220221002000211
00000111112100211
00001020112000200
22001202222200000
02221200002011000
02220200111110000
00020200022200122
11102211100000122
STEP 30 P1 MOVE 4 7 7 7
OWN
00000011110110100
00000200000110100
22220221002000211
00000111112100211
00001021112000200
22001201222200000
02221201002011000
02220201111110000
00020200022200122
11102211100000122
STEP 31 P2 MOVE 1 2 1 3
OWN
00000011110110100
00220200000110100
22220221002000211
00000111112100211
00001021112000200
22001201222200000
02221201002011000
02220201111110000
00020200022200122
11102211100000122
STEP 32 P1 MOVE 0 1 1 2
OWN
01100011110110100
01120200000110100
22220221002000211
00000111112100211
00001021112000200
22001201222200000
02221201002011000
02220201111110000
00020200022200122
11102211100000122
STEP 33 P2 MOVE 7 13 8 13
OWN
01100011110110100
01120200000110100
22220221002000211
00000111112100211
00001021112000200
22001201222200000
02221201002011000
02220201111112000
00020200022202122
11102211100000122
STEP 34 P1 MOVE 8 12 9 13
OWN
01100011110110100
01120200000110100
22220221002000211
00000111112100211
00001021112000200
22001201222200000
02221201002011000
02220201111112000
00020200022211122
11102211100011122
STEP 35 P2 MOVE -1 -1 -1 -1
OWN
01100011110110100
01120200000110100
22220221002000211
00000111112100211
00001021112000200
22001201222200000
02221201002011000
02220201111112000
00020200022211122
11102211100011122
STEP 36 P1 MOVE -1 -1 -1 -1
OWN
01100011110110100
01120200000110100
22220221002000211
00000111112100211
00001021112000200
22001201222200000
02221201002011000
02220201111112000
00020200022211122
11102211100011122
RESULT first=53 second=43 winner=1
ANALYSIS winner=P1 score=53-43 reason=şóÄ­Ľ±Áˇ(+8) steal(w/l)=5/4 neu(w/l)=52/44
