BOARD
44414876558752184
82897612351355342
34833341552895673
55484482328568858
32319415114221819
58669162334467283
44113167682619778
72624732372142974
59817913529527181
48526634223677634
STEP 0 P1 MOVE 4 3 7 3
OWN
00000000000000000
00000000000000000
00000000000000000
00000000000000000
00010000000000000
00010000000000000
00010000000000000
00010000000000000
00000000000000000
00000000000000000
STEP 1 P2 MOVE 2 7 5 7
OWN
00000000000000000
00000000000000000
00000002000000000
00000002000000000
00010002000000000
00010002000000000
00010000000000000
00010000000000000
00000000000000000
00000000000000000
STEP 2 P1 MOVE 0 1 2 1
OWN
01000000000000000
01000000000000000
01000002000000000
00000002000000000
00010002000000000
00010002000000000
00010000000000000
00010000000000000
00000000000000000
00000000000000000
STEP 3 P2 MOVE 7 8 9 8
OWN
01000000000000000
01000000000000000
01000002000000000
00000002000000000
00010002000000000
00010002000000000
00010000000000000
00010000200000000
00000000200000000
00000000200000000
STEP 4 P1 MOVE 0 11 1 11
OWN
01000000000100000
01000000000100000
01000002000000000
00000002000000000
00010002000000000
00010002000000000
00010000000000000
00010000200000000
00000000200000000
00000000200000000
STEP 5 P2 MOVE 2 4 2 6
OWN
01000000000100000
01000000000100000
01002222000000000
00000002000000000
00010002000000000
00010002000000000
00010000000000000
00010000200000000
00000000200000000
00000000200000000
STEP 6 P1 MOVE 0 9 1 9
OWN
01000000010100000
01000000010100000
01002222000000000
00000002000000000
00010002000000000
00010002000000000
00010000000000000
00010000200000000
00000000200000000
00000000200000000
STEP 7 P2 MOVE 3 5 6 5
OWN
01000000010100000
01000000010100000
01002222000000000
00000202000000000
00010202000000000
00010202000000000
00010200000000000
00010000200000000
00000000200000000
00000000200000000
STEP 8 P1 MOVE 6 2 6 6
OWN
01000000010100000
01000000010100000
01002222000000000
00000202000000000
00010202000000000
00010202000000000
00111110000000000
00010000200000000
00000000200000000
00000000200000000
STEP 9 P2 MOVE 4 13 4 15
OWN
01000000010100000
01000000010100000
01002222000000000
00000202000000000
00010202000002220
00010202000000000
00111110000000000
00010000200000000
00000000200000000
00000000200000000
STEP 10 P1 MOVE 3 14 5 14
OWN
01000000010100000
01000000010100000
01002222000000000
00000202000000100
00010202000002120
00010202000000100
00111110000000000
00010000200000000
00000000200000000
00000000200000000
STEP 11 P2 MOVE 0 14 2 14
OWN
01000000010100200
01000000010100200
01002222000000200
00000202000000100
00010202000002120
00010202000000100
00111110000000000
00010000200000000
00000000200000000
00000000200000000
STEP 12 P1 MOVE 7 2 7 4
OWN
01000000010100200
01000000010100200
01002222000000200
00000202000000100
00010202000002120
00010202000000100
00111110000000000
00111000200000000
00000000200000000
00000000200000000
STEP 13 P2 MOVE 8 14 8 16
OWN
01000000010100200
01000000010100200
01002222000000200
00000202000000100
00010202000002120
00010202000000100
00111110000000000
00111000200000000
00000000200000222
00000000200000000
STEP 14 P1 MOVE 7 15 9 15
OWN
01000000010100200
01000000010100200
01002222000000200
00000202000000100
00010202000002120
00010202000000100
00111110000000000
00111000200000010
00000000200000212
00000000200000010
STEP 15 P2 MOVE 9 14 9 16
OWN
01000000010100200
01000000010100200
01002222000000200
00000202000000100
00010202000002120
00010202000000100
00111110000000000
00111000200000010
00000000200000212
00000000200000222
STEP 16 P1 MOVE 7 9 7 11
OWN
01000000010100200
01000000010100200
01002222000000200
00000202000000100
00010202000002120
00010202000000100
00111110000000000
00111000211100010
00000000200000212
00000000200000222
STEP 17 P2 MOVE 3 0 3 1
OWN
01000000010100200
01000000010100200
01002222000000200
22000202000000100
00010202000002120
00010202000000100
00111110000000000
00111000211100010
00000000200000212
00000000200000222
STEP 18 P1 MOVE 6 9 8 9
OWN
01000000010100200
01000000010100200
01002222000000200
22000202000000100
00010202000002120
00010202000000100
00111110010000000
00111000211100010
00000000210000212
00000000200000222
STEP 19 P2 MOVE 5 11 5 12
OWN
01000000010100200
01000000010100200
01002222000000200
22000202000000100
00010202000002120
00010202000220100
00111110010000000
00111000211100010
00000000210000212
00000000200000222
STEP 20 P1 MOVE 1 7 2 8
OWN
01000000010100200
01000001110100200
01002221100000200
22000202000000100
00010202000002120
00010202000220100
00111110010000000
00111000211100010
00000000210000212
00000000200000222
STEP 21 P2 MOVE 2 10 2 11
OWN
01000000010100200
01000001110100200
01002221102200200
22000202000000100
00010202000002120
00010202000220100
00111110010000000
00111000211100010
00000000210000212
00000000200000222
STEP 22 P1 MOVE 2 8 3 9
OWN
01000000010100200
01000001110100200
01002221112200200
22000202110000100
00010202000002120
00010202000220100
00111110010000000
00111000211100010
00000000210000212
00000000200000222
STEP 23 P2 MOVE 5 6 8 6
OWN
01000000010100200
01000001110100200
01002221112200200
22000202110000100
00010202000002120
00010222000220100
00111120010000000
00111020211100010
00000020210000212
00000000200000222
STEP 24 P1 MOVE 8 6 9 7
OWN
01000000010100200
01000001110100200
01002221112200200
22000202110000100
00010202000002120
00010222000220100
00111120010000000
00111020211100010
00000011210000212
00000011200000222
STEP 25 P2 MOVE 2 15 2 16
OWN
01000000010100200
01000001110100200
01002221112200222
22000202110000100
00010202000002120
00010222000220100
00111120010000000
00111020211100010
00000011210000212
00000011200000222
STEP 26 P1 MOVE 1 16 3 16
OWN
01000000010100200
01000001110100201
01002221112200221
22000202110000101
00010202000002120
00010222000220100
00111120010000000
00111020211100010
00000011210000212
00000011200000222
STEP 27 P2 MOVE 0 12 1 12
OWN
01000000010120200
01000001110120201
01002221112200221
22000202110000101
00010202000002120
00010222000220100
00111120010000000
00111020211100010
00000011210000212
00000011200000222
STEP 28 P1 MOVE 1 13 2 13
OWN
01000000010120200
01000001110121201
01002221112201221
22000202110000101
00010202000002120
00010222000220100
00111120010000000
00111020211100010
00000011210000212
00000011200000222
STEP 29 P2 MOVE 4 8 6 8
OWN
01000000010120200
01000001110121201
01002221112201221
22000202110000101
00010202200002120
00010222200220100
00111120210000000
00111020211100010
00000011210000212
00000011200000222
STEP 30 P1 MOVE 0 3 1 3
OWN
01010000010120200
01010001110121201
01002221112201221
22000202110000101
00010202200002120
00010222200220100
00111120210000000
00111020211100010
00000011210000212
00000011200000222
STEP 31 P2 MOVE 4 4 4 6
OWN
01010000010120200
01010001110121201
01002221112201221
22000202110000101
00012222200002120
00010222200220100
00111120210000000
00111020211100010
00000011210000212
00000011200000222
STEP 32 P1 MOVE 0 13 0 15
OWN
01010000010121110
01010001110121201
01002221112201221
22000202110000101
00012222200002120
00010222200220100
00111120210000000
00111020211100010
00000011210000212
00000011200000222
STEP 33 P2 MOVE 1 10 2 12
OWN
01010000010121110
01010001112221201
01002221112221221
22000202110000101
00012222200002120
00010222200220100
00111120210000000
00111020211100010
00000011210000212
00000011200000222
STEP 34 P1 MOVE 4 10 6 10
OWN
01010000010121110
01010001112221201
01002221112221221
22000202110000101
00012222201002120
00010222201220100
00111120211000000
00111020211100010
00000011210000212
00000011200000222
STEP 35 P2 MOVE 6 12 6 13
OWN
01010000010121110
01010001112221201
01002221112221221
22000202110000101
00012222201002120
00010222201220100
00111120211022000
00111020211100010
00000011210000212
00000011200000222
STEP 36 P1 MOVE -1 -1 -1 -1
OWN
01010000010121110
01010001112221201
01002221112221221
22000202110000101
00012222201002120
00010222201220100
00111120211022000
00111020211100010
00000011210000212
00000011200000222
STEP 37 P2 MOVE 5 7 6 9
OWN
01010000010121110
01010001112221201
01002221112221221
22000202110000101
00012222201002120
00010222221220100
00111122221022000
00111020211100010
00000011210000212
00000011200000222
STEP 38 P1 MOVE 4 1 4 12
OWN
01010000010121110
01010001112221201
01002221112221221
22000202110000101
01111111111112120
00010222221220100
00111122221022000
00111020211100010
00000011210000212
00000011200000222
STEP 39 P2 MOVE 3 7 7 10
OWN
01010000010121110
01010001112221201
01002221112221221
22000202222000101
01111112222112120
00010222222220100
00111122222022000
00111022222100010
00000011210000212
00000011200000222
STEP 40 P1 MOVE 6 1 6 11
OWN
01010000010121110
01010001112221201
01002221112221221
22000202222000101
01111112222112120
00010222222220100
01111111111122000
00111022222100010
00000011210000212
00000011200000222
STEP 41 P2 MOVE 3 11 8 11
OWN
01010000010121110
01010001112221201
01002221112221221
22000202222200101
01111112222212120
00010222222220100
01111111111222000
00111022222200010
00000011210200212
00000011200000222
STEP 42 P1 MOVE 3 12 7 12
OWN
01010000010121110
01010001112221201
01002221112221221
22000202222210101
01111112222212120
00010222222210100
01111111111212000
00111022222210010
00000011210200212
00000011200000222
STEP 43 P2 MOVE 3 6 9 9
OWN
01010000010121110
01010001112221201
01002221112221221
22000222222210101
01111122222212120
00010222222210100
01111122221212000
00111022222210010
00000022220200212
00000022220000222
STEP 44 P1 MOVE 1 6 8 10
OWN
01010000010121110
01010011111221201
01002211111221221
22000211111210101
01111111111212120
00010211111210100
01111111111212000
00111011111210010
00000011111200212
00000022220000222
STEP 45 P2 MOVE 0 10 8 12
OWN
01010000012221110
01010011112221201
01002211112221221
22000211112220101
01111111112222120
00010211112220100
01111111112222000
00111011112220010
00000011112220212
00000022220000222
STEP 46 P1 MOVE 1 5 1 15
OWN
01010000012221110
01010111111111111
01002211112221221
22000211112220101
01111111112222120
00010211112220100
01111111112222000
00111011112220010
00000011112220212
00000022220000222
STEP 47 P2 MOVE 1 3 2 4
OWN
01010000012221110
01022111111111111
01022211112221221
22000211112220101
01111111112222120
00010211112220100
01111111112222000
00111011112220010
00000011112220212
00000022220000222
STEP 48 P1 MOVE 3 2 5 2
OWN
01010000012221110
01022111111111111
01022211112221221
22100211112220101
01111111112222120
00110211112220100
01111111112222000
00111011112220010
00000011112220212
00000022220000222
STEP 49 P2 MOVE 5 1 7 1
OWN
01010000012221110
01022111111111111
01022211112221221
22100211112220101
01111111112222120
02110211112220100
02111111112222000
02111011112220010
00000011112220212
00000022220000222
STEP 50 P1 MOVE -1 -1 -1 -1
OWN
01010000012221110
01022111111111111
01022211112221221
22100211112220101
01111111112222120
02110211112220100
02111111112222000
02111011112220010
00000011112220212
00000022220000222
STEP 51 P2 MOVE -1 -1 -1 -1
OWN
01010000012221110
01022111111111111
01022211112221221
22100211112220101
01111111112222120
02110211112220100
02111111112222000
02111011112220010
00000011112220212
00000022220000222
RESULT first=71 second=50 winner=1
ANALYSIS winner=P1 score=71-50 reason=Ĺ»ĂëżěŔ§(+11Ä­ »©ľŃŔ˝,2ąčČż°ú) steal(w/l)=54/43 neu(w/l)=60/61
