BOARD
32528887428177185
42611191747194889
46448517923526979
45589718477369628
92397681815733941
49947966859179399
47186949786761996
81439329512218154
52365233593558688
21576745259471417
STEP 0 P1 MOVE 1 1 1 4
OWN
00000000000000000
01111000000000000
00000000000000000
00000000000000000
00000000000000000
00000000000000000
00000000000000000
00000000000000000
00000000000000000
00000000000000000
STEP 1 P2 MOVE 7 1 8 2
OWN
00000000000000000
01111000000000000
00000000000000000
00000000000000000
00000000000000000
00000000000000000
00000000000000000
02200000000000000
02200000000000000
00000000000000000
STEP 2 P1 MOVE 7 5 8 6
OWN
00000000000000000
01111000000000000
00000000000000000
00000000000000000
00000000000000000
00000000000000000
00000000000000000
02200110000000000
02200110000000000
00000000000000000
STEP 3 P2 MOVE 0 11 3 11
OWN
00000000000200000
01111000000200000
00000000000200000
00000000000200000
00000000000000000
00000000000000000
00000000000000000
02200110000000000
02200110000000000
00000000000000000
STEP 4 P1 MOVE 2 6 4 6
OWN
00000000000200000
01111000000200000
00000010000200000
00000010000200000
00000010000000000
00000000000000000
00000000000000000
02200110000000000
02200110000000000
00000000000000000
STEP 5 P2 MOVE 2 9 4 9
OWN
00000000000200000
01111000000200000
00000010020200000
00000010020200000
00000010020000000
00000000000000000
00000000000000000
02200110000000000
02200110000000000
00000000000000000
STEP 6 P1 MOVE 7 14 7 16
OWN
00000000000200000
01111000000200000
00000010020200000
00000010020200000
00000010020000000
00000000000000000
00000000000000000
02200110000000111
02200110000000000
00000000000000000
STEP 7 P2 MOVE 1 5 1 6
OWN
00000000000200000
01111220000200000
00000010020200000
00000010020200000
00000010020000000
00000000000000000
00000000000000000
02200110000000111
02200110000000000
00000000000000000
STEP 8 P1 MOVE 4 11 4 12
OWN
00000000000200000
01111220000200000
00000010020200000
00000010020200000
00000010020110000
00000000000000000
00000000000000000
02200110000000111
02200110000000000
00000000000000000
STEP 9 P2 MOVE 2 0 2 1
OWN
00000000000200000
01111220000200000
22000010020200000
00000010020200000
00000010020110000
00000000000000000
00000000000000000
02200110000000111
02200110000000000
00000000000000000
STEP 10 P1 MOVE 2 10 3 10
OWN
00000000000200000
01111220000200000
22000010021200000
00000010021200000
00000010020110000
00000000000000000
00000000000000000
02200110000000111
02200110000000000
00000000000000000
STEP 11 P2 MOVE 4 16 5 16
OWN
00000000000200000
01111220000200000
22000010021200000
00000010021200000
00000010020110002
00000000000000002
00000000000000000
02200110000000111
02200110000000000
00000000000000000
STEP 12 P1 MOVE 6 13 6 14
OWN
00000000000200000
01111220000200000
22000010021200000
00000010021200000
00000010020110002
00000000000000002
00000000000001100
02200110000000111
02200110000000000
00000000000000000
STEP 13 P2 MOVE 0 9 0 10
OWN
00000000022200000
01111220000200000
22000010021200000
00000010021200000
00000010020110002
00000000000000002
00000000000001100
02200110000000111
02200110000000000
00000000000000000
STEP 14 P1 MOVE 1 13 2 13
OWN
00000000022200000
01111220000201000
22000010021201000
00000010021200000
00000010020110002
00000000000000002
00000000000001100
02200110000000111
02200110000000000
00000000000000000
STEP 15 P2 MOVE 3 1 3 2
OWN
00000000022200000
01111220000201000
22000010021201000
02200010021200000
00000010020110002
00000000000000002
00000000000001100
02200110000000111
02200110000000000
00000000000000000
STEP 16 P1 MOVE 3 15 3 16
OWN
00000000022200000
01111220000201000
22000010021201000
02200010021200011
00000010020110002
00000000000000002
00000000000001100
02200110000000111
02200110000000000
00000000000000000
STEP 17 P2 MOVE 8 11 8 12
OWN
00000000022200000
01111220000201000
22000010021201000
02200010021200011
00000010020110002
00000000000000002
00000000000001100
02200110000000111
02200110000220000
00000000000000000
STEP 18 P1 MOVE 8 14 9 14
OWN
00000000022200000
01111220000201000
22000010021201000
02200010021200011
00000010020110002
00000000000000002
00000000000001100
02200110000000111
02200110000220100
00000000000000100
STEP 19 P2 MOVE 0 3 0 4
OWN
00022000022200000
01111220000201000
22000010021201000
02200010021200011
00000010020110002
00000000000000002
00000000000001100
02200110000000111
02200110000220100
00000000000000100
STEP 20 P1 MOVE 0 0 0 2
OWN
11122000022200000
01111220000201000
22000010021201000
02200010021200011
00000010020110002
00000000000000002
00000000000001100
02200110000000111
02200110000220100
00000000000000100
STEP 21 P2 MOVE 5 11 7 11
OWN
11122000022200000
01111220000201000
22000010021201000
02200010021200011
00000010020110002
00000000000200002
00000000000201100
02200110000200111
02200110000220100
00000000000000100
STEP 22 P1 MOVE 3 8 3 12
OWN
11122000022200000
01111220000201000
22000010021201000
02200010111110011
00000010020110002
00000000000200002
00000000000201100
02200110000200111
02200110000220100
00000000000000100
STEP 23 P2 MOVE 5 2 6 2
OWN
11122000022200000
01111220000201000
22000010021201000
02200010111110011
00000010020110002
00200000000200002
00200000000201100
02200110000200111
02200110000220100
00000000000000100
STEP 24 P1 MOVE 5 6 6 6
OWN
11122000022200000
01111220000201000
22000010021201000
02200010111110011
00000010020110002
00200010000200002
00200010000201100
02200110000200111
02200110000220100
00000000000000100
STEP 25 P2 MOVE 7 9 8 9
OWN
11122000022200000
01111220000201000
22000010021201000
02200010111110011
00000010020110002
00200010000200002
00200010000201100
02200110020200111
02200110020220100
00000000000000100
STEP 26 P1 MOVE -1 -1 -1 -1
OWN
11122000022200000
01111220000201000
22000010021201000
02200010111110011
00000010020110002
00200010000200002
00200010000201100
02200110020200111
02200110020220100
00000000000000100
STEP 27 P2 MOVE -1 -1 -1 -1
OWN
11122000022200000
01111220000201000
22000010021201000
02200010111110011
00000010020110002
00200010000200002
00200010000201100
02200110020200111
02200110020220100
00000000000000100
RESULT first=35 second=30 winner=1
ANALYSIS winner=P1 score=35-30 reason=±ŮĽŇşąÇŐżěŔ§ steal(w/l)=2/0 neu(w/l)=33/32
