BOARD
95145177328194123
97692714572592853
55592346217953938
69869621288585533
39574486759775865
93359614269195791
81386589337926147
81372745516618826
88324687244822723
39613699546344338
STEP 0 P1 MOVE 0 8 2 8
OWN
00000000100000000
00000000100000000
00000000100000000
00000000000000000
00000000000000000
00000000000000000
00000000000000000
00000000000000000
00000000000000000
00000000000000000
STEP 1 P2 MOVE 0 13 0 16
OWN
00000000100002222
00000000100000000
00000000100000000
00000000000000000
00000000000000000
00000000000000000
00000000000000000
00000000000000000
00000000000000000
00000000000000000
STEP 2 P1 MOVE 8 3 9 4
OWN
00000000100002222
00000000100000000
00000000100000000
00000000000000000
00000000000000000
00000000000000000
00000000000000000
00000000000000000
00011000000000000
00011000000000000
STEP 3 P2 MOVE 0 1 0 3
OWN
02220000100002222
00000000100000000
00000000100000000
00000000000000000
00000000000000000
00000000000000000
00000000000000000
00000000000000000
00011000000000000
00011000000000000
STEP 4 P1 MOVE 6 1 8 1
OWN
02220000100002222
00000000100000000
00000000100000000
00000000000000000
00000000000000000
00000000000000000
01000000000000000
01000000000000000
01011000000000000
00011000000000000
STEP 5 P2 MOVE 1 13 3 13
OWN
02220000100002222
00000000100002000
00000000100002000
00000000000002000
00000000000000000
00000000000000000
01000000000000000
01000000000000000
01011000000000000
00011000000000000
STEP 6 P1 MOVE 9 13 9 15
OWN
02220000100002222
00000000100002000
00000000100002000
00000000000002000
00000000000000000
00000000000000000
01000000000000000
01000000000000000
01011000000000000
00011000000001110
STEP 7 P2 MOVE 0 9 2 9
OWN
02220000120002222
00000000120002000
00000000120002000
00000000000002000
00000000000000000
00000000000000000
01000000000000000
01000000000000000
01011000000000000
00011000000001110
STEP 8 P1 MOVE 2 1 2 2
OWN
02220000120002222
00000000120002000
01100000120002000
00000000000002000
00000000000000000
00000000000000000
01000000000000000
01000000000000000
01011000000000000
00011000000001110
STEP 9 P2 MOVE 7 14 7 15
OWN
02220000120002222
00000000120002000
01100000120002000
00000000000002000
00000000000000000
00000000000000000
01000000000000000
01000000000000220
01011000000000000
00011000000001110
STEP 10 P1 MOVE 5 11 6 11
OWN
02220000120002222
00000000120002000
01100000120002000
00000000000002000
00000000000000000
00000000000100000
01000000000100000
01000000000000220
01011000000000000
00011000000001110
STEP 11 P2 MOVE 3 5 4 5
OWN
02220000120002222
00000000120002000
01100000120002000
00000200000002000
00000200000000000
00000000000100000
01000000000100000
01000000000000220
01011000000000000
00011000000001110
STEP 12 P1 MOVE 9 9 9 10
OWN
02220000120002222
00000000120002000
01100000120002000
00000200000002000
00000200000000000
00000000000100000
01000000000100000
01000000000000220
01011000000000000
00011000011001110
STEP 13 P2 MOVE 3 8 3 9
OWN
02220000120002222
00000000120002000
01100000120002000
00000200220002000
00000200000000000
00000000000100000
01000000000100000
01000000000000220
01011000000000000
00011000011001110
STEP 14 P1 MOVE 5 9 7 9
OWN
02220000120002222
00000000120002000
01100000120002000
00000200220002000
00000200000000000
00000000010100000
01000000010100000
01000000010000220
01011000000000000
00011000011001110
STEP 15 P2 MOVE 6 8 6 10
OWN
02220000120002222
00000000120002000
01100000120002000
00000200220002000
00000200000000000
00000000010100000
01000000222100000
01000000010000220
01011000000000000
00011000011001110
STEP 16 P1 MOVE 7 10 8 10
OWN
02220000120002222
00000000120002000
01100000120002000
00000200220002000
00000200000000000
00000000010100000
01000000222100000
01000000011000220
01011000001000000
00011000011001110
STEP 17 P2 MOVE 8 11 8 12
OWN
02220000120002222
00000000120002000
01100000120002000
00000200220002000
00000200000000000
00000000010100000
01000000222100000
01000000011000220
01011000001220000
00011000011001110
STEP 18 P1 MOVE 4 7 5 7
OWN
02220000120002222
00000000120002000
01100000120002000
00000200220002000
00000201000000000
00000001010100000
01000000222100000
01000000011000220
01011000001220000
00011000011001110
STEP 19 P2 MOVE 5 15 5 16
OWN
02220000120002222
00000000120002000
01100000120002000
00000200220002000
00000201000000000
00000001010100022
01000000222100000
01000000011000220
01011000001220000
00011000011001110
STEP 20 P1 MOVE 0 11 0 12
OWN
02220000120112222
00000000120002000
01100000120002000
00000200220002000
00000201000000000
00000001010100022
01000000222100000
01000000011000220
01011000001220000
00011000011001110
STEP 21 P2 MOVE 7 7 7 8
OWN
02220000120112222
00000000120002000
01100000120002000
00000200220002000
00000201000000000
00000001010100022
01000000222100000
01000002211000220
01011000001220000
00011000011001110
STEP 22 P1 MOVE 4 13 5 13
OWN
02220000120112222
00000000120002000
01100000120002000
00000200220002000
00000201000001000
00000001010101022
01000000222100000
01000002211000220
01011000001220000
00011000011001110
STEP 23 P2 MOVE 3 7 5 8
OWN
02220000120112222
00000000120002000
01100000120002000
00000202220002000
00000202200001000
00000002210101022
01000000222100000
01000002211000220
01011000001220000
00011000011001110
STEP 24 P1 MOVE 4 15 6 15
OWN
02220000120112222
00000000120002000
01100000120002000
00000202220002000
00000202200001010
00000002210101012
01000000222100010
01000002211000220
01011000001220000
00011000011001110
STEP 25 P2 MOVE 6 14 8 15
OWN
02220000120112222
00000000120002000
01100000120002000
00000202220002000
00000202200001010
00000002210101012
01000000222100220
01000002211000220
01011000001220220
00011000011001110
STEP 26 P1 MOVE 1 4 1 6
OWN
02220000120112222
00001110120002000
01100000120002000
00000202220002000
00000202200001010
00000002210101012
01000000222100220
01000002211000220
01011000001220220
00011000011001110
STEP 27 P2 MOVE 0 5 5 5
OWN
02220200120112222
00001210120002000
01100200120002000
00000202220002000
00000202200001010
00000202210101012
01000000222100220
01000002211000220
01011000001220220
00011000011001110
STEP 28 P1 MOVE 5 4 5 6
OWN
02220200120112222
00001210120002000
01100200120002000
00000202220002000
00000202200001010
00001112210101012
01000000222100220
01000002211000220
01011000001220220
00011000011001110
STEP 29 P2 MOVE 3 6 4 6
OWN
02220200120112222
00001210120002000
01100200120002000
00000222220002000
00000222200001010
00001112210101012
01000000222100220
01000002211000220
01011000001220220
00011000011001110
STEP 30 P1 MOVE 4 4 6 4
OWN
02220200120112222
00001210120002000
01100200120002000
00000222220002000
00001222200001010
00001112210101012
01001000222100220
01000002211000220
01011000001220220
00011000011001110
STEP 31 P2 MOVE 0 10 1 10
OWN
02220200122112222
00001210122002000
01100200120002000
00000222220002000
00001222200001010
00001112210101012
01001000222100220
01000002211000220
01011000001220220
00011000011001110
STEP 32 P1 MOVE 1 7 2 7
OWN
02220200122112222
00001211122002000
01100201120002000
00000222220002000
00001222200001010
00001112210101012
01001000222100220
01000002211000220
01011000001220220
00011000011001110
STEP 33 P2 MOVE -1 -1 -1 -1
OWN
02220200122112222
00001211122002000
01100201120002000
00000222220002000
00001222200001010
00001112210101012
01001000222100220
01000002211000220
01011000001220220
00011000011001110
STEP 34 P1 MOVE 7 13 8 13
OWN
02220200122112222
00001211122002000
01100201120002000
00000222220002000
00001222200001010
00001112210101012
01001000222100220
01000002211001220
01011000001221220
00011000011001110
STEP 35 P2 MOVE 7 12 8 16
OWN
02220200122112222
00001211122002000
01100201120002000
00000222220002000
00001222200001010
00001112210101012
01001000222100220
01000002211022222
01011000001222222
00011000011001110
STEP 36 P1 MOVE 7 6 7 11
OWN
02220200122112222
00001211122002000
01100201120002000
00000222220002000
00001222200001010
00001112210101012
01001000222100220
01000011111122222
01011000001222222
00011000011001110
STEP 37 P2 MOVE -1 -1 -1 -1
OWN
02220200122112222
00001211122002000
01100201120002000
00000222220002000
00001222200001010
00001112210101012
01001000222100220
01000011111122222
01011000001222222
00011000011001110
STEP 38 P1 MOVE -1 -1 -1 -1
OWN
02220200122112222
00001211122002000
01100201120002000
00000222220002000
00001222200001010
00001112210101012
01001000222100220
01000011111122222
01011000001222222
00011000011001110
RESULT first=42 second=46 winner=2
ANALYSIS winner=P2 score=42-46 reason=탈취우위(+3칸 빼앗음,2배효과) steal(w/l)=7/4 neu(w/l)=43/45
