BOARD
42644864799487219
27888443726317399
41863152733679344
63538823156431679
93333565395172939
99954786447854586
98385843486462446
21137211375982113
25311473363525254
22632913852424583
STEP 0 P1 MOVE 6 14 7 15
OWN
00000000000000000
00000000000000000
00000000000000000
00000000000000000
00000000000000000
00000000000000000
00000000000000110
00000000000000110
00000000000000000
00000000000000000
STEP 1 P2 MOVE 6 7 9 7
OWN
00000000000000000
00000000000000000
00000000000000000
00000000000000000
00000000000000000
00000000000000000
00000002000000110
00000002000000110
00000002000000000
00000002000000000
STEP 2 P1 MOVE 9 11 9 13
OWN
00000000000000000
00000000000000000
00000000000000000
00000000000000000
00000000000000000
00000000000000000
00000002000000110
00000002000000110
00000002000000000
00000002000111000
STEP 3 P2 MOVE 4 11 4 13
OWN
00000000000000000
00000000000000000
00000000000000000
00000000000000000
00000000000222000
00000000000000000
00000002000000110
00000002000000110
00000002000000000
00000002000111000
STEP 4 P1 MOVE 0 13 0 15
OWN
00000000000001110
00000000000000000
00000000000000000
00000000000000000
00000000000222000
00000000000000000
00000002000000110
00000002000000110
00000002000000000
00000002000111000
STEP 5 P2 MOVE 2 7 4 7
OWN
00000000000001110
00000000000000000
00000002000000000
00000002000000000
00000002000222000
00000000000000000
00000002000000110
00000002000000110
00000002000000000
00000002000111000
STEP 6 P1 MOVE 3 12 3 14
OWN
00000000000001110
00000000000000000
00000002000000000
00000002000011100
00000002000222000
00000000000000000
00000002000000110
00000002000000110
00000002000000000
00000002000111000
STEP 7 P2 MOVE 0 0 2 0
OWN
20000000000001110
20000000000000000
20000002000000000
00000002000011100
00000002000222000
00000000000000000
00000002000000110
00000002000000110
00000002000000000
00000002000111000
STEP 8 P1 MOVE 0 1 2 1
OWN
21000000000001110
21000000000000000
21000002000000000
00000002000011100
00000002000222000
00000000000000000
00000002000000110
00000002000000110
00000002000000000
00000002000111000
STEP 9 P2 MOVE 0 6 0 7
OWN
21000022000001110
21000000000000000
21000002000000000
00000002000011100
00000002000222000
00000000000000000
00000002000000110
00000002000000110
00000002000000000
00000002000111000
STEP 10 P1 MOVE 2 3 2 5
OWN
21000022000001110
21000000000000000
21011102000000000
00000002000011100
00000002000222000
00000000000000000
00000002000000110
00000002000000110
00000002000000000
00000002000111000
STEP 11 P2 MOVE 8 10 8 12
OWN
21000022000001110
21000000000000000
21011102000000000
00000002000011100
00000002000222000
00000000000000000
00000002000000110
00000002000000110
00000002002220000
00000002000111000
STEP 12 P1 MOVE 7 8 7 9
OWN
21000022000001110
21000000000000000
21011102000000000
00000002000011100
00000002000222000
00000000000000000
00000002000000110
00000002110000110
00000002002220000
00000002000111000
STEP 13 P2 MOVE 2 8 2 9
OWN
21000022000001110
21000000000000000
21011102220000000
00000002000011100
00000002000222000
00000000000000000
00000002000000110
00000002110000110
00000002002220000
00000002000111000
STEP 14 P1 MOVE 3 5 3 6
OWN
21000022000001110
21000000000000000
21011102220000000
00000112000011100
00000002000222000
00000000000000000
00000002000000110
00000002110000110
00000002002220000
00000002000111000
STEP 15 P2 MOVE 1 10 1 12
OWN
21000022000001110
21000000002220000
21011102220000000
00000112000011100
00000002000222000
00000000000000000
00000002000000110
00000002110000110
00000002002220000
00000002000111000
STEP 16 P1 MOVE 6 11 6 12
OWN
21000022000001110
21000000002220000
21011102220000000
00000112000011100
00000002000222000
00000000000000000
00000002000110110
00000002110000110
00000002002220000
00000002000111000
STEP 17 P2 MOVE 6 5 7 5
OWN
21000022000001110
21000000002220000
21011102220000000
00000112000011100
00000002000222000
00000000000000000
00000202000110110
00000202110000110
00000002002220000
00000002000111000
STEP 18 P1 MOVE 9 5 9 6
OWN
21000022000001110
21000000002220000
21011102220000000
00000112000011100
00000002000222000
00000000000000000
00000202000110110
00000202110000110
00000002002220000
00000112000111000
STEP 19 P2 MOVE 0 2 0 3
OWN
21220022000001110
21000000002220000
21011102220000000
00000112000011100
00000002000222000
00000000000000000
00000202000110110
00000202110000110
00000002002220000
00000112000111000
STEP 20 P1 MOVE 0 11 2 11
OWN
21220022000101110
21000000002120000
21011102220100000
00000112000011100
00000002000222000
00000000000000000
00000202000110110
00000202110000110
00000002002220000
00000112000111000
STEP 21 P2 MOVE 2 10 2 12
OWN
21220022000101110
21000000002120000
21011102222220000
00000112000011100
00000002000222000
00000000000000000
00000202000110110
00000202110000110
00000002002220000
00000112000111000
STEP 22 P1 MOVE 7 12 7 13
OWN
21220022000101110
21000000002120000
21011102222220000
00000112000011100
00000002000222000
00000000000000000
00000202000110110
00000202110011110
00000002002220000
00000112000111000
STEP 23 P2 MOVE 7 16 9 16
OWN
21220022000101110
21000000002120000
21011102222220000
00000112000011100
00000002000222000
00000000000000000
00000202000110110
00000202110011112
00000002002220002
00000112000111002
STEP 24 P1 MOVE 1 13 1 14
OWN
21220022000101110
21000000002121100
21011102222220000
00000112000011100
00000002000222000
00000000000000000
00000202000110110
00000202110011112
00000002002220002
00000112000111002
STEP 25 P2 MOVE 3 10 3 11
OWN
21220022000101110
21000000002121100
21011102222220000
00000112002211100
00000002000222000
00000000000000000
00000202000110110
00000202110011112
00000002002220002
00000112000111002
STEP 26 P1 MOVE 3 15 4 15
OWN
21220022000101110
21000000002121100
21011102222220000
00000112002211110
00000002000222010
00000000000000000
00000202000110110
00000202110011112
00000002002220002
00000112000111002
STEP 27 P2 MOVE 7 0 8 1
OWN
21220022000101110
21000000002121100
21011102222220000
00000112002211110
00000002000222010
00000000000000000
00000202000110110
22000202110011112
22000002002220002
00000112000111002
STEP 28 P1 MOVE 6 1 9 1
OWN
21220022000101110
21000000002121100
21011102222220000
00000112002211110
00000002000222010
00000000000000000
01000202000110110
21000202110011112
21000002002220002
01000112000111002
STEP 29 P2 MOVE 7 2 9 2
OWN
21220022000101110
21000000002121100
21011102222220000
00000112002211110
00000002000222010
00000000000000000
01000202000110110
21200202110011112
21200002002220002
01200112000111002
STEP 30 P1 MOVE 7 3 7 4
OWN
21220022000101110
21000000002121100
21011102222220000
00000112002211110
00000002000222010
00000000000000000
01000202000110110
21211202110011112
21200002002220002
01200112000111002
STEP 31 P2 MOVE 5 4 8 4
OWN
21220022000101110
21000000002121100
21011102222220000
00000112002211110
00000002000222010
00002000000000000
01002202000110110
21212202110011112
21202002002220002
01200112000111002
STEP 32 P1 MOVE 3 6 4 8
OWN
21220022000101110
21000000002121100
21011102222220000
00000111102211110
00000011100222010
00002000000000000
01002202000110110
21212202110011112
21202002002220002
01200112000111002
STEP 33 P2 MOVE 2 6 3 9
OWN
21220022000101110
21000000002121100
21011122222220000
00000122222211110
00000011100222010
00002000000000000
01002202000110110
21212202110011112
21202002002220002
01200112000111002
STEP 34 P1 MOVE 8 6 8 8
OWN
21220022000101110
21000000002121100
21011122222220000
00000122222211110
00000011100222010
00002000000000000
01002202000110110
21212202110011112
21202011102220002
01200112000111002
STEP 35 P2 MOVE 8 5 8 9
OWN
21220022000101110
21000000002121100
21011122222220000
00000122222211110
00000011100222010
00002000000000000
01002202000110110
21212202110011112
21202222222220002
01200112000111002
STEP 36 P1 MOVE 9 4 9 8
OWN
21220022000101110
21000000002121100
21011122222220000
00000122222211110
00000011100222010
00002000000000000
01002202000110110
21212202110011112
21202222222220002
01201111100111002
STEP 37 P2 MOVE 7 3 9 9
OWN
21220022000101110
21000000002121100
21011122222220000
00000122222211110
00000011100222010
00002000000000000
01002202000110110
21222222220011112
21222222222220002
01222222220111002
STEP 38 P1 MOVE 5 7 5 8
OWN
21220022000101110
21000000002121100
21011122222220000
00000122222211110
00000011100222010
00002001100000000
01002202000110110
21222222220011112
21222222222220002
01222222220111002
STEP 39 P2 MOVE -1 -1 -1 -1
OWN
21220022000101110
21000000002121100
21011122222220000
00000122222211110
00000011100222010
00002001100000000
01002202000110110
21222222220011112
21222222222220002
01222222220111002
STEP 40 P1 MOVE -1 -1 -1 -1
OWN
21220022000101110
21000000002121100
21011122222220000
00000122222211110
00000011100222010
00002001100000000
01002202000110110
21222222220011112
21222222222220002
01222222220111002
RESULT first=39 second=61 winner=2
ANALYSIS winner=P2 score=39-61 reason=Ĺ»ĂëżěŔ§(+9Ä­ »©ľŃŔ˝,2ąčČż°ú) / şóÄ­Ľ±Áˇ(+4) / żŞŔü˝Â steal(w/l)=16/7 neu(w/l)=52/48
