BOARD
79995298326111333
78323827671533434
38175552916735622
88356364998436112
39682239692192779
44687953477938296
36497125714493682
47637752196579916
94655646163475788
48852152248685486
STEP 0 P1 MOVE 9 5 9 8
OWN
00000000000000000
00000000000000000
00000000000000000
00000000000000000
00000000000000000
00000000000000000
00000000000000000
00000000000000000
00000000000000000
00000111100000000
STEP 1 P2 MOVE 0 13 0 16
OWN
00000000000002222
00000000000000000
00000000000000000
00000000000000000
00000000000000000
00000000000000000
00000000000000000
00000000000000000
00000000000000000
00000111100000000
STEP 2 P1 MOVE 0 9 0 12
OWN
00000000011112222
00000000000000000
00000000000000000
00000000000000000
00000000000000000
00000000000000000
00000000000000000
00000000000000000
00000000000000000
00000111100000000
STEP 3 P2 MOVE 7 7 8 8
OWN
00000000011112222
00000000000000000
00000000000000000
00000000000000000
00000000000000000
00000000000000000
00000000000000000
00000002200000000
00000002200000000
00000111100000000
STEP 4 P1 MOVE 3 13 3 16
OWN
00000000011112222
00000000000000000
00000000000000000
00000000000001111
00000000000000000
00000000000000000
00000000000000000
00000002200000000
00000002200000000
00000111100000000
STEP 5 P2 MOVE 1 13 4 13
OWN
00000000011112222
00000000000002000
00000000000002000
00000000000002111
00000000000002000
00000000000000000
00000000000000000
00000002200000000
00000002200000000
00000111100000000
STEP 6 P1 MOVE 2 2 4 2
OWN
00000000011112222
00000000000002000
00100000000002000
00100000000002111
00100000000002000
00000000000000000
00000000000000000
00000002200000000
00000002200000000
00000111100000000
STEP 7 P2 MOVE 4 0 6 0
OWN
00000000011112222
00000000000002000
00100000000002000
00100000000002111
20100000000002000
20000000000000000
20000000000000000
00000002200000000
00000002200000000
00000111100000000
STEP 8 P1 MOVE 4 6 6 6
OWN
00000000011112222
00000000000002000
00100000000002000
00100000000002111
20100010000002000
20000010000000000
20000010000000000
00000002200000000
00000002200000000
00000111100000000
STEP 9 P2 MOVE 8 3 8 4
OWN
00000000011112222
00000000000002000
00100000000002000
00100000000002111
20100010000002000
20000010000000000
20000010000000000
00000002200000000
00022002200000000
00000111100000000
STEP 10 P1 MOVE 6 1 6 2
OWN
00000000011112222
00000000000002000
00100000000002000
00100000000002111
20100010000002000
20000010000000000
21100010000000000
00000002200000000
00022002200000000
00000111100000000
STEP 11 P2 MOVE 8 13 9 13
OWN
00000000011112222
00000000000002000
00100000000002000
00100000000002111
20100010000002000
20000010000000000
21100010000000000
00000002200000000
00022002200002000
00000111100002000
STEP 12 P1 MOVE 5 13 5 14
OWN
00000000011112222
00000000000002000
00100000000002000
00100000000002111
20100010000002000
20000010000001100
21100010000000000
00000002200000000
00022002200002000
00000111100002000
STEP 13 P2 MOVE 8 1 8 2
OWN
00000000011112222
00000000000002000
00100000000002000
00100000000002111
20100010000002000
20000010000001100
21100010000000000
00000002200000000
02222002200002000
00000111100002000
STEP 14 P1 MOVE 2 9 3 9
OWN
00000000011112222
00000000000002000
00100000010002000
00100000010002111
20100010000002000
20000010000001100
21100010000000000
00000002200000000
02222002200002000
00000111100002000
STEP 15 P2 MOVE 2 5 4 5
OWN
00000000011112222
00000000000002000
00100200010002000
00100200010002111
20100210000002000
20000010000001100
21100010000000000
00000002200000000
02222002200002000
00000111100002000
STEP 16 P1 MOVE 2 4 2 6
OWN
00000000011112222
00000000000002000
00101110010002000
00100200010002111
20100210000002000
20000010000001100
21100010000000000
00000002200000000
02222002200002000
00000111100002000
STEP 17 P2 MOVE 7 14 7 15
OWN
00000000011112222
00000000000002000
00101110010002000
00100200010002111
20100210000002000
20000010000001100
21100010000000000
00000002200000220
02222002200002000
00000111100002000
STEP 18 P1 MOVE 4 11 5 11
OWN
00000000011112222
00000000000002000
00101110010002000
00100200010002111
20100210000102000
20000010000101100
21100010000000000
00000002200000220
02222002200002000
00000111100002000
STEP 19 P2 MOVE 3 10 4 10
OWN
00000000011112222
00000000000002000
00101110010002000
00100200012002111
20100210002102000
20000010000101100
21100010000000000
00000002200000220
02222002200002000
00000111100002000
STEP 20 P1 MOVE 5 10 5 12
OWN
00000000011112222
00000000000002000
00101110010002000
00100200012002111
20100210002102000
20000010001111100
21100010000000000
00000002200000220
02222002200002000
00000111100002000
STEP 21 P2 MOVE 7 3 7 4
OWN
00000000011112222
00000000000002000
00101110010002000
00100200012002111
20100210002102000
20000010001111100
21100010000000000
00022002200000220
02222002200002000
00000111100002000
STEP 22 P1 MOVE 5 1 5 2
OWN
00000000011112222
00000000000002000
00101110010002000
00100200012002111
20100210002102000
21100010001111100
21100010000000000
00022002200000220
02222002200002000
00000111100002000
STEP 23 P2 MOVE 1 0 2 0
OWN
00000000011112222
20000000000002000
20101110010002000
00100200012002111
20100210002102000
21100010001111100
21100010000000000
00022002200000220
02222002200002000
00000111100002000
STEP 24 P1 MOVE 4 3 4 4
OWN
00000000011112222
20000000000002000
20101110010002000
00100200012002111
20111210002102000
21100010001111100
21100010000000000
00022002200000220
02222002200002000
00000111100002000
STEP 25 P2 MOVE 6 6 7 7
OWN
00000000011112222
20000000000002000
20101110010002000
00100200012002111
20111210002102000
21100010001111100
21100022000000000
00022022200000220
02222002200002000
00000111100002000
STEP 26 P1 MOVE 3 6 8 6
OWN
00000000011112222
20000000000002000
20101110010002000
00100210012002111
20111210002102000
21100010001111100
21100012000000000
00022012200000220
02222012200002000
00000111100002000
STEP 27 P2 MOVE 3 4 3 7
OWN
00000000011112222
20000000000002000
20101110010002000
00102222012002111
20111210002102000
21100010001111100
21100012000000000
00022012200000220
02222012200002000
00000111100002000
STEP 28 P1 MOVE 1 4 5 4
OWN
00000000011112222
20001000000002000
20101110010002000
00101222012002111
20111210002102000
21101010001111100
21100012000000000
00022012200000220
02222012200002000
00000111100002000
STEP 29 P2 MOVE 6 15 6 16
OWN
00000000011112222
20001000000002000
20101110010002000
00101222012002111
20111210002102000
21101010001111100
21100012000000022
00022012200000220
02222012200002000
00000111100002000
STEP 30 P1 MOVE 0 5 1 5
OWN
00000100011112222
20001100000002000
20101110010002000
00101222012002111
20111210002102000
21101010001111100
21100012000000022
00022012200000220
02222012200002000
00000111100002000
STEP 31 P2 MOVE 6 9 7 9
OWN
00000100011112222
20001100000002000
20101110010002000
00101222012002111
20111210002102000
21101010001111100
21100012020000022
00022012220000220
02222012200002000
00000111100002000
STEP 32 P1 MOVE 8 11 9 11
OWN
00000100011112222
20001100000002000
20101110010002000
00101222012002111
20111210002102000
21101010001111100
21100012020000022
00022012220000220
02222012200102000
00000111100102000
STEP 33 P2 MOVE 8 10 8 12
OWN
00000100011112222
20001100000002000
20101110010002000
00101222012002111
20111210002102000
21101010001111100
21100012020000022
00022012220000220
02222012202222000
00000111100102000
STEP 34 P1 MOVE 2 10 6 10
OWN
00000100011112222
20001100000002000
20101110011002000
00101222011002111
20111210001102000
21101010001111100
21100012021000022
00022012220000220
02222012202222000
00000111100102000
STEP 35 P2 MOVE 8 9 9 9
OWN
00000100011112222
20001100000002000
20101110011002000
00101222011002111
20111210001102000
21101010001111100
21100012021000022
00022012220000220
02222012222222000
00000111120102000
STEP 36 P1 MOVE 9 4 9 10
OWN
00000100011112222
20001100000002000
20101110011002000
00101222011002111
20111210001102000
21101010001111100
21100012021000022
00022012220000220
02222012222222000
00001111111102000
STEP 37 P2 MOVE 4 8 5 8
OWN
00000100011112222
20001100000002000
20101110011002000
00101222011002111
20111210201102000
21101010201111100
21100012021000022
00022012220000220
02222012222222000
00001111111102000
STEP 38 P1 MOVE 5 7 6 8
OWN
00000100011112222
20001100000002000
20101110011002000
00101222011002111
20111210201102000
21101011101111100
21100011121000022
00022012220000220
02222012222222000
00001111111102000
STEP 39 P2 MOVE 5 5 6 5
OWN
00000100011112222
20001100000002000
20101110011002000
00101222011002111
20111210201102000
21101211101111100
21100211121000022
00022012220000220
02222012222222000
00001111111102000
STEP 40 P1 MOVE 1 12 1 15
OWN
00000100011112222
20001100000011110
20101110011002000
00101222011002111
20111210201102000
21101211101111100
21100211121000022
00022012220000220
02222012222222000
00001111111102000
STEP 41 P2 MOVE 1 10 1 16
OWN
00000100011112222
20001100002222222
20101110011002000
00101222011002111
20111210201102000
21101211101111100
21100211121000022
00022012220000220
02222012222222000
00001111111102000
STEP 42 P1 MOVE 2 14 2 16
OWN
00000100011112222
20001100002222222
20101110011002111
00101222011002111
20111210201102000
21101211101111100
21100211121000022
00022012220000220
02222012222222000
00001111111102000
STEP 43 P2 MOVE 2 11 2 12
OWN
00000100011112222
20001100002222222
20101110011222111
00101222011002111
20111210201102000
21101211101111100
21100211121000022
00022012220000220
02222012222222000
00001111111102000
STEP 44 P1 MOVE -1 -1 -1 -1
OWN
00000100011112222
20001100002222222
20101110011222111
00101222011002111
20111210201102000
21101211101111100
21100211121000022
00022012220000220
02222012222222000
00001111111102000
STEP 45 P2 MOVE -1 -1 -1 -1
OWN
00000100011112222
20001100002222222
20101110011222111
00101222011002111
20111210201102000
21101211101111100
21100211121000022
00022012220000220
02222012222222000
00001111111102000
RESULT first=56 second=50 winner=1
ANALYSIS winner=P1 score=56-50 reason=±ŮĽŇşąÇŐżěŔ§ steal(w/l)=10/8 neu(w/l)=54/52
