BOARD
92625346288958365
91913483745571943
14611127873337887
24318838345159595
63624396746228435
59319825827143789
38395958974345347
52537382416341337
42847313427297566
95642359894482481
STEP 0 P1 MOVE 3 0 3 3
OWN
00000000000000000
00000000000000000
00000000000000000
11110000000000000
00000000000000000
00000000000000000
00000000000000000
00000000000000000
00000000000000000
00000000000000000
STEP 1 P2 MOVE 3 9 5 9
OWN
00000000000000000
00000000000000000
00000000000000000
11110000020000000
00000000020000000
00000000020000000
00000000000000000
00000000000000000
00000000000000000
00000000000000000
STEP 2 P1 MOVE 9 4 9 6
OWN
00000000000000000
00000000000000000
00000000000000000
11110000020000000
00000000020000000
00000000020000000
00000000000000000
00000000000000000
00000000000000000
00001110000000000
STEP 3 P2 MOVE 0 1 0 3
OWN
02220000000000000
00000000000000000
00000000000000000
11110000020000000
00000000020000000
00000000020000000
00000000000000000
00000000000000000
00000000000000000
00001110000000000
STEP 4 P1 MOVE 4 12 6 12
OWN
02220000000000000
00000000000000000
00000000000000000
11110000020000000
00000000020010000
00000000020010000
00000000000010000
00000000000000000
00000000000000000
00001110000000000
STEP 5 P2 MOVE 1 10 1 11
OWN
02220000000000000
00000000002200000
00000000000000000
11110000020000000
00000000020010000
00000000020010000
00000000000010000
00000000000000000
00000000000000000
00001110000000000
STEP 6 P1 MOVE 3 11 7 11
OWN
02220000000000000
00000000002200000
00000000000000000
11110000020100000
00000000020110000
00000000020110000
00000000000110000
00000000000100000
00000000000000000
00001110000000000
STEP 7 P2 MOVE 5 10 5 13
OWN
02220000000000000
00000000002200000
00000000000000000
11110000020100000
00000000020110000
00000000022222000
00000000000110000
00000000000100000
00000000000000000
00001110000000000
STEP 8 P1 MOVE 4 10 6 10
OWN
02220000000000000
00000000002200000
00000000000000000
11110000020100000
00000000021110000
00000000021222000
00000000001110000
00000000000100000
00000000000000000
00001110000000000
STEP 9 P2 MOVE 2 9 2 10
OWN
02220000000000000
00000000002200000
00000000022000000
11110000020100000
00000000021110000
00000000021222000
00000000001110000
00000000000100000
00000000000000000
00001110000000000
STEP 10 P1 MOVE 7 13 9 13
OWN
02220000000000000
00000000002200000
00000000022000000
11110000020100000
00000000021110000
00000000021222000
00000000001110000
00000000000101000
00000000000001000
00001110000001000
STEP 11 P2 MOVE 7 12 7 15
OWN
02220000000000000
00000000002200000
00000000022000000
11110000020100000
00000000021110000
00000000021222000
00000000001110000
00000000000122220
00000000000001000
00001110000001000
STEP 12 P1 MOVE 6 15 8 15
OWN
02220000000000000
00000000002200000
00000000022000000
11110000020100000
00000000021110000
00000000021222000
00000000001110010
00000000000122210
00000000000001010
00001110000001000
STEP 13 P2 MOVE 8 1 8 2
OWN
02220000000000000
00000000002200000
00000000022000000
11110000020100000
00000000021110000
00000000021222000
00000000001110010
00000000000122210
02200000000001010
00001110000001000
STEP 14 P1 MOVE 7 1 7 3
OWN
02220000000000000
00000000002200000
00000000022000000
11110000020100000
00000000021110000
00000000021222000
00000000001110010
01110000000122210
02200000000001010
00001110000001000
STEP 15 P2 MOVE 5 3 5 4
OWN
02220000000000000
00000000002200000
00000000022000000
11110000020100000
00000000021110000
00022000021222000
00000000001110010
01110000000122210
02200000000001010
00001110000001000
STEP 16 P1 MOVE 8 4 8 5
OWN
02220000000000000
00000000002200000
00000000022000000
11110000020100000
00000000021110000
00022000021222000
00000000001110010
01110000000122210
02201100000001010
00001110000001000
STEP 17 P2 MOVE 2 1 2 2
OWN
02220000000000000
00000000002200000
02200000022000000
11110000020100000
00000000021110000
00022000021222000
00000000001110010
01110000000122210
02201100000001010
00001110000001000
STEP 18 P1 MOVE 8 6 8 9
OWN
02220000000000000
00000000002200000
02200000022000000
11110000020100000
00000000021110000
00022000021222000
00000000001110010
01110000000122210
02201111110001010
00001110000001000
STEP 19 P2 MOVE 7 6 7 7
OWN
02220000000000000
00000000002200000
02200000022000000
11110000020100000
00000000021110000
00022000021222000
00000000001110010
01110022000122210
02201111110001010
00001110000001000
STEP 20 P1 MOVE 1 7 2 7
OWN
02220000000000000
00000001002200000
02200001022000000
11110000020100000
00000000021110000
00022000021222000
00000000001110010
01110022000122210
02201111110001010
00001110000001000
STEP 21 P2 MOVE 1 13 1 14
OWN
02220000000000000
00000001002202200
02200001022000000
11110000020100000
00000000021110000
00022000021222000
00000000001110010
01110022000122210
02201111110001010
00001110000001000
STEP 22 P1 MOVE 0 15 1 15
OWN
02220000000000010
00000001002202210
02200001022000000
11110000020100000
00000000021110000
00022000021222000
00000000001110010
01110022000122210
02201111110001010
00001110000001000
STEP 23 P2 MOVE 1 16 2 16
OWN
02220000000000010
00000001002202212
02200001022000002
11110000020100000
00000000021110000
00022000021222000
00000000001110010
01110022000122210
02201111110001010
00001110000001000
STEP 24 P1 MOVE 0 16 3 16
OWN
02220000000000011
00000001002202211
02200001022000001
11110000020100001
00000000021110000
00022000021222000
00000000001110010
01110022000122210
02201111110001010
00001110000001000
STEP 25 P2 MOVE 3 8 4 8
OWN
02220000000000011
00000001002202211
02200001022000001
11110000220100001
00000000221110000
00022000021222000
00000000001110010
01110022000122210
02201111110001010
00001110000001000
STEP 26 P1 MOVE 7 9 9 9
OWN
02220000000000011
00000001002202211
02200001022000001
11110000220100001
00000000221110000
00022000021222000
00000000001110010
01110022010122210
02201111110001010
00001110010001000
STEP 27 P2 MOVE 7 4 7 5
OWN
02220000000000011
00000001002202211
02200001022000001
11110000220100001
00000000221110000
00022000021222000
00000000001110010
01112222010122210
02201111110001010
00001110010001000
STEP 28 P1 MOVE 7 8 7 10
OWN
02220000000000011
00000001002202211
02200001022000001
11110000220100001
00000000221110000
00022000021222000
00000000001110010
01112222111122210
02201111110001010
00001110010001000
STEP 29 P2 MOVE 0 8 0 9
OWN
02220000220000011
00000001002202211
02200001022000001
11110000220100001
00000000221110000
00022000021222000
00000000001110010
01112222111122210
02201111110001010
00001110010001000
STEP 30 P1 MOVE 5 5 5 6
OWN
02220000220000011
00000001002202211
02200001022000001
11110000220100001
00000000221110000
00022110021222000
00000000001110010
01112222111122210
02201111110001010
00001110010001000
STEP 31 P2 MOVE 9 2 9 3
OWN
02220000220000011
00000001002202211
02200001022000001
11110000220100001
00000000221110000
00022110021222000
00000000001110010
01112222111122210
02201111110001010
00221110010001000
STEP 32 P1 MOVE 0 6 0 7
OWN
02220011220000011
00000001002202211
02200001022000001
11110000220100001
00000000221110000
00022110021222000
00000000001110010
01112222111122210
02201111110001010
00221110010001000
STEP 33 P2 MOVE 1 2 1 3
OWN
02220011220000011
00220001002202211
02200001022000001
11110000220100001
00000000221110000
00022110021222000
00000000001110010
01112222111122210
02201111110001010
00221110010001000
STEP 34 P1 MOVE 1 0 2 0
OWN
02220011220000011
10220001002202211
12200001022000001
11110000220100001
00000000221110000
00022110021222000
00000000001110010
01112222111122210
02201111110001010
00221110010001000
STEP 35 P2 MOVE 1 6 2 6
OWN
02220011220000011
10220021002202211
12200021022000001
11110000220100001
00000000221110000
00022110021222000
00000000001110010
01112222111122210
02201111110001010
00221110010001000
STEP 36 P1 MOVE 2 4 2 8
OWN
02220011220000011
10220021002202211
12201111122000001
11110000220100001
00000000221110000
00022110021222000
00000000001110010
01112222111122210
02201111110001010
00221110010001000
STEP 37 P2 MOVE 0 1 2 4
OWN
02222011220000011
12222021002202211
12222111122000001
11110000220100001
00000000221110000
00022110021222000
00000000001110010
01112222111122210
02201111110001010
00221110010001000
STEP 38 P1 MOVE 2 12 2 13
OWN
02222011220000011
12222021002202211
12222111122011001
11110000220100001
00000000221110000
00022110021222000
00000000001110010
01112222111122210
02201111110001010
00221110010001000
STEP 39 P2 MOVE -1 -1 -1 -1
OWN
02222011220000011
12222021002202211
12222111122011001
11110000220100001
00000000221110000
00022110021222000
00000000001110010
01112222111122210
02201111110001010
00221110010001000
STEP 40 P1 MOVE -1 -1 -1 -1
OWN
02222011220000011
12222021002202211
12222111122011001
11110000220100001
00000000221110000
00022110021222000
00000000001110010
01112222111122210
02201111110001010
00221110010001000
RESULT first=53 second=42 winner=1
ANALYSIS winner=P1 score=53-42 reason=şóÄ­Ľ±Áˇ(+9) steal(w/l)=5/4 neu(w/l)=52/43
