BOARD
57852561281252512
35347273113656627
21667995186463148
75477738929719199
56533151721658846
54948131582342223
73287577739126746
68479917181444112
65689717871747126
52937641763272934
STEP 0 P1 MOVE 2 14 4 14
OWN
00000000000000000
00000000000000000
00000000000000100
00000000000000100
00000000000000100
00000000000000000
00000000000000000
00000000000000000
00000000000000000
00000000000000000
STEP 1 P2 MOVE 0 10 0 13
OWN
00000000002222000
00000000000000000
00000000000000100
00000000000000100
00000000000000100
00000000000000000
00000000000000000
00000000000000000
00000000000000000
00000000000000000
STEP 2 P1 MOVE 5 5 5 8
OWN
00000000002222000
00000000000000000
00000000000000100
00000000000000100
00000000000000100
00000111100000000
00000000000000000
00000000000000000
00000000000000000
00000000000000000
STEP 3 P2 MOVE 5 12 5 15
OWN
00000000002222000
00000000000000000
00000000000000100
00000000000000100
00000000000000100
00000111100022220
00000000000000000
00000000000000000
00000000000000000
00000000000000000
STEP 4 P1 MOVE 0 0 2 0
OWN
10000000002222000
10000000000000000
10000000000000100
00000000000000100
00000000000000100
00000111100022220
00000000000000000
00000000000000000
00000000000000000
00000000000000000
STEP 5 P2 MOVE 4 11 6 11
OWN
10000000002222000
10000000000000000
10000000000000100
00000000000000100
00000000000200100
00000111100222220
00000000000200000
00000000000000000
00000000000000000
00000000000000000
STEP 6 P1 MOVE 2 11 2 12
OWN
10000000002222000
10000000000000000
10000000000110100
00000000000000100
00000000000200100
00000111100222220
00000000000200000
00000000000000000
00000000000000000
00000000000000000
STEP 7 P2 MOVE 0 8 0 9
OWN
10000000222222000
10000000000000000
10000000000110100
00000000000000100
00000000000200100
00000111100222220
00000000000200000
00000000000000000
00000000000000000
00000000000000000
STEP 8 P1 MOVE 6 8 6 9
OWN
10000000222222000
10000000000000000
10000000000110100
00000000000000100
00000000000200100
00000111100222220
00000000110200000
00000000000000000
00000000000000000
00000000000000000
STEP 9 P2 MOVE 8 14 9 14
OWN
10000000222222000
10000000000000000
10000000000110100
00000000000000100
00000000000200100
00000111100222220
00000000110200000
00000000000000000
00000000000000200
00000000000000200
STEP 10 P1 MOVE 7 12 7 15
OWN
10000000222222000
10000000000000000
10000000000110100
00000000000000100
00000000000200100
00000111100222220
00000000110200000
00000000000011110
00000000000000200
00000000000000200
STEP 11 P2 MOVE 7 5 7 6
OWN
10000000222222000
10000000000000000
10000000000110100
00000000000000100
00000000000200100
00000111100222220
00000000110200000
00000220000011110
00000000000000200
00000000000000200
STEP 12 P1 MOVE 7 15 8 16
OWN
10000000222222000
10000000000000000
10000000000110100
00000000000000100
00000000000200100
00000111100222220
00000000110200000
00000220000011111
00000000000000211
00000000000000200
STEP 13 P2 MOVE 9 5 9 6
OWN
10000000222222000
10000000000000000
10000000000110100
00000000000000100
00000000000200100
00000111100222220
00000000110200000
00000220000011111
00000000000000211
00000220000000200
STEP 14 P1 MOVE 3 10 4 10
OWN
10000000222222000
10000000000000000
10000000000110100
00000000001000100
00000000001200100
00000111100222220
00000000110200000
00000220000011111
00000000000000211
00000220000000200
STEP 15 P2 MOVE 5 9 5 10
OWN
10000000222222000
10000000000000000
10000000000110100
00000000001000100
00000000001200100
00000111122222220
00000000110200000
00000220000011111
00000000000000211
00000220000000200
STEP 16 P1 MOVE 4 9 7 9
OWN
10000000222222000
10000000000000000
10000000000110100
00000000001000100
00000000011200100
00000111112222220
00000000110200000
00000220010011111
00000000000000211
00000220000000200
STEP 17 P2 MOVE 3 12 3 13
OWN
10000000222222000
10000000000000000
10000000000110100
00000000001022100
00000000011200100
00000111112222220
00000000110200000
00000220010011111
00000000000000211
00000220000000200
STEP 18 P1 MOVE 4 15 4 16
OWN
10000000222222000
10000000000000000
10000000000110100
00000000001022100
00000000011200111
00000111112222220
00000000110200000
00000220010011111
00000000000000211
00000220000000200
STEP 19 P2 MOVE 7 2 8 2
OWN
10000000222222000
10000000000000000
10000000000110100
00000000001022100
00000000011200111
00000111112222220
00000000110200000
00200220010011111
00200000000000211
00000220000000200
STEP 20 P1 MOVE 2 2 3 2
OWN
10000000222222000
10000000000000000
10100000000110100
00100000001022100
00000000011200111
00000111112222220
00000000110200000
00200220010011111
00200000000000211
00000220000000200
STEP 21 P2 MOVE 4 0 5 0
OWN
10000000222222000
10000000000000000
10100000000110100
00100000001022100
20000000011200111
20000111112222220
00000000110200000
00200220010011111
00200000000000211
00000220000000200
STEP 22 P1 MOVE 6 0 6 1
OWN
10000000222222000
10000000000000000
10100000000110100
00100000001022100
20000000011200111
20000111112222220
11000000110200000
00200220010011111
00200000000000211
00000220000000200
STEP 23 P2 MOVE 4 1 5 1
OWN
10000000222222000
10000000000000000
10100000000110100
00100000001022100
22000000011200111
22000111112222220
11000000110200000
00200220010011111
00200000000000211
00000220000000200
STEP 24 P1 MOVE 6 2 6 3
OWN
10000000222222000
10000000000000000
10100000000110100
00100000001022100
22000000011200111
22000111112222220
11110000110200000
00200220010011111
00200000000000211
00000220000000200
STEP 25 P2 MOVE 1 12 4 12
OWN
10000000222222000
10000000000020000
10100000000120100
00100000001022100
22000000011220111
22000111112222220
11110000110200000
00200220010011111
00200000000000211
00000220000000200
STEP 26 P1 MOVE -1 -1 -1 -1
OWN
10000000222222000
10000000000020000
10100000000120100
00100000001022100
22000000011220111
22000111112222220
11110000110200000
00200220010011111
00200000000000211
00000220000000200
STEP 27 P2 MOVE 3 5 3 6
OWN
10000000222222000
10000000000020000
10100000000120100
00100220001022100
22000000011220111
22000111112222220
11110000110200000
00200220010011111
00200000000000211
00000220000000200
STEP 28 P1 MOVE 2 5 4 5
OWN
10000000222222000
10000000000020000
10100100000120100
00100120001022100
22000100011220111
22000111112222220
11110000110200000
00200220010011111
00200000000000211
00000220000000200
STEP 29 P2 MOVE 3 4 4 4
OWN
10000000222222000
10000000000020000
10100100000120100
00102120001022100
22002100011220111
22000111112222220
11110000110200000
00200220010011111
00200000000000211
00000220000000200
STEP 30 P1 MOVE 2 11 3 13
OWN
10000000222222000
10000000000020000
10100100000111100
00102120001111100
22002100011220111
22000111112222220
11110000110200000
00200220010011111
00200000000000211
00000220000000200
STEP 31 P2 MOVE 2 10 2 15
OWN
10000000222222000
10000000000020000
10100100002222220
00102120001111100
22002100011220111
22000111112222220
11110000110200000
00200220010011111
00200000000000211
00000220000000200
STEP 32 P1 MOVE 1 11 7 11
OWN
10000000222222000
10000000000120000
10100100002122220
00102120001111100
22002100011120111
22000111112122220
11110000110100000
00200220010111111
00200000000000211
00000220000000200
STEP 33 P2 MOVE 6 16 9 16
OWN
10000000222222000
10000000000120000
10100100002122220
00102120001111100
22002100011120111
22000111112122220
11110000110100002
00200220010111112
00200000000000212
00000220000000202
STEP 34 P1 MOVE 5 15 9 16
OWN
10000000222222000
10000000000120000
10100100002122220
00102120001111100
22002100011120111
22000111112122211
11110000110100011
00200220010111111
00200000000000211
00000220000000211
STEP 35 P2 MOVE 3 9 4 13
OWN
10000000222222000
10000000000120000
10100100002122220
00102120022222100
22002100022222111
22000111112122211
11110000110100011
00200220010111111
00200000000000211
00000220000000211
STEP 36 P1 MOVE 1 7 2 8
OWN
10000000222222000
10000001100120000
10100101102122220
00102120022222100
22002100022222111
22000111112122211
11110000110100011
00200220010111111
00200000000000211
00000220000000211
STEP 37 P2 MOVE 0 7 2 9
OWN
10000002222222000
10000002220120000
10100102222122220
00102120022222100
22002100022222111
22000111112122211
11110000110100011
00200220010111111
00200000000000211
00000220000000211
STEP 38 P1 MOVE 1 6 1 10
OWN
10000002222222000
10000011111120000
10100102222122220
00102120022222100
22002100022222111
22000111112122211
11110000110100011
00200220010111111
00200000000000211
00000220000000211
STEP 39 P2 MOVE 3 3 4 3
OWN
10000002222222000
10000011111120000
10100102222122220
00122120022222100
22022100022222111
22000111112122211
11110000110100011
00200220010111111
00200000000000211
00000220000000211
STEP 40 P1 MOVE 4 2 4 6
OWN
10000002222222000
10000011111120000
10100102222122220
00122120022222100
22111110022222111
22000111112122211
11110000110100011
00200220010111111
00200000000000211
00000220000000211
STEP 41 P2 MOVE 2 3 5 3
OWN
10000002222222000
10000011111120000
10120102222122220
00122120022222100
22121110022222111
22020111112122211
11110000110100011
00200220010111111
00200000000000211
00000220000000211
STEP 42 P1 MOVE -1 -1 -1 -1
OWN
10000002222222000
10000011111120000
10120102222122220
00122120022222100
22121110022222111
22020111112122211
11110000110100011
00200220010111111
00200000000000211
00000220000000211
STEP 43 P2 MOVE -1 -1 -1 -1
OWN
10000002222222000
10000011111120000
10120102222122220
00122120022222100
22121110022222111
22020111112122211
11110000110100011
00200220010111111
00200000000000211
00000220000000211
RESULT first=50 second=48 winner=1
ANALYSIS winner=P1 score=50-48 reason=摹奢檜薄 steal(w/l)=19/19 neu(w/l)=50/48
