BOARD
79923745142123957
76626532922562516
72884435411716688
93488615314199564
72662417182331525
21753941585296982
58577598265333287
68253599641498295
73853469266831277
79844331651943349
STEP 0 P1 MOVE 0 8 0 12
OWN
00000000111110000
00000000000000000
00000000000000000
00000000000000000
00000000000000000
00000000000000000
00000000000000000
00000000000000000
00000000000000000
00000000000000000
STEP 1 P2 MOVE 9 12 9 14
OWN
00000000111110000
00000000000000000
00000000000000000
00000000000000000
00000000000000000
00000000000000000
00000000000000000
00000000000000000
00000000000000000
00000000000022200
STEP 2 P1 MOVE 0 6 2 6
OWN
00000010111110000
00000010000000000
00000010000000000
00000000000000000
00000000000000000
00000000000000000
00000000000000000
00000000000000000
00000000000000000
00000000000022200
STEP 3 P2 MOVE 5 4 6 4
OWN
00000010111110000
00000010000000000
00000010000000000
00000000000000000
00000000000000000
00002000000000000
00002000000000000
00000000000000000
00000000000000000
00000000000022200
STEP 4 P1 MOVE 9 6 9 8
OWN
00000010111110000
00000010000000000
00000010000000000
00000000000000000
00000000000000000
00002000000000000
00002000000000000
00000000000000000
00000000000000000
00000011100022200
STEP 5 P2 MOVE 2 5 3 5
OWN
00000010111110000
00000010000000000
00000210000000000
00000200000000000
00000000000000000
00002000000000000
00002000000000000
00000000000000000
00000000000000000
00000011100022200
STEP 6 P1 MOVE 6 8 8 8
OWN
00000010111110000
00000010000000000
00000210000000000
00000200000000000
00000000000000000
00002000000000000
00002000100000000
00000000100000000
00000000100000000
00000011100022200
STEP 7 P2 MOVE 7 2 7 4
OWN
00000010111110000
00000010000000000
00000210000000000
00000200000000000
00000000000000000
00002000000000000
00002000100000000
00222000100000000
00000000100000000
00000011100022200
STEP 8 P1 MOVE 5 0 5 2
OWN
00000010111110000
00000010000000000
00000210000000000
00000200000000000
00000000000000000
11102000000000000
00002000100000000
00222000100000000
00000000100000000
00000011100022200
STEP 9 P2 MOVE 4 13 6 13
OWN
00000010111110000
00000010000000000
00000210000000000
00000200000000000
00000000000002000
11102000000002000
00002000100002000
00222000100000000
00000000100000000
00000011100022200
STEP 10 P1 MOVE 5 6 5 8
OWN
00000010111110000
00000010000000000
00000210000000000
00000200000000000
00000000000002000
11102011100002000
00002000100002000
00222000100000000
00000000100000000
00000011100022200
STEP 11 P2 MOVE 2 12 3 12
OWN
00000010111110000
00000010000000000
00000210000020000
00000200000020000
00000000000002000
11102011100002000
00002000100002000
00222000100000000
00000000100000000
00000011100022200
STEP 12 P1 MOVE 8 5 8 6
OWN
00000010111110000
00000010000000000
00000210000020000
00000200000020000
00000000000002000
11102011100002000
00002000100002000
00222000100000000
00000110100000000
00000011100022200
STEP 13 P2 MOVE 6 5 7 5
OWN
00000010111110000
00000010000000000
00000210000020000
00000200000020000
00000000000002000
11102011100002000
00002200100002000
00222200100000000
00000110100000000
00000011100022200
STEP 14 P1 MOVE 1 4 2 4
OWN
00000010111110000
00001010000000000
00001210000020000
00000200000020000
00000000000002000
11102011100002000
00002200100002000
00222200100000000
00000110100000000
00000011100022200
STEP 15 P2 MOVE 8 0 8 1
OWN
00000010111110000
00001010000000000
00001210000020000
00000200000020000
00000000000002000
11102011100002000
00002200100002000
00222200100000000
22000110100000000
00000011100022200
STEP 16 P1 MOVE 7 13 7 14
OWN
00000010111110000
00001010000000000
00001210000020000
00000200000020000
00000000000002000
11102011100002000
00002200100002000
00222200100001100
22000110100000000
00000011100022200
STEP 17 P2 MOVE 3 13 8 13
OWN
00000010111110000
00001010000000000
00001210000020000
00000200000022000
00000000000002000
11102011100002000
00002200100002000
00222200100002100
22000110100002000
00000011100022200
STEP 18 P1 MOVE 5 15 5 16
OWN
00000010111110000
00001010000000000
00001210000020000
00000200000022000
00000000000002000
11102011100002011
00002200100002000
00222200100002100
22000110100002000
00000011100022200
STEP 19 P2 MOVE 4 15 6 15
OWN
00000010111110000
00001010000000000
00001210000020000
00000200000022000
00000000000002020
11102011100002021
00002200100002020
00222200100002100
22000110100002000
00000011100022200
STEP 20 P1 MOVE 4 14 4 16
OWN
00000010111110000
00001010000000000
00001210000020000
00000200000022000
00000000000002111
11102011100002021
00002200100002020
00222200100002100
22000110100002000
00000011100022200
STEP 21 P2 MOVE 2 7 2 9
OWN
00000010111110000
00001010000000000
00001212220020000
00000200000022000
00000000000002111
11102011100002021
00002200100002020
00222200100002100
22000110100002000
00000011100022200
STEP 22 P1 MOVE 3 10 3 14
OWN
00000010111110000
00001010000000000
00001212220020000
00000200001111100
00000000000002111
11102011100002021
00002200100002020
00222200100002100
22000110100002000
00000011100022200
STEP 23 P2 MOVE 1 10 5 10
OWN
00000010111110000
00001010002000000
00001212222020000
00000200002111100
00000000002002111
11102011102002021
00002200100002020
00222200100002100
22000110100002000
00000011100022200
STEP 24 P1 MOVE 5 9 5 11
OWN
00000010111110000
00001010002000000
00001212222020000
00000200002111100
00000000002002111
11102011111102021
00002200100002020
00222200100002100
22000110100002000
00000011100022200
STEP 25 P2 MOVE 3 15 3 16
OWN
00000010111110000
00001010002000000
00001212222020000
00000200002111122
00000000002002111
11102011111102021
00002200100002020
00222200100002100
22000110100002000
00000011100022200
STEP 26 P1 MOVE 3 2 4 2
OWN
00000010111110000
00001010002000000
00001212222020000
00100200002111122
00100000002002111
11102011111102021
00002200100002020
00222200100002100
22000110100002000
00000011100022200
STEP 27 P2 MOVE 9 10 9 11
OWN
00000010111110000
00001010002000000
00001212222020000
00100200002111122
00100000002002111
11102011111102021
00002200100002020
00222200100002100
22000110100002000
00000011102222200
STEP 28 P1 MOVE 2 1 2 2
OWN
00000010111110000
00001010002000000
01101212222020000
00100200002111122
00100000002002111
11102011111102021
00002200100002020
00222200100002100
22000110100002000
00000011102222200
STEP 29 P2 MOVE 4 1 4 4
OWN
00000010111110000
00001010002000000
01101212222020000
00100200002111122
02222000002002111
11102011111102021
00002200100002020
00222200100002100
22000110100002000
00000011102222200
STEP 30 P1 MOVE 8 4 9 5
OWN
00000010111110000
00001010002000000
01101212222020000
00100200002111122
02222000002002111
11102011111102021
00002200100002020
00222200100002100
22001110100002000
00001111102222200
STEP 31 P2 MOVE 1 3 2 3
OWN
00000010111110000
00021010002000000
01121212222020000
00100200002111122
02222000002002111
11102011111102021
00002200100002020
00222200100002100
22001110100002000
00001111102222200
STEP 32 P1 MOVE 0 3 3 3
OWN
00010010111110000
00011010002000000
01111212222020000
00110200002111122
02222000002002111
11102011111102021
00002200100002020
00222200100002100
22001110100002000
00001111102222200
STEP 33 P2 MOVE 0 4 0 5
OWN
00012210111110000
00011010002000000
01111212222020000
00110200002111122
02222000002002111
11102011111102021
00002200100002020
00222200100002100
22001110100002000
00001111102222200
STEP 34 P1 MOVE -1 -1 -1 -1
OWN
00012210111110000
00011010002000000
01111212222020000
00110200002111122
02222000002002111
11102011111102021
00002200100002020
00222200100002100
22001110100002000
00001111102222200
STEP 35 P2 MOVE 3 6 3 9
OWN
00012210111110000
00011010002000000
01111212222020000
00110222222111122
02222000002002111
11102011111102021
00002200100002020
00222200100002100
22001110100002000
00001111102222200
STEP 36 P1 MOVE 1 6 4 7
OWN
00012210111110000
00011011002000000
01111211222020000
00110211222111122
02222011002002111
11102011111102021
00002200100002020
00222200100002100
22001110100002000
00001111102222200
STEP 37 P2 MOVE 4 11 7 11
OWN
00012210111110000
00011011002000000
01111211222020000
00110211222111122
02222011002202111
11102011111202021
00002200100202020
00222200100202100
22001110100002000
00001111102222200
STEP 38 P1 MOVE 0 5 1 7
OWN
00012111111110000
00011111002000000
01111211222020000
00110211222111122
02222011002202111
11102011111202021
00002200100202020
00222200100202100
22001110100002000
00001111102222200
STEP 39 P2 MOVE 6 10 6 14
OWN
00012111111110000
00011111002000000
01111211222020000
00110211222111122
02222011002202111
11102011111202021
00002200102222220
00222200100202100
22001110100002000
00001111102222200
STEP 40 P1 MOVE 1 9 4 9
OWN
00012111111110000
00011111012000000
01111211212020000
00110211212111122
02222011012202111
11102011111202021
00002200102222220
00222200100202100
22001110100002000
00001111102222200
STEP 41 P2 MOVE 2 11 4 12
OWN
00012111111110000
00011111012000000
01111211212220000
00110211212221122
02222011012222111
11102011111202021
00002200102222220
00222200100202100
22001110100002000
00001111102222200
STEP 42 P1 MOVE 7 10 7 12
OWN
00012111111110000
00011111012000000
01111211212220000
00110211212221122
02222011012222111
11102011111202021
00002200102222220
00222200101112100
22001110100002000
00001111102222200
STEP 43 P2 MOVE 6 9 7 9
OWN
00012111111110000
00011111012000000
01111211212220000
00110211212221122
02222011012222111
11102011111202021
00002200122222220
00222200121112100
22001110100002000
00001111102222200
STEP 44 P1 MOVE -1 -1 -1 -1
OWN
00012111111110000
00011111012000000
01111211212220000
00110211212221122
02222011012222111
11102011111202021
00002200122222220
00222200121112100
22001110100002000
00001111102222200
STEP 45 P2 MOVE -1 -1 -1 -1
OWN
00012111111110000
00011111012000000
01111211212220000
00110211212221122
02222011012222111
11102011111202021
00002200122222220
00222200121112100
22001110100002000
00001111102222200
RESULT first=59 second=49 winner=1
ANALYSIS winner=P1 score=59-49 reason=Ĺ»ĂëżěŔ§(+6Ä­ »©ľŃŔ˝,2ąčČż°ú) steal(w/l)=13/7 neu(w/l)=53/55
