BOARD
38958874867441898
29695759325581716
51413374148738441
89467777691885468
52198498386956512
67777376687239968
53765399552824233
49534466643752911
13588686241978342
78174561947173797
STEP 0 P1 MOVE 1 8 2 9
OWN
00000000000000000
00000000110000000
00000000110000000
00000000000000000
00000000000000000
00000000000000000
00000000000000000
00000000000000000
00000000000000000
00000000000000000
STEP 1 P2 MOVE 0 13 2 13
OWN
00000000000002000
00000000110002000
00000000110002000
00000000000000000
00000000000000000
00000000000000000
00000000000000000
00000000000000000
00000000000000000
00000000000000000
STEP 2 P1 MOVE 4 5 6 5
OWN
00000000000002000
00000000110002000
00000000110002000
00000000000000000
00000100000000000
00000100000000000
00000100000000000
00000000000000000
00000000000000000
00000000000000000
STEP 3 P2 MOVE 4 12 6 12
OWN
00000000000002000
00000000110002000
00000000110002000
00000000000000000
00000100000020000
00000100000020000
00000100000020000
00000000000000000
00000000000000000
00000000000000000
STEP 4 P1 MOVE 4 15 6 15
OWN
00000000000002000
00000000110002000
00000000110002000
00000000000000000
00000100000020010
00000100000020010
00000100000020010
00000000000000000
00000000000000000
00000000000000000
STEP 5 P2 MOVE 0 0 2 0
OWN
20000000000002000
20000000110002000
20000000110002000
00000000000000000
00000100000020010
00000100000020010
00000100000020010
00000000000000000
00000000000000000
00000000000000000
STEP 6 P1 MOVE 9 13 9 14
OWN
20000000000002000
20000000110002000
20000000110002000
00000000000000000
00000100000020010
00000100000020010
00000100000020010
00000000000000000
00000000000000000
00000000000001100
STEP 7 P2 MOVE 2 5 2 6
OWN
20000000000002000
20000000110002000
20000220110002000
00000000000000000
00000100000020010
00000100000020010
00000100000020010
00000000000000000
00000000000000000
00000000000001100
STEP 8 P1 MOVE 3 9 3 10
OWN
20000000000002000
20000000110002000
20000220110002000
00000000011000000
00000100000020010
00000100000020010
00000100000020010
00000000000000000
00000000000000000
00000000000001100
STEP 9 P2 MOVE 7 16 9 16
OWN
20000000000002000
20000000110002000
20000220110002000
00000000011000000
00000100000020010
00000100000020010
00000100000020010
00000000000000002
00000000000000002
00000000000001102
STEP 10 P1 MOVE 6 0 8 0
OWN
20000000000002000
20000000110002000
20000220110002000
00000000011000000
00000100000020010
00000100000020010
10000100000020010
10000000000000002
10000000000000002
00000000000001102
STEP 11 P2 MOVE 2 15 3 15
OWN
20000000000002000
20000000110002000
20000220110002020
00000000011000020
00000100000020010
00000100000020010
10000100000020010
10000000000000002
10000000000000002
00000000000001102
STEP 12 P1 MOVE 8 11 9 11
OWN
20000000000002000
20000000110002000
20000220110002020
00000000011000020
00000100000020010
00000100000020010
10000100000020010
10000000000000002
10000000000100002
00000000000101102
STEP 13 P2 MOVE 6 1 6 2
OWN
20000000000002000
20000000110002000
20000220110002020
00000000011000020
00000100000020010
00000100000020010
12200100000020010
10000000000000002
10000000000100002
00000000000101102
STEP 14 P1 MOVE 1 1 2 1
OWN
20000000000002000
21000000110002000
21000220110002020
00000000011000020
00000100000020010
00000100000020010
12200100000020010
10000000000000002
10000000000100002
00000000000101102
STEP 15 P2 MOVE 6 10 6 11
OWN
20000000000002000
21000000110002000
21000220110002020
00000000011000020
00000100000020010
00000100000020010
12200100002220010
10000000000000002
10000000000100002
00000000000101102
STEP 16 P1 MOVE 7 14 7 15
OWN
20000000000002000
21000000110002000
21000220110002020
00000000011000020
00000100000020010
00000100000020010
12200100002220010
10000000000000112
10000000000100002
00000000000101102
STEP 17 P2 MOVE 7 13 8 13
OWN
20000000000002000
21000000110002000
21000220110002020
00000000011000020
00000100000020010
00000100000020010
12200100002220010
10000000000002112
10000000000102002
00000000000101102
STEP 18 P1 MOVE 0 15 1 15
OWN
20000000000002010
21000000110002010
21000220110002020
00000000011000020
00000100000020010
00000100000020010
12200100002220010
10000000000002112
10000000000102002
00000000000101102
STEP 19 P2 MOVE 1 3 2 3
OWN
20000000000002010
21020000110002010
21020220110002020
00000000011000020
00000100000020010
00000100000020010
12200100002220010
10000000000002112
10000000000102002
00000000000101102
STEP 20 P1 MOVE 1 2 2 2
OWN
20000000000002010
21120000110002010
21120220110002020
00000000011000020
00000100000020010
00000100000020010
12200100002220010
10000000000002112
10000000000102002
00000000000101102
STEP 21 P2 MOVE 1 10 1 11
OWN
20000000000002010
21120000112202010
21120220110002020
00000000011000020
00000100000020010
00000100000020010
12200100002220010
10000000000002112
10000000000102002
00000000000101102
STEP 22 P1 MOVE 2 4 3 4
OWN
20000000000002010
21120000112202010
21121220110002020
00001000011000020
00000100000020010
00000100000020010
12200100002220010
10000000000002112
10000000000102002
00000000000101102
STEP 23 P2 MOVE 2 11 2 12
OWN
20000000000002010
21120000112202010
21121220110222020
00001000011000020
00000100000020010
00000100000020010
12200100002220010
10000000000002112
10000000000102002
00000000000101102
STEP 24 P1 MOVE 3 16 4 16
OWN
20000000000002010
21120000112202010
21121220110222020
00001000011000021
00000100000020011
00000100000020010
12200100002220010
10000000000002112
10000000000102002
00000000000101102
STEP 25 P2 MOVE 6 8 6 9
OWN
20000000000002010
21120000112202010
21121220110222020
00001000011000021
00000100000020011
00000100000020010
12200100222220010
10000000000002112
10000000000102002
00000000000101102
STEP 26 P1 MOVE 7 2 8 2
OWN
20000000000002010
21120000112202010
21121220110222020
00001000011000021
00000100000020011
00000100000020010
12200100222220010
10100000000002112
10100000000102002
00000000000101102
STEP 27 P2 MOVE 7 5 7 6
OWN
20000000000002010
21120000112202010
21121220110222020
00001000011000021
00000100000020011
00000100000020010
12200100222220010
10100220000002112
10100000000102002
00000000000101102
STEP 28 P1 MOVE 7 4 7 7
OWN
20000000000002010
21120000112202010
21121220110222020
00001000011000021
00000100000020011
00000100000020010
12200100222220010
10101111000002112
10100000000102002
00000000000101102
STEP 29 P2 MOVE 7 8 7 9
OWN
20000000000002010
21120000112202010
21121220110222020
00001000011000021
00000100000020011
00000100000020010
12200100222220010
10101111220002112
10100000000102002
00000000000101102
STEP 30 P1 MOVE -1 -1 -1 -1
OWN
20000000000002010
21120000112202010
21121220110222020
00001000011000021
00000100000020011
00000100000020010
12200100222220010
10101111220002112
10100000000102002
00000000000101102
STEP 31 P2 MOVE 4 2 4 3
OWN
20000000000002010
21120000112202010
21121220110222020
00001000011000021
00220100000020011
00000100000020010
12200100222220010
10101111220002112
10100000000102002
00000000000101102
STEP 32 P1 MOVE 4 1 4 4
OWN
20000000000002010
21120000112202010
21121220110222020
00001000011000021
01111100000020011
00000100000020010
12200100222220010
10101111220002112
10100000000102002
00000000000101102
STEP 33 P2 MOVE 3 2 3 3
OWN
20000000000002010
21120000112202010
21121220110222020
00221000011000021
01111100000020011
00000100000020010
12200100222220010
10101111220002112
10100000000102002
00000000000101102
STEP 34 P1 MOVE -1 -1 -1 -1
OWN
20000000000002010
21120000112202010
21121220110222020
00221000011000021
01111100000020011
00000100000020010
12200100222220010
10101111220002112
10100000000102002
00000000000101102
STEP 35 P2 MOVE 9 7 9 8
OWN
20000000000002010
21120000112202010
21121220110222020
00221000011000021
01111100000020011
00000100000020010
12200100222220010
10101111220002112
10100000000102002
00000002200101102
STEP 36 P1 MOVE 9 6 9 9
OWN
20000000000002010
21120000112202010
21121220110222020
00221000011000021
01111100000020011
00000100000020010
12200100222220010
10101111220002112
10100000000102002
00000011110101102
STEP 37 P2 MOVE -1 -1 -1 -1
OWN
20000000000002010
21120000112202010
21121220110222020
00221000011000021
01111100000020011
00000100000020010
12200100222220010
10101111220002112
10100000000102002
00000011110101102
STEP 38 P1 MOVE -1 -1 -1 -1
OWN
20000000000002010
21120000112202010
21121220110222020
00221000011000021
01111100000020011
00000100000020010
12200100222220010
10101111220002112
10100000000102002
00000011110101102
RESULT first=45 second=34 winner=1
ANALYSIS winner=P1 score=45-34 reason=탈취우위(+6칸 빼앗음,2배효과) steal(w/l)=6/0 neu(w/l)=39/40
