BOARD
63712926194127724
29712417141935739
25932462921489768
86543425986852297
36387129666882258
21585761863281453
47782387953795767
43233441835513796
63918977772871424
83261213926124735
STEP 0 P1 MOVE 5 13 8 13
OWN
00000000000000000
00000000000000000
00000000000000000
00000000000000000
00000000000000000
00000000000001000
00000000000001000
00000000000001000
00000000000001000
00000000000000000
STEP 1 P2 MOVE 9 3 9 6
OWN
00000000000000000
00000000000000000
00000000000000000
00000000000000000
00000000000000000
00000000000001000
00000000000001000
00000000000001000
00000000000001000
00022220000000000
STEP 2 P1 MOVE 5 4 7 4
OWN
00000000000000000
00000000000000000
00000000000000000
00000000000000000
00000000000000000
00001000000001000
00001000000001000
00001000000001000
00000000000001000
00022220000000000
STEP 3 P2 MOVE 0 2 0 4
OWN
00222000000000000
00000000000000000
00000000000000000
00000000000000000
00000000000000000
00001000000001000
00001000000001000
00001000000001000
00000000000001000
00022220000000000
STEP 4 P1 MOVE 0 11 0 13
OWN
00222000000111000
00000000000000000
00000000000000000
00000000000000000
00000000000000000
00001000000001000
00001000000001000
00001000000001000
00000000000001000
00022220000000000
STEP 5 P2 MOVE 4 4 4 6
OWN
00222000000111000
00000000000000000
00000000000000000
00000000000000000
00002220000000000
00001000000001000
00001000000001000
00001000000001000
00000000000001000
00022220000000000
STEP 6 P1 MOVE 6 10 8 10
OWN
00222000000111000
00000000000000000
00000000000000000
00000000000000000
00002220000000000
00001000000001000
00001000001001000
00001000001001000
00000000001001000
00022220000000000
STEP 7 P2 MOVE 7 12 9 12
OWN
00222000000111000
00000000000000000
00000000000000000
00000000000000000
00002220000000000
00001000000001000
00001000001001000
00001000001021000
00000000001021000
00022220000020000
STEP 8 P1 MOVE 8 14 8 16
OWN
00222000000111000
00000000000000000
00000000000000000
00000000000000000
00002220000000000
00001000000001000
00001000001001000
00001000001021000
00000000001021111
00022220000020000
STEP 9 P2 MOVE 0 0 2 0
OWN
20222000000111000
20000000000000000
20000000000000000
00000000000000000
00002220000000000
00001000000001000
00001000001001000
00001000001021000
00000000001021111
00022220000020000
STEP 10 P1 MOVE 1 2 1 4
OWN
20222000000111000
20111000000000000
20000000000000000
00000000000000000
00002220000000000
00001000000001000
00001000001001000
00001000001021000
00000000001021111
00022220000020000
STEP 11 P2 MOVE 5 11 5 12
OWN
20222000000111000
20111000000000000
20000000000000000
00000000000000000
00002220000000000
00001000000221000
00001000001001000
00001000001021000
00000000001021111
00022220000020000
STEP 12 P1 MOVE 7 0 8 0
OWN
20222000000111000
20111000000000000
20000000000000000
00000000000000000
00002220000000000
00001000000221000
00001000001001000
10001000001021000
10000000001021111
00022220000020000
STEP 13 P2 MOVE 7 9 8 9
OWN
20222000000111000
20111000000000000
20000000000000000
00000000000000000
00002220000000000
00001000000221000
00001000001001000
10001000021021000
10000000021021111
00022220000020000
STEP 14 P1 MOVE 1 10 1 11
OWN
20222000000111000
20111000001100000
20000000000000000
00000000000000000
00002220000000000
00001000000221000
00001000001001000
10001000021021000
10000000021021111
00022220000020000
STEP 15 P2 MOVE 2 5 2 6
OWN
20222000000111000
20111000001100000
20000220000000000
00000000000000000
00002220000000000
00001000000221000
00001000001001000
10001000021021000
10000000021021111
00022220000020000
STEP 16 P1 MOVE 5 5 6 5
OWN
20222000000111000
20111000001100000
20000220000000000
00000000000000000
00002220000000000
00001100000221000
00001100001001000
10001000021021000
10000000021021111
00022220000020000
STEP 17 P2 MOVE 8 7 9 7
OWN
20222000000111000
20111000001100000
20000220000000000
00000000000000000
00002220000000000
00001100000221000
00001100001001000
10001000021021000
10000002021021111
00022222000020000
STEP 18 P1 MOVE 5 16 6 16
OWN
20222000000111000
20111000001100000
20000220000000000
00000000000000000
00002220000000000
00001100000221001
00001100001001001
10001000021021000
10000002021021111
00022222000020000
STEP 19 P2 MOVE 1 3 2 6
OWN
20222000000111000
20122220001100000
20022220000000000
00000000000000000
00002220000000000
00001100000221001
00001100001001001
10001000021021000
10000002021021111
00022222000020000
STEP 20 P1 MOVE 0 6 5 6
OWN
20222010000111000
20122210001100000
20022210000000000
00000010000000000
00002210000000000
00001110000221001
00001100001001001
10001000021021000
10000002021021111
00022222000020000
STEP 21 P2 MOVE 1 14 1 15
OWN
20222010000111000
20122210001100220
20022210000000000
00000010000000000
00002210000000000
00001110000221001
00001100001001001
10001000021021000
10000002021021111
00022222000020000
STEP 22 P1 MOVE 4 7 5 7
OWN
20222010000111000
20122210001100220
20022210000000000
00000010000000000
00002211000000000
00001111000221001
00001100001001001
10001000021021000
10000002021021111
00022222000020000
STEP 23 P2 MOVE 4 15 5 15
OWN
20222010000111000
20122210001100220
20022210000000000
00000010000000000
00002211000000020
00001111000221021
00001100001001001
10001000021021000
10000002021021111
00022222000020000
STEP 24 P1 MOVE -1 -1 -1 -1
OWN
20222010000111000
20122210001100220
20022210000000000
00000010000000000
00002211000000020
00001111000221021
00001100001001001
10001000021021000
10000002021021111
00022222000020000
STEP 25 P2 MOVE 2 9 3 9
OWN
20222010000111000
20122210001100220
20022210020000000
00000010020000000
00002211000000020
00001111000221021
00001100001001001
10001000021021000
10000002021021111
00022222000020000
STEP 26 P1 MOVE 1 9 4 9
OWN
20222010000111000
20122210011100220
20022210010000000
00000010010000000
00002211010000020
00001111000221021
00001100001001001
10001000021021000
10000002021021111
00022222000020000
STEP 27 P2 MOVE 2 8 2 10
OWN
20222010000111000
20122210011100220
20022210222000000
00000010010000000
00002211010000020
00001111000221021
00001100001001001
10001000021021000
10000002021021111
00022222000020000
STEP 28 P1 MOVE 0 10 3 10
OWN
20222010001111000
20122210011100220
20022210221000000
00000010011000000
00002211010000020
00001111000221021
00001100001001001
10001000021021000
10000002021021111
00022222000020000
STEP 29 P2 MOVE 0 8 0 9
OWN
20222010221111000
20122210011100220
20022210221000000
00000010011000000
00002211010000020
00001111000221021
00001100001001001
10001000021021000
10000002021021111
00022222000020000
STEP 30 P1 MOVE -1 -1 -1 -1
OWN
20222010221111000
20122210011100220
20022210221000000
00000010011000000
00002211010000020
00001111000221021
00001100001001001
10001000021021000
10000002021021111
00022222000020000
STEP 31 P2 MOVE 5 10 6 11
OWN
20222010221111000
20122210011100220
20022210221000000
00000010011000000
00002211010000020
00001111002221021
00001100002201001
10001000021021000
10000002021021111
00022222000020000
STEP 32 P1 MOVE 5 9 5 14
OWN
20222010221111000
20122210011100220
20022210221000000
00000010011000000
00002211010000020
00001111011111121
00001100002201001
10001000021021000
10000002021021111
00022222000020000
STEP 33 P2 MOVE 6 9 7 11
OWN
20222010221111000
20122210011100220
20022210221000000
00000010011000000
00002211010000020
00001111011111121
00001100022201001
10001000022221000
10000002021021111
00022222000020000
STEP 34 P1 MOVE 4 14 4 16
OWN
20222010221111000
20122210011100220
20022210221000000
00000010011000000
00002211010000111
00001111011111121
00001100022201001
10001000022221000
10000002021021111
00022222000020000
STEP 35 P2 MOVE 4 12 4 13
OWN
20222010221111000
20122210011100220
20022210221000000
00000010011000000
00002211010022111
00001111011111121
00001100022201001
10001000022221000
10000002021021111
00022222000020000
STEP 36 P1 MOVE -1 -1 -1 -1
OWN
20222010221111000
20122210011100220
20022210221000000
00000010011000000
00002211010022111
00001111011111121
00001100022201001
10001000022221000
10000002021021111
00022222000020000
STEP 37 P2 MOVE 6 1 7 1
OWN
20222010221111000
20122210011100220
20022210221000000
00000010011000000
00002211010022111
00001111011111121
02001100022201001
12001000022221000
10000002021021111
00022222000020000
STEP 38 P1 MOVE 5 0 8 1
OWN
20222010221111000
20122210011100220
20022210221000000
00000010011000000
00002211010022111
11001111011111121
11001100022201001
11001000022221000
11000002021021111
00022222000020000
STEP 39 P2 MOVE 9 14 9 15
OWN
20222010221111000
20122210011100220
20022210221000000
00000010011000000
00002211010022111
11001111011111121
11001100022201001
11001000022221000
11000002021021111
00022222000020220
STEP 40 P1 MOVE 9 11 9 16
OWN
20222010221111000
20122210011100220
20022210221000000
00000010011000000
00002211010022111
11001111011111121
11001100022201001
11001000022221000
11000002021021111
00022222000111111
STEP 41 P2 MOVE -1 -1 -1 -1
OWN
20222010221111000
20122210011100220
20022210221000000
00000010011000000
00002211010022111
11001111011111121
11001100022201001
11001000022221000
11000002021021111
00022222000111111
STEP 42 P1 MOVE -1 -1 -1 -1
OWN
20222010221111000
20122210011100220
20022210221000000
00000010011000000
00002211010022111
11001111011111121
11001100022201001
11001000022221000
11000002021021111
00022222000111111
RESULT first=57 second=38 winner=1
ANALYSIS winner=P1 score=57-38 reason=Ĺ»ĂëżěŔ§(+10Ä­ »©ľŃŔ˝,2ąčČż°ú) steal(w/l)=15/5 neu(w/l)=47/48
