BOARD
83946561866278636
19236173375568663
57743319681972517
32862742661857743
27825871646398822
43217445876825432
37836352336233827
57478792139684931
18686958539593653
35723938582627985
STEP 0 P1 MOVE 5 0 5 3
OWN
00000000000000000
00000000000000000
00000000000000000
00000000000000000
00000000000000000
11110000000000000
00000000000000000
00000000000000000
00000000000000000
00000000000000000
STEP 1 P2 MOVE 2 3 2 5
OWN
00000000000000000
00000000000000000
00022200000000000
00000000000000000
00000000000000000
11110000000000000
00000000000000000
00000000000000000
00000000000000000
00000000000000000
STEP 2 P1 MOVE 3 7 6 7
OWN
00000000000000000
00000000000000000
00022200000000000
00000001000000000
00000001000000000
11110001000000000
00000001000000000
00000000000000000
00000000000000000
00000000000000000
STEP 3 P2 MOVE 0 15 2 15
OWN
00000000000000020
00000000000000020
00022200000000020
00000001000000000
00000001000000000
11110001000000000
00000001000000000
00000000000000000
00000000000000000
00000000000000000
STEP 4 P1 MOVE 9 10 9 12
OWN
00000000000000020
00000000000000020
00022200000000020
00000001000000000
00000001000000000
11110001000000000
00000001000000000
00000000000000000
00000000000000000
00000000001110000
STEP 5 P2 MOVE 4 15 7 15
OWN
00000000000000020
00000000000000020
00022200000000020
00000001000000000
00000001000000020
11110001000000020
00000001000000020
00000000000000020
00000000000000000
00000000001110000
STEP 6 P1 MOVE 6 13 8 13
OWN
00000000000000020
00000000000000020
00022200000000020
00000001000000000
00000001000000020
11110001000000020
00000001000001020
00000000000001020
00000000000001000
00000000001110000
STEP 7 P2 MOVE 4 9 4 10
OWN
00000000000000020
00000000000000020
00022200000000020
00000001000000000
00000001022000020
11110001000000020
00000001000001020
00000000000001020
00000000000001000
00000000001110000
STEP 8 P1 MOVE 5 9 6 9
OWN
00000000000000020
00000000000000020
00022200000000020
00000001000000000
00000001022000020
11110001010000020
00000001010001020
00000000000001020
00000000000001000
00000000001110000
STEP 9 P2 MOVE 5 12 6 13
OWN
00000000000000020
00000000000000020
00022200000000020
00000001000000000
00000001022000020
11110001010022020
00000001010022020
00000000000001020
00000000000001000
00000000001110000
STEP 10 P1 MOVE 6 11 6 14
OWN
00000000000000020
00000000000000020
00022200000000020
00000001000000000
00000001022000020
11110001010022020
00000001010111120
00000000000001020
00000000000001000
00000000001110000
STEP 11 P2 MOVE 4 14 4 16
OWN
00000000000000020
00000000000000020
00022200000000020
00000001000000000
00000001022000222
11110001010022020
00000001010111120
00000000000001020
00000000000001000
00000000001110000
STEP 12 P1 MOVE 7 14 7 16
OWN
00000000000000020
00000000000000020
00022200000000020
00000001000000000
00000001022000222
11110001010022020
00000001010111120
00000000000001111
00000000000001000
00000000001110000
STEP 13 P2 MOVE 2 6 2 7
OWN
00000000000000020
00000000000000020
00022222000000020
00000001000000000
00000001022000222
11110001010022020
00000001010111120
00000000000001111
00000000000001000
00000000001110000
STEP 14 P1 MOVE 3 6 3 8
OWN
00000000000000020
00000000000000020
00022222000000020
00000011100000000
00000001022000222
11110001010022020
00000001010111120
00000000000001111
00000000000001000
00000000001110000
STEP 15 P2 MOVE 0 3 0 4
OWN
00022000000000020
00000000000000020
00022222000000020
00000011100000000
00000001022000222
11110001010022020
00000001010111120
00000000000001111
00000000000001000
00000000001110000
STEP 16 P1 MOVE 1 3 1 5
OWN
00022000000000020
00011100000000020
00022222000000020
00000011100000000
00000001022000222
11110001010022020
00000001010111120
00000000000001111
00000000000001000
00000000001110000
STEP 17 P2 MOVE 1 16 2 16
OWN
00022000000000020
00011100000000022
00022222000000022
00000011100000000
00000001022000222
11110001010022020
00000001010111120
00000000000001111
00000000000001000
00000000001110000
STEP 18 P1 MOVE 6 0 6 1
OWN
00022000000000020
00011100000000022
00022222000000022
00000011100000000
00000001022000222
11110001010022020
11000001010111120
00000000000001111
00000000000001000
00000000001110000
STEP 19 P2 MOVE 7 7 8 7
OWN
00022000000000020
00011100000000022
00022222000000022
00000011100000000
00000001022000222
11110001010022020
11000001010111120
00000002000001111
00000002000001000
00000000001110000
STEP 20 P1 MOVE 3 1 3 2
OWN
00022000000000020
00011100000000022
00022222000000022
01100011100000000
00000001022000222
11110001010022020
11000001010111120
00000002000001111
00000002000001000
00000000001110000
STEP 21 P2 MOVE 7 2 8 2
OWN
00022000000000020
00011100000000022
00022222000000022
01100011100000000
00000001022000222
11110001010022020
11000001010111120
00200002000001111
00200002000001000
00000000001110000
STEP 22 P1 MOVE 2 10 2 11
OWN
00022000000000020
00011100000000022
00022222001100022
01100011100000000
00000001022000222
11110001010022020
11000001010111120
00200002000001111
00200002000001000
00000000001110000
STEP 23 P2 MOVE 1 10 1 11
OWN
00022000000000020
00011100002200022
00022222001100022
01100011100000000
00000001022000222
11110001010022020
11000001010111120
00200002000001111
00200002000001000
00000000001110000
STEP 24 P1 MOVE 1 6 1 7
OWN
00022000000000020
00011111002200022
00022222001100022
01100011100000000
00000001022000222
11110001010022020
11000001010111120
00200002000001111
00200002000001000
00000000001110000
STEP 25 P2 MOVE 1 8 1 9
OWN
00022000000000020
00011111222200022
00022222001100022
01100011100000000
00000001022000222
11110001010022020
11000001010111120
00200002000001111
00200002000001000
00000000001110000
STEP 26 P1 MOVE 1 13 2 13
OWN
00022000000000020
00011111222201022
00022222001101022
01100011100000000
00000001022000222
11110001010022020
11000001010111120
00200002000001111
00200002000001000
00000000001110000
STEP 27 P2 MOVE 4 2 4 3
OWN
00022000000000020
00011111222201022
00022222001101022
01100011100000000
00220001022000222
11110001010022020
11000001010111120
00200002000001111
00200002000001000
00000000001110000
STEP 28 P1 MOVE 6 16 8 16
OWN
00022000000000020
00011111222201022
00022222001101022
01100011100000000
00220001022000222
11110001010022020
11000001010111121
00200002000001111
00200002000001001
00000000001110000
STEP 29 P2 MOVE 3 16 9 16
OWN
00022000000000020
00011111222201022
00022222001101022
01100011100000002
00220001022000222
11110001010022022
11000001010111122
00200002000001112
00200002000001002
00000000001110002
STEP 30 P1 MOVE 5 14 8 14
OWN
00022000000000020
00011111222201022
00022222001101022
01100011100000002
00220001022000222
11110001010022122
11000001010111122
00200002000001112
00200002000001102
00000000001110002
STEP 31 P2 MOVE 0 15 3 16
OWN
00022000000000022
00011111222201022
00022222001101022
01100011100000022
00220001022000222
11110001010022122
11000001010111122
00200002000001112
00200002000001102
00000000001110002
STEP 32 P1 MOVE 6 3 7 3
OWN
00022000000000022
00011111222201022
00022222001101022
01100011100000022
00220001022000222
11110001010022122
11010001010111122
00210002000001112
00200002000001102
00000000001110002
STEP 33 P2 MOVE 6 5 7 5
OWN
00022000000000022
00011111222201022
00022222001101022
01100011100000022
00220001022000222
11110001010022122
11010201010111122
00210202000001112
00200002000001102
00000000001110002
STEP 34 P1 MOVE 7 6 7 8
OWN
00022000000000022
00011111222201022
00022222001101022
01100011100000022
00220001022000222
11110001010022122
11010201010111122
00210211100001112
00200002000001102
00000000001110002
STEP 35 P2 MOVE 6 6 8 6
OWN
00022000000000022
00011111222201022
00022222001101022
01100011100000022
00220001022000222
11110001010022122
11010221010111122
00210221100001112
00200022000001102
00000000001110002
STEP 36 P1 MOVE 8 8 9 8
OWN
00022000000000022
00011111222201022
00022222001101022
01100011100000022
00220001022000222
11110001010022122
11010221010111122
00210221100001112
00200022100001102
00000000101110002
STEP 37 P2 MOVE 1 0 1 1
OWN
00022000000000022
22011111222201022
00022222001101022
01100011100000022
00220001022000222
11110001010022122
11010221010111122
00210221100001112
00200022100001102
00000000101110002
STEP 38 P1 MOVE 0 11 3 11
OWN
00022000000100022
22011111222101022
00022222001101022
01100011100100022
00220001022000222
11110001010022122
11010221010111122
00210221100001112
00200022100001102
00000000101110002
STEP 39 P2 MOVE 0 10 4 11
OWN
00022000002200022
22011111222201022
00022222002201022
01100011102200022
00220001022200222
11110001010022122
11010221010111122
00210221100001112
00200022100001102
00000000101110002
STEP 40 P1 MOVE 2 0 4 0
OWN
00022000002200022
22011111222201022
10022222002201022
11100011102200022
10220001022200222
11110001010022122
11010221010111122
00210221100001112
00200022100001102
00000000101110002
STEP 41 P2 MOVE 0 1 2 1
OWN
02022000002200022
22011111222201022
12022222002201022
11100011102200022
10220001022200222
11110001010022122
11010221010111122
00210221100001112
00200022100001102
00000000101110002
STEP 42 P1 MOVE -1 -1 -1 -1
OWN
02022000002200022
22011111222201022
12022222002201022
11100011102200022
10220001022200222
11110001010022122
11010221010111122
00210221100001112
00200022100001102
00000000101110002
STEP 43 P2 MOVE -1 -1 -1 -1
OWN
02022000002200022
22011111222201022
12022222002201022
11100011102200022
10220001022200222
11110001010022122
11010221010111122
00210221100001112
00200022100001102
00000000101110002
RESULT first=45 second=54 winner=2
ANALYSIS winner=P2 score=45-54 reason=탈취우위(+5칸 빼앗음,2배효과) / 역전승 steal(w/l)=10/5 neu(w/l)=49/50
