BOARD
85963716858491386
36414296721194278
27396931939277887
91245667525466699
31771914717429432
51758619864658884
38963441563419142
69931652499886583
85156984595111395
73447819517727496
STEP 0 P1 MOVE 0 13 1 14
OWN
00000000000001100
00000000000001100
00000000000000000
00000000000000000
00000000000000000
00000000000000000
00000000000000000
00000000000000000
00000000000000000
00000000000000000
STEP 1 P2 MOVE 4 0 5 1
OWN
00000000000001100
00000000000001100
00000000000000000
00000000000000000
22000000000000000
22000000000000000
00000000000000000
00000000000000000
00000000000000000
00000000000000000
STEP 2 P1 MOVE 0 9 2 9
OWN
00000000010001100
00000000010001100
00000000010000000
00000000000000000
22000000000000000
22000000000000000
00000000000000000
00000000000000000
00000000000000000
00000000000000000
STEP 3 P2 MOVE 7 3 7 5
OWN
00000000010001100
00000000010001100
00000000010000000
00000000000000000
22000000000000000
22000000000000000
00000000000000000
00022200000000000
00000000000000000
00000000000000000
STEP 4 P1 MOVE 9 6 9 7
OWN
00000000010001100
00000000010001100
00000000010000000
00000000000000000
22000000000000000
22000000000000000
00000000000000000
00022200000000000
00000000000000000
00000011000000000
STEP 5 P2 MOVE 3 11 3 12
OWN
00000000010001100
00000000010001100
00000000010000000
00000000000220000
22000000000000000
22000000000000000
00000000000000000
00022200000000000
00000000000000000
00000011000000000
STEP 6 P1 MOVE 6 12 6 13
OWN
00000000010001100
00000000010001100
00000000010000000
00000000000220000
22000000000000000
22000000000000000
00000000000011000
00022200000000000
00000000000000000
00000011000000000
STEP 7 P2 MOVE 3 0 3 1
OWN
00000000010001100
00000000010001100
00000000010000000
22000000000220000
22000000000000000
22000000000000000
00000000000011000
00022200000000000
00000000000000000
00000011000000000
STEP 8 P1 MOVE 0 4 0 5
OWN
00001100010001100
00000000010001100
00000000010000000
22000000000220000
22000000000000000
22000000000000000
00000000000011000
00022200000000000
00000000000000000
00000011000000000
STEP 9 P2 MOVE 8 9 9 9
OWN
00001100010001100
00000000010001100
00000000010000000
22000000000220000
22000000000000000
22000000000000000
00000000000011000
00022200000000000
00000000020000000
00000011020000000
STEP 10 P1 MOVE 4 4 4 5
OWN
00001100010001100
00000000010001100
00000000010000000
22000000000220000
22001100000000000
22000000000000000
00000000000011000
00022200000000000
00000000020000000
00000011020000000
STEP 11 P2 MOVE 1 4 2 4
OWN
00001100010001100
00002000010001100
00002000010000000
22000000000220000
22001100000000000
22000000000000000
00000000000011000
00022200000000000
00000000020000000
00000011020000000
STEP 12 P1 MOVE 0 6 1 6
OWN
00001110010001100
00002010010001100
00002000010000000
22000000000220000
22001100000000000
22000000000000000
00000000000011000
00022200000000000
00000000020000000
00000011020000000
STEP 13 P2 MOVE 6 6 6 8
OWN
00001110010001100
00002010010001100
00002000010000000
22000000000220000
22001100000000000
22000000000000000
00000022200011000
00022200000000000
00000000020000000
00000011020000000
STEP 14 P1 MOVE 1 1 1 2
OWN
00001110010001100
01102010010001100
00002000010000000
22000000000220000
22001100000000000
22000000000000000
00000022200011000
00022200000000000
00000000020000000
00000011020000000
STEP 15 P2 MOVE 3 14 4 14
OWN
00001110010001100
01102010010001100
00002000010000000
22000000000220200
22001100000000200
22000000000000000
00000022200011000
00022200000000000
00000000020000000
00000011020000000
STEP 16 P1 MOVE 7 2 8 2
OWN
00001110010001100
01102010010001100
00002000010000000
22000000000220200
22001100000000200
22000000000000000
00000022200011000
00122200000000000
00100000020000000
00000011020000000
STEP 17 P2 MOVE 9 0 9 1
OWN
00001110010001100
01102010010001100
00002000010000000
22000000000220200
22001100000000200
22000000000000000
00000022200011000
00122200000000000
00100000020000000
22000011020000000
STEP 18 P1 MOVE 1 11 1 12
OWN
00001110010001100
01102010010111100
00002000010000000
22000000000220200
22001100000000200
22000000000000000
00000022200011000
00122200000000000
00100000020000000
22000011020000000
STEP 19 P2 MOVE 0 11 4 11
OWN
00001110010201100
01102010010211100
00002000010200000
22000000000220200
22001100000200200
22000000000000000
00000022200011000
00122200000000000
00100000020000000
22000011020000000
STEP 20 P1 MOVE 4 9 4 12
OWN
00001110010201100
01102010010211100
00002000010200000
22000000000220200
22001100011110200
22000000000000000
00000022200011000
00122200000000000
00100000020000000
22000011020000000
STEP 21 P2 MOVE 2 7 2 8
OWN
00001110010201100
01102010010211100
00002002210200000
22000000000220200
22001100011110200
22000000000000000
00000022200011000
00122200000000000
00100000020000000
22000011020000000
STEP 22 P1 MOVE 2 6 4 6
OWN
00001110010201100
01102010010211100
00002012210200000
22000010000220200
22001110011110200
22000000000000000
00000022200011000
00122200000000000
00100000020000000
22000011020000000
STEP 23 P2 MOVE 1 10 2 10
OWN
00001110010201100
01102010012211100
00002012212200000
22000010000220200
22001110011110200
22000000000000000
00000022200011000
00122200000000000
00100000020000000
22000011020000000
STEP 24 P1 MOVE 2 1 2 2
OWN
00001110010201100
01102010012211100
01102012212200000
22000010000220200
22001110011110200
22000000000000000
00000022200011000
00122200000000000
00100000020000000
22000011020000000
STEP 25 P2 MOVE 5 10 5 11
OWN
00001110010201100
01102010012211100
01102012212200000
22000010000220200
22001110011110200
22000000002200000
00000022200011000
00122200000000000
00100000020000000
22000011020000000
STEP 26 P1 MOVE 3 10 5 12
OWN
00001110010201100
01102010012211100
01102012212200000
22000010001110200
22001110011110200
22000000001110000
00000022200011000
00122200000000000
00100000020000000
22000011020000000
STEP 27 P2 MOVE 0 9 3 10
OWN
00001110022201100
01102010022211100
01102012222200000
22000010022110200
22001110011110200
22000000001110000
00000022200011000
00122200000000000
00100000020000000
22000011020000000
STEP 28 P1 MOVE 5 5 6 5
OWN
00001110022201100
01102010022211100
01102012222200000
22000010022110200
22001110011110200
22000100001110000
00000122200011000
00122200000000000
00100000020000000
22000011020000000
STEP 29 P2 MOVE 8 1 8 3
OWN
00001110022201100
01102010022211100
01102012222200000
22000010022110200
22001110011110200
22000100001110000
00000122200011000
00122200000000000
02220000020000000
22000011020000000
STEP 30 P1 MOVE 6 3 9 3
OWN
00001110022201100
01102010022211100
01102012222200000
22000010022110200
22001110011110200
22000100001110000
00010122200011000
00112200000000000
02210000020000000
22010011020000000
STEP 31 P2 MOVE 6 4 7 7
OWN
00001110022201100
01102010022211100
01102012222200000
22000010022110200
22001110011110200
22000100001110000
00012222200011000
00112222000000000
02210000020000000
22010011020000000
STEP 32 P1 MOVE 5 6 5 7
OWN
00001110022201100
01102010022211100
01102012222200000
22000010022110200
22001110011110200
22000111001110000
00012222200011000
00112222000000000
02210000020000000
22010011020000000
STEP 33 P2 MOVE 8 8 9 8
OWN
00001110022201100
01102010022211100
01102012222200000
22000010022110200
22001110011110200
22000111001110000
00012222200011000
00112222000000000
02210000220000000
22010011220000000
STEP 34 P1 MOVE 8 7 8 11
OWN
00001110022201100
01102010022211100
01102012222200000
22000010022110200
22001110011110200
22000111001110000
00012222200011000
00112222000000000
02210001111100000
22010011220000000
STEP 35 P2 MOVE 8 6 8 13
OWN
00001110022201100
01102010022211100
01102012222200000
22000010022110200
22001110011110200
22000111001110000
00012222200011000
00112222000000000
02210022222222000
22010011220000000
STEP 36 P1 MOVE 7 12 9 12
OWN
00001110022201100
01102010022211100
01102012222200000
22000010022110200
22001110011110200
22000111001110000
00012222200011000
00112222000010000
02210022222212000
22010011220010000
STEP 37 P2 MOVE -1 -1 -1 -1
OWN
00001110022201100
01102010022211100
01102012222200000
22000010022110200
22001110011110200
22000111001110000
00012222200011000
00112222000010000
02210022222212000
22010011220010000
STEP 38 P1 MOVE -1 -1 -1 -1
OWN
00001110022201100
01102010022211100
01102012222200000
22000010022110200
22001110011110200
22000111001110000
00012222200011000
00112222000010000
02210022222212000
22010011220010000
RESULT first=42 second=45 winner=2
ANALYSIS winner=P2 score=42-45 reason=斬模犒м辦嬪 steal(w/l)=12/10 neu(w/l)=43/44
