BOARD
32864488385854526
93434469484551674
79695559258938344
73798245969828383
82429647991328773
77357636653791733
71999892157789873
43365812693934523
43526266256377979
15715752453638226
STEP 0 P1 MOVE 5 14 5 15
OWN
00000000000000000
00000000000000000
00000000000000000
00000000000000000
00000000000000000
00000000000000110
00000000000000000
00000000000000000
00000000000000000
00000000000000000
STEP 1 P2 MOVE 9 14 9 16
OWN
00000000000000000
00000000000000000
00000000000000000
00000000000000000
00000000000000000
00000000000000110
00000000000000000
00000000000000000
00000000000000000
00000000000000222
STEP 2 P1 MOVE 1 1 1 3
OWN
00000000000000000
01110000000000000
00000000000000000
00000000000000000
00000000000000000
00000000000000110
00000000000000000
00000000000000000
00000000000000000
00000000000000222
STEP 3 P2 MOVE 4 5 4 6
OWN
00000000000000000
01110000000000000
00000000000000000
00000000000000000
00000220000000000
00000000000000110
00000000000000000
00000000000000000
00000000000000000
00000000000000222
STEP 4 P1 MOVE 7 0 7 2
OWN
00000000000000000
01110000000000000
00000000000000000
00000000000000000
00000220000000000
00000000000000110
00000000000000000
11100000000000000
00000000000000000
00000000000000222
STEP 5 P2 MOVE 7 14 7 16
OWN
00000000000000000
01110000000000000
00000000000000000
00000000000000000
00000220000000000
00000000000000110
00000000000000000
11100000000000222
00000000000000000
00000000000000222
STEP 6 P1 MOVE 5 1 5 2
OWN
00000000000000000
01110000000000000
00000000000000000
00000000000000000
00000220000000000
01100000000000110
00000000000000000
11100000000000222
00000000000000000
00000000000000222
STEP 7 P2 MOVE 0 16 1 16
OWN
00000000000000002
01110000000000002
00000000000000000
00000000000000000
00000220000000000
01100000000000110
00000000000000000
11100000000000222
00000000000000000
00000000000000222
STEP 8 P1 MOVE 3 4 3 5
OWN
00000000000000002
01110000000000002
00000000000000000
00001100000000000
00000220000000000
01100000000000110
00000000000000000
11100000000000222
00000000000000000
00000000000000222
STEP 9 P2 MOVE 8 9 9 9
OWN
00000000000000002
01110000000000002
00000000000000000
00001100000000000
00000220000000000
01100000000000110
00000000000000000
11100000000000222
00000000020000000
00000000020000222
STEP 10 P1 MOVE 4 0 4 1
OWN
00000000000000002
01110000000000002
00000000000000000
00001100000000000
11000220000000000
01100000000000110
00000000000000000
11100000000000222
00000000020000000
00000000020000222
STEP 11 P2 MOVE 8 11 8 12
OWN
00000000000000002
01110000000000002
00000000000000000
00001100000000000
11000220000000000
01100000000000110
00000000000000000
11100000000000222
00000000020220000
00000000020000222
STEP 12 P1 MOVE 4 9 4 10
OWN
00000000000000002
01110000000000002
00000000000000000
00001100000000000
11000220011000000
01100000000000110
00000000000000000
11100000000000222
00000000020220000
00000000020000222
STEP 13 P2 MOVE 3 0 3 1
OWN
00000000000000002
01110000000000002
00000000000000000
22001100000000000
11000220011000000
01100000000000110
00000000000000000
11100000000000222
00000000020220000
00000000020000222
STEP 14 P1 MOVE 5 13 6 13
OWN
00000000000000002
01110000000000002
00000000000000000
22001100000000000
11000220011000000
01100000000001110
00000000000001000
11100000000000222
00000000020220000
00000000020000222
STEP 15 P2 MOVE 0 3 0 4
OWN
00022000000000002
01110000000000002
00000000000000000
22001100000000000
11000220011000000
01100000000001110
00000000000001000
11100000000000222
00000000020220000
00000000020000222
STEP 16 P1 MOVE 5 7 7 7
OWN
00022000000000002
01110000000000002
00000000000000000
22001100000000000
11000220011000000
01100001000001110
00000001000001000
11100001000000222
00000000020220000
00000000020000222
STEP 17 P2 MOVE 6 6 6 8
OWN
00022000000000002
01110000000000002
00000000000000000
22001100000000000
11000220011000000
01100001000001110
00000022200001000
11100001000000222
00000000020220000
00000000020000222
STEP 18 P1 MOVE 5 6 8 6
OWN
00022000000000002
01110000000000002
00000000000000000
22001100000000000
11000220011000000
01100011000001110
00000012200001000
11100011000000222
00000010020220000
00000000020000222
STEP 19 P2 MOVE 8 5 8 8
OWN
00022000000000002
01110000000000002
00000000000000000
22001100000000000
11000220011000000
01100011000001110
00000012200001000
11100011000000222
00000222220220000
00000000020000222
STEP 20 P1 MOVE 7 8 9 8
OWN
00022000000000002
01110000000000002
00000000000000000
22001100000000000
11000220011000000
01100011000001110
00000012200001000
11100011100000222
00000222120220000
00000000120000222
STEP 21 P2 MOVE 5 10 6 10
OWN
00022000000000002
01110000000000002
00000000000000000
22001100000000000
11000220011000000
01100011002001110
00000012202001000
11100011100000222
00000222120220000
00000000120000222
STEP 22 P1 MOVE 6 1 6 2
OWN
00022000000000002
01110000000000002
00000000000000000
22001100000000000
11000220011000000
01100011002001110
01100012202001000
11100011100000222
00000222120220000
00000000120000222
STEP 23 P2 MOVE 6 15 6 16
OWN
00022000000000002
01110000000000002
00000000000000000
22001100000000000
11000220011000000
01100011002001110
01100012202001022
11100011100000222
00000222120220000
00000000120000222
STEP 24 P1 MOVE 5 9 6 9
OWN
00022000000000002
01110000000000002
00000000000000000
22001100000000000
11000220011000000
01100011012001110
01100012212001022
11100011100000222
00000222120220000
00000000120000222
STEP 25 P2 MOVE 3 14 4 14
OWN
00022000000000002
01110000000000002
00000000000000000
22001100000000200
11000220011000200
01100011012001110
01100012212001022
11100011100000222
00000222120220000
00000000120000222
STEP 26 P1 MOVE 4 11 5 11
OWN
00022000000000002
01110000000000002
00000000000000000
22001100000000200
11000220011100200
01100011012101110
01100012212001022
11100011100000222
00000222120220000
00000000120000222
STEP 27 P2 MOVE 4 12 4 13
OWN
00022000000000002
01110000000000002
00000000000000000
22001100000000200
11000220011122200
01100011012101110
01100012212001022
11100011100000222
00000222120220000
00000000120000222
STEP 28 P1 MOVE 3 11 3 12
OWN
00022000000000002
01110000000000002
00000000000000000
22001100000110200
11000220011122200
01100011012101110
01100012212001022
11100011100000222
00000222120220000
00000000120000222
STEP 29 P2 MOVE 0 1 0 2
OWN
02222000000000002
01110000000000002
00000000000000000
22001100000110200
11000220011122200
01100011012101110
01100012212001022
11100011100000222
00000222120220000
00000000120000222
STEP 30 P1 MOVE 1 5 1 6
OWN
02222000000000002
01110110000000002
00000000000000000
22001100000110200
11000220011122200
01100011012101110
01100012212001022
11100011100000222
00000222120220000
00000000120000222
STEP 31 P2 MOVE 1 11 1 12
OWN
02222000000000002
01110110000220002
00000000000000000
22001100000110200
11000220011122200
01100011012101110
01100012212001022
11100011100000222
00000222120220000
00000000120000222
STEP 32 P1 MOVE 9 6 9 10
OWN
02222000000000002
01110110000220002
00000000000000000
22001100000110200
11000220011122200
01100011012101110
01100012212001022
11100011100000222
00000222120220000
00000011111000222
STEP 33 P2 MOVE 3 5 5 6
OWN
02222000000000002
01110110000220002
00000000000000000
22001220000110200
11000220011122200
01100221012101110
01100012212001022
11100011100000222
00000222120220000
00000011111000222
STEP 34 P1 MOVE 2 4 2 5
OWN
02222000000000002
01110110000220002
00001100000000000
22001220000110200
11000220011122200
01100221012101110
01100012212001022
11100011100000222
00000222120220000
00000011111000222
STEP 35 P2 MOVE 2 16 4 16
OWN
02222000000000002
01110110000220002
00001100000000002
22001220000110202
11000220011122202
01100221012101110
01100012212001022
11100011100000222
00000222120220000
00000011111000222
STEP 36 P1 MOVE 4 15 5 16
OWN
02222000000000002
01110110000220002
00001100000000002
22001220000110202
11000220011122211
01100221012101111
01100012212001022
11100011100000222
00000222120220000
00000011111000222
STEP 37 P2 MOVE -1 -1 -1 -1
OWN
02222000000000002
01110110000220002
00001100000000002
22001220000110202
11000220011122211
01100221012101111
01100012212001022
11100011100000222
00000222120220000
00000011111000222
STEP 38 P1 MOVE -1 -1 -1 -1
OWN
02222000000000002
01110110000220002
00001100000000002
22001220000110202
11000220011122211
01100221012101111
01100012212001022
11100011100000222
00000222120220000
00000011111000222
RESULT first=43 second=40 winner=1
ANALYSIS winner=P1 score=43-40 reason=綴蘊摹薄(+3) / 摹奢檜薄 / 羲瞪蝓 steal(w/l)=4/4 neu(w/l)=43/40
