BOARD
97565395214775967
39134399469225729
83796176161861742
94496152549993556
63625611618581455
28193787345324195
66137255782929449
53518784979828448
64619716394663457
68292914938889399
STEP 0 P1 MOVE 1 13 4 13
OWN
00000000000000000
00000000000001000
00000000000001000
00000000000001000
00000000000001000
00000000000000000
00000000000000000
00000000000000000
00000000000000000
00000000000000000
STEP 1 P2 MOVE 5 11 5 14
OWN
00000000000000000
00000000000001000
00000000000001000
00000000000001000
00000000000001000
00000000000222200
00000000000000000
00000000000000000
00000000000000000
00000000000000000
STEP 2 P1 MOVE 4 12 6 12
OWN
00000000000000000
00000000000001000
00000000000001000
00000000000001000
00000000000011000
00000000000212200
00000000000010000
00000000000000000
00000000000000000
00000000000000000
STEP 3 P2 MOVE 8 6 8 8
OWN
00000000000000000
00000000000001000
00000000000001000
00000000000001000
00000000000011000
00000000000212200
00000000000010000
00000000000000000
00000022200000000
00000000000000000
STEP 4 P1 MOVE 1 8 3 8
OWN
00000000000000000
00000000100001000
00000000100001000
00000000100001000
00000000000011000
00000000000212200
00000000000010000
00000000000000000
00000022200000000
00000000000000000
STEP 5 P2 MOVE 4 15 4 16
OWN
00000000000000000
00000000100001000
00000000100001000
00000000100001000
00000000000011022
00000000000212200
00000000000010000
00000000000000000
00000022200000000
00000000000000000
STEP 6 P1 MOVE 6 2 7 3
OWN
00000000000000000
00000000100001000
00000000100001000
00000000100001000
00000000000011022
00000000000212200
00110000000010000
00110000000000000
00000022200000000
00000000000000000
STEP 7 P2 MOVE 5 3 8 3
OWN
00000000000000000
00000000100001000
00000000100001000
00000000100001000
00000000000011022
00020000000212200
00120000000010000
00120000000000000
00020022200000000
00000000000000000
STEP 8 P1 MOVE 4 3 5 4
OWN
00000000000000000
00000000100001000
00000000100001000
00000000100001000
00011000000011022
00011000000212200
00120000000010000
00120000000000000
00020022200000000
00000000000000000
STEP 9 P2 MOVE 2 1 4 1
OWN
00000000000000000
00000000100001000
02000000100001000
02000000100001000
02011000000011022
00011000000212200
00120000000010000
00120000000000000
00020022200000000
00000000000000000
STEP 10 P1 MOVE 6 6 6 7
OWN
00000000000000000
00000000100001000
02000000100001000
02000000100001000
02011000000011022
00011000000212200
00120011000010000
00120000000000000
00020022200000000
00000000000000000
STEP 11 P2 MOVE 8 1 8 2
OWN
00000000000000000
00000000100001000
02000000100001000
02000000100001000
02011000000011022
00011000000212200
00120011000010000
00120000000000000
02220022200000000
00000000000000000
STEP 12 P1 MOVE 7 12 7 13
OWN
00000000000000000
00000000100001000
02000000100001000
02000000100001000
02011000000011022
00011000000212200
00120011000010000
00120000000011000
02220022200000000
00000000000000000
STEP 13 P2 MOVE 9 5 9 6
OWN
00000000000000000
00000000100001000
02000000100001000
02000000100001000
02011000000011022
00011000000212200
00120011000010000
00120000000011000
02220022200000000
00000220000000000
STEP 14 P1 MOVE 6 9 6 10
OWN
00000000000000000
00000000100001000
02000000100001000
02000000100001000
02011000000011022
00011000000212200
00120011011010000
00120000000011000
02220022200000000
00000220000000000
STEP 15 P2 MOVE 5 8 6 8
OWN
00000000000000000
00000000100001000
02000000100001000
02000000100001000
02011000000011022
00011000200212200
00120011211010000
00120000000011000
02220022200000000
00000220000000000
STEP 16 P1 MOVE 8 10 8 11
OWN
00000000000000000
00000000100001000
02000000100001000
02000000100001000
02011000000011022
00011000200212200
00120011211010000
00120000000011000
02220022201100000
00000220000000000
STEP 17 P2 MOVE 2 10 3 10
OWN
00000000000000000
00000000100001000
02000000102001000
02000000102001000
02011000000011022
00011000200212200
00120011211010000
00120000000011000
02220022201100000
00000220000000000
STEP 18 P1 MOVE 1 4 2 4
OWN
00000000000000000
00001000100001000
02001000102001000
02000000102001000
02011000000011022
00011000200212200
00120011211010000
00120000000011000
02220022201100000
00000220000000000
STEP 19 P2 MOVE 1 1 1 2
OWN
00000000000000000
02201000100001000
02001000102001000
02000000102001000
02011000000011022
00011000200212200
00120011211010000
00120000000011000
02220022201100000
00000220000000000
STEP 20 P1 MOVE 1 11 2 11
OWN
00000000000000000
02201000100101000
02001000102101000
02000000102001000
02011000000011022
00011000200212200
00120011211010000
00120000000011000
02220022201100000
00000220000000000
STEP 21 P2 MOVE 2 9 3 9
OWN
00000000000000000
02201000100101000
02001000122101000
02000000122001000
02011000000011022
00011000200212200
00120011211010000
00120000000011000
02220022201100000
00000220000000000
STEP 22 P1 MOVE -1 -1 -1 -1
OWN
00000000000000000
02201000100101000
02001000122101000
02000000122001000
02011000000011022
00011000200212200
00120011211010000
00120000000011000
02220022201100000
00000220000000000
STEP 23 P2 MOVE 3 7 4 9
OWN
00000000000000000
02201000100101000
02001000122101000
02000002222001000
02011002220011022
00011000200212200
00120011211010000
00120000000011000
02220022201100000
00000220000000000
STEP 24 P1 MOVE 1 9 5 9
OWN
00000000000000000
02201000110101000
02001000112101000
02000002212001000
02011002210011022
00011000210212200
00120011211010000
00120000000011000
02220022201100000
00000220000000000
STEP 25 P2 MOVE 2 3 2 5
OWN
00000000000000000
02201000110101000
02022200112101000
02000002212001000
02011002210011022
00011000210212200
00120011211010000
00120000000011000
02220022201100000
00000220000000000
STEP 26 P1 MOVE 1 4 3 5
OWN
00000000000000000
02201100110101000
02021100112101000
02001102212001000
02011002210011022
00011000210212200
00120011211010000
00120000000011000
02220022201100000
00000220000000000
STEP 27 P2 MOVE 1 2 2 3
OWN
00000000000000000
02221100110101000
02221100112101000
02001102212001000
02011002210011022
00011000210212200
00120011211010000
00120000000011000
02220022201100000
00000220000000000
STEP 28 P1 MOVE -1 -1 -1 -1
OWN
00000000000000000
02221100110101000
02221100112101000
02001102212001000
02011002210011022
00011000210212200
00120011211010000
00120000000011000
02220022201100000
00000220000000000
STEP 29 P2 MOVE 5 0 5 1
OWN
00000000000000000
02221100110101000
02221100112101000
02001102212001000
02011002210011022
22011000210212200
00120011211010000
00120000000011000
02220022201100000
00000220000000000
STEP 30 P1 MOVE 5 1 7 2
OWN
00000000000000000
02221100110101000
02221100112101000
02001102212001000
02011002210011022
21111000210212200
01120011211010000
01120000000011000
02220022201100000
00000220000000000
STEP 31 P2 MOVE 3 2 4 2
OWN
00000000000000000
02221100110101000
02221100112101000
02201102212001000
02211002210011022
21111000210212200
01120011211010000
01120000000011000
02220022201100000
00000220000000000
STEP 32 P1 MOVE 9 1 9 2
OWN
00000000000000000
02221100110101000
02221100112101000
02201102212001000
02211002210011022
21111000210212200
01120011211010000
01120000000011000
02220022201100000
01100220000000000
STEP 33 P2 MOVE -1 -1 -1 -1
OWN
00000000000000000
02221100110101000
02221100112101000
02201102212001000
02211002210011022
21111000210212200
01120011211010000
01120000000011000
02220022201100000
01100220000000000
STEP 34 P1 MOVE -1 -1 -1 -1
OWN
00000000000000000
02221100110101000
02221100112101000
02201102212001000
02211002210011022
21111000210212200
01120011211010000
01120000000011000
02220022201100000
01100220000000000
RESULT first=42 second=34 winner=1
ANALYSIS winner=P1 score=42-34 reason=Ĺ»ĂëżěŔ§(+4Ä­ »©ľŃŔ˝,2ąčČż°ú) steal(w/l)=8/4 neu(w/l)=38/38
