BOARD
21544329271124491
94974851376534622
72665189272956421
45242758636645239
43875946141675246
48783534995776439
82123372778959129
56257381593925943
63991681265414228
29338935974945768
STEP 0 P1 MOVE 6 2 7 3
OWN
00000000000000000
00000000000000000
00000000000000000
00000000000000000
00000000000000000
00000000000000000
00110000000000000
00110000000000000
00000000000000000
00000000000000000
STEP 1 P2 MOVE 2 9 3 9
OWN
00000000000000000
00000000000000000
00000000020000000
00000000020000000
00000000000000000
00000000000000000
00110000000000000
00110000000000000
00000000000000000
00000000000000000
STEP 2 P1 MOVE 5 1 6 1
OWN
00000000000000000
00000000000000000
00000000020000000
00000000020000000
00000000000000000
01000000000000000
01110000000000000
00110000000000000
00000000000000000
00000000000000000
STEP 3 P2 MOVE 0 7 1 7
OWN
00000002000000000
00000002000000000
00000000020000000
00000000020000000
00000000000000000
01000000000000000
01110000000000000
00110000000000000
00000000000000000
00000000000000000
STEP 4 P1 MOVE 2 3 3 3
OWN
00000002000000000
00000002000000000
00010000020000000
00010000020000000
00000000000000000
01000000000000000
01110000000000000
00110000000000000
00000000000000000
00000000000000000
STEP 5 P2 MOVE 1 14 2 14
OWN
00000002000000000
00000002000000200
00010000020000200
00010000020000000
00000000000000000
01000000000000000
01110000000000000
00110000000000000
00000000000000000
00000000000000000
STEP 6 P1 MOVE 5 14 6 15
OWN
00000002000000000
00000002000000200
00010000020000200
00010000020000000
00000000000000000
01000000000000110
01110000000000110
00110000000000000
00000000000000000
00000000000000000
STEP 7 P2 MOVE 0 1 0 3
OWN
02220002000000000
00000002000000200
00010000020000200
00010000020000000
00000000000000000
01000000000000110
01110000000000110
00110000000000000
00000000000000000
00000000000000000
STEP 8 P1 MOVE 3 4 5 4
OWN
02220002000000000
00000002000000200
00010000020000200
00011000020000000
00001000000000000
01001000000000110
01110000000000110
00110000000000000
00000000000000000
00000000000000000
STEP 9 P2 MOVE 0 15 0 16
OWN
02220002000000022
00000002000000200
00010000020000200
00011000020000000
00001000000000000
01001000000000110
01110000000000110
00110000000000000
00000000000000000
00000000000000000
STEP 10 P1 MOVE 0 12 0 14
OWN
02220002000011122
00000002000000200
00010000020000200
00011000020000000
00001000000000000
01001000000000110
01110000000000110
00110000000000000
00000000000000000
00000000000000000
STEP 11 P2 MOVE 6 5 6 6
OWN
02220002000011122
00000002000000200
00010000020000200
00011000020000000
00001000000000000
01001000000000110
01110220000000110
00110000000000000
00000000000000000
00000000000000000
STEP 12 P1 MOVE 8 3 8 4
OWN
02220002000011122
00000002000000200
00010000020000200
00011000020000000
00001000000000000
01001000000000110
01110220000000110
00110000000000000
00011000000000000
00000000000000000
STEP 13 P2 MOVE 3 11 3 12
OWN
02220002000011122
00000002000000200
00010000020000200
00011000020220000
00001000000000000
01001000000000110
01110220000000110
00110000000000000
00011000000000000
00000000000000000
STEP 14 P1 MOVE 1 13 2 13
OWN
02220002000011122
00000002000001200
00010000020001200
00011000020220000
00001000000000000
01001000000000110
01110220000000110
00110000000000000
00011000000000000
00000000000000000
STEP 15 P2 MOVE 4 15 8 15
OWN
02220002000011122
00000002000001200
00010000020001200
00011000020220000
00001000000000020
01001000000000120
01110220000000120
00110000000000020
00011000000000020
00000000000000000
STEP 16 P1 MOVE 7 4 7 5
OWN
02220002000011122
00000002000001200
00010000020001200
00011000020220000
00001000000000020
01001000000000120
01110220000000120
00111100000000020
00011000000000020
00000000000000000
STEP 17 P2 MOVE 8 14 8 16
OWN
02220002000011122
00000002000001200
00010000020001200
00011000020220000
00001000000000020
01001000000000120
01110220000000120
00111100000000020
00011000000000222
00000000000000000
STEP 18 P1 MOVE 3 13 4 13
OWN
02220002000011122
00000002000001200
00010000020001200
00011000020221000
00001000000001020
01001000000000120
01110220000000120
00111100000000020
00011000000000222
00000000000000000
STEP 19 P2 MOVE 2 16 3 16
OWN
02220002000011122
00000002000001200
00010000020001202
00011000020221002
00001000000001020
01001000000000120
01110220000000120
00111100000000020
00011000000000222
00000000000000000
STEP 20 P1 MOVE 0 8 0 10
OWN
02220002111011122
00000002000001200
00010000020001202
00011000020221002
00001000000001020
01001000000000120
01110220000000120
00111100000000020
00011000000000222
00000000000000000
STEP 21 P2 MOVE 0 4 0 11
OWN
02222222222211122
00000002000001200
00010000020001202
00011000020221002
00001000000001020
01001000000000120
01110220000000120
00111100000000020
00011000000000222
00000000000000000
STEP 22 P1 MOVE 1 12 3 14
OWN
02222222222211122
00000002000011100
00010000020011102
00011000020211102
00001000000001020
01001000000000120
01110220000000120
00111100000000020
00011000000000222
00000000000000000
STEP 23 P2 MOVE 8 10 8 12
OWN
02222222222211122
00000002000011100
00010000020011102
00011000020211102
00001000000001020
01001000000000120
01110220000000120
00111100000000020
00011000002220222
00000000000000000
STEP 24 P1 MOVE 8 9 8 13
OWN
02222222222211122
00000002000011100
00010000020011102
00011000020211102
00001000000001020
01001000000000120
01110220000000120
00111100000000020
00011000011111222
00000000000000000
STEP 25 P2 MOVE 7 13 9 13
OWN
02222222222211122
00000002000011100
00010000020011102
00011000020211102
00001000000001020
01001000000000120
01110220000000120
00111100000002020
00011000011112222
00000000000002000
STEP 26 P1 MOVE -1 -1 -1 -1
OWN
02222222222211122
00000002000011100
00010000020011102
00011000020211102
00001000000001020
01001000000000120
01110220000000120
00111100000002020
00011000011112222
00000000000002000
STEP 27 P2 MOVE 4 6 4 7
OWN
02222222222211122
00000002000011100
00010000020011102
00011000020211102
00001022000001020
01001000000000120
01110220000000120
00111100000002020
00011000011112222
00000000000002000
STEP 28 P1 MOVE 4 5 4 8
OWN
02222222222211122
00000002000011100
00010000020011102
00011000020211102
00001111100001020
01001000000000120
01110220000000120
00111100000002020
00011000011112222
00000000000002000
STEP 29 P2 MOVE 3 2 4 2
OWN
02222222222211122
00000002000011100
00010000020011102
00211000020211102
00201111100001020
01001000000000120
01110220000000120
00111100000002020
00011000011112222
00000000000002000
STEP 30 P1 MOVE 4 1 4 3
OWN
02222222222211122
00000002000011100
00010000020011102
00211000020211102
01111111100001020
01001000000000120
01110220000000120
00111100000002020
00011000011112222
00000000000002000
STEP 31 P2 MOVE 1 8 1 9
OWN
02222222222211122
00000002220011100
00010000020011102
00211000020211102
01111111100001020
01001000000000120
01110220000000120
00111100000002020
00011000011112222
00000000000002000
STEP 32 P1 MOVE 3 8 4 9
OWN
02222222222211122
00000002220011100
00010000020011102
00211000110211102
01111111110001020
01001000000000120
01110220000000120
00111100000002020
00011000011112222
00000000000002000
STEP 33 P2 MOVE 1 8 2 10
OWN
02222222222211122
00000002222011100
00010000222011102
00211000110211102
01111111110001020
01001000000000120
01110220000000120
00111100000002020
00011000011112222
00000000000002000
STEP 34 P1 MOVE -1 -1 -1 -1
OWN
02222222222211122
00000002222011100
00010000222011102
00211000110211102
01111111110001020
01001000000000120
01110220000000120
00111100000002020
00011000011112222
00000000000002000
STEP 35 P2 MOVE -1 -1 -1 -1
OWN
02222222222211122
00000002222011100
00010000222011102
00211000110211102
01111111110001020
01001000000000120
01110220000000120
00111100000002020
00011000011112222
00000000000002000
RESULT first=44 second=36 winner=1
ANALYSIS winner=P1 score=44-36 reason=Ĺ»ĂëżěŔ§(+4Ä­ »©ľŃŔ˝,2ąčČż°ú) steal(w/l)=10/6 neu(w/l)=40/40
