BOARD
96363575195626191
28616811462363286
25323988677158991
26982277487154431
22231381893959871
79599368582692687
18824693824524717
68913286929498434
74549978438289416
75446619318652278
STEP 0 P1 MOVE 0 16 4 16
OWN
00000000000000001
00000000000000001
00000000000000001
00000000000000001
00000000000000001
00000000000000000
00000000000000000
00000000000000000
00000000000000000
00000000000000000
STEP 1 P2 MOVE 4 0 4 4
OWN
00000000000000001
00000000000000001
00000000000000001
00000000000000001
22222000000000001
00000000000000000
00000000000000000
00000000000000000
00000000000000000
00000000000000000
STEP 2 P1 MOVE 6 3 7 4
OWN
00000000000000001
00000000000000001
00000000000000001
00000000000000001
22222000000000001
00000000000000000
00011000000000000
00011000000000000
00000000000000000
00000000000000000
STEP 3 P2 MOVE 0 11 2 11
OWN
00000000000200001
00000000000200001
00000000000200001
00000000000000001
22222000000000001
00000000000000000
00011000000000000
00011000000000000
00000000000000000
00000000000000000
STEP 4 P1 MOVE 7 14 9 14
OWN
00000000000200001
00000000000200001
00000000000200001
00000000000000001
22222000000000001
00000000000000000
00011000000000000
00011000000000100
00000000000000100
00000000000000100
STEP 5 P2 MOVE 2 8 3 8
OWN
00000000000200001
00000000000200001
00000000200200001
00000000200000001
22222000000000001
00000000000000000
00011000000000000
00011000000000100
00000000000000100
00000000000000100
STEP 6 P1 MOVE 5 9 6 9
OWN
00000000000200001
00000000000200001
00000000200200001
00000000200000001
22222000000000001
00000000010000000
00011000010000000
00011000000000100
00000000000000100
00000000000000100
STEP 7 P2 MOVE 3 12 4 12
OWN
00000000000200001
00000000000200001
00000000200200001
00000000200020001
22222000000020001
00000000010000000
00011000010000000
00011000000000100
00000000000000100
00000000000000100
STEP 8 P1 MOVE 0 14 0 15
OWN
00000000000200111
00000000000200001
00000000200200001
00000000200020001
22222000000020001
00000000010000000
00011000010000000
00011000000000100
00000000000000100
00000000000000100
STEP 9 P2 MOVE 1 14 1 15
OWN
00000000000200111
00000000000200221
00000000200200001
00000000200020001
22222000000020001
00000000010000000
00011000010000000
00011000000000100
00000000000000100
00000000000000100
STEP 10 P1 MOVE 7 16 8 16
OWN
00000000000200111
00000000000200221
00000000200200001
00000000200020001
22222000000020001
00000000010000000
00011000010000000
00011000000000101
00000000000000101
00000000000000100
STEP 11 P2 MOVE 2 1 2 3
OWN
00000000000200111
00000000000200221
02220000200200001
00000000200020001
22222000000020001
00000000010000000
00011000010000000
00011000000000101
00000000000000101
00000000000000100
STEP 12 P1 MOVE 1 3 2 4
OWN
00000000000200111
00011000000200221
02211000200200001
00000000200020001
22222000000020001
00000000010000000
00011000010000000
00011000000000101
00000000000000101
00000000000000100
STEP 13 P2 MOVE 3 11 4 11
OWN
00000000000200111
00011000000200221
02211000200200001
00000000200220001
22222000000220001
00000000010000000
00011000010000000
00011000000000101
00000000000000101
00000000000000100
STEP 14 P1 MOVE 3 3 3 4
OWN
00000000000200111
00011000000200221
02211000200200001
00011000200220001
22222000000220001
00000000010000000
00011000010000000
00011000000000101
00000000000000101
00000000000000100
STEP 15 P2 MOVE 3 10 4 10
OWN
00000000000200111
00011000000200221
02211000200200001
00011000202220001
22222000002220001
00000000010000000
00011000010000000
00011000000000101
00000000000000101
00000000000000100
STEP 16 P1 MOVE 3 15 4 15
OWN
00000000000200111
00011000000200221
02211000200200001
00011000202220011
22222000002220011
00000000010000000
00011000010000000
00011000000000101
00000000000000101
00000000000000100
STEP 17 P2 MOVE 7 5 7 6
OWN
00000000000200111
00011000000200221
02211000200200001
00011000202220011
22222000002220011
00000000010000000
00011000010000000
00011220000000101
00000000000000101
00000000000000100
STEP 18 P1 MOVE -1 -1 -1 -1
OWN
00000000000200111
00011000000200221
02211000200200001
00011000202220011
22222000002220011
00000000010000000
00011000010000000
00011220000000101
00000000000000101
00000000000000100
STEP 19 P2 MOVE 8 13 8 15
OWN
00000000000200111
00011000000200221
02211000200200001
00011000202220011
22222000002220011
00000000010000000
00011000010000000
00011220000000101
00000000000002221
00000000000000100
STEP 20 P1 MOVE 7 13 9 13
OWN
00000000000200111
00011000000200221
02211000200200001
00011000202220011
22222000002220011
00000000010000000
00011000010000000
00011220000001101
00000000000001221
00000000000001100
STEP 21 P2 MOVE 7 15 9 15
OWN
00000000000200111
00011000000200221
02211000200200001
00011000202220011
22222000002220011
00000000010000000
00011000010000000
00011220000001121
00000000000001221
00000000000001120
STEP 22 P1 MOVE -1 -1 -1 -1
OWN
00000000000200111
00011000000200221
02211000200200001
00011000202220011
22222000002220011
00000000010000000
00011000010000000
00011220000001121
00000000000001221
00000000000001120
STEP 23 P2 MOVE 1 5 1 7
OWN
00000000000200111
00011222000200221
02211000200200001
00011000202220011
22222000002220011
00000000010000000
00011000010000000
00011220000001121
00000000000001221
00000000000001120
STEP 24 P1 MOVE 1 2 1 8
OWN
00000000000200111
00111111100200221
02211000200200001
00011000202220011
22222000002220011
00000000010000000
00011000010000000
00011220000001121
00000000000001221
00000000000001120
STEP 25 P2 MOVE 0 8 0 9
OWN
00000000220200111
00111111100200221
02211000200200001
00011000202220011
22222000002220011
00000000010000000
00011000010000000
00011220000001121
00000000000001221
00000000000001120
STEP 26 P1 MOVE -1 -1 -1 -1
OWN
00000000220200111
00111111100200221
02211000200200001
00011000202220011
22222000002220011
00000000010000000
00011000010000000
00011220000001121
00000000000001221
00000000000001120
STEP 27 P2 MOVE 9 3 9 4
OWN
00000000220200111
00111111100200221
02211000200200001
00011000202220011
22222000002220011
00000000010000000
00011000010000000
00011220000001121
00000000000001221
00022000000001120
STEP 28 P1 MOVE 0 7 0 10
OWN
00000001111200111
00111111100200221
02211000200200001
00011000202220011
22222000002220011
00000000010000000
00011000010000000
00011220000001121
00000000000001221
00022000000001120
STEP 29 P2 MOVE 0 10 1 12
OWN
00000001112220111
00111111102220221
02211000200200001
00011000202220011
22222000002220011
00000000010000000
00011000010000000
00011220000001121
00000000000001221
00022000000001120
STEP 30 P1 MOVE 9 2 9 5
OWN
00000001112220111
00111111102220221
02211000200200001
00011000202220011
22222000002220011
00000000010000000
00011000010000000
00011220000001121
00000000000001221
00111100000001120
STEP 31 P2 MOVE 1 0 1 1
OWN
00000001112220111
22111111102220221
02211000200200001
00011000202220011
22222000002220011
00000000010000000
00011000010000000
00011220000001121
00000000000001221
00111100000001120
STEP 32 P1 MOVE 2 0 3 1
OWN
00000001112220111
22111111102220221
11211000200200001
11011000202220011
22222000002220011
00000000010000000
00011000010000000
00011220000001121
00000000000001221
00111100000001120
STEP 33 P2 MOVE 9 6 9 7
OWN
00000001112220111
22111111102220221
11211000200200001
11011000202220011
22222000002220011
00000000010000000
00011000010000000
00011220000001121
00000000000001221
00111122000001120
STEP 34 P1 MOVE -1 -1 -1 -1
OWN
00000001112220111
22111111102220221
11211000200200001
11011000202220011
22222000002220011
00000000010000000
00011000010000000
00011220000001121
00000000000001221
00111122000001120
STEP 35 P2 MOVE -1 -1 -1 -1
OWN
00000001112220111
22111111102220221
11211000200200001
11011000202220011
22222000002220011
00000000010000000
00011000010000000
00011220000001121
00000000000001221
00111122000001120
RESULT first=44 second=33 winner=1
ANALYSIS winner=P1 score=44-33 reason=Ĺ»ĂëżěŔ§(+8Ä­ »©ľŃŔ˝,2ąčČż°ú) steal(w/l)=10/2 neu(w/l)=36/41
