BOARD
18273132943311349
89742217644676444
79113634371298447
64648156567864253
99523416275542846
87192522446338189
56812838158864127
58313214453989999
74948586362964573
12743475475945118
STEP 0 P1 MOVE 4 4 7 4
OWN
00000000000000000
00000000000000000
00000000000000000
00000000000000000
00001000000000000
00001000000000000
00001000000000000
00001000000000000
00000000000000000
00000000000000000
STEP 1 P2 MOVE 0 5 3 5
OWN
00000200000000000
00000200000000000
00000200000000000
00000200000000000
00001000000000000
00001000000000000
00001000000000000
00001000000000000
00000000000000000
00000000000000000
STEP 2 P1 MOVE 0 2 2 2
OWN
00100200000000000
00100200000000000
00100200000000000
00000200000000000
00001000000000000
00001000000000000
00001000000000000
00001000000000000
00000000000000000
00000000000000000
STEP 3 P2 MOVE 3 14 3 16
OWN
00100200000000000
00100200000000000
00100200000000000
00000200000000222
00001000000000000
00001000000000000
00001000000000000
00001000000000000
00000000000000000
00000000000000000
STEP 4 P1 MOVE 1 6 4 6
OWN
00100200000000000
00100210000000000
00100210000000000
00000210000000222
00001010000000000
00001000000000000
00001000000000000
00001000000000000
00000000000000000
00000000000000000
STEP 5 P2 MOVE 2 4 2 8
OWN
00100200000000000
00100210000000000
00102222200000000
00000210000000222
00001010000000000
00001000000000000
00001000000000000
00001000000000000
00000000000000000
00000000000000000
STEP 6 P1 MOVE 7 10 9 10
OWN
00100200000000000
00100210000000000
00102222200000000
00000210000000222
00001010000000000
00001000000000000
00001000000000000
00001000001000000
00000000001000000
00000000001000000
STEP 7 P2 MOVE 6 14 7 14
OWN
00100200000000000
00100210000000000
00102222200000000
00000210000000222
00001010000000000
00001000000000000
00001000000000200
00001000001000200
00000000001000000
00000000001000000
STEP 8 P1 MOVE 3 0 3 1
OWN
00100200000000000
00100210000000000
00102222200000000
11000210000000222
00001010000000000
00001000000000000
00001000000000200
00001000001000200
00000000001000000
00000000001000000
STEP 9 P2 MOVE 5 2 5 3
OWN
00100200000000000
00100210000000000
00102222200000000
11000210000000222
00001010000000000
00221000000000000
00001000000000200
00001000001000200
00000000001000000
00000000001000000
STEP 10 P1 MOVE 2 1 2 3
OWN
00100200000000000
00100210000000000
01112222200000000
11000210000000222
00001010000000000
00221000000000000
00001000000000200
00001000001000200
00000000001000000
00000000001000000
STEP 11 P2 MOVE 9 14 9 16
OWN
00100200000000000
00100210000000000
01112222200000000
11000210000000222
00001010000000000
00221000000000000
00001000000000200
00001000001000200
00000000001000000
00000000001000222
STEP 12 P1 MOVE 9 0 9 2
OWN
00100200000000000
00100210000000000
01112222200000000
11000210000000222
00001010000000000
00221000000000000
00001000000000200
00001000001000200
00000000001000000
11100000001000222
STEP 13 P2 MOVE 2 9 2 11
OWN
00100200000000000
00100210000000000
01112222222200000
11000210000000222
00001010000000000
00221000000000000
00001000000000200
00001000001000200
00000000001000000
11100000001000222
STEP 14 P1 MOVE 1 9 3 9
OWN
00100200000000000
00100210010000000
01112222212200000
11000210010000222
00001010000000000
00221000000000000
00001000000000200
00001000001000200
00000000001000000
11100000001000222
STEP 15 P2 MOVE 1 3 4 3
OWN
00100200000000000
00120210010000000
01122222212200000
11020210010000222
00021010000000000
00221000000000000
00001000000000200
00001000001000200
00000000001000000
11100000001000222
STEP 16 P1 MOVE 3 3 7 4
OWN
00100200000000000
00120210010000000
01122222212200000
11011210010000222
00011010000000000
00211000000000000
00011000000000200
00011000001000200
00000000001000000
11100000001000222
STEP 17 P2 MOVE 7 2 7 7
OWN
00100200000000000
00120210010000000
01122222212200000
11011210010000222
00011010000000000
00211000000000000
00011000000000200
00222222001000200
00000000001000000
11100000001000222
STEP 18 P1 MOVE 1 10 1 11
OWN
00100200000000000
00120210011100000
01122222212200000
11011210010000222
00011010000000000
00211000000000000
00011000000000200
00222222001000200
00000000001000000
11100000001000222
STEP 19 P2 MOVE 0 10 3 10
OWN
00100200002000000
00120210012100000
01122222212200000
11011210012000222
00011010000000000
00211000000000000
00011000000000200
00222222001000200
00000000001000000
11100000001000222
STEP 20 P1 MOVE 4 6 5 7
OWN
00100200002000000
00120210012100000
01122222212200000
11011210012000222
00011011000000000
00211011000000000
00011000000000200
00222222001000200
00000000001000000
11100000001000222
STEP 21 P2 MOVE 8 12 9 12
OWN
00100200002000000
00120210012100000
01122222212200000
11011210012000222
00011011000000000
00211011000000000
00011000000000200
00222222001000200
00000000001020000
11100000001020222
STEP 22 P1 MOVE 4 13 5 13
OWN
00100200002000000
00120210012100000
01122222212200000
11011210012000222
00011011000001000
00211011000001000
00011000000000200
00222222001000200
00000000001020000
11100000001020222
STEP 23 P2 MOVE 1 13 1 14
OWN
00100200002000000
00120210012102200
01122222212200000
11011210012000222
00011011000001000
00211011000001000
00011000000000200
00222222001000200
00000000001020000
11100000001020222
STEP 24 P1 MOVE 3 12 3 13
OWN
00100200002000000
00120210012102200
01122222212200000
11011210012011222
00011011000001000
00211011000001000
00011000000000200
00222222001000200
00000000001020000
11100000001020222
STEP 25 P2 MOVE 8 15 8 16
OWN
00100200002000000
00120210012102200
01122222212200000
11011210012011222
00011011000001000
00211011000001000
00011000000000200
00222222001000200
00000000001020022
11100000001020222
STEP 26 P1 MOVE 4 15 4 16
OWN
00100200002000000
00120210012102200
01122222212200000
11011210012011222
00011011000001011
00211011000001000
00011000000000200
00222222001000200
00000000001020022
11100000001020222
STEP 27 P2 MOVE 5 9 5 10
OWN
00100200002000000
00120210012102200
01122222212200000
11011210012011222
00011011000001011
00211011022001000
00011000000000200
00222222001000200
00000000001020022
11100000001020222
STEP 28 P1 MOVE 6 9 7 9
OWN
00100200002000000
00120210012102200
01122222212200000
11011210012011222
00011011000001011
00211011022001000
00011000010000200
00222222011000200
00000000001020022
11100000001020222
STEP 29 P2 MOVE 6 0 7 0
OWN
00100200002000000
00120210012102200
01122222212200000
11011210012011222
00011011000001011
00211011022001000
20011000010000200
20222222011000200
00000000001020022
11100000001020222
STEP 30 P1 MOVE 5 8 5 12
OWN
00100200002000000
00120210012102200
01122222212200000
11011210012011222
00011011000001011
00211011111111000
20011000010000200
20222222011000200
00000000001020022
11100000001020222
STEP 31 P2 MOVE 4 8 8 8
OWN
00100200002000000
00120210012102200
01122222212200000
11011210012011222
00011011200001011
00211011211111000
20011000210000200
20222222211000200
00000000201020022
11100000001020222
STEP 32 P1 MOVE 4 12 6 12
OWN
00100200002000000
00120210012102200
01122222212200000
11011210012011222
00011011200011011
00211011211111000
20011000210010200
20222222211000200
00000000201020022
11100000001020222
STEP 33 P2 MOVE 4 10 4 11
OWN
00100200002000000
00120210012102200
01122222212200000
11011210012011222
00011011202211011
00211011211111000
20011000210010200
20222222211000200
00000000201020022
11100000001020222
STEP 34 P1 MOVE 1 4 8 4
OWN
00100200002000000
00121210012102200
01121222212200000
11011210012011222
00011011202211011
00211011211111000
20011000210010200
20221222211000200
00001000201020022
11100000001020222
STEP 35 P2 MOVE 0 4 4 6
OWN
00102220002000000
00122220012102200
01122222212200000
11012220012011222
00012221202211011
00211011211111000
20011000210010200
20221222211000200
00001000201020022
11100000001020222
STEP 36 P1 MOVE 4 2 5 5
OWN
00102220002000000
00122220012102200
01122222212200000
11012220012011222
00111121202211011
00111111211111000
20011000210010200
20221222211000200
00001000201020022
11100000001020222
STEP 37 P2 MOVE -1 -1 -1 -1
OWN
00102220002000000
00122220012102200
01122222212200000
11012220012011222
00111121202211011
00111111211111000
20011000210010200
20221222211000200
00001000201020022
11100000001020222
STEP 38 P1 MOVE -1 -1 -1 -1
OWN
00102220002000000
00122220012102200
01122222212200000
11012220012011222
00111121202211011
00111111211111000
20011000210010200
20221222211000200
00001000201020022
11100000001020222
RESULT first=46 second=50 winner=2
ANALYSIS winner=P2 score=46-50 reason=斬模犒м辦嬪 steal(w/l)=13/11 neu(w/l)=48/48
