BOARD
42813511878953639
22616521422552263
71285994697531789
65639389448497496
91616672182471783
56966252582834482
26761426141657671
41411535343223995
14382358188341473
36799853399415185
STEP 0 P1 MOVE 5 12 7 12
OWN
00000000000000000
00000000000000000
00000000000000000
00000000000000000
00000000000000000
00000000000010000
00000000000010000
00000000000010000
00000000000000000
00000000000000000
STEP 1 P2 MOVE 4 7 5 8
OWN
00000000000000000
00000000000000000
00000000000000000
00000000000000000
00000002200000000
00000002200010000
00000000000010000
00000000000010000
00000000000000000
00000000000000000
STEP 2 P1 MOVE 0 4 0 7
OWN
00001111000000000
00000000000000000
00000000000000000
00000000000000000
00000002200000000
00000002200010000
00000000000010000
00000000000010000
00000000000000000
00000000000000000
STEP 3 P2 MOVE 0 1 3 1
OWN
02001111000000000
02000000000000000
02000000000000000
02000000000000000
00000002200000000
00000002200010000
00000000000010000
00000000000010000
00000000000000000
00000000000000000
STEP 4 P1 MOVE 6 0 9 0
OWN
02001111000000000
02000000000000000
02000000000000000
02000000000000000
00000002200000000
00000002200010000
10000000000010000
10000000000010000
10000000000000000
10000000000000000
STEP 5 P2 MOVE 0 3 2 3
OWN
02021111000000000
02020000000000000
02020000000000000
02000000000000000
00000002200000000
00000002200010000
10000000000010000
10000000000010000
10000000000000000
10000000000000000
STEP 6 P1 MOVE 5 6 7 6
OWN
02021111000000000
02020000000000000
02020000000000000
02000000000000000
00000002200000000
00000012200010000
10000010000010000
10000010000010000
10000000000000000
10000000000000000
STEP 7 P2 MOVE 5 5 5 9
OWN
02021111000000000
02020000000000000
02020000000000000
02000000000000000
00000002200000000
00000222220010000
10000010000010000
10000010000010000
10000000000000000
10000000000000000
STEP 8 P1 MOVE 4 5 6 5
OWN
02021111000000000
02020000000000000
02020000000000000
02000000000000000
00000102200000000
00000122220010000
10000110000010000
10000010000010000
10000000000000000
10000000000000000
STEP 9 P2 MOVE 5 4 8 4
OWN
02021111000000000
02020000000000000
02020000000000000
02000000000000000
00000102200000000
00002122220010000
10002110000010000
10002010000010000
10002000000000000
10000000000000000
STEP 10 P1 MOVE 7 2 7 5
OWN
02021111000000000
02020000000000000
02020000000000000
02000000000000000
00000102200000000
00002122220010000
10002110000010000
10111110000010000
10002000000000000
10000000000000000
STEP 11 P2 MOVE 6 2 8 2
OWN
02021111000000000
02020000000000000
02020000000000000
02000000000000000
00000102200000000
00002122220010000
10202110000010000
10211110000010000
10202000000000000
10000000000000000
STEP 12 P1 MOVE 2 8 3 8
OWN
02021111000000000
02020000000000000
02020000100000000
02000000100000000
00000102200000000
00002122220010000
10202110000010000
10211110000010000
10202000000000000
10000000000000000
STEP 13 P2 MOVE 1 13 1 15
OWN
02021111000000000
02020000000002220
02020000100000000
02000000100000000
00000102200000000
00002122220010000
10202110000010000
10211110000010000
10202000000000000
10000000000000000
STEP 14 P1 MOVE 3 3 5 3
OWN
02021111000000000
02020000000002220
02020000100000000
02010000100000000
00010102200000000
00012122220010000
10202110000010000
10211110000010000
10202000000000000
10000000000000000
STEP 15 P2 MOVE 4 9 4 10
OWN
02021111000000000
02020000000002220
02020000100000000
02010000100000000
00010102222000000
00012122220010000
10202110000010000
10211110000010000
10202000000000000
10000000000000000
STEP 16 P1 MOVE 4 0 4 1
OWN
02021111000000000
02020000000002220
02020000100000000
02010000100000000
11010102222000000
00012122220010000
10202110000010000
10211110000010000
10202000000000000
10000000000000000
STEP 17 P2 MOVE 8 6 9 6
OWN
02021111000000000
02020000000002220
02020000100000000
02010000100000000
11010102222000000
00012122220010000
10202110000010000
10211110000010000
10202020000000000
10000020000000000
STEP 18 P1 MOVE 5 14 6 14
OWN
02021111000000000
02020000000002220
02020000100000000
02010000100000000
11010102222000000
00012122220010100
10202110000010100
10211110000010000
10202020000000000
10000020000000000
STEP 19 P2 MOVE 4 5 8 6
OWN
02021111000000000
02020000000002220
02020000100000000
02010000100000000
11010222222000000
00012222220010100
10202220000010100
10211220000010000
10202220000000000
10000020000000000
STEP 20 P1 MOVE 4 4 4 11
OWN
02021111000000000
02020000000002220
02020000100000000
02010000100000000
11011111111100000
00012222220010100
10202220000010100
10211220000010000
10202220000000000
10000020000000000
STEP 21 P2 MOVE 1 11 1 12
OWN
02021111000000000
02020000000222220
02020000100000000
02010000100000000
11011111111100000
00012222220010100
10202220000010100
10211220000010000
10202220000000000
10000020000000000
STEP 22 P1 MOVE 8 1 9 1
OWN
02021111000000000
02020000000222220
02020000100000000
02010000100000000
11011111111100000
00012222220010100
10202220000010100
10211220000010000
11202220000000000
11000020000000000
STEP 23 P2 MOVE 7 8 7 10
OWN
02021111000000000
02020000000222220
02020000100000000
02010000100000000
11011111111100000
00012222220010100
10202220000010100
10211220222010000
11202220000000000
11000020000000000
STEP 24 P1 MOVE 5 10 5 11
OWN
02021111000000000
02020000000222220
02020000100000000
02010000100000000
11011111111100000
00012222221110100
10202220000010100
10211220222010000
11202220000000000
11000020000000000
STEP 25 P2 MOVE 8 15 8 16
OWN
02021111000000000
02020000000222220
02020000100000000
02010000100000000
11011111111100000
00012222221110100
10202220000010100
10211220222010000
11202220000000022
11000020000000000
STEP 26 P1 MOVE 7 16 9 16
OWN
02021111000000000
02020000000222220
02020000100000000
02010000100000000
11011111111100000
00012222221110100
10202220000010100
10211220222010001
11202220000000021
11000020000000001
STEP 27 P2 MOVE 5 15 5 16
OWN
02021111000000000
02020000000222220
02020000100000000
02010000100000000
11011111111100000
00012222221110122
10202220000010100
10211220222010001
11202220000000021
11000020000000001
STEP 28 P1 MOVE 3 16 6 16
OWN
02021111000000000
02020000000222220
02020000100000000
02010000100000001
11011111111100001
00012222221110121
10202220000010101
10211220222010001
11202220000000021
11000020000000001
STEP 29 P2 MOVE 6 13 7 13
OWN
02021111000000000
02020000000222220
02020000100000000
02010000100000001
11011111111100001
00012222221110121
10202220000012101
10211220222012001
11202220000000021
11000020000000001
STEP 30 P1 MOVE 3 11 6 11
OWN
02021111000000000
02020000000222220
02020000100000000
02010000100100001
11011111111100001
00012222221110121
10202220000112101
10211220222012001
11202220000000021
11000020000000001
STEP 31 P2 MOVE 0 10 1 10
OWN
02021111002000000
02020000002222220
02020000100000000
02010000100100001
11011111111100001
00012222221110121
10202220000112101
10211220222012001
11202220000000021
11000020000000001
STEP 32 P1 MOVE 1 7 1 16
OWN
02021111002000000
02020001111111111
02020000100000000
02010000100100001
11011111111100001
00012222221110121
10202220000112101
10211220222012001
11202220000000021
11000020000000001
STEP 33 P2 MOVE 0 6 1 8
OWN
02021122202000000
02020022211111111
02020000100000000
02010000100100001
11011111111100001
00012222221110121
10202220000112101
10211220222012001
11202220000000021
11000020000000001
STEP 34 P1 MOVE -1 -1 -1 -1
OWN
02021122202000000
02020022211111111
02020000100000000
02010000100100001
11011111111100001
00012222221110121
10202220000112101
10211220222012001
11202220000000021
11000020000000001
STEP 35 P2 MOVE 2 11 8 11
OWN
02021122202000000
02020022211111111
02020000100200000
02010000100200001
11011111111200001
00012222221210121
10202220000212101
10211220222212001
11202220000200021
11000020000000001
STEP 36 P1 MOVE 5 8 6 13
OWN
02021122202000000
02020022211111111
02020000100200000
02010000100200001
11011111111200001
00012222111111121
10202220111111101
10211220222212001
11202220000200021
11000020000000001
STEP 37 P2 MOVE 2 13 8 13
OWN
02021122202000000
02020022211111111
02020000100202000
02010000100202001
11011111111202001
00012222111112121
10202220111112101
10211220222212001
11202220000202021
11000020000000001
STEP 38 P1 MOVE 2 10 2 12
OWN
02021122202000000
02020022211111111
02020000101112000
02010000100202001
11011111111202001
00012222111112121
10202220111112101
10211220222212001
11202220000202021
11000020000000001
STEP 39 P2 MOVE 8 12 9 13
OWN
02021122202000000
02020022211111111
02020000101112000
02010000100202001
11011111111202001
00012222111112121
10202220111112101
10211220222212001
11202220000222021
11000020000022001
STEP 40 P1 MOVE -1 -1 -1 -1
OWN
02021122202000000
02020022211111111
02020000101112000
02010000100202001
11011111111202001
00012222111112121
10202220111112101
10211220222212001
11202220000222021
11000020000022001
STEP 41 P2 MOVE -1 -1 -1 -1
OWN
02021122202000000
02020022211111111
02020000101112000
02010000100202001
11011111111202001
00012222111112121
10202220111112101
10211220222212001
11202220000222021
11000020000022001
RESULT first=55 second=49 winner=1
ANALYSIS winner=P1 score=55-49 reason=Ĺ»ĂëżěŔ§(+4Ä­ »©ľŃŔ˝,2ąčČż°ú) steal(w/l)=22/18 neu(w/l)=51/53
