BOARD
38953353178245932
82668283146519698
77575165245141622
61771569428712976
98262787761986492
17864377936534584
73242685396387854
22456913351657577
47112483135218622
45179175194299986
STEP 0 P1 MOVE 8 7 9 8
OWN
00000000000000000
00000000000000000
00000000000000000
00000000000000000
00000000000000000
00000000000000000
00000000000000000
00000000000000000
00000001100000000
00000001100000000
STEP 1 P2 MOVE 8 2 9 3
OWN
00000000000000000
00000000000000000
00000000000000000
00000000000000000
00000000000000000
00000000000000000
00000000000000000
00000000000000000
00220001100000000
00220001100000000
STEP 2 P1 MOVE 5 0 7 0
OWN
00000000000000000
00000000000000000
00000000000000000
00000000000000000
00000000000000000
10000000000000000
10000000000000000
10000000000000000
00220001100000000
00220001100000000
STEP 3 P2 MOVE 1 1 3 1
OWN
00000000000000000
02000000000000000
02000000000000000
02000000000000000
00000000000000000
10000000000000000
10000000000000000
10000000000000000
00220001100000000
00220001100000000
STEP 4 P1 MOVE 2 16 4 16
OWN
00000000000000000
02000000000000000
02000000000000001
02000000000000001
00000000000000001
10000000000000000
10000000000000000
10000000000000000
00220001100000000
00220001100000000
STEP 5 P2 MOVE 8 14 8 16
OWN
00000000000000000
02000000000000000
02000000000000001
02000000000000001
00000000000000001
10000000000000000
10000000000000000
10000000000000000
00220001100000222
00220001100000000
STEP 6 P1 MOVE 7 10 9 10
OWN
00000000000000000
02000000000000000
02000000000000001
02000000000000001
00000000000000001
10000000000000000
10000000000000000
10000000001000000
00220001101000222
00220001101000000
STEP 7 P2 MOVE 3 11 3 13
OWN
00000000000000000
02000000000000000
02000000000000001
02000000000222001
00000000000000001
10000000000000000
10000000000000000
10000000001000000
00220001101000222
00220001101000000
STEP 8 P1 MOVE 2 10 2 12
OWN
00000000000000000
02000000000000000
02000000001110001
02000000000222001
00000000000000001
10000000000000000
10000000000000000
10000000001000000
00220001101000222
00220001101000000
STEP 9 P2 MOVE 4 2 4 4
OWN
00000000000000000
02000000000000000
02000000001110001
02000000000222001
00222000000000001
10000000000000000
10000000000000000
10000000001000000
00220001101000222
00220001101000000
STEP 10 P1 MOVE 6 4 8 4
OWN
00000000000000000
02000000000000000
02000000001110001
02000000000222001
00222000000000001
10000000000000000
10001000000000000
10001000001000000
00221001101000222
00220001101000000
STEP 11 P2 MOVE 2 4 5 4
OWN
00000000000000000
02000000000000000
02002000001110001
02002000000222001
00222000000000001
10002000000000000
10001000000000000
10001000001000000
00221001101000222
00220001101000000
STEP 12 P1 MOVE 7 11 9 11
OWN
00000000000000000
02000000000000000
02002000001110001
02002000000222001
00222000000000001
10002000000000000
10001000000000000
10001000001100000
00221001101100222
00220001101100000
STEP 13 P2 MOVE 5 2 6 2
OWN
00000000000000000
02000000000000000
02002000001110001
02002000000222001
00222000000000001
10202000000000000
10201000000000000
10001000001100000
00221001101100222
00220001101100000
STEP 14 P1 MOVE 6 3 6 5
OWN
00000000000000000
02000000000000000
02002000001110001
02002000000222001
00222000000000001
10202000000000000
10211100000000000
10001000001100000
00221001101100222
00220001101100000
STEP 15 P2 MOVE 9 4 9 5
OWN
00000000000000000
02000000000000000
02002000001110001
02002000000222001
00222000000000001
10202000000000000
10211100000000000
10001000001100000
00221001101100222
00222201101100000
STEP 16 P1 MOVE 8 12 9 12
OWN
00000000000000000
02000000000000000
02002000001110001
02002000000222001
00222000000000001
10202000000000000
10211100000000000
10001000001100000
00221001101110222
00222201101110000
STEP 17 P2 MOVE 5 5 5 6
OWN
00000000000000000
02000000000000000
02002000001110001
02002000000222001
00222000000000001
10202220000000000
10211100000000000
10001000001100000
00221001101110222
00222201101110000
STEP 18 P1 MOVE 4 13 5 13
OWN
00000000000000000
02000000000000000
02002000001110001
02002000000222001
00222000000001001
10202220000001000
10211100000000000
10001000001100000
00221001101110222
00222201101110000
STEP 19 P2 MOVE 7 5 7 6
OWN
00000000000000000
02000000000000000
02002000001110001
02002000000222001
00222000000001001
10202220000001000
10211100000000000
10001220001100000
00221001101110222
00222201101110000
STEP 20 P1 MOVE 0 16 1 16
OWN
00000000000000001
02000000000000001
02002000001110001
02002000000222001
00222000000001001
10202220000001000
10211100000000000
10001220001100000
00221001101110222
00222201101110000
STEP 21 P2 MOVE 1 4 1 5
OWN
00000000000000001
02002200000000001
02002000001110001
02002000000222001
00222000000001001
10202220000001000
10211100000000000
10001220001100000
00221001101110222
00222201101110000
STEP 22 P1 MOVE 1 9 3 9
OWN
00000000000000001
02002200010000001
02002000011110001
02002000010222001
00222000000001001
10202220000001000
10211100000000000
10001220001100000
00221001101110222
00222201101110000
STEP 23 P2 MOVE 1 7 1 10
OWN
00000000000000001
02002202222000001
02002000011110001
02002000010222001
00222000000001001
10202220000001000
10211100000000000
10001220001100000
00221001101110222
00222201101110000
STEP 24 P1 MOVE 0 10 0 11
OWN
00000000001100001
02002202222000001
02002000011110001
02002000010222001
00222000000001001
10202220000001000
10211100000000000
10001220001100000
00221001101110222
00222201101110000
STEP 25 P2 MOVE 1 13 2 13
OWN
00000000001100001
02002202222002001
02002000011112001
02002000010222001
00222000000001001
10202220000001000
10211100000000000
10001220001100000
00221001101110222
00222201101110000
STEP 26 P1 MOVE 0 12 1 13
OWN
00000000001111001
02002202222011001
02002000011112001
02002000010222001
00222000000001001
10202220000001000
10211100000000000
10001220001100000
00221001101110222
00222201101110000
STEP 27 P2 MOVE 4 10 4 11
OWN
00000000001111001
02002202222011001
02002000011112001
02002000010222001
00222000002201001
10202220000001000
10211100000000000
10001220001100000
00221001101110222
00222201101110000
STEP 28 P1 MOVE -1 -1 -1 -1
OWN
00000000001111001
02002202222011001
02002000011112001
02002000010222001
00222000002201001
10202220000001000
10211100000000000
10001220001100000
00221001101110222
00222201101110000
STEP 29 P2 MOVE 7 9 7 12
OWN
00000000001111001
02002202222011001
02002000011112001
02002000010222001
00222000002201001
10202220000001000
10211100000000000
10001220022220000
00221001101110222
00222201101110000
STEP 30 P1 MOVE 7 8 7 13
OWN
00000000001111001
02002202222011001
02002000011112001
02002000010222001
00222000002201001
10202220000001000
10211100000000000
10001220111111000
00221001101110222
00222201101110000
STEP 31 P2 MOVE -1 -1 -1 -1
OWN
00000000001111001
02002202222011001
02002000011112001
02002000010222001
00222000002201001
10202220000001000
10211100000000000
10001220111111000
00221001101110222
00222201101110000
STEP 32 P1 MOVE -1 -1 -1 -1
OWN
00000000001111001
02002202222011001
02002000011112001
02002000010222001
00222000002201001
10202220000001000
10211100000000000
10001220111111000
00221001101110222
00222201101110000
RESULT first=42 second=36 winner=1
ANALYSIS winner=P1 score=42-36 reason=±ŮĽŇşąÇŐżěŔ§ steal(w/l)=5/3 neu(w/l)=40/38
