BOARD
23696536473148182
52961755664684683
57638411671723518
81989742892586812
55644953271184164
42684641983726583
51839977162497681
94616232712169661
19424572254312361
96293824827297995
STEP 0 P1 MOVE 4 16 8 16
OWN
00000000000000000
00000000000000000
00000000000000000
00000000000000000
00000000000000001
00000000000000001
00000000000000001
00000000000000001
00000000000000001
00000000000000000
STEP 1 P2 MOVE 0 10 3 10
OWN
00000000002000000
00000000002000000
00000000002000000
00000000002000000
00000000000000001
00000000000000001
00000000000000001
00000000000000001
00000000000000001
00000000000000000
STEP 2 P1 MOVE 4 8 4 10
OWN
00000000002000000
00000000002000000
00000000002000000
00000000002000000
00000000111000001
00000000000000001
00000000000000001
00000000000000001
00000000000000001
00000000000000000
STEP 3 P2 MOVE 7 9 7 12
OWN
00000000002000000
00000000002000000
00000000002000000
00000000002000000
00000000111000001
00000000000000001
00000000000000001
00000000022220001
00000000000000001
00000000000000000
STEP 4 P1 MOVE 6 8 8 8
OWN
00000000002000000
00000000002000000
00000000002000000
00000000002000000
00000000111000001
00000000000000001
00000000100000001
00000000122220001
00000000100000001
00000000000000000
STEP 5 P2 MOVE 8 12 9 12
OWN
00000000002000000
00000000002000000
00000000002000000
00000000002000000
00000000111000001
00000000000000001
00000000100000001
00000000122220001
00000000100020001
00000000000020000
STEP 6 P1 MOVE 5 7 7 7
OWN
00000000002000000
00000000002000000
00000000002000000
00000000002000000
00000000111000001
00000001000000001
00000001100000001
00000001122220001
00000000100020001
00000000000020000
STEP 7 P2 MOVE 5 5 5 6
OWN
00000000002000000
00000000002000000
00000000002000000
00000000002000000
00000000111000001
00000221000000001
00000001100000001
00000001122220001
00000000100020001
00000000000020000
STEP 8 P1 MOVE 1 6 1 7
OWN
00000000002000000
00000011002000000
00000000002000000
00000000002000000
00000000111000001
00000221000000001
00000001100000001
00000001122220001
00000000100020001
00000000000020000
STEP 9 P2 MOVE 8 0 9 0
OWN
00000000002000000
00000011002000000
00000000002000000
00000000002000000
00000000111000001
00000221000000001
00000001100000001
00000001122220001
20000000100020001
20000000000020000
STEP 10 P1 MOVE 0 15 0 16
OWN
00000000002000011
00000011002000000
00000000002000000
00000000002000000
00000000111000001
00000221000000001
00000001100000001
00000001122220001
20000000100020001
20000000000020000
STEP 11 P2 MOVE 0 8 1 8
OWN
00000000202000011
00000011202000000
00000000002000000
00000000002000000
00000000111000001
00000221000000001
00000001100000001
00000001122220001
20000000100020001
20000000000020000
STEP 12 P1 MOVE 3 1 3 2
OWN
00000000202000011
00000011202000000
00000000002000000
01100000002000000
00000000111000001
00000221000000001
00000001100000001
00000001122220001
20000000100020001
20000000000020000
STEP 13 P2 MOVE 2 16 3 16
OWN
00000000202000011
00000011202000000
00000000002000002
01100000002000002
00000000111000001
00000221000000001
00000001100000001
00000001122220001
20000000100020001
20000000000020000
STEP 14 P1 MOVE 4 2 4 3
OWN
00000000202000011
00000011202000000
00000000002000002
01100000002000002
00110000111000001
00000221000000001
00000001100000001
00000001122220001
20000000100020001
20000000000020000
STEP 15 P2 MOVE 4 12 5 12
OWN
00000000202000011
00000011202000000
00000000002000002
01100000002000002
00110000111020001
00000221000020001
00000001100000001
00000001122220001
20000000100020001
20000000000020000
STEP 16 P1 MOVE 1 13 1 14
OWN
00000000202000011
00000011202001100
00000000002000002
01100000002000002
00110000111020001
00000221000020001
00000001100000001
00000001122220001
20000000100020001
20000000000020000
STEP 17 P2 MOVE 1 15 3 15
OWN
00000000202000011
00000011202001120
00000000002000022
01100000002000022
00110000111020001
00000221000020001
00000001100000001
00000001122220001
20000000100020001
20000000000020000
STEP 18 P1 MOVE 6 6 7 6
OWN
00000000202000011
00000011202001120
00000000002000022
01100000002000022
00110000111020001
00000221000020001
00000011100000001
00000011122220001
20000000100020001
20000000000020000
STEP 19 P2 MOVE 9 8 9 9
OWN
00000000202000011
00000011202001120
00000000002000022
01100000002000022
00110000111020001
00000221000020001
00000011100000001
00000011122220001
20000000100020001
20000000220020000
STEP 20 P1 MOVE 9 5 9 6
OWN
00000000202000011
00000011202001120
00000000002000022
01100000002000022
00110000111020001
00000221000020001
00000011100000001
00000011122220001
20000000100020001
20000110220020000
STEP 21 P2 MOVE 3 7 3 8
OWN
00000000202000011
00000011202001120
00000000002000022
01100002202000022
00110000111020001
00000221000020001
00000011100000001
00000011122220001
20000000100020001
20000110220020000
STEP 22 P1 MOVE 1 12 2 12
OWN
00000000202000011
00000011202011120
00000000002010022
01100002202000022
00110000111020001
00000221000020001
00000011100000001
00000011122220001
20000000100020001
20000110220020000
STEP 23 P2 MOVE 2 11 2 13
OWN
00000000202000011
00000011202011120
00000000002222022
01100002202000022
00110000111020001
00000221000020001
00000011100000001
00000011122220001
20000000100020001
20000110220020000
STEP 24 P1 MOVE 2 7 4 8
OWN
00000000202000011
00000011202011120
00000001102222022
01100001102000022
00110001111020001
00000221000020001
00000011100000001
00000011122220001
20000000100020001
20000110220020000
STEP 25 P2 MOVE 0 6 2 7
OWN
00000022202000011
00000022202011120
00000022102222022
01100001102000022
00110001111020001
00000221000020001
00000011100000001
00000011122220001
20000000100020001
20000110220020000
STEP 26 P1 MOVE 3 13 4 13
OWN
00000022202000011
00000022202011120
00000022102222022
01100001102001022
00110001111021001
00000221000020001
00000011100000001
00000011122220001
20000000100020001
20000110220020000
STEP 27 P2 MOVE 4 0 4 1
OWN
00000022202000011
00000022202011120
00000022102222022
01100001102001022
22110001111021001
00000221000020001
00000011100000001
00000011122220001
20000000100020001
20000110220020000
STEP 28 P1 MOVE 2 1 6 1
OWN
00000022202000011
00000022202011120
01000022102222022
01100001102001022
21110001111021001
01000221000020001
01000011100000001
00000011122220001
20000000100020001
20000110220020000
STEP 29 P2 MOVE 5 0 5 2
OWN
00000022202000011
00000022202011120
01000022102222022
01100001102001022
21110001111021001
22200221000020001
01000011100000001
00000011122220001
20000000100020001
20000110220020000
STEP 30 P1 MOVE 7 2 8 2
OWN
00000022202000011
00000022202011120
01000022102222022
01100001102001022
21110001111021001
22200221000020001
01000011100000001
00100011122220001
20100000100020001
20000110220020000
STEP 31 P2 MOVE 1 0 2 0
OWN
00000022202000011
20000022202011120
21000022102222022
01100001102001022
21110001111021001
22200221000020001
01000011100000001
00100011122220001
20100000100020001
20000110220020000
STEP 32 P1 MOVE 5 10 5 11
OWN
00000022202000011
20000022202011120
21000022102222022
01100001102001022
21110001111021001
22200221001120001
01000011100000001
00100011122220001
20100000100020001
20000110220020000
STEP 33 P2 MOVE 4 11 9 11
OWN
00000022202000011
20000022202011120
21000022102222022
01100001102001022
21110001111221001
22200221001220001
01000011100200001
00100011122220001
20100000100220001
20000110220220000
STEP 34 P1 MOVE 7 4 8 4
OWN
00000022202000011
20000022202011120
21000022102222022
01100001102001022
21110001111221001
22200221001220001
01000011100200001
00101011122220001
20101000100220001
20000110220220000
STEP 35 P2 MOVE -1 -1 -1 -1
OWN
00000022202000011
20000022202011120
21000022102222022
01100001102001022
21110001111221001
22200221001220001
01000011100200001
00101011122220001
20101000100220001
20000110220220000
STEP 36 P1 MOVE 0 0 3 0
OWN
10000022202000011
10000022202011120
11000022102222022
11100001102001022
21110001111221001
22200221001220001
01000011100200001
00101011122220001
20101000100220001
20000110220220000
STEP 37 P2 MOVE 0 0 6 1
OWN
22000022202000011
22000022202011120
22000022102222022
22100001102001022
22110001111221001
22200221001220001
22000011100200001
00101011122220001
20101000100220001
20000110220220000
STEP 38 P1 MOVE -1 -1 -1 -1
OWN
22000022202000011
22000022202011120
22000022102222022
22100001102001022
22110001111221001
22200221001220001
22000011100200001
00101011122220001
20101000100220001
20000110220220000
STEP 39 P2 MOVE -1 -1 -1 -1
OWN
22000022202000011
22000022202011120
22000022102222022
22100001102001022
22110001111221001
22200221001220001
22000011100200001
00101011122220001
20101000100220001
20000110220220000
RESULT first=37 second=54 winner=2
ANALYSIS winner=P2 score=37-54 reason=Ĺ»ĂëżěŔ§(+9Ä­ »©ľŃŔ˝,2ąčČż°ú) / żŞŔü˝Â steal(w/l)=14/5 neu(w/l)=45/46
