BOARD
57976697619741743
91383346634552621
13955616824896918
45686191742213156
81926838733477322
37596599843967952
15677142649556563
24333285183224145
66263467779288712
16843555673984932
STEP 0 P1 MOVE 0 15 1 16
OWN
00000000000000011
00000000000000011
00000000000000000
00000000000000000
00000000000000000
00000000000000000
00000000000000000
00000000000000000
00000000000000000
00000000000000000
STEP 1 P2 MOVE 6 0 9 0
OWN
00000000000000011
00000000000000011
00000000000000000
00000000000000000
00000000000000000
00000000000000000
20000000000000000
20000000000000000
20000000000000000
20000000000000000
STEP 2 P1 MOVE 1 5 3 5
OWN
00000000000000011
00000100000000011
00000100000000000
00000100000000000
00000000000000000
00000000000000000
20000000000000000
20000000000000000
20000000000000000
20000000000000000
STEP 3 P2 MOVE 7 1 7 3
OWN
00000000000000011
00000100000000011
00000100000000000
00000100000000000
00000000000000000
00000000000000000
20000000000000000
22220000000000000
20000000000000000
20000000000000000
STEP 4 P1 MOVE 0 9 3 9
OWN
00000000010000011
00000100010000011
00000100010000000
00000100010000000
00000000000000000
00000000000000000
20000000000000000
22220000000000000
20000000000000000
20000000000000000
STEP 5 P2 MOVE 1 8 1 10
OWN
00000000010000011
00000100222000011
00000100010000000
00000100010000000
00000000000000000
00000000000000000
20000000000000000
22220000000000000
20000000000000000
20000000000000000
STEP 6 P1 MOVE 3 6 3 7
OWN
00000000010000011
00000100222000011
00000100010000000
00000111010000000
00000000000000000
00000000000000000
20000000000000000
22220000000000000
20000000000000000
20000000000000000
STEP 7 P2 MOVE 9 6 9 7
OWN
00000000010000011
00000100222000011
00000100010000000
00000111010000000
00000000000000000
00000000000000000
20000000000000000
22220000000000000
20000000000000000
20000022000000000
STEP 8 P1 MOVE 3 16 5 16
OWN
00000000010000011
00000100222000011
00000100010000000
00000111010000001
00000000000000001
00000000000000001
20000000000000000
22220000000000000
20000000000000000
20000022000000000
STEP 9 P2 MOVE 3 12 3 15
OWN
00000000010000011
00000100222000011
00000100010000000
00000111010022221
00000000000000001
00000000000000001
20000000000000000
22220000000000000
20000000000000000
20000022000000000
STEP 10 P1 MOVE 4 9 4 11
OWN
00000000010000011
00000100222000011
00000100010000000
00000111010022221
00000000011100001
00000000000000001
20000000000000000
22220000000000000
20000000000000000
20000022000000000
STEP 11 P2 MOVE 4 13 4 14
OWN
00000000010000011
00000100222000011
00000100010000000
00000111010022221
00000000011102201
00000000000000001
20000000000000000
22220000000000000
20000000000000000
20000022000000000
STEP 12 P1 MOVE 1 0 2 0
OWN
00000000010000011
10000100222000011
10000100010000000
00000111010022221
00000000011102201
00000000000000001
20000000000000000
22220000000000000
20000000000000000
20000022000000000
STEP 13 P2 MOVE 1 1 4 1
OWN
00000000010000011
12000100222000011
12000100010000000
02000111010022221
02000000011102201
00000000000000001
20000000000000000
22220000000000000
20000000000000000
20000022000000000
STEP 14 P1 MOVE 3 0 3 2
OWN
00000000010000011
12000100222000011
12000100010000000
11100111010022221
02000000011102201
00000000000000001
20000000000000000
22220000000000000
20000000000000000
20000022000000000
STEP 15 P2 MOVE 7 14 7 16
OWN
00000000010000011
12000100222000011
12000100010000000
11100111010022221
02000000011102201
00000000000000001
20000000000000000
22220000000000222
20000000000000000
20000022000000000
STEP 16 P1 MOVE 8 14 8 16
OWN
00000000010000011
12000100222000011
12000100010000000
11100111010022221
02000000011102201
00000000000000001
20000000000000000
22220000000000222
20000000000000111
20000022000000000
STEP 17 P2 MOVE 6 11 6 12
OWN
00000000010000011
12000100222000011
12000100010000000
11100111010022221
02000000011102201
00000000000000001
20000000000220000
22220000000000222
20000000000000111
20000022000000000
STEP 18 P1 MOVE 6 8 6 9
OWN
00000000010000011
12000100222000011
12000100010000000
11100111010022221
02000000011102201
00000000000000001
20000000110220000
22220000000000222
20000000000000111
20000022000000000
STEP 19 P2 MOVE 1 11 1 12
OWN
00000000010000011
12000100222220011
12000100010000000
11100111010022221
02000000011102201
00000000000000001
20000000110220000
22220000000000222
20000000000000111
20000022000000000
STEP 20 P1 MOVE 8 3 9 3
OWN
00000000010000011
12000100222220011
12000100010000000
11100111010022221
02000000011102201
00000000000000001
20000000110220000
22220000000000222
20010000000000111
20010022000000000
STEP 21 P2 MOVE 8 2 9 2
OWN
00000000010000011
12000100222220011
12000100010000000
11100111010022221
02000000011102201
00000000000000001
20000000110220000
22220000000000222
20210000000000111
20210022000000000
STEP 22 P1 MOVE 9 9 9 10
OWN
00000000010000011
12000100222220011
12000100010000000
11100111010022221
02000000011102201
00000000000000001
20000000110220000
22220000000000222
20210000000000111
20210022011000000
STEP 23 P2 MOVE 2 11 3 11
OWN
00000000010000011
12000100222220011
12000100010200000
11100111010222221
02000000011102201
00000000000000001
20000000110220000
22220000000000222
20210000000000111
20210022011000000
STEP 24 P1 MOVE 3 3 4 3
OWN
00000000010000011
12000100222220011
12000100010200000
11110111010222221
02010000011102201
00000000000000001
20000000110220000
22220000000000222
20210000000000111
20210022011000000
STEP 25 P2 MOVE 5 0 5 1
OWN
00000000010000011
12000100222220011
12000100010200000
11110111010222221
02010000011102201
22000000000000001
20000000110220000
22220000000000222
20210000000000111
20210022011000000
STEP 26 P1 MOVE 6 13 7 13
OWN
00000000010000011
12000100222220011
12000100010200000
11110111010222221
02010000011102201
22000000000000001
20000000110221000
22220000000001222
20210000000000111
20210022011000000
STEP 27 P2 MOVE 1 6 1 7
OWN
00000000010000011
12000122222220011
12000100010200000
11110111010222221
02010000011102201
22000000000000001
20000000110221000
22220000000001222
20210000000000111
20210022011000000
STEP 28 P1 MOVE 0 6 2 6
OWN
00000010010000011
12000112222220011
12000110010200000
11110111010222221
02010000011102201
22000000000000001
20000000110221000
22220000000001222
20210000000000111
20210022011000000
STEP 29 P2 MOVE 2 3 2 4
OWN
00000010010000011
12000112222220011
12022110010200000
11110111010222221
02010000011102201
22000000000000001
20000000110221000
22220000000001222
20210000000000111
20210022011000000
STEP 30 P1 MOVE -1 -1 -1 -1
OWN
00000010010000011
12000112222220011
12022110010200000
11110111010222221
02010000011102201
22000000000000001
20000000110221000
22220000000001222
20210000000000111
20210022011000000
STEP 31 P2 MOVE 7 5 7 6
OWN
00000010010000011
12000112222220011
12022110010200000
11110111010222221
02010000011102201
22000000000000001
20000000110221000
22220220000001222
20210000000000111
20210022011000000
STEP 32 P1 MOVE 6 5 9 5
OWN
00000010010000011
12000112222220011
12022110010200000
11110111010222221
02010000011102201
22000000000000001
20000100110221000
22220120000001222
20210100000000111
20210122011000000
STEP 33 P2 MOVE 7 12 8 12
OWN
00000010010000011
12000112222220011
12022110010200000
11110111010222221
02010000011102201
22000000000000001
20000100110221000
22220120000021222
20210100000020111
20210122011000000
STEP 34 P1 MOVE 8 11 8 13
OWN
00000010010000011
12000112222220011
12022110010200000
11110111010222221
02010000011102201
22000000000000001
20000100110221000
22220120000021222
20210100000111111
20210122011000000
STEP 35 P2 MOVE 2 14 2 15
OWN
00000010010000011
12000112222220011
12022110010200220
11110111010222221
02010000011102201
22000000000000001
20000100110221000
22220120000021222
20210100000111111
20210122011000000
STEP 36 P1 MOVE 2 15 4 16
OWN
00000010010000011
12000112222220011
12022110010200211
11110111010222211
02010000011102211
22000000000000001
20000100110221000
22220120000021222
20210100000111111
20210122011000000
STEP 37 P2 MOVE -1 -1 -1 -1
OWN
00000010010000011
12000112222220011
12022110010200211
11110111010222211
02010000011102211
22000000000000001
20000100110221000
22220120000021222
20210100000111111
20210122011000000
STEP 38 P1 MOVE -1 -1 -1 -1
OWN
00000010010000011
12000112222220011
12022110010200211
11110111010222211
02010000011102211
22000000000000001
20000100110221000
22220120000021222
20210100000111111
20210122011000000
RESULT first=50 second=39 winner=1
ANALYSIS winner=P1 score=50-39 reason=탈취우위(+5칸 빼앗음,2배효과) steal(w/l)=6/1 neu(w/l)=45/44
