BOARD
17814885319862461
73677558356384871
14345964698782693
47411852923763228
34677845393258533
38667419166425873
78495988238873796
97839827118921623
28838798658769934
61481257452192538
STEP 0 P1 MOVE 7 6 7 8
OWN
00000000000000000
00000000000000000
00000000000000000
00000000000000000
00000000000000000
00000000000000000
00000000000000000
00000011100000000
00000000000000000
00000000000000000
STEP 1 P2 MOVE 3 3 3 5
OWN
00000000000000000
00000000000000000
00000000000000000
00022200000000000
00000000000000000
00000000000000000
00000000000000000
00000011100000000
00000000000000000
00000000000000000
STEP 2 P1 MOVE 3 6 5 6
OWN
00000000000000000
00000000000000000
00000000000000000
00022210000000000
00000010000000000
00000010000000000
00000000000000000
00000011100000000
00000000000000000
00000000000000000
STEP 3 P2 MOVE 4 10 4 12
OWN
00000000000000000
00000000000000000
00000000000000000
00022210000000000
00000010002220000
00000010000000000
00000000000000000
00000011100000000
00000000000000000
00000000000000000
STEP 4 P1 MOVE 9 13 9 15
OWN
00000000000000000
00000000000000000
00000000000000000
00022210000000000
00000010002220000
00000010000000000
00000000000000000
00000011100000000
00000000000000000
00000000000001110
STEP 5 P2 MOVE 3 0 5 0
OWN
00000000000000000
00000000000000000
00000000000000000
20022210000000000
20000010002220000
20000010000000000
00000000000000000
00000011100000000
00000000000000000
00000000000001110
STEP 6 P1 MOVE 5 9 7 9
OWN
00000000000000000
00000000000000000
00000000000000000
20022210000000000
20000010002220000
20000010010000000
00000000010000000
00000011110000000
00000000000000000
00000000000001110
STEP 7 P2 MOVE 1 0 1 1
OWN
00000000000000000
22000000000000000
00000000000000000
20022210000000000
20000010002220000
20000010010000000
00000000010000000
00000011110000000
00000000000000000
00000000000001110
STEP 8 P1 MOVE 5 15 5 16
OWN
00000000000000000
22000000000000000
00000000000000000
20022210000000000
20000010002220000
20000010010000011
00000000010000000
00000011110000000
00000000000000000
00000000000001110
STEP 9 P2 MOVE 5 2 6 2
OWN
00000000000000000
22000000000000000
00000000000000000
20022210000000000
20000010002220000
20200010010000011
00200000010000000
00000011110000000
00000000000000000
00000000000001110
STEP 10 P1 MOVE 2 7 2 8
OWN
00000000000000000
22000000000000000
00000001100000000
20022210000000000
20000010002220000
20200010010000011
00200000010000000
00000011110000000
00000000000000000
00000000000001110
STEP 11 P2 MOVE 8 8 9 8
OWN
00000000000000000
22000000000000000
00000001100000000
20022210000000000
20000010002220000
20200010010000011
00200000010000000
00000011110000000
00000000200000000
00000000200001110
STEP 12 P1 MOVE 6 7 6 8
OWN
00000000000000000
22000000000000000
00000001100000000
20022210000000000
20000010002220000
20200010010000011
00200001110000000
00000011110000000
00000000200000000
00000000200001110
STEP 13 P2 MOVE 4 1 4 2
OWN
00000000000000000
22000000000000000
00000001100000000
20022210000000000
22200010002220000
20200010010000011
00200001110000000
00000011110000000
00000000200000000
00000000200001110
STEP 14 P1 MOVE 0 14 0 15
OWN
00000000000000110
22000000000000000
00000001100000000
20022210000000000
22200010002220000
20200010010000011
00200001110000000
00000011110000000
00000000200000000
00000000200001110
STEP 15 P2 MOVE 8 0 8 1
OWN
00000000000000110
22000000000000000
00000001100000000
20022210000000000
22200010002220000
20200010010000011
00200001110000000
00000011110000000
22000000200000000
00000000200001110
STEP 16 P1 MOVE 0 9 0 10
OWN
00000000011000110
22000000000000000
00000001100000000
20022210000000000
22200010002220000
20200010010000011
00200001110000000
00000011110000000
22000000200000000
00000000200001110
STEP 17 P2 MOVE 1 5 1 6
OWN
00000000011000110
22000220000000000
00000001100000000
20022210000000000
22200010002220000
20200010010000011
00200001110000000
00000011110000000
22000000200000000
00000000200001110
STEP 18 P1 MOVE 1 11 2 11
OWN
00000000011000110
22000220000100000
00000001100100000
20022210000000000
22200010002220000
20200010010000011
00200001110000000
00000011110000000
22000000200000000
00000000200001110
STEP 19 P2 MOVE 8 10 9 10
OWN
00000000011000110
22000220000100000
00000001100100000
20022210000000000
22200010002220000
20200010010000011
00200001110000000
00000011110000000
22000000202000000
00000000202001110
STEP 20 P1 MOVE 2 12 2 13
OWN
00000000011000110
22000220000100000
00000001100111000
20022210000000000
22200010002220000
20200010010000011
00200001110000000
00000011110000000
22000000202000000
00000000202001110
STEP 21 P2 MOVE 7 13 8 13
OWN
00000000011000110
22000220000100000
00000001100111000
20022210000000000
22200010002220000
20200010010000011
00200001110000000
00000011110002000
22000000202002000
00000000202001110
STEP 22 P1 MOVE 3 10 3 11
OWN
00000000011000110
22000220000100000
00000001100111000
20022210001100000
22200010002220000
20200010010000011
00200001110000000
00000011110002000
22000000202002000
00000000202001110
STEP 23 P2 MOVE 7 12 7 15
OWN
00000000011000110
22000220000100000
00000001100111000
20022210001100000
22200010002220000
20200010010000011
00200001110000000
00000011110022220
22000000202002000
00000000202001110
STEP 24 P1 MOVE 7 15 8 16
OWN
00000000011000110
22000220000100000
00000001100111000
20022210001100000
22200010002220000
20200010010000011
00200001110000000
00000011110022211
22000000202002011
00000000202001110
STEP 25 P2 MOVE 5 10 5 11
OWN
00000000011000110
22000220000100000
00000001100111000
20022210001100000
22200010002220000
20200010012200011
00200001110000000
00000011110022211
22000000202002011
00000000202001110
STEP 26 P1 MOVE 6 12 6 13
OWN
00000000011000110
22000220000100000
00000001100111000
20022210001100000
22200010002220000
20200010012200011
00200001110011000
00000011110022211
22000000202002011
00000000202001110
STEP 27 P2 MOVE 5 11 6 12
OWN
00000000011000110
22000220000100000
00000001100111000
20022210001100000
22200010002220000
20200010012220011
00200001110221000
00000011110022211
22000000202002011
00000000202001110
STEP 28 P1 MOVE 5 7 5 8
OWN
00000000011000110
22000220000100000
00000001100111000
20022210001100000
22200010002220000
20200011112220011
00200001110221000
00000011110022211
22000000202002011
00000000202001110
STEP 29 P2 MOVE 1 7 3 7
OWN
00000000011000110
22000222000100000
00000002100111000
20022212001100000
22200010002220000
20200011112220011
00200001110221000
00000011110022211
22000000202002011
00000000202001110
STEP 30 P1 MOVE 0 7 4 7
OWN
00000001011000110
22000221000100000
00000001100111000
20022211001100000
22200011002220000
20200011112220011
00200001110221000
00000011110022211
22000000202002011
00000000202001110
STEP 31 P2 MOVE 1 4 1 8
OWN
00000001011000110
22002222200100000
00000001100111000
20022211001100000
22200011002220000
20200011112220011
00200001110221000
00000011110022211
22000000202002011
00000000202001110
STEP 32 P1 MOVE 8 9 9 9
OWN
00000001011000110
22002222200100000
00000001100111000
20022211001100000
22200011002220000
20200011112220011
00200001110221000
00000011110022211
22000000212002011
00000000212001110
STEP 33 P2 MOVE 9 11 9 12
OWN
00000001011000110
22002222200100000
00000001100111000
20022211001100000
22200011002220000
20200011112220011
00200001110221000
00000011110022211
22000000212002011
00000000212221110
STEP 34 P1 MOVE -1 -1 -1 -1
OWN
00000001011000110
22002222200100000
00000001100111000
20022211001100000
22200011002220000
20200011112220011
00200001110221000
00000011110022211
22000000212002011
00000000212221110
STEP 35 P2 MOVE -1 -1 -1 -1
OWN
00000001011000110
22002222200100000
00000001100111000
20022211001100000
22200011002220000
20200011112220011
00200001110221000
00000011110022211
22000000212002011
00000000212221110
RESULT first=40 second=37 winner=1
ANALYSIS winner=P1 score=40-37 reason=Ľ±°řŔĚÁˇ steal(w/l)=4/3 neu(w/l)=39/38
