BOARD
66742611376256653
91898864699613128
94623295554771596
77248641534357183
32185131632954331
24652965243853631
29867314177259891
12347953516449567
78329569823872384
32685734989399235
STEP 0 P1 MOVE 0 4 0 7
OWN
00001111000000000
00000000000000000
00000000000000000
00000000000000000
00000000000000000
00000000000000000
00000000000000000
00000000000000000
00000000000000000
00000000000000000
STEP 1 P2 MOVE 1 14 4 14
OWN
00001111000000000
00000000000000200
00000000000000200
00000000000000200
00000000000000200
00000000000000000
00000000000000000
00000000000000000
00000000000000000
00000000000000000
STEP 2 P1 MOVE 1 7 3 7
OWN
00001111000000000
00000001000000200
00000001000000200
00000001000000200
00000000000000200
00000000000000000
00000000000000000
00000000000000000
00000000000000000
00000000000000000
STEP 3 P2 MOVE 0 13 2 13
OWN
00001111000002000
00000001000002200
00000001000002200
00000001000000200
00000000000000200
00000000000000000
00000000000000000
00000000000000000
00000000000000000
00000000000000000
STEP 4 P1 MOVE 4 16 7 16
OWN
00001111000002000
00000001000002200
00000001000002200
00000001000000200
00000000000000201
00000000000000001
00000000000000001
00000000000000001
00000000000000000
00000000000000000
STEP 5 P2 MOVE 7 0 7 3
OWN
00001111000002000
00000001000002200
00000001000002200
00000001000000200
00000000000000201
00000000000000001
00000000000000001
22220000000000001
00000000000000000
00000000000000000
STEP 6 P1 MOVE 4 4 4 7
OWN
00001111000002000
00000001000002200
00000001000002200
00000001000000200
00001111000000201
00000000000000001
00000000000000001
22220000000000001
00000000000000000
00000000000000000
STEP 7 P2 MOVE 6 9 8 9
OWN
00001111000002000
00000001000002200
00000001000002200
00000001000000200
00001111000000201
00000000000000001
00000000020000001
22220000020000001
00000000020000000
00000000000000000
STEP 8 P1 MOVE 9 14 9 16
OWN
00001111000002000
00000001000002200
00000001000002200
00000001000000200
00001111000000201
00000000000000001
00000000020000001
22220000020000001
00000000020000000
00000000000000111
STEP 9 P2 MOVE 2 10 4 10
OWN
00001111000002000
00000001000002200
00000001002002200
00000001002000200
00001111002000201
00000000000000001
00000000020000001
22220000020000001
00000000020000000
00000000000000111
STEP 10 P1 MOVE 2 8 2 9
OWN
00001111000002000
00000001000002200
00000001112002200
00000001002000200
00001111002000201
00000000000000001
00000000020000001
22220000020000001
00000000020000000
00000000000000111
STEP 11 P2 MOVE 3 9 5 9
OWN
00001111000002000
00000001000002200
00000001112002200
00000001022000200
00001111022000201
00000000020000001
00000000020000001
22220000020000001
00000000020000000
00000000000000111
STEP 12 P1 MOVE 5 7 5 10
OWN
00001111000002000
00000001000002200
00000001112002200
00000001022000200
00001111022000201
00000001111000001
00000000020000001
22220000020000001
00000000020000000
00000000000000111
STEP 13 P2 MOVE 6 4 6 5
OWN
00001111000002000
00000001000002200
00000001112002200
00000001022000200
00001111022000201
00000001111000001
00002200020000001
22220000020000001
00000000020000000
00000000000000111
STEP 14 P1 MOVE 8 0 9 0
OWN
00001111000002000
00000001000002200
00000001112002200
00000001022000200
00001111022000201
00000001111000001
00002200020000001
22220000020000001
10000000020000000
10000000000000111
STEP 15 P2 MOVE 2 1 2 2
OWN
00001111000002000
00000001000002200
02200001112002200
00000001022000200
00001111022000201
00000001111000001
00002200020000001
22220000020000001
10000000020000000
10000000000000111
STEP 16 P1 MOVE 5 1 5 2
OWN
00001111000002000
00000001000002200
02200001112002200
00000001022000200
00001111022000201
01100001111000001
00002200020000001
22220000020000001
10000000020000000
10000000000000111
STEP 17 P2 MOVE 1 1 4 1
OWN
00001111000002000
02000001000002200
02200001112002200
02000001022000200
02001111022000201
01100001111000001
00002200020000001
22220000020000001
10000000020000000
10000000000000111
STEP 18 P1 MOVE 1 2 3 2
OWN
00001111000002000
02100001000002200
02100001112002200
02100001022000200
02001111022000201
01100001111000001
00002200020000001
22220000020000001
10000000020000000
10000000000000111
STEP 19 P2 MOVE 5 12 6 12
OWN
00001111000002000
02100001000002200
02100001112002200
02100001022000200
02001111022000201
01100001111020001
00002200020020001
22220000020000001
10000000020000000
10000000000000111
STEP 20 P1 MOVE 6 11 7 12
OWN
00001111000002000
02100001000002200
02100001112002200
02100001022000200
02001111022000201
01100001111020001
00002200020110001
22220000020110001
10000000020000000
10000000000000111
STEP 21 P2 MOVE 3 6 5 6
OWN
00001111000002000
02100001000002200
02100001112002200
02100021022000200
02001121022000201
01100021111020001
00002200020110001
22220000020110001
10000000020000000
10000000000000111
STEP 22 P1 MOVE 3 12 4 12
OWN
00001111000002000
02100001000002200
02100001112002200
02100021022010200
02001121022010201
01100021111020001
00002200020110001
22220000020110001
10000000020000000
10000000000000111
STEP 23 P2 MOVE 1 5 2 5
OWN
00001111000002000
02100201000002200
02100201112002200
02100021022010200
02001121022010201
01100021111020001
00002200020110001
22220000020110001
10000000020000000
10000000000000111
STEP 24 P1 MOVE 3 11 3 13
OWN
00001111000002000
02100201000002200
02100201112002200
02100021022111200
02001121022010201
01100021111020001
00002200020110001
22220000020110001
10000000020000000
10000000000000111
STEP 25 P2 MOVE 0 13 4 14
OWN
00001111000002200
02100201000002200
02100201112002200
02100021022112200
02001121022012201
01100021111020001
00002200020110001
22220000020110001
10000000020000000
10000000000000111
STEP 26 P1 MOVE 0 12 0 15
OWN
00001111000011110
02100201000002200
02100201112002200
02100021022112200
02001121022012201
01100021111020001
00002200020110001
22220000020110001
10000000020000000
10000000000000111
STEP 27 P2 MOVE 2 12 5 13
OWN
00001111000011110
02100201000002200
02100201112022200
02100021022122200
02001121022022201
01100021111022001
00002200020110001
22220000020110001
10000000020000000
10000000000000111
STEP 28 P1 MOVE 1 12 6 13
OWN
00001111000011110
02100201000011200
02100201112011200
02100021022111200
02001121022011201
01100021111011001
00002200020111001
22220000020110001
10000000020000000
10000000000000111
STEP 29 P2 MOVE 0 11 1 15
OWN
00001111000222220
02100201000222220
02100201112011200
02100021022111200
02001121022011201
01100021111011001
00002200020111001
22220000020110001
10000000020000000
10000000000000111
STEP 30 P1 MOVE 5 5 6 6
OWN
00001111000222220
02100201000222220
02100201112011200
02100021022111200
02001121022011201
01100111111011001
00002110020111001
22220000020110001
10000000020000000
10000000000000111
STEP 31 P2 MOVE 5 4 5 11
OWN
00001111000222220
02100201000222220
02100201112011200
02100021022111200
02001121022011201
01102222222211001
00002110020111001
22220000020110001
10000000020000000
10000000000000111
STEP 32 P1 MOVE 3 5 6 7
OWN
00001111000222220
02100201000222220
02100201112011200
02100111022111200
02001111022011201
01102111222211001
00002111020111001
22220000020110001
10000000020000000
10000000000000111
STEP 33 P2 MOVE 8 1 9 1
OWN
00001111000222220
02100201000222220
02100201112011200
02100111022111200
02001111022011201
01102111222211001
00002111020111001
22220000020110001
12000000020000000
12000000000000111
STEP 34 P1 MOVE 8 3 9 3
OWN
00001111000222220
02100201000222220
02100201112011200
02100111022111200
02001111022011201
01102111222211001
00002111020111001
22220000020110001
12010000020000000
12010000000000111
STEP 35 P2 MOVE 9 5 9 6
OWN
00001111000222220
02100201000222220
02100201112011200
02100111022111200
02001111022011201
01102111222211001
00002111020111001
22220000020110001
12010000020000000
12010220000000111
STEP 36 P1 MOVE 0 8 0 9
OWN
00001111110222220
02100201000222220
02100201112011200
02100111022111200
02001111022011201
01102111222211001
00002111020111001
22220000020110001
12010000020000000
12010220000000111
STEP 37 P2 MOVE -1 -1 -1 -1
OWN
00001111110222220
02100201000222220
02100201112011200
02100111022111200
02001111022011201
01102111222211001
00002111020111001
22220000020110001
12010000020000000
12010220000000111
STEP 38 P1 MOVE -1 -1 -1 -1
OWN
00001111110222220
02100201000222220
02100201112011200
02100111022111200
02001111022011201
01102111222211001
00002111020111001
22220000020110001
12010000020000000
12010220000000111
RESULT first=53 second=41 winner=1
ANALYSIS winner=P1 score=53-41 reason=탈취우위(+5칸 빼앗음,2배효과) steal(w/l)=21/16 neu(w/l)=48/46
