BOARD
92652967711284628
69748347794975594
78935587263536297
37785364511779373
51115219119133864
21458134231744494
64125647167535727
17781673336879264
81844839633181985
12546424342566136
STEP 0 P1 MOVE 9 14 9 16
OWN
00000000000000000
00000000000000000
00000000000000000
00000000000000000
00000000000000000
00000000000000000
00000000000000000
00000000000000000
00000000000000000
00000000000000111
STEP 1 P2 MOVE 1 14 3 14
OWN
00000000000000000
00000000000000200
00000000000000200
00000000000000200
00000000000000000
00000000000000000
00000000000000000
00000000000000000
00000000000000000
00000000000000111
STEP 2 P1 MOVE 3 0 5 0
OWN
00000000000000000
00000000000000200
00000000000000200
10000000000000200
10000000000000000
10000000000000000
00000000000000000
00000000000000000
00000000000000000
00000000000000111
STEP 3 P2 MOVE 9 5 9 7
OWN
00000000000000000
00000000000000200
00000000000000200
10000000000000200
10000000000000000
10000000000000000
00000000000000000
00000000000000000
00000000000000000
00000222000000111
STEP 4 P1 MOVE 4 1 4 5
OWN
00000000000000000
00000000000000200
00000000000000200
10000000000000200
11111100000000000
10000000000000000
00000000000000000
00000000000000000
00000000000000000
00000222000000111
STEP 5 P2 MOVE 5 1 6 2
OWN
00000000000000000
00000000000000200
00000000000000200
10000000000000200
11111100000000000
12200000000000000
02200000000000000
00000000000000000
00000000000000000
00000222000000111
STEP 6 P1 MOVE 3 5 6 5
OWN
00000000000000000
00000000000000200
00000000000000200
10000100000000200
11111100000000000
12200100000000000
02200100000000000
00000000000000000
00000000000000000
00000222000000111
STEP 7 P2 MOVE 6 4 8 4
OWN
00000000000000000
00000000000000200
00000000000000200
10000100000000200
11111100000000000
12200100000000000
02202100000000000
00002000000000000
00002000000000000
00000222000000111
STEP 8 P1 MOVE 7 0 9 0
OWN
00000000000000000
00000000000000200
00000000000000200
10000100000000200
11111100000000000
12200100000000000
02202100000000000
10002000000000000
10002000000000000
10000222000000111
STEP 9 P2 MOVE 7 1 9 1
OWN
00000000000000000
00000000000000200
00000000000000200
10000100000000200
11111100000000000
12200100000000000
02202100000000000
12002000000000000
12002000000000000
12000222000000111
STEP 10 P1 MOVE 3 6 5 6
OWN
00000000000000000
00000000000000200
00000000000000200
10000110000000200
11111110000000000
12200110000000000
02202100000000000
12002000000000000
12002000000000000
12000222000000111
STEP 11 P2 MOVE 5 7 5 10
OWN
00000000000000000
00000000000000200
00000000000000200
10000110000000200
11111110000000000
12200112222000000
02202100000000000
12002000000000000
12002000000000000
12000222000000111
STEP 12 P1 MOVE 8 11 8 13
OWN
00000000000000000
00000000000000200
00000000000000200
10000110000000200
11111110000000000
12200112222000000
02202100000000000
12002000000000000
12002000000111000
12000222000000111
STEP 13 P2 MOVE 3 8 7 8
OWN
00000000000000000
00000000000000200
00000000000000200
10000110200000200
11111110200000000
12200112222000000
02202100200000000
12002000200000000
12002000000111000
12000222000000111
STEP 14 P1 MOVE 3 4 3 9
OWN
00000000000000000
00000000000000200
00000000000000200
10001111110000200
11111110200000000
12200112222000000
02202100200000000
12002000200000000
12002000000111000
12000222000000111
STEP 15 P2 MOVE 4 9 7 9
OWN
00000000000000000
00000000000000200
00000000000000200
10001111110000200
11111110220000000
12200112222000000
02202100220000000
12002000220000000
12002000000111000
12000222000000111
STEP 16 P1 MOVE 2 16 3 16
OWN
00000000000000000
00000000000000200
00000000000000201
10001111110000201
11111110220000000
12200112222000000
02202100220000000
12002000220000000
12002000000111000
12000222000000111
STEP 17 P2 MOVE 9 3 9 4
OWN
00000000000000000
00000000000000200
00000000000000201
10001111110000201
11111110220000000
12200112222000000
02202100220000000
12002000220000000
12002000000111000
12022222000000111
STEP 18 P1 MOVE 0 4 1 4
OWN
00001000000000000
00001000000000200
00000000000000201
10001111110000201
11111110220000000
12200112222000000
02202100220000000
12002000220000000
12002000000111000
12022222000000111
STEP 19 P2 MOVE 0 11 0 12
OWN
00001000000220000
00001000000000200
00000000000000201
10001111110000201
11111110220000000
12200112222000000
02202100220000000
12002000220000000
12002000000111000
12022222000000111
STEP 20 P1 MOVE 0 9 1 9
OWN
00001000010220000
00001000010000200
00000000000000201
10001111110000201
11111110220000000
12200112222000000
02202100220000000
12002000220000000
12002000000111000
12022222000000111
STEP 21 P2 MOVE 0 15 0 16
OWN
00001000010220022
00001000010000200
00000000000000201
10001111110000201
11111110220000000
12200112222000000
02202100220000000
12002000220000000
12002000000111000
12022222000000111
STEP 22 P1 MOVE 4 15 4 16
OWN
00001000010220022
00001000010000200
00000000000000201
10001111110000201
11111110220000011
12200112222000000
02202100220000000
12002000220000000
12002000000111000
12022222000000111
STEP 23 P2 MOVE 0 13 0 14
OWN
00001000010222222
00001000010000200
00000000000000201
10001111110000201
11111110220000011
12200112222000000
02202100220000000
12002000220000000
12002000000111000
12022222000000111
STEP 24 P1 MOVE 6 7 7 7
OWN
00001000010222222
00001000010000200
00000000000000201
10001111110000201
11111110220000011
12200112222000000
02202101220000000
12002001220000000
12002000000111000
12022222000000111
STEP 25 P2 MOVE 3 12 4 12
OWN
00001000010222222
00001000010000200
00000000000000201
10001111110020201
11111110220020011
12200112222000000
02202101220000000
12002001220000000
12002000000111000
12022222000000111
STEP 26 P1 MOVE 3 10 4 10
OWN
00001000010222222
00001000010000200
00000000000000201
10001111111020201
11111110221020011
12200112222000000
02202101220000000
12002001220000000
12002000000111000
12022222000000111
STEP 27 P2 MOVE 4 7 4 11
OWN
00001000010222222
00001000010000200
00000000000000201
10001111111020201
11111112222220011
12200112222000000
02202101220000000
12002001220000000
12002000000111000
12022222000000111
STEP 28 P1 MOVE 2 12 6 12
OWN
00001000010222222
00001000010000200
00000000000010201
10001111111010201
11111112222210011
12200112222010000
02202101220010000
12002001220000000
12002000000111000
12022222000000111
STEP 29 P2 MOVE 6 11 6 13
OWN
00001000010222222
00001000010000200
00000000000010201
10001111111010201
11111112222210011
12200112222010000
02202101220222000
12002001220000000
12002000000111000
12022222000000111
STEP 30 P1 MOVE -1 -1 -1 -1
OWN
00001000010222222
00001000010000200
00000000000010201
10001111111010201
11111112222210011
12200112222010000
02202101220222000
12002001220000000
12002000000111000
12022222000000111
STEP 31 P2 MOVE 0 6 1 6
OWN
00001020010222222
00001020010000200
00000000000010201
10001111111010201
11111112222210011
12200112222010000
02202101220222000
12002001220000000
12002000000111000
12022222000000111
STEP 32 P1 MOVE 1 5 1 7
OWN
00001020010222222
00001111010000200
00000000000010201
10001111111010201
11111112222210011
12200112222010000
02202101220222000
12002001220000000
12002000000111000
12022222000000111
STEP 33 P2 MOVE 2 4 2 5
OWN
00001020010222222
00001111010000200
00002200000010201
10001111111010201
11111112222210011
12200112222010000
02202101220222000
12002001220000000
12002000000111000
12022222000000111
STEP 34 P1 MOVE 8 10 9 11
OWN
00001020010222222
00001111010000200
00002200000010201
10001111111010201
11111112222210011
12200112222010000
02202101220222000
12002001220000000
12002000001111000
12022222001100111
STEP 35 P2 MOVE 7 6 8 6
OWN
00001020010222222
00001111010000200
00002200000010201
10001111111010201
11111112222210011
12200112222010000
02202101220222000
12002021220000000
12002020001111000
12022222001100111
STEP 36 P1 MOVE 6 5 7 6
OWN
00001020010222222
00001111010000200
00002200000010201
10001111111010201
11111112222210011
12200112222010000
02202111220222000
12002111220000000
12002020001111000
12022222001100111
STEP 37 P2 MOVE 9 9 9 12
OWN
00001020010222222
00001111010000200
00002200000010201
10001111111010201
11111112222210011
12200112222010000
02202111220222000
12002111220000000
12002020001111000
12022222022220111
STEP 38 P1 MOVE 2 10 6 10
OWN
00001020010222222
00001111010000200
00002200001010201
10001111111010201
11111112221210011
12200112221010000
02202111221222000
12002111220000000
12002020001111000
12022222022220111
STEP 39 P2 MOVE 1 10 7 10
OWN
00001020010222222
00001111012000200
00002200002010201
10001111112010201
11111112222210011
12200112222010000
02202111222222000
12002111222000000
12002020001111000
12022222022220111
STEP 40 P1 MOVE 0 9 8 10
OWN
00001020011222222
00001111011000200
00002200011010201
10001111111010201
11111112211210011
12200112211010000
02202111211222000
12002111211000000
12002020011111000
12022222022220111
STEP 41 P2 MOVE 6 3 7 3
OWN
00001020011222222
00001111011000200
00002200011010201
10001111111010201
11111112211210011
12200112211010000
02222111211222000
12022111211000000
12002020011111000
12022222022220111
STEP 42 P1 MOVE -1 -1 -1 -1
OWN
00001020011222222
00001111011000200
00002200011010201
10001111111010201
11111112211210011
12200112211010000
02222111211222000
12022111211000000
12002020011111000
12022222022220111
STEP 43 P2 MOVE -1 -1 -1 -1
OWN
00001020011222222
00001111011000200
00002200011010201
10001111111010201
11111112211210011
12200112211010000
02222111211222000
12022111211000000
12002020011111000
12022222022220111
RESULT first=62 second=44 winner=1
ANALYSIS winner=P1 score=62-44 reason=탈취우위(+9칸 빼앗음,2배효과) steal(w/l)=18/9 neu(w/l)=53/53
