BOARD
23378888544684472
28957967973637694
51917739429775963
86846861739549932
71169317195466274
49747595531327328
76868974453172349
76689255524229843
61392969529656825
61634194243372174
STEP 0 P1 MOVE 1 3 3 3
OWN
00000000000000000
00010000000000000
00010000000000000
00010000000000000
00000000000000000
00000000000000000
00000000000000000
00000000000000000
00000000000000000
00000000000000000
STEP 1 P2 MOVE 9 13 9 15
OWN
00000000000000000
00010000000000000
00010000000000000
00010000000000000
00000000000000000
00000000000000000
00000000000000000
00000000000000000
00000000000000000
00000000000002220
STEP 2 P1 MOVE 9 9 9 11
OWN
00000000000000000
00010000000000000
00010000000000000
00010000000000000
00000000000000000
00000000000000000
00000000000000000
00000000000000000
00000000000000000
00000000011102220
STEP 3 P2 MOVE 4 8 6 8
OWN
00000000000000000
00010000000000000
00010000000000000
00010000000000000
00000000200000000
00000000200000000
00000000200000000
00000000000000000
00000000000000000
00000000011102220
STEP 4 P1 MOVE 8 0 8 2
OWN
00000000000000000
00010000000000000
00010000000000000
00010000000000000
00000000200000000
00000000200000000
00000000200000000
00000000000000000
11100000000000000
00000000011102220
STEP 5 P2 MOVE 6 15 8 15
OWN
00000000000000000
00010000000000000
00010000000000000
00010000000000000
00000000200000000
00000000200000000
00000000200000020
00000000000000020
11100000000000020
00000000011102220
STEP 6 P1 MOVE 2 6 4 6
OWN
00000000000000000
00010000000000000
00010010000000000
00010010000000000
00000010200000000
00000000200000000
00000000200000020
00000000000000020
11100000000000020
00000000011102220
STEP 7 P2 MOVE 7 7 7 8
OWN
00000000000000000
00010000000000000
00010010000000000
00010010000000000
00000010200000000
00000000200000000
00000000200000020
00000002200000020
11100000000000020
00000000011102220
STEP 8 P1 MOVE 8 5 9 5
OWN
00000000000000000
00010000000000000
00010010000000000
00010010000000000
00000010200000000
00000000200000000
00000000200000020
00000002200000020
11100100000000020
00000100011102220
STEP 9 P2 MOVE 2 7 3 7
OWN
00000000000000000
00010000000000000
00010012000000000
00010012000000000
00000010200000000
00000000200000000
00000000200000020
00000002200000020
11100100000000020
00000100011102220
STEP 10 P1 MOVE 4 5 4 7
OWN
00000000000000000
00010000000000000
00010012000000000
00010012000000000
00000111200000000
00000000200000000
00000000200000020
00000002200000020
11100100000000020
00000100011102220
STEP 11 P2 MOVE 1 12 2 12
OWN
00000000000000000
00010000000020000
00010012000020000
00010012000000000
00000111200000000
00000000200000000
00000000200000020
00000002200000020
11100100000000020
00000100011102220
STEP 12 P1 MOVE 5 3 6 3
OWN
00000000000000000
00010000000020000
00010012000020000
00010012000000000
00000111200000000
00010000200000000
00010000200000020
00000002200000020
11100100000000020
00000100011102220
STEP 13 P2 MOVE 4 1 5 1
OWN
00000000000000000
00010000000020000
00010012000020000
00010012000000000
02000111200000000
02010000200000000
00010000200000020
00000002200000020
11100100000000020
00000100011102220
STEP 14 P1 MOVE 5 15 5 16
OWN
00000000000000000
00010000000020000
00010012000020000
00010012000000000
02000111200000000
02010000200000011
00010000200000020
00000002200000020
11100100000000020
00000100011102220
STEP 15 P2 MOVE 4 11 7 11
OWN
00000000000000000
00010000000020000
00010012000020000
00010012000000000
02000111200200000
02010000200200011
00010000200200020
00000002200200020
11100100000000020
00000100011102220
STEP 16 P1 MOVE 5 10 5 13
OWN
00000000000000000
00010000000020000
00010012000020000
00010012000000000
02000111200200000
02010000201111011
00010000200200020
00000002200200020
11100100000000020
00000100011102220
STEP 17 P2 MOVE 5 9 7 9
OWN
00000000000000000
00010000000020000
00010012000020000
00010012000000000
02000111200200000
02010000221111011
00010000220200020
00000002220200020
11100100000000020
00000100011102220
STEP 18 P1 MOVE 0 10 0 11
OWN
00000000001100000
00010000000020000
00010012000020000
00010012000000000
02000111200200000
02010000221111011
00010000220200020
00000002220200020
11100100000000020
00000100011102220
STEP 19 P2 MOVE 0 2 0 3
OWN
00220000001100000
00010000000020000
00010012000020000
00010012000000000
02000111200200000
02010000221111011
00010000220200020
00000002220200020
11100100000000020
00000100011102220
STEP 20 P1 MOVE 2 1 2 2
OWN
00220000001100000
00010000000020000
01110012000020000
00010012000000000
02000111200200000
02010000221111011
00010000220200020
00000002220200020
11100100000000020
00000100011102220
STEP 21 P2 MOVE 0 14 1 14
OWN
00220000001100200
00010000000020200
01110012000020000
00010012000000000
02000111200200000
02010000221111011
00010000220200020
00000002220200020
11100100000000020
00000100011102220
STEP 22 P1 MOVE 3 8 3 9
OWN
00220000001100200
00010000000020200
01110012000020000
00010012110000000
02000111200200000
02010000221111011
00010000220200020
00000002220200020
11100100000000020
00000100011102220
STEP 23 P2 MOVE 3 12 4 12
OWN
00220000001100200
00010000000020200
01110012000020000
00010012110020000
02000111200220000
02010000221111011
00010000220200020
00000002220200020
11100100000000020
00000100011102220
STEP 24 P1 MOVE 3 15 4 15
OWN
00220000001100200
00010000000020200
01110012000020000
00010012110020010
02000111200220010
02010000221111011
00010000220200020
00000002220200020
11100100000000020
00000100011102220
STEP 25 P2 MOVE 9 1 9 3
OWN
00220000001100200
00010000000020200
01110012000020000
00010012110020010
02000111200220010
02010000221111011
00010000220200020
00000002220200020
11100100000000020
02220100011102220
STEP 26 P1 MOVE 9 0 9 4
OWN
00220000001100200
00010000000020200
01110012000020000
00010012110020010
02000111200220010
02010000221111011
00010000220200020
00000002220200020
11100100000000020
11111100011102220
STEP 27 P2 MOVE 1 9 1 10
OWN
00220000001100200
00010000022020200
01110012000020000
00010012110020010
02000111200220010
02010000221111011
00010000220200020
00000002220200020
11100100000000020
11111100011102220
STEP 28 P1 MOVE 0 9 1 11
OWN
00220000011100200
00010000011120200
01110012000020000
00010012110020010
02000111200220010
02010000221111011
00010000220200020
00000002220200020
11100100000000020
11111100011102220
STEP 29 P2 MOVE -1 -1 -1 -1
OWN
00220000011100200
00010000011120200
01110012000020000
00010012110020010
02000111200220010
02010000221111011
00010000220200020
00000002220200020
11100100000000020
11111100011102220
STEP 30 P1 MOVE -1 -1 -1 -1
OWN
00220000011100200
00010000011120200
01110012000020000
00010012110020010
02000111200220010
02010000221111011
00010000220200020
00000002220200020
11100100000000020
11111100011102220
RESULT first=41 second=29 winner=1
ANALYSIS winner=P1 score=41-29 reason=Ĺ»ĂëżěŔ§(+6Ä­ »©ľŃŔ˝,2ąčČż°ú) / żŞŔü˝Â steal(w/l)=6/0 neu(w/l)=35/35
