BOARD
29455528587725466
56933953122612547
78226328945848595
22255213729278397
85887725874882385
81771668565941985
27214511959652134
14595344656193946
87479968147862523
41345883971256977
STEP 0 P1 MOVE 4 13 8 13
OWN
00000000000000000
00000000000000000
00000000000000000
00000000000000000
00000000000001000
00000000000001000
00000000000001000
00000000000001000
00000000000001000
00000000000000000
STEP 1 P2 MOVE 6 6 7 7
OWN
00000000000000000
00000000000000000
00000000000000000
00000000000000000
00000000000001000
00000000000001000
00000022000001000
00000022000001000
00000000000001000
00000000000000000
STEP 2 P1 MOVE 0 12 1 13
OWN
00000000000011000
00000000000011000
00000000000000000
00000000000000000
00000000000001000
00000000000001000
00000022000001000
00000022000001000
00000000000001000
00000000000000000
STEP 3 P2 MOVE 6 3 6 5
OWN
00000000000011000
00000000000011000
00000000000000000
00000000000000000
00000000000001000
00000000000001000
00022222000001000
00000022000001000
00000000000001000
00000000000000000
STEP 4 P1 MOVE 1 6 4 6
OWN
00000000000011000
00000010000011000
00000010000000000
00000010000000000
00000010000001000
00000000000001000
00022222000001000
00000022000001000
00000000000001000
00000000000000000
STEP 5 P2 MOVE 3 4 3 7
OWN
00000000000011000
00000010000011000
00000010000000000
00002222000000000
00000010000001000
00000000000001000
00022222000001000
00000022000001000
00000000000001000
00000000000000000
STEP 6 P1 MOVE 0 3 2 3
OWN
00010000000011000
00010010000011000
00010010000000000
00002222000000000
00000010000001000
00000000000001000
00022222000001000
00000022000001000
00000000000001000
00000000000000000
STEP 7 P2 MOVE 2 5 4 5
OWN
00010000000011000
00010010000011000
00010210000000000
00002222000000000
00000210000001000
00000000000001000
00022222000001000
00000022000001000
00000000000001000
00000000000000000
STEP 8 P1 MOVE 9 9 9 11
OWN
00010000000011000
00010010000011000
00010210000000000
00002222000000000
00000210000001000
00000000000001000
00022222000001000
00000022000001000
00000000000001000
00000000011100000
STEP 9 P2 MOVE 8 14 8 16
OWN
00010000000011000
00010010000011000
00010210000000000
00002222000000000
00000210000001000
00000000000001000
00022222000001000
00000022000001000
00000000000001222
00000000011100000
STEP 10 P1 MOVE 0 9 1 9
OWN
00010000010011000
00010010010011000
00010210000000000
00002222000000000
00000210000001000
00000000000001000
00022222000001000
00000022000001000
00000000000001222
00000000011100000
STEP 11 P2 MOVE 6 16 7 16
OWN
00010000010011000
00010010010011000
00010210000000000
00002222000000000
00000210000001000
00000000000001000
00022222000001002
00000022000001002
00000000000001222
00000000011100000
STEP 12 P1 MOVE 6 14 7 14
OWN
00010000010011000
00010010010011000
00010210000000000
00002222000000000
00000210000001000
00000000000001000
00022222000001102
00000022000001102
00000000000001222
00000000011100000
STEP 13 P2 MOVE 3 11 4 11
OWN
00010000010011000
00010010010011000
00010210000000000
00002222000200000
00000210000201000
00000000000001000
00022222000001102
00000022000001102
00000000000001222
00000000011100000
STEP 14 P1 MOVE 0 4 0 5
OWN
00011100010011000
00010010010011000
00010210000000000
00002222000200000
00000210000201000
00000000000001000
00022222000001102
00000022000001102
00000000000001222
00000000011100000
STEP 15 P2 MOVE 0 6 0 7
OWN
00011122010011000
00010010010011000
00010210000000000
00002222000200000
00000210000201000
00000000000001000
00022222000001102
00000022000001102
00000000000001222
00000000011100000
STEP 16 P1 MOVE 2 1 2 2
OWN
00011122010011000
00010010010011000
01110210000000000
00002222000200000
00000210000201000
00000000000001000
00022222000001102
00000022000001102
00000000000001222
00000000011100000
STEP 17 P2 MOVE 0 14 0 15
OWN
00011122010011220
00010010010011000
01110210000000000
00002222000200000
00000210000201000
00000000000001000
00022222000001102
00000022000001102
00000000000001222
00000000011100000
STEP 18 P1 MOVE 8 8 9 8
OWN
00011122010011220
00010010010011000
01110210000000000
00002222000200000
00000210000201000
00000000000001000
00022222000001102
00000022000001102
00000000100001222
00000000111100000
STEP 19 P2 MOVE 7 0 7 2
OWN
00011122010011220
00010010010011000
01110210000000000
00002222000200000
00000210000201000
00000000000001000
00022222000001102
22200022000001102
00000000100001222
00000000111100000
STEP 20 P1 MOVE 6 0 8 0
OWN
00011122010011220
00010010010011000
01110210000000000
00002222000200000
00000210000201000
00000000000001000
10022222000001102
12200022000001102
10000000100001222
00000000111100000
STEP 21 P2 MOVE 1 14 2 14
OWN
00011122010011220
00010010010011200
01110210000000200
00002222000200000
00000210000201000
00000000000001000
10022222000001102
12200022000001102
10000000100001222
00000000111100000
STEP 22 P1 MOVE 3 0 4 0
OWN
00011122010011220
00010010010011200
01110210000000200
10002222000200000
10000210000201000
00000000000001000
10022222000001102
12200022000001102
10000000100001222
00000000111100000
STEP 23 P2 MOVE 3 2 4 2
OWN
00011122010011220
00010010010011200
01110210000000200
10202222000200000
10200210000201000
00000000000001000
10022222000001102
12200022000001102
10000000100001222
00000000111100000
STEP 24 P1 MOVE 4 16 5 16
OWN
00011122010011220
00010010010011200
01110210000000200
10202222000200000
10200210000201001
00000000000001001
10022222000001102
12200022000001102
10000000100001222
00000000111100000
STEP 25 P2 MOVE 7 11 7 12
OWN
00011122010011220
00010010010011200
01110210000000200
10202222000200000
10200210000201001
00000000000001001
10022222000001102
12200022000221102
10000000100001222
00000000111100000
STEP 26 P1 MOVE 7 10 7 15
OWN
00011122010011220
00010010010011200
01110210000000200
10202222000200000
10200210000201001
00000000000001001
10022222000001102
12200022001111112
10000000100001222
00000000111100000
STEP 27 P2 MOVE 6 15 9 15
OWN
00011122010011220
00010010010011200
01110210000000200
10202222000200000
10200210000201001
00000000000001001
10022222000001122
12200022001111122
10000000100001222
00000000111100020
STEP 28 P1 MOVE -1 -1 -1 -1
OWN
00011122010011220
00010010010011200
01110210000000200
10202222000200000
10200210000201001
00000000000001001
10022222000001122
12200022001111122
10000000100001222
00000000111100020
STEP 29 P2 MOVE -1 -1 -1 -1
OWN
00011122010011220
00010010010011200
01110210000000200
10202222000200000
10200210000201001
00000000000001001
10022222000001122
12200022001111122
10000000100001222
00000000111100020
RESULT first=38 second=33 winner=1
ANALYSIS winner=P1 score=38-33 reason=şóÄ­Ľ±Áˇ(+3) steal(w/l)=3/2 neu(w/l)=37/34
