BOARD
56444258943991518
34973662295984442
24989224622829258
92691794487371118
16725981823592186
71183114282782345
42333114977895287
59558418211312294
27327588974755296
64568979975795252
STEP 0 P1 MOVE 7 9 7 14
OWN
00000000000000000
00000000000000000
00000000000000000
00000000000000000
00000000000000000
00000000000000000
00000000000000000
00000000011111100
00000000000000000
00000000000000000
STEP 1 P2 MOVE 4 14 9 14
OWN
00000000000000000
00000000000000000
00000000000000000
00000000000000000
00000000000000200
00000000000000200
00000000000000200
00000000011111200
00000000000000200
00000000000000200
STEP 2 P1 MOVE 3 14 4 15
OWN
00000000000000000
00000000000000000
00000000000000000
00000000000000110
00000000000000110
00000000000000200
00000000000000200
00000000011111200
00000000000000200
00000000000000200
STEP 3 P2 MOVE 3 13 6 13
OWN
00000000000000000
00000000000000000
00000000000000000
00000000000002110
00000000000002110
00000000000002200
00000000000002200
00000000011111200
00000000000000200
00000000000000200
STEP 4 P1 MOVE 5 6 6 7
OWN
00000000000000000
00000000000000000
00000000000000000
00000000000002110
00000000000002110
00000011000002200
00000011000002200
00000000011111200
00000000000000200
00000000000000200
STEP 5 P2 MOVE 2 8 2 10
OWN
00000000000000000
00000000000000000
00000000222000000
00000000000002110
00000000000002110
00000011000002200
00000011000002200
00000000011111200
00000000000000200
00000000000000200
STEP 6 P1 MOVE 0 3 0 5
OWN
00011100000000000
00000000000000000
00000000222000000
00000000000002110
00000000000002110
00000011000002200
00000011000002200
00000000011111200
00000000000000200
00000000000000200
STEP 7 P2 MOVE 8 13 9 13
OWN
00011100000000000
00000000000000000
00000000222000000
00000000000002110
00000000000002110
00000011000002200
00000011000002200
00000000011111200
00000000000002200
00000000000002200
STEP 8 P1 MOVE 4 9 5 9
OWN
00011100000000000
00000000000000000
00000000222000000
00000000000002110
00000000010002110
00000011010002200
00000011000002200
00000000011111200
00000000000002200
00000000000002200
STEP 9 P2 MOVE 0 0 2 0
OWN
20011100000000000
20000000000000000
20000000222000000
00000000000002110
00000000010002110
00000011010002200
00000011000002200
00000000011111200
00000000000002200
00000000000002200
STEP 10 P1 MOVE 1 1 3 1
OWN
20011100000000000
21000000000000000
21000000222000000
01000000000002110
00000000010002110
00000011010002200
00000011000002200
00000000011111200
00000000000002200
00000000000002200
STEP 11 P2 MOVE 0 7 1 7
OWN
20011102000000000
21000002000000000
21000000222000000
01000000000002110
00000000010002110
00000011010002200
00000011000002200
00000000011111200
00000000000002200
00000000000002200
STEP 12 P1 MOVE 6 2 6 5
OWN
20011102000000000
21000002000000000
21000000222000000
01000000000002110
00000000010002110
00000011010002200
00111111000002200
00000000011111200
00000000000002200
00000000000002200
STEP 13 P2 MOVE 5 5 8 5
OWN
20011102000000000
21000002000000000
21000000222000000
01000000000002110
00000000010002110
00000211010002200
00111211000002200
00000200011111200
00000200000002200
00000000000002200
STEP 14 P1 MOVE 0 16 1 16
OWN
20011102000000001
21000002000000001
21000000222000000
01000000000002110
00000000010002110
00000211010002200
00111211000002200
00000200011111200
00000200000002200
00000000000002200
STEP 15 P2 MOVE 3 0 4 0
OWN
20011102000000001
21000002000000001
21000000222000000
21000000000002110
20000000010002110
00000211010002200
00111211000002200
00000200011111200
00000200000002200
00000000000002200
STEP 16 P1 MOVE 3 10 3 11
OWN
20011102000000001
21000002000000001
21000000222000000
21000000001102110
20000000010002110
00000211010002200
00111211000002200
00000200011111200
00000200000002200
00000000000002200
STEP 17 P2 MOVE 9 0 9 1
OWN
20011102000000001
21000002000000001
21000000222000000
21000000001102110
20000000010002110
00000211010002200
00111211000002200
00000200011111200
00000200000002200
22000000000002200
STEP 18 P1 MOVE 7 16 8 16
OWN
20011102000000001
21000002000000001
21000000222000000
21000000001102110
20000000010002110
00000211010002200
00111211000002200
00000200011111201
00000200000002201
22000000000002200
STEP 19 P2 MOVE 4 3 5 3
OWN
20011102000000001
21000002000000001
21000000222000000
21000000001102110
20020000010002110
00020211010002200
00111211000002200
00000200011111201
00000200000002201
22000000000002200
STEP 20 P1 MOVE 3 3 3 4
OWN
20011102000000001
21000002000000001
21000000222000000
21011000001102110
20020000010002110
00020211010002200
00111211000002200
00000200011111201
00000200000002201
22000000000002200
STEP 21 P2 MOVE 1 12 2 12
OWN
20011102000000001
21000002000020001
21000000222020000
21011000001102110
20020000010002110
00020211010002200
00111211000002200
00000200011111201
00000200000002201
22000000000002200
STEP 22 P1 MOVE 0 1 0 2
OWN
21111102000000001
21000002000020001
21000000222020000
21011000001102110
20020000010002110
00020211010002200
00111211000002200
00000200011111201
00000200000002201
22000000000002200
STEP 23 P2 MOVE 0 12 0 13
OWN
21111102000022001
21000002000020001
21000000222020000
21011000001102110
20020000010002110
00020211010002200
00111211000002200
00000200011111201
00000200000002201
22000000000002200
STEP 24 P1 MOVE 1 3 1 4
OWN
21111102000022001
21011002000020001
21000000222020000
21011000001102110
20020000010002110
00020211010002200
00111211000002200
00000200011111201
00000200000002201
22000000000002200
STEP 25 P2 MOVE 7 2 7 3
OWN
21111102000022001
21011002000020001
21000000222020000
21011000001102110
20020000010002110
00020211010002200
00111211000002200
00220200011111201
00000200000002201
22000000000002200
STEP 26 P1 MOVE 2 3 8 3
OWN
21111102000022001
21011002000020001
21010000222020000
21011000001102110
20010000010002110
00010211010002200
00111211000002200
00210200011111201
00010200000002201
22000000000002200
STEP 27 P2 MOVE 8 2 8 4
OWN
21111102000022001
21011002000020001
21010000222020000
21011000001102110
20010000010002110
00010211010002200
00111211000002200
00210200011111201
00222200000002201
22000000000002200
STEP 28 P1 MOVE -1 -1 -1 -1
OWN
21111102000022001
21011002000020001
21010000222020000
21011000001102110
20010000010002110
00010211010002200
00111211000002200
00210200011111201
00222200000002201
22000000000002200
STEP 29 P2 MOVE 4 8 5 8
OWN
21111102000022001
21011002000020001
21010000222020000
21011000001102110
20010000210002110
00010211210002200
00111211000002200
00210200011111201
00222200000002201
22000000000002200
STEP 30 P1 MOVE 4 7 6 8
OWN
21111102000022001
21011002000020001
21010000222020000
21011000001102110
20010001110002110
00010211110002200
00111211100002200
00210200011111201
00222200000002201
22000000000002200
STEP 31 P2 MOVE 1 10 5 10
OWN
21111102000022001
21011002002020001
21010000222020000
21011000002102110
20010001112002110
00010211112002200
00111211100002200
00210200011111201
00222200000002201
22000000000002200
STEP 32 P1 MOVE 0 10 6 10
OWN
21111102001022001
21011002001020001
21010000221020000
21011000001102110
20010001111002110
00010211111002200
00111211101002200
00210200011111201
00222200000002201
22000000000002200
STEP 33 P2 MOVE 7 7 7 8
OWN
21111102001022001
21011002001020001
21010000221020000
21011000001102110
20010001111002110
00010211111002200
00111211101002200
00210202211111201
00222200000002201
22000000000002200
STEP 34 P1 MOVE 7 6 7 15
OWN
21111102001022001
21011002001020001
21010000221020000
21011000001102110
20010001111002110
00010211111002200
00111211101002200
00210211111111111
00222200000002201
22000000000002200
STEP 35 P2 MOVE 5 4 6 9
OWN
21111102001022001
21011002001020001
21010000221020000
21011000001102110
20010001111002110
00012222221002200
00112222221002200
00210211111111111
00222200000002201
22000000000002200
STEP 36 P1 MOVE 6 1 6 11
OWN
21111102001022001
21011002001020001
21010000221020000
21011000001102110
20010001111002110
00012222221002200
01111111111102200
00210211111111111
00222200000002201
22000000000002200
STEP 37 P2 MOVE 5 1 7 1
OWN
21111102001022001
21011002001020001
21010000221020000
21011000001102110
20010001111002110
02012222221002200
02111111111102200
02210211111111111
00222200000002201
22000000000002200
STEP 38 P1 MOVE -1 -1 -1 -1
OWN
21111102001022001
21011002001020001
21010000221020000
21011000001102110
20010001111002110
02012222221002200
02111111111102200
02210211111111111
00222200000002201
22000000000002200
STEP 39 P2 MOVE -1 -1 -1 -1
OWN
21111102001022001
21011002001020001
21010000221020000
21011000001102110
20010001111002110
02012222221002200
02111111111102200
02210211111111111
00222200000002201
22000000000002200
RESULT first=54 second=40 winner=1
ANALYSIS winner=P1 score=54-40 reason=Ĺ»ĂëżěŔ§(+7Ä­ »©ľŃŔ˝,2ąčČż°ú) steal(w/l)=20/13 neu(w/l)=47/47
