BOARD
86226337231926722
44835564822132225
14473682873939256
29159179118119739
59354161326481965
37697531517913968
16961125291523892
88734379348187357
84787287174166212
49644365459497326
STEP 0 P1 MOVE 1 10 1 14
OWN
00000000000000000
00000000001111100
00000000000000000
00000000000000000
00000000000000000
00000000000000000
00000000000000000
00000000000000000
00000000000000000
00000000000000000
STEP 1 P2 MOVE 4 7 5 8
OWN
00000000000000000
00000000001111100
00000000000000000
00000000000000000
00000002200000000
00000002200000000
00000000000000000
00000000000000000
00000000000000000
00000000000000000
STEP 2 P1 MOVE 1 15 3 15
OWN
00000000000000000
00000000001111110
00000000000000010
00000000000000010
00000002200000000
00000002200000000
00000000000000000
00000000000000000
00000000000000000
00000000000000000
STEP 3 P2 MOVE 0 1 0 3
OWN
02220000000000000
00000000001111110
00000000000000010
00000000000000010
00000002200000000
00000002200000000
00000000000000000
00000000000000000
00000000000000000
00000000000000000
STEP 4 P1 MOVE 1 9 3 9
OWN
02220000000000000
00000000011111110
00000000010000010
00000000010000010
00000002200000000
00000002200000000
00000000000000000
00000000000000000
00000000000000000
00000000000000000
STEP 5 P2 MOVE 3 2 5 2
OWN
02220000000000000
00000000011111110
00000000010000010
00200000010000010
00200002200000000
00200002200000000
00000000000000000
00000000000000000
00000000000000000
00000000000000000
STEP 6 P1 MOVE 3 12 5 12
OWN
02220000000000000
00000000011111110
00000000010000010
00200000010010010
00200002200010000
00200002200010000
00000000000000000
00000000000000000
00000000000000000
00000000000000000
STEP 7 P2 MOVE 6 8 9 8
OWN
02220000000000000
00000000011111110
00000000010000010
00200000010010010
00200002200010000
00200002200010000
00000000200000000
00000000200000000
00000000200000000
00000000200000000
STEP 8 P1 MOVE 4 5 7 5
OWN
02220000000000000
00000000011111110
00000000010000010
00200000010010010
00200102200010000
00200102200010000
00000100200000000
00000100200000000
00000000200000000
00000000200000000
STEP 9 P2 MOVE 9 7 9 9
OWN
02220000000000000
00000000011111110
00000000010000010
00200000010010010
00200102200010000
00200102200010000
00000100200000000
00000100200000000
00000000200000000
00000002220000000
STEP 10 P1 MOVE 5 0 5 1
OWN
02220000000000000
00000000011111110
00000000010000010
00200000010010010
00200102200010000
11200102200010000
00000100200000000
00000100200000000
00000000200000000
00000002220000000
STEP 11 P2 MOVE 6 12 7 12
OWN
02220000000000000
00000000011111110
00000000010000010
00200000010010010
00200102200010000
11200102200010000
00000100200020000
00000100200020000
00000000200000000
00000002220000000
STEP 12 P1 MOVE 4 4 4 6
OWN
02220000000000000
00000000011111110
00000000010000010
00200000010010010
00201112200010000
11200102200010000
00000100200020000
00000100200020000
00000000200000000
00000002220000000
STEP 13 P2 MOVE 1 3 2 3
OWN
02220000000000000
00020000011111110
00020000010000010
00200000010010010
00201112200010000
11200102200010000
00000100200020000
00000100200020000
00000000200000000
00000002220000000
STEP 14 P1 MOVE 2 7 2 8
OWN
02220000000000000
00020000011111110
00020001110000010
00200000010010010
00201112200010000
11200102200010000
00000100200020000
00000100200020000
00000000200000000
00000002220000000
STEP 15 P2 MOVE 1 6 1 7
OWN
02220000000000000
00020022011111110
00020001110000010
00200000010010010
00201112200010000
11200102200010000
00000100200020000
00000100200020000
00000000200000000
00000002220000000
STEP 16 P1 MOVE 2 11 3 11
OWN
02220000000000000
00020022011111110
00020001110100010
00200000010110010
00201112200010000
11200102200010000
00000100200020000
00000100200020000
00000000200000000
00000002220000000
STEP 17 P2 MOVE 0 6 0 7
OWN
02220022000000000
00020022011111110
00020001110100010
00200000010110010
00201112200010000
11200102200010000
00000100200020000
00000100200020000
00000000200000000
00000002220000000
STEP 18 P1 MOVE 9 2 9 3
OWN
02220022000000000
00020022011111110
00020001110100010
00200000010110010
00201112200010000
11200102200010000
00000100200020000
00000100200020000
00000000200000000
00110002220000000
STEP 19 P2 MOVE 4 10 4 11
OWN
02220022000000000
00020022011111110
00020001110100010
00200000010110010
00201112202210000
11200102200010000
00000100200020000
00000100200020000
00000000200000000
00110002220000000
STEP 20 P1 MOVE 3 3 4 3
OWN
02220022000000000
00020022011111110
00020001110100010
00210000010110010
00211112202210000
11200102200010000
00000100200020000
00000100200020000
00000000200000000
00110002220000000
STEP 21 P2 MOVE 7 2 7 3
OWN
02220022000000000
00020022011111110
00020001110100010
00210000010110010
00211112202210000
11200102200010000
00000100200020000
00220100200020000
00000000200000000
00110002220000000
STEP 22 P1 MOVE 9 13 9 14
OWN
02220022000000000
00020022011111110
00020001110100010
00210000010110010
00211112202210000
11200102200010000
00000100200020000
00220100200020000
00000000200000000
00110002220001100
STEP 23 P2 MOVE 0 8 1 8
OWN
02220022200000000
00020022211111110
00020001110100010
00210000010110010
00211112202210000
11200102200010000
00000100200020000
00220100200020000
00000000200000000
00110002220001100
STEP 24 P1 MOVE 1 4 1 5
OWN
02220022200000000
00021122211111110
00020001110100010
00210000010110010
00211112202210000
11200102200010000
00000100200020000
00220100200020000
00000000200000000
00110002220001100
STEP 25 P2 MOVE 3 13 4 13
OWN
02220022200000000
00021122211111110
00020001110100010
00210000010112010
00211112202212000
11200102200010000
00000100200020000
00220100200020000
00000000200000000
00110002220001100
STEP 26 P1 MOVE 5 16 6 16
OWN
02220022200000000
00021122211111110
00020001110100010
00210000010112010
00211112202212000
11200102200010001
00000100200020001
00220100200020000
00000000200000000
00110002220001100
STEP 27 P2 MOVE 3 9 4 10
OWN
02220022200000000
00021122211111110
00020001110100010
00210000022112010
00211112222212000
11200102200010001
00000100200020001
00220100200020000
00000000200000000
00110002220001100
STEP 28 P1 MOVE 5 6 6 7
OWN
02220022200000000
00021122211111110
00020001110100010
00210000022112010
00211112222212000
11200111200010001
00000111200020001
00220100200020000
00000000200000000
00110002220001100
STEP 29 P2 MOVE 6 9 6 10
OWN
02220022200000000
00021122211111110
00020001110100010
00210000022112010
00211112222212000
11200111200010001
00000111222020001
00220100200020000
00000000200000000
00110002220001100
STEP 30 P1 MOVE 6 13 7 13
OWN
02220022200000000
00021122211111110
00020001110100010
00210000022112010
00211112222212000
11200111200010001
00000111222021001
00220100200021000
00000000200000000
00110002220001100
STEP 31 P2 MOVE 3 4 3 5
OWN
02220022200000000
00021122211111110
00020001110100010
00212200022112010
00211112222212000
11200111200010001
00000111222021001
00220100200021000
00000000200000000
00110002220001100
STEP 32 P1 MOVE 2 10 5 10
OWN
02220022200000000
00021122211111110
00020001111100010
00212200021112010
00211112221212000
11200111201010001
00000111222021001
00220100200021000
00000000200000000
00110002220001100
STEP 33 P2 MOVE 2 4 5 4
OWN
02220022200000000
00021122211111110
00022001111100010
00212200021112010
00212112221212000
11202111201010001
00000111222021001
00220100200021000
00000000200000000
00110002220001100
STEP 34 P1 MOVE 5 9 5 11
OWN
02220022200000000
00021122211111110
00022001111100010
00212200021112010
00212112221212000
11202111211110001
00000111222021001
00220100200021000
00000000200000000
00110002220001100
STEP 35 P2 MOVE 8 5 8 6
OWN
02220022200000000
00021122211111110
00022001111100010
00212200021112010
00212112221212000
11202111211110001
00000111222021001
00220100200021000
00000220200000000
00110002220001100
STEP 36 P1 MOVE -1 -1 -1 -1
OWN
02220022200000000
00021122211111110
00022001111100010
00212200021112010
00212112221212000
11202111211110001
00000111222021001
00220100200021000
00000220200000000
00110002220001100
STEP 37 P2 MOVE 0 10 0 11
OWN
02220022202200000
00021122211111110
00022001111100010
00212200021112010
00212112221212000
11202111211110001
00000111222021001
00220100200021000
00000220200000000
00110002220001100
STEP 38 P1 MOVE 0 11 6 12
OWN
02220022202110000
00021122211111110
00022001111110010
00212200021112010
00212112221112000
11202111211110001
00000111222111001
00220100200021000
00000220200000000
00110002220001100
STEP 39 P2 MOVE 3 7 3 8
OWN
02220022202110000
00021122211111110
00022001111110010
00212202221112010
00212112221112000
11202111211110001
00000111222111001
00220100200021000
00000220200000000
00110002220001100
STEP 40 P1 MOVE 3 6 5 13
OWN
02220022202110000
00021122211111110
00022001111110010
00212211111111010
00212111111111000
11202111111111001
00000111222111001
00220100200021000
00000220200000000
00110002220001100
STEP 41 P2 MOVE 2 11 7 13
OWN
02220022202110000
00021122211111110
00022001111222010
00212211111222010
00212111111222000
11202111111222001
00000111222222001
00220100200222000
00000220200000000
00110002220001100
STEP 42 P1 MOVE 2 6 2 14
OWN
02220022202110000
00021122211111110
00022011111111110
00212211111222010
00212111111222000
11202111111222001
00000111222222001
00220100200222000
00000220200000000
00110002220001100
STEP 43 P2 MOVE 2 2 2 5
OWN
02220022202110000
00021122211111110
00222211111111110
00212211111222010
00212111111222000
11202111111222001
00000111222222001
00220100200222000
00000220200000000
00110002220001100
STEP 44 P1 MOVE 2 1 2 16
OWN
02220022202110000
00021122211111110
01111111111111111
00212211111222010
00212111111222000
11202111111222001
00000111222222001
00220100200222000
00000220200000000
00110002220001100
STEP 45 P2 MOVE 0 4 6 5
OWN
02222222202110000
00022222211111110
01112211111111111
00212211111222010
00212211111222000
11202211111222001
00002211222222001
00220100200222000
00000220200000000
00110002220001100
STEP 46 P1 MOVE 6 3 7 4
OWN
02222222202110000
00022222211111110
01112211111111111
00212211111222010
00212211111222000
11202211111222001
00011211222222001
00211100200222000
00000220200000000
00110002220001100
STEP 47 P2 MOVE -1 -1 -1 -1
OWN
02222222202110000
00022222211111110
01112211111111111
00212211111222010
00212211111222000
11202211111222001
00011211222222001
00211100200222000
00000220200000000
00110002220001100
STEP 48 P1 MOVE -1 -1 -1 -1
OWN
02222222202110000
00022222211111110
01112211111111111
00212211111222010
00212211111222000
11202211111222001
00011211222222001
00211100200222000
00000220200000000
00110002220001100
RESULT first=56 second=53 winner=1
ANALYSIS winner=P1 score=56-53 reason=綴蘊摹薄(+3) / 摹奢檜薄 steal(w/l)=24/24 neu(w/l)=56/53
