BOARD
15386288197697731
22732398379537211
31355292128669833
26156329258671872
63235297813122316
29858672124747576
76139341454644774
18912119999265438
73412427477213726
65939344412585286
STEP 0 P1 MOVE 0 5 3 5
OWN
00000100000000000
00000100000000000
00000100000000000
00000100000000000
00000000000000000
00000000000000000
00000000000000000
00000000000000000
00000000000000000
00000000000000000
STEP 1 P2 MOVE 0 0 1 1
OWN
22000100000000000
22000100000000000
00000100000000000
00000100000000000
00000000000000000
00000000000000000
00000000000000000
00000000000000000
00000000000000000
00000000000000000
STEP 2 P1 MOVE 1 13 1 15
OWN
22000100000000000
22000100000001110
00000100000000000
00000100000000000
00000000000000000
00000000000000000
00000000000000000
00000000000000000
00000000000000000
00000000000000000
STEP 3 P2 MOVE 6 11 8 11
OWN
22000100000000000
22000100000001110
00000100000000000
00000100000000000
00000000000000000
00000000000000000
00000000000200000
00000000000200000
00000000000200000
00000000000000000
STEP 4 P1 MOVE 5 0 7 0
OWN
22000100000000000
22000100000001110
00000100000000000
00000100000000000
00000000000000000
10000000000000000
10000000000200000
10000000000200000
00000000000200000
00000000000000000
STEP 5 P2 MOVE 4 14 4 16
OWN
22000100000000000
22000100000001110
00000100000000000
00000100000000000
00000000000000222
10000000000000000
10000000000200000
10000000000200000
00000000000200000
00000000000000000
STEP 6 P1 MOVE 3 13 5 13
OWN
22000100000000000
22000100000001110
00000100000000000
00000100000001000
00000000000001222
10000000000001000
10000000000200000
10000000000200000
00000000000200000
00000000000000000
STEP 7 P2 MOVE 4 7 6 7
OWN
22000100000000000
22000100000001110
00000100000000000
00000100000001000
00000002000001222
10000002000001000
10000002000200000
10000000000200000
00000000000200000
00000000000000000
STEP 8 P1 MOVE 2 1 4 1
OWN
22000100000000000
22000100000001110
01000100000000000
01000100000001000
01000002000001222
10000002000001000
10000002000200000
10000000000200000
00000000000200000
00000000000000000
STEP 9 P2 MOVE 8 1 8 4
OWN
22000100000000000
22000100000001110
01000100000000000
01000100000001000
01000002000001222
10000002000001000
10000002000200000
10000000000200000
02222000000200000
00000000000000000
STEP 10 P1 MOVE 1 2 1 3
OWN
22000100000000000
22110100000001110
01000100000000000
01000100000001000
01000002000001222
10000002000001000
10000002000200000
10000000000200000
02222000000200000
00000000000000000
STEP 11 P2 MOVE 4 12 6 12
OWN
22000100000000000
22110100000001110
01000100000000000
01000100000001000
01000002000021222
10000002000021000
10000002000220000
10000000000200000
02222000000200000
00000000000000000
STEP 12 P1 MOVE 6 1 6 3
OWN
22000100000000000
22110100000001110
01000100000000000
01000100000001000
01000002000021222
10000002000021000
11110002000220000
10000000000200000
02222000000200000
00000000000000000
STEP 13 P2 MOVE 2 9 2 10
OWN
22000100000000000
22110100000001110
01000100022000000
01000100000001000
01000002000021222
10000002000021000
11110002000220000
10000000000200000
02222000000200000
00000000000000000
STEP 14 P1 MOVE 0 8 0 9
OWN
22000100110000000
22110100000001110
01000100022000000
01000100000001000
01000002000021222
10000002000021000
11110002000220000
10000000000200000
02222000000200000
00000000000000000
STEP 15 P2 MOVE 6 15 7 15
OWN
22000100110000000
22110100000001110
01000100022000000
01000100000001000
01000002000021222
10000002000021000
11110002000220020
10000000000200020
02222000000200000
00000000000000000
STEP 16 P1 MOVE 0 14 0 15
OWN
22000100110000110
22110100000001110
01000100022000000
01000100000001000
01000002000021222
10000002000021000
11110002000220020
10000000000200020
02222000000200000
00000000000000000
STEP 17 P2 MOVE 8 15 9 15
OWN
22000100110000110
22110100000001110
01000100022000000
01000100000001000
01000002000021222
10000002000021000
11110002000220020
10000000000200020
02222000000200020
00000000000000020
STEP 18 P1 MOVE 8 13 8 14
OWN
22000100110000110
22110100000001110
01000100022000000
01000100000001000
01000002000021222
10000002000021000
11110002000220020
10000000000200020
02222000000201120
00000000000000020
STEP 19 P2 MOVE 2 15 3 15
OWN
22000100110000110
22110100000001110
01000100022000020
01000100000001020
01000002000021222
10000002000021000
11110002000220020
10000000000200020
02222000000201120
00000000000000020
STEP 20 P1 MOVE 5 16 6 16
OWN
22000100110000110
22110100000001110
01000100022000020
01000100000001020
01000002000021222
10000002000021001
11110002000220021
10000000000200020
02222000000201120
00000000000000020
STEP 21 P2 MOVE 2 3 2 4
OWN
22000100110000110
22110100000001110
01022100022000020
01000100000001020
01000002000021222
10000002000021001
11110002000220021
10000000000200020
02222000000201120
00000000000000020
STEP 22 P1 MOVE 4 3 4 5
OWN
22000100110000110
22110100000001110
01022100022000020
01000100000001020
01011102000021222
10000002000021001
11110002000220021
10000000000200020
02222000000201120
00000000000000020
STEP 23 P2 MOVE 3 3 5 3
OWN
22000100110000110
22110100000001110
01022100022000020
01020100000001020
01021102000021222
10020002000021001
11110002000220021
10000000000200020
02222000000201120
00000000000000020
STEP 24 P1 MOVE 7 4 8 6
OWN
22000100110000110
22110100000001110
01022100022000020
01020100000001020
01021102000021222
10020002000021001
11110002000220021
10001110000200020
02221110000201120
00000000000000020
STEP 25 P2 MOVE 7 3 7 7
OWN
22000100110000110
22110100000001110
01022100022000020
01020100000001020
01021102000021222
10020002000021001
11110002000220021
10022222000200020
02221110000201120
00000000000000020
STEP 26 P1 MOVE 3 14 3 16
OWN
22000100110000110
22110100000001110
01022100022000020
01020100000001111
01021102000021222
10020002000021001
11110002000220021
10022222000200020
02221110000201120
00000000000000020
STEP 27 P2 MOVE 4 2 5 2
OWN
22000100110000110
22110100000001110
01022100022000020
01020100000001111
01221102000021222
10220002000021001
11110002000220021
10022222000200020
02221110000201120
00000000000000020
STEP 28 P1 MOVE 3 2 7 2
OWN
22000100110000110
22110100000001110
01022100022000020
01120100000001111
01121102000021222
10120002000021001
11110002000220021
10122222000200020
02221110000201120
00000000000000020
STEP 29 P2 MOVE 3 0 3 6
OWN
22000100110000110
22110100000001110
01022100022000020
22222220000001111
01121102000021222
10120002000021001
11110002000220021
10122222000200020
02221110000201120
00000000000000020
STEP 30 P1 MOVE 1 4 5 4
OWN
22000100110000110
22111100000001110
01021100022000020
22221220000001111
01121102000021222
10121002000021001
11110002000220021
10122222000200020
02221110000201120
00000000000000020
STEP 31 P2 MOVE 1 7 2 7
OWN
22000100110000110
22111102000001110
01021102022000020
22221220000001111
01121102000021222
10121002000021001
11110002000220021
10122222000200020
02221110000201120
00000000000000020
STEP 32 P1 MOVE 2 6 2 8
OWN
22000100110000110
22111102000001110
01021111122000020
22221220000001111
01121102000021222
10121002000021001
11110002000220021
10122222000200020
02221110000201120
00000000000000020
STEP 33 P2 MOVE 1 8 1 9
OWN
22000100110000110
22111102220001110
01021111122000020
22221220000001111
01121102000021222
10121002000021001
11110002000220021
10122222000200020
02221110000201120
00000000000000020
STEP 34 P1 MOVE -1 -1 -1 -1
OWN
22000100110000110
22111102220001110
01021111122000020
22221220000001111
01121102000021222
10121002000021001
11110002000220021
10122222000200020
02221110000201120
00000000000000020
STEP 35 P2 MOVE 2 15 5 16
OWN
22000100110000110
22111102220001110
01021111122000022
22221220000001122
01121102000021222
10121002000021022
11110002000220021
10122222000200020
02221110000201120
00000000000000020
STEP 36 P1 MOVE 0 14 2 16
OWN
22000100110000111
22111102220001111
01021111122000111
22221220000001122
01121102000021222
10121002000021022
11110002000220021
10122222000200020
02221110000201120
00000000000000020
STEP 37 P2 MOVE 3 8 4 8
OWN
22000100110000111
22111102220001111
01021111122000111
22221220200001122
01121102200021222
10121002000021022
11110002000220021
10122222000200020
02221110000201120
00000000000000020
STEP 38 P1 MOVE 3 7 5 8
OWN
22000100110000111
22111102220001111
01021111122000111
22221221100001122
01121101100021222
10121001100021022
11110002000220021
10122222000200020
02221110000201120
00000000000000020
STEP 39 P2 MOVE 4 6 4 9
OWN
22000100110000111
22111102220001111
01021111122000111
22221221100001122
01121122220021222
10121001100021022
11110002000220021
10122222000200020
02221110000201120
00000000000000020
STEP 40 P1 MOVE 4 0 4 11
OWN
22000100110000111
22111102220001111
01021111122000111
22221221100001122
11111111111121222
10121001100021022
11110002000220021
10122222000200020
02221110000201120
00000000000000020
STEP 41 P2 MOVE 2 0 8 0
OWN
22000100110000111
22111102220001111
21021111122000111
22221221100001122
21111111111121222
20121001100021022
21110002000220021
20122222000200020
22221110000201120
00000000000000020
STEP 42 P1 MOVE -1 -1 -1 -1
OWN
22000100110000111
22111102220001111
21021111122000111
22221221100001122
21111111111121222
20121001100021022
21110002000220021
20122222000200020
22221110000201120
00000000000000020
STEP 43 P2 MOVE -1 -1 -1 -1
OWN
22000100110000111
22111102220001111
21021111122000111
22221221100001122
21111111111121222
20121001100021022
21110002000220021
20122222000200020
22221110000201120
00000000000000020
RESULT first=55 second=49 winner=1
ANALYSIS winner=P1 score=55-49 reason=斬模犒м辦嬪 steal(w/l)=18/16 neu(w/l)=53/51
