BOARD
69153452491491968
36316174367821433
49651564712242537
88652454388965251
14486995453189843
24858755796898174
85951177264638968
15729559951576756
28825838773888331
29843348163183331
STEP 0 P1 MOVE 1 12 1 15
OWN
00000000000000000
00000000000011110
00000000000000000
00000000000000000
00000000000000000
00000000000000000
00000000000000000
00000000000000000
00000000000000000
00000000000000000
STEP 1 P2 MOVE 2 10 2 13
OWN
00000000000000000
00000000000011110
00000000002222000
00000000000000000
00000000000000000
00000000000000000
00000000000000000
00000000000000000
00000000000000000
00000000000000000
STEP 2 P1 MOVE 9 13 9 16
OWN
00000000000000000
00000000000011110
00000000002222000
00000000000000000
00000000000000000
00000000000000000
00000000000000000
00000000000000000
00000000000000000
00000000000001111
STEP 3 P2 MOVE 0 2 1 3
OWN
00220000000000000
00220000000011110
00000000002222000
00000000000000000
00000000000000000
00000000000000000
00000000000000000
00000000000000000
00000000000000000
00000000000001111
STEP 4 P1 MOVE 9 8 9 10
OWN
00220000000000000
00220000000011110
00000000002222000
00000000000000000
00000000000000000
00000000000000000
00000000000000000
00000000000000000
00000000000000000
00000000111001111
STEP 5 P2 MOVE 1 5 3 5
OWN
00220000000000000
00220200000011110
00000200002222000
00000200000000000
00000000000000000
00000000000000000
00000000000000000
00000000000000000
00000000000000000
00000000111001111
STEP 6 P1 MOVE 5 10 6 10
OWN
00220000000000000
00220200000011110
00000200002222000
00000200000000000
00000000000000000
00000000001000000
00000000001000000
00000000000000000
00000000000000000
00000000111001111
STEP 7 P2 MOVE 9 3 9 5
OWN
00220000000000000
00220200000011110
00000200002222000
00000200000000000
00000000000000000
00000000001000000
00000000001000000
00000000000000000
00000000000000000
00022200111001111
STEP 8 P1 MOVE 0 4 2 4
OWN
00221000000000000
00221200000011110
00001200002222000
00000200000000000
00000000000000000
00000000001000000
00000000001000000
00000000000000000
00000000000000000
00022200111001111
STEP 9 P2 MOVE 4 7 5 7
OWN
00221000000000000
00221200000011110
00001200002222000
00000200000000000
00000002000000000
00000002001000000
00000000001000000
00000000000000000
00000000000000000
00022200111001111
STEP 10 P1 MOVE 2 15 2 16
OWN
00221000000000000
00221200000011110
00001200002222011
00000200000000000
00000002000000000
00000002001000000
00000000001000000
00000000000000000
00000000000000000
00022200111001111
STEP 11 P2 MOVE 0 13 0 14
OWN
00221000000002200
00221200000011110
00001200002222011
00000200000000000
00000002000000000
00000002001000000
00000000001000000
00000000000000000
00000000000000000
00022200111001111
STEP 12 P1 MOVE 0 7 2 7
OWN
00221001000002200
00221201000011110
00001201002222011
00000200000000000
00000002000000000
00000002001000000
00000000001000000
00000000000000000
00000000000000000
00022200111001111
STEP 13 P2 MOVE 1 6 1 8
OWN
00221001000002200
00221222200011110
00001201002222011
00000200000000000
00000002000000000
00000002001000000
00000000001000000
00000000000000000
00000000000000000
00022200111001111
STEP 14 P1 MOVE 8 9 8 10
OWN
00221001000002200
00221222200011110
00001201002222011
00000200000000000
00000002000000000
00000002001000000
00000000001000000
00000000000000000
00000000011000000
00022200111001111
STEP 15 P2 MOVE 6 12 7 12
OWN
00221001000002200
00221222200011110
00001201002222011
00000200000000000
00000002000000000
00000002001000000
00000000001020000
00000000000020000
00000000011000000
00022200111001111
STEP 16 P1 MOVE 7 14 8 14
OWN
00221001000002200
00221222200011110
00001201002222011
00000200000000000
00000002000000000
00000002001000000
00000000001020000
00000000000020100
00000000011000100
00022200111001111
STEP 17 P2 MOVE 8 2 8 3
OWN
00221001000002200
00221222200011110
00001201002222011
00000200000000000
00000002000000000
00000002001000000
00000000001020000
00000000000020100
00220000011000100
00022200111001111
STEP 18 P1 MOVE 8 0 8 1
OWN
00221001000002200
00221222200011110
00001201002222011
00000200000000000
00000002000000000
00000002001000000
00000000001020000
00000000000020100
11220000011000100
00022200111001111
STEP 19 P2 MOVE 7 5 7 6
OWN
00221001000002200
00221222200011110
00001201002222011
00000200000000000
00000002000000000
00000002001000000
00000000001020000
00000220000020100
11220000011000100
00022200111001111
STEP 20 P1 MOVE 6 6 8 6
OWN
00221001000002200
00221222200011110
00001201002222011
00000200000000000
00000002000000000
00000002001000000
00000010001020000
00000210000020100
11220010011000100
00022200111001111
STEP 21 P2 MOVE 6 5 6 8
OWN
00221001000002200
00221222200011110
00001201002222011
00000200000000000
00000002000000000
00000002001000000
00000222201020000
00000210000020100
11220010011000100
00022200111001111
STEP 22 P1 MOVE 6 4 7 4
OWN
00221001000002200
00221222200011110
00001201002222011
00000200000000000
00000002000000000
00000002001000000
00001222201020000
00001210000020100
11220010011000100
00022200111001111
STEP 23 P2 MOVE 6 1 7 1
OWN
00221001000002200
00221222200011110
00001201002222011
00000200000000000
00000002000000000
00000002001000000
02001222201020000
02001210000020100
11220010011000100
00022200111001111
STEP 24 P1 MOVE 2 8 3 8
OWN
00221001000002200
00221222200011110
00001201102222011
00000200100000000
00000002000000000
00000002001000000
02001222201020000
02001210000020100
11220010011000100
00022200111001111
STEP 25 P2 MOVE 5 14 6 14
OWN
00221001000002200
00221222200011110
00001201102222011
00000200100000000
00000002000000000
00000002001000200
02001222201020200
02001210000020100
11220010011000100
00022200111001111
STEP 26 P1 MOVE 7 0 7 3
OWN
00221001000002200
00221222200011110
00001201102222011
00000200100000000
00000002000000000
00000002001000200
02001222201020200
11111210000020100
11220010011000100
00022200111001111
STEP 27 P2 MOVE 6 3 8 4
OWN
00221001000002200
00221222200011110
00001201102222011
00000200100000000
00000002000000000
00000002001000200
02022222201020200
11122210000020100
11222010011000100
00022200111001111
STEP 28 P1 MOVE 5 0 6 0
OWN
00221001000002200
00221222200011110
00001201102222011
00000200100000000
00000002000000000
10000002001000200
12022222201020200
11122210000020100
11222010011000100
00022200111001111
STEP 29 P2 MOVE 3 2 4 2
OWN
00221001000002200
00221222200011110
00001201102222011
00200200100000000
00200002000000000
10000002001000200
12022222201020200
11122210000020100
11222010011000100
00022200111001111
STEP 30 P1 MOVE 3 11 4 11
OWN
00221001000002200
00221222200011110
00001201102222011
00200200100100000
00200002000100000
10000002001000200
12022222201020200
11122210000020100
11222010011000100
00022200111001111
STEP 31 P2 MOVE -1 -1 -1 -1
OWN
00221001000002200
00221222200011110
00001201102222011
00200200100100000
00200002000100000
10000002001000200
12022222201020200
11122210000020100
11222010011000100
00022200111001111
STEP 32 P1 MOVE 0 9 0 10
OWN
00221001011002200
00221222200011110
00001201102222011
00200200100100000
00200002000100000
10000002001000200
12022222201020200
11122210000020100
11222010011000100
00022200111001111
STEP 33 P2 MOVE 0 8 1 9
OWN
00221001221002200
00221222220011110
00001201102222011
00200200100100000
00200002000100000
10000002001000200
12022222201020200
11122210000020100
11222010011000100
00022200111001111
STEP 34 P1 MOVE 3 14 4 14
OWN
00221001221002200
00221222220011110
00001201102222011
00200200100100100
00200002000100100
10000002001000200
12022222201020200
11122210000020100
11222010011000100
00022200111001111
STEP 35 P2 MOVE 2 13 3 14
OWN
00221001221002200
00221222220011110
00001201102222211
00200200100102200
00200002000100100
10000002001000200
12022222201020200
11122210000020100
11222010011000100
00022200111001111
STEP 36 P1 MOVE -1 -1 -1 -1
OWN
00221001221002200
00221222220011110
00001201102222211
00200200100102200
00200002000100100
10000002001000200
12022222201020200
11122210000020100
11222010011000100
00022200111001111
STEP 37 P2 MOVE -1 -1 -1 -1
OWN
00221001221002200
00221222220011110
00001201102222211
00200200100102200
00200002000100100
10000002001000200
12022222201020200
11122210000020100
11222010011000100
00022200111001111
RESULT first=39 second=46 winner=2
ANALYSIS winner=P2 score=39-46 reason=Ĺ»ĂëżěŔ§(+5Ä­ »©ľŃŔ˝,2ąčČż°ú) steal(w/l)=7/2 neu(w/l)=41/44
