BOARD
62798659771712158
91674499684196669
44136267995246482
76549569185759424
78593813922599876
15986144673384323
69725812726151339
84898123396141721
25195493952869127
76583292881792589
STEP 0 P1 MOVE 6 11 6 14
OWN
00000000000000000
00000000000000000
00000000000000000
00000000000000000
00000000000000000
00000000000000000
00000000000111100
00000000000000000
00000000000000000
00000000000000000
STEP 1 P2 MOVE 0 10 2 10
OWN
00000000002000000
00000000002000000
00000000002000000
00000000000000000
00000000000000000
00000000000000000
00000000000111100
00000000000000000
00000000000000000
00000000000000000
STEP 2 P1 MOVE 7 14 7 16
OWN
00000000002000000
00000000002000000
00000000002000000
00000000000000000
00000000000000000
00000000000000000
00000000000111100
00000000000000111
00000000000000000
00000000000000000
STEP 3 P2 MOVE 6 7 9 7
OWN
00000000002000000
00000000002000000
00000000002000000
00000000000000000
00000000000000000
00000000000000000
00000002000111100
00000002000000111
00000002000000000
00000002000000000
STEP 4 P1 MOVE 0 11 0 13
OWN
00000000002111000
00000000002000000
00000000002000000
00000000000000000
00000000000000000
00000000000000000
00000002000111100
00000002000000111
00000002000000000
00000002000000000
STEP 5 P2 MOVE 5 7 5 8
OWN
00000000002111000
00000000002000000
00000000002000000
00000000000000000
00000000000000000
00000002200000000
00000002000111100
00000002000000111
00000002000000000
00000002000000000
STEP 6 P1 MOVE 8 15 9 15
OWN
00000000002111000
00000000002000000
00000000002000000
00000000000000000
00000000000000000
00000002200000000
00000002000111100
00000002000000111
00000002000000010
00000002000000010
STEP 7 P2 MOVE 3 14 3 16
OWN
00000000002111000
00000000002000000
00000000002000000
00000000000000222
00000000000000000
00000002200000000
00000002000111100
00000002000000111
00000002000000010
00000002000000010
STEP 8 P1 MOVE 2 12 2 13
OWN
00000000002111000
00000000002000000
00000000002011000
00000000000000222
00000000000000000
00000002200000000
00000002000111100
00000002000000111
00000002000000010
00000002000000010
STEP 9 P2 MOVE 7 12 8 12
OWN
00000000002111000
00000000002000000
00000000002011000
00000000000000222
00000000000000000
00000002200000000
00000002000111100
00000002000020111
00000002000020010
00000002000000010
STEP 10 P1 MOVE 5 5 7 5
OWN
00000000002111000
00000000002000000
00000000002011000
00000000000000222
00000000000000000
00000102200000000
00000102000111100
00000102000020111
00000002000020010
00000002000000010
STEP 11 P2 MOVE 2 15 2 16
OWN
00000000002111000
00000000002000000
00000000002011022
00000000000000222
00000000000000000
00000102200000000
00000102000111100
00000102000020111
00000002000020010
00000002000000010
STEP 12 P1 MOVE 3 8 4 8
OWN
00000000002111000
00000000002000000
00000000002011022
00000000100000222
00000000100000000
00000102200000000
00000102000111100
00000102000020111
00000002000020010
00000002000000010
STEP 13 P2 MOVE 5 4 5 6
OWN
00000000002111000
00000000002000000
00000000002011022
00000000100000222
00000000100000000
00002222200000000
00000102000111100
00000102000020111
00000002000020010
00000002000000010
STEP 14 P1 MOVE 3 6 7 6
OWN
00000000002111000
00000000002000000
00000000002011022
00000010100000222
00000010100000000
00002212200000000
00000112000111100
00000112000020111
00000002000020010
00000002000000010
STEP 15 P2 MOVE 4 7 6 8
OWN
00000000002111000
00000000002000000
00000000002011022
00000010100000222
00000012200000000
00002212200000000
00000112200111100
00000112000020111
00000002000020010
00000002000000010
STEP 16 P1 MOVE 1 11 3 11
OWN
00000000002111000
00000000002100000
00000000002111022
00000010100100222
00000012200000000
00002212200000000
00000112200111100
00000112000020111
00000002000020010
00000002000000010
STEP 17 P2 MOVE 8 10 8 11
OWN
00000000002111000
00000000002100000
00000000002111022
00000010100100222
00000012200000000
00002212200000000
00000112200111100
00000112000020111
00000002002220010
00000002000000010
STEP 18 P1 MOVE 3 10 3 12
OWN
00000000002111000
00000000002100000
00000000002111022
00000010101110222
00000012200000000
00002212200000000
00000112200111100
00000112000020111
00000002002220010
00000002000000010
STEP 19 P2 MOVE 5 9 5 10
OWN
00000000002111000
00000000002100000
00000000002111022
00000010101110222
00000012200000000
00002212222000000
00000112200111100
00000112000020111
00000002002220010
00000002000000010
STEP 20 P1 MOVE 5 3 6 3
OWN
00000000002111000
00000000002100000
00000000002111022
00000010101110222
00000012200000000
00012212222000000
00010112200111100
00000112000020111
00000002002220010
00000002000000010
STEP 21 P2 MOVE 7 13 8 13
OWN
00000000002111000
00000000002100000
00000000002111022
00000010101110222
00000012200000000
00012212222000000
00010112200111100
00000112000022111
00000002002222010
00000002000000010
STEP 22 P1 MOVE 3 9 4 9
OWN
00000000002111000
00000000002100000
00000000002111022
00000010111110222
00000012210000000
00012212222000000
00010112200111100
00000112000022111
00000002002222010
00000002000000010
STEP 23 P2 MOVE 4 5 6 9
OWN
00000000002111000
00000000002100000
00000000002111022
00000010111110222
00000222220000000
00012222222000000
00010222220111100
00000112000022111
00000002002222010
00000002000000010
STEP 24 P1 MOVE 4 4 4 11
OWN
00000000002111000
00000000002100000
00000000002111022
00000010111110222
00001111111100000
00012222222000000
00010222220111100
00000112000022111
00000002002222010
00000002000000010
STEP 25 P2 MOVE 0 5 1 5
OWN
00000200002111000
00000200002100000
00000000002111022
00000010111110222
00001111111100000
00012222222000000
00010222220111100
00000112000022111
00000002002222010
00000002000000010
STEP 26 P1 MOVE 1 14 2 14
OWN
00000200002111000
00000200002100100
00000000002111122
00000010111110222
00001111111100000
00012222222000000
00010222220111100
00000112000022111
00000002002222010
00000002000000010
STEP 27 P2 MOVE 7 0 8 0
OWN
00000200002111000
00000200002100100
00000000002111122
00000010111110222
00001111111100000
00012222222000000
00010222220111100
20000112000022111
20000002002222010
00000002000000010
STEP 28 P1 MOVE 1 4 2 4
OWN
00000200002111000
00001200002100100
00001000002111122
00000010111110222
00001111111100000
00012222222000000
00010222220111100
20000112000022111
20000002002222010
00000002000000010
STEP 29 P2 MOVE 8 2 8 3
OWN
00000200002111000
00001200002100100
00001000002111122
00000010111110222
00001111111100000
00012222222000000
00010222220111100
20000112000022111
20220002002222010
00000002000000010
STEP 30 P1 MOVE 8 1 8 4
OWN
00000200002111000
00001200002100100
00001000002111122
00000010111110222
00001111111100000
00012222222000000
00010222220111100
20000112000022111
21111002002222010
00000002000000010
STEP 31 P2 MOVE 0 4 2 5
OWN
00002200002111000
00002200002100100
00002200002111122
00000010111110222
00001111111100000
00012222222000000
00010222220111100
20000112000022111
21111002002222010
00000002000000010
STEP 32 P1 MOVE 2 2 2 6
OWN
00002200002111000
00002200002100100
00111110002111122
00000010111110222
00001111111100000
00012222222000000
00010222220111100
20000112000022111
21111002002222010
00000002000000010
STEP 33 P2 MOVE 7 1 9 1
OWN
00002200002111000
00002200002100100
00111110002111122
00000010111110222
00001111111100000
00012222222000000
00010222220111100
22000112000022111
22111002002222010
02000002000000010
STEP 34 P1 MOVE 3 2 4 2
OWN
00002200002111000
00002200002100100
00111110002111122
00100010111110222
00101111111100000
00012222222000000
00010222220111100
22000112000022111
22111002002222010
02000002000000010
STEP 35 P2 MOVE 3 1 3 3
OWN
00002200002111000
00002200002100100
00111110002111122
02220010111110222
00101111111100000
00012222222000000
00010222220111100
22000112000022111
22111002002222010
02000002000000010
STEP 36 P1 MOVE -1 -1 -1 -1
OWN
00002200002111000
00002200002100100
00111110002111122
02220010111110222
00101111111100000
00012222222000000
00010222220111100
22000112000022111
22111002002222010
02000002000000010
STEP 37 P2 MOVE -1 -1 -1 -1
OWN
00002200002111000
00002200002100100
00111110002111122
02220010111110222
00101111111100000
00012222222000000
00010222220111100
22000112000022111
22111002002222010
02000002000000010
RESULT first=45 second=41 winner=1
ANALYSIS winner=P1 score=45-41 reason=şóÄ­Ľ±Áˇ(+6) / Ľ±°řŔĚÁˇ steal(w/l)=10/11 neu(w/l)=46/40
