BOARD
49934495798996675
71219518365684183
81122398177462893
68829817918992959
81679279548849168
59849655839732581
37299958887153777
66769879682137475
17961951615828993
65289147321938339
STEP 0 P1 MOVE 6 0 8 0
OWN
00000000000000000
00000000000000000
00000000000000000
00000000000000000
00000000000000000
00000000000000000
10000000000000000
10000000000000000
10000000000000000
00000000000000000
STEP 1 P2 MOVE 3 8 3 9
OWN
00000000000000000
00000000000000000
00000000000000000
00000000220000000
00000000000000000
00000000000000000
10000000000000000
10000000000000000
10000000000000000
00000000000000000
STEP 2 P1 MOVE 6 11 8 11
OWN
00000000000000000
00000000000000000
00000000000000000
00000000220000000
00000000000000000
00000000000000000
10000000000100000
10000000000100000
10000000000100000
00000000000000000
STEP 3 P2 MOVE 5 12 5 14
OWN
00000000000000000
00000000000000000
00000000000000000
00000000220000000
00000000000000000
00000000000022200
10000000000100000
10000000000100000
10000000000100000
00000000000000000
STEP 4 P1 MOVE 3 14 4 14
OWN
00000000000000000
00000000000000000
00000000000000000
00000000220000100
00000000000000100
00000000000022200
10000000000100000
10000000000100000
10000000000100000
00000000000000000
STEP 5 P2 MOVE 2 11 2 12
OWN
00000000000000000
00000000000000000
00000000000220000
00000000220000100
00000000000000100
00000000000022200
10000000000100000
10000000000100000
10000000000100000
00000000000000000
STEP 6 P1 MOVE 5 6 5 7
OWN
00000000000000000
00000000000000000
00000000000220000
00000000220000100
00000000000000100
00000011000022200
10000000000100000
10000000000100000
10000000000100000
00000000000000000
STEP 7 P2 MOVE 8 4 9 4
OWN
00000000000000000
00000000000000000
00000000000220000
00000000220000100
00000000000000100
00000011000022200
10000000000100000
10000000000100000
10002000000100000
00002000000000000
STEP 8 P1 MOVE 2 6 3 6
OWN
00000000000000000
00000000000000000
00000010000220000
00000010220000100
00000000000000100
00000011000022200
10000000000100000
10000000000100000
10002000000100000
00002000000000000
STEP 9 P2 MOVE 2 13 2 14
OWN
00000000000000000
00000000000000000
00000010000222200
00000010220000100
00000000000000100
00000011000022200
10000000000100000
10000000000100000
10002000000100000
00002000000000000
STEP 10 P1 MOVE 0 6 1 6
OWN
00000010000000000
00000010000000000
00000010000222200
00000010220000100
00000000000000100
00000011000022200
10000000000100000
10000000000100000
10002000000100000
00002000000000000
STEP 11 P2 MOVE 5 2 6 2
OWN
00000010000000000
00000010000000000
00000010000222200
00000010220000100
00000000000000100
00200011000022200
10200000000100000
10000000000100000
10002000000100000
00002000000000000
STEP 12 P1 MOVE 7 12 7 13
OWN
00000010000000000
00000010000000000
00000010000222200
00000010220000100
00000000000000100
00200011000022200
10200000000100000
10000000000111000
10002000000100000
00002000000000000
STEP 13 P2 MOVE 8 5 9 5
OWN
00000010000000000
00000010000000000
00000010000222200
00000010220000100
00000000000000100
00200011000022200
10200000000100000
10000000000111000
10002200000100000
00002200000000000
STEP 14 P1 MOVE 4 1 5 1
OWN
00000010000000000
00000010000000000
00000010000222200
00000010220000100
01000000000000100
01200011000022200
10200000000100000
10000000000111000
10002200000100000
00002200000000000
STEP 15 P2 MOVE 2 0 2 2
OWN
00000010000000000
00000010000000000
22200010000222200
00000010220000100
01000000000000100
01200011000022200
10200000000100000
10000000000111000
10002200000100000
00002200000000000
STEP 16 P1 MOVE 8 12 8 13
OWN
00000010000000000
00000010000000000
22200010000222200
00000010220000100
01000000000000100
01200011000022200
10200000000100000
10000000000111000
10002200000111000
00002200000000000
STEP 17 P2 MOVE 9 10 9 11
OWN
00000010000000000
00000010000000000
22200010000222200
00000010220000100
01000000000000100
01200011000022200
10200000000100000
10000000000111000
10002200000111000
00002200002200000
STEP 18 P1 MOVE 1 2 3 2
OWN
00000010000000000
00100010000000000
22100010000222200
00100010220000100
01000000000000100
01200011000022200
10200000000100000
10000000000111000
10002200000111000
00002200002200000
STEP 19 P2 MOVE 0 8 1 8
OWN
00000010200000000
00100010200000000
22100010000222200
00100010220000100
01000000000000100
01200011000022200
10200000000100000
10000000000111000
10002200000111000
00002200002200000
STEP 20 P1 MOVE 3 1 3 3
OWN
00000010200000000
00100010200000000
22100010000222200
01110010220000100
01000000000000100
01200011000022200
10200000000100000
10000000000111000
10002200000111000
00002200002200000
STEP 21 P2 MOVE 0 13 1 13
OWN
00000010200002000
00100010200002000
22100010000222200
01110010220000100
01000000000000100
01200011000022200
10200000000100000
10000000000111000
10002200000111000
00002200002200000
STEP 22 P1 MOVE 9 2 9 3
OWN
00000010200002000
00100010200002000
22100010000222200
01110010220000100
01000000000000100
01200011000022200
10200000000100000
10000000000111000
10002200000111000
00112200002200000
STEP 23 P2 MOVE 7 7 8 7
OWN
00000010200002000
00100010200002000
22100010000222200
01110010220000100
01000000000000100
01200011000022200
10200000000100000
10000002000111000
10002202000111000
00112200002200000
STEP 24 P1 MOVE 6 13 6 14
OWN
00000010200002000
00100010200002000
22100010000222200
01110010220000100
01000000000000100
01200011000022200
10200000000101100
10000002000111000
10002202000111000
00112200002200000
STEP 25 P2 MOVE 7 10 9 12
OWN
00000010200002000
00100010200002000
22100010000222200
01110010220000100
01000000000000100
01200011000022200
10200000000101100
10000002002221000
10002202002221000
00112200002220000
STEP 26 P1 MOVE 8 9 8 14
OWN
00000010200002000
00100010200002000
22100010000222200
01110010220000100
01000000000000100
01200011000022200
10200000000101100
10000002002221000
10002202011111100
00112200002220000
STEP 27 P2 MOVE 7 9 9 9
OWN
00000010200002000
00100010200002000
22100010000222200
01110010220000100
01000000000000100
01200011000022200
10200000000101100
10000002022221000
10002202021111100
00112200022220000
STEP 28 P1 MOVE 9 7 9 8
OWN
00000010200002000
00100010200002000
22100010000222200
01110010220000100
01000000000000100
01200011000022200
10200000000101100
10000002022221000
10002202021111100
00112201122220000
STEP 29 P2 MOVE 1 3 4 3
OWN
00000010200002000
00120010200002000
22120010000222200
01120010220000100
01020000000000100
01200011000022200
10200000000101100
10000002022221000
10002202021111100
00112201122220000
STEP 30 P1 MOVE 1 1 1 4
OWN
00000010200002000
01111010200002000
22120010000222200
01120010220000100
01020000000000100
01200011000022200
10200000000101100
10000002022221000
10002202021111100
00112201122220000
STEP 31 P2 MOVE 4 2 5 3
OWN
00000010200002000
01111010200002000
22120010000222200
01120010220000100
01220000000000100
01220011000022200
10200000000101100
10000002022221000
10002202021111100
00112201122220000
STEP 32 P1 MOVE 7 8 7 14
OWN
00000010200002000
01111010200002000
22120010000222200
01120010220000100
01220000000000100
01220011000022200
10200000000101100
10000002111111100
10002202021111100
00112201122220000
STEP 33 P2 MOVE 0 14 9 14
OWN
00000010200002200
01111010200002200
22120010000222200
01120010220000200
01220000000000200
01220011000022200
10200000000101200
10000002111111200
10002202021111200
00112201122220200
STEP 34 P1 MOVE 1 4 2 5
OWN
00000010200002200
01111110200002200
22121110000222200
01120010220000200
01220000000000200
01220011000022200
10200000000101200
10000002111111200
10002202021111200
00112201122220200
STEP 35 P2 MOVE -1 -1 -1 -1
OWN
00000010200002200
01111110200002200
22121110000222200
01120010220000200
01220000000000200
01220011000022200
10200000000101200
10000002111111200
10002202021111200
00112201122220200
STEP 36 P1 MOVE -1 -1 -1 -1
OWN
00000010200002200
01111110200002200
22121110000222200
01120010220000200
01220000000000200
01220011000022200
10200000000101200
10000002111111200
10002202021111200
00112201122220200
RESULT first=37 second=41 winner=2
ANALYSIS winner=P2 score=37-41 reason=żŞŔü˝Â steal(w/l)=11/9 neu(w/l)=39/39
