BOARD
52983852879948215
71769789731542865
34145514937222439
38889465417277126
73682342957757281
22598924614215437
17314394737227575
45863878738569256
22989692697887114
21645896219868611
STEP 0 P1 MOVE 1 12 2 13
OWN
00000000000000000
00000000000011000
00000000000011000
00000000000000000
00000000000000000
00000000000000000
00000000000000000
00000000000000000
00000000000000000
00000000000000000
STEP 1 P2 MOVE 3 9 6 9
OWN
00000000000000000
00000000000011000
00000000000011000
00000000020000000
00000000020000000
00000000020000000
00000000020000000
00000000000000000
00000000000000000
00000000000000000
STEP 2 P1 MOVE 5 8 5 10
OWN
00000000000000000
00000000000011000
00000000000011000
00000000020000000
00000000020000000
00000000111000000
00000000020000000
00000000000000000
00000000000000000
00000000000000000
STEP 3 P2 MOVE 0 15 2 15
OWN
00000000000000020
00000000000011020
00000000000011020
00000000020000000
00000000020000000
00000000111000000
00000000020000000
00000000000000000
00000000000000000
00000000000000000
STEP 4 P1 MOVE 2 5 2 7
OWN
00000000000000020
00000000000011020
00000111000011020
00000000020000000
00000000020000000
00000000111000000
00000000020000000
00000000000000000
00000000000000000
00000000000000000
STEP 5 P2 MOVE 2 2 2 4
OWN
00000000000000020
00000000000011020
00222111000011020
00000000020000000
00000000020000000
00000000111000000
00000000020000000
00000000000000000
00000000000000000
00000000000000000
STEP 6 P1 MOVE 4 4 5 4
OWN
00000000000000020
00000000000011020
00222111000011020
00000000020000000
00001000020000000
00001000111000000
00000000020000000
00000000000000000
00000000000000000
00000000000000000
STEP 7 P2 MOVE 0 9 1 9
OWN
00000000020000020
00000000020011020
00222111000011020
00000000020000000
00001000020000000
00001000111000000
00000000020000000
00000000000000000
00000000000000000
00000000000000000
STEP 8 P1 MOVE 0 13 0 14
OWN
00000000020001120
00000000020011020
00222111000011020
00000000020000000
00001000020000000
00001000111000000
00000000020000000
00000000000000000
00000000000000000
00000000000000000
STEP 9 P2 MOVE 3 13 3 15
OWN
00000000020001120
00000000020011020
00222111000011020
00000000020002220
00001000020000000
00001000111000000
00000000020000000
00000000000000000
00000000000000000
00000000000000000
STEP 10 P1 MOVE 2 14 5 14
OWN
00000000020001120
00000000020011020
00222111000011120
00000000020002120
00001000020000100
00001000111000100
00000000020000000
00000000000000000
00000000000000000
00000000000000000
STEP 11 P2 MOVE 9 2 9 3
OWN
00000000020001120
00000000020011020
00222111000011120
00000000020002120
00001000020000100
00001000111000100
00000000020000000
00000000000000000
00000000000000000
00220000000000000
STEP 12 P1 MOVE 8 9 9 9
OWN
00000000020001120
00000000020011020
00222111000011120
00000000020002120
00001000020000100
00001000111000100
00000000020000000
00000000000000000
00000000010000000
00220000010000000
STEP 13 P2 MOVE 7 8 7 9
OWN
00000000020001120
00000000020011020
00222111000011120
00000000020002120
00001000020000100
00001000111000100
00000000020000000
00000000220000000
00000000010000000
00220000010000000
STEP 14 P1 MOVE 5 15 5 16
OWN
00000000020001120
00000000020011020
00222111000011120
00000000020002120
00001000020000100
00001000111000111
00000000020000000
00000000220000000
00000000010000000
00220000010000000
STEP 15 P2 MOVE 0 7 0 8
OWN
00000002220001120
00000000020011020
00222111000011120
00000000020002120
00001000020000100
00001000111000111
00000000020000000
00000000220000000
00000000010000000
00220000010000000
STEP 16 P1 MOVE 0 10 1 10
OWN
00000002221001120
00000000021011020
00222111000011120
00000000020002120
00001000020000100
00001000111000111
00000000020000000
00000000220000000
00000000010000000
00220000010000000
STEP 17 P2 MOVE 0 16 1 16
OWN
00000002221001122
00000000021011022
00222111000011120
00000000020002120
00001000020000100
00001000111000111
00000000020000000
00000000220000000
00000000010000000
00220000010000000
STEP 18 P1 MOVE 2 9 2 10
OWN
00000002221001122
00000000021011022
00222111011011120
00000000020002120
00001000020000100
00001000111000111
00000000020000000
00000000220000000
00000000010000000
00220000010000000
STEP 19 P2 MOVE 4 7 6 7
OWN
00000002221001122
00000000021011022
00222111011011120
00000000020002120
00001002020000100
00001002111000111
00000002020000000
00000000220000000
00000000010000000
00220000010000000
STEP 20 P1 MOVE 5 6 5 13
OWN
00000002221001122
00000000021011022
00222111011011120
00000000020002120
00001002020000100
00001011111111111
00000002020000000
00000000220000000
00000000010000000
00220000010000000
STEP 21 P2 MOVE 3 5 3 6
OWN
00000002221001122
00000000021011022
00222111011011120
00000220020002120
00001002020000100
00001011111111111
00000002020000000
00000000220000000
00000000010000000
00220000010000000
STEP 22 P1 MOVE 1 5 4 5
OWN
00000002221001122
00000100021011022
00222111011011120
00000120020002120
00001102020000100
00001011111111111
00000002020000000
00000000220000000
00000000010000000
00220000010000000
STEP 23 P2 MOVE 7 7 8 7
OWN
00000002221001122
00000100021011022
00222111011011120
00000120020002120
00001102020000100
00001011111111111
00000002020000000
00000002220000000
00000002010000000
00220000010000000
STEP 24 P1 MOVE -1 -1 -1 -1
OWN
00000002221001122
00000100021011022
00222111011011120
00000120020002120
00001102020000100
00001011111111111
00000002020000000
00000002220000000
00000002010000000
00220000010000000
STEP 25 P2 MOVE 4 0 4 1
OWN
00000002221001122
00000100021011022
00222111011011120
00000120020002120
22001102020000100
00001011111111111
00000002020000000
00000002220000000
00000002010000000
00220000010000000
STEP 26 P1 MOVE 3 0 7 0
OWN
00000002221001122
00000100021011022
00222111011011120
10000120020002120
12001102020000100
10001011111111111
10000002020000000
10000002220000000
00000002010000000
00220000010000000
STEP 27 P2 MOVE 6 1 6 2
OWN
00000002221001122
00000100021011022
00222111011011120
10000120020002120
12001102020000100
10001011111111111
12200002020000000
10000002220000000
00000002010000000
00220000010000000
STEP 28 P1 MOVE 1 0 2 0
OWN
00000002221001122
10000100021011022
10222111011011120
10000120020002120
12001102020000100
10001011111111111
12200002020000000
10000002220000000
00000002010000000
00220000010000000
STEP 29 P2 MOVE 5 1 9 1
OWN
00000002221001122
10000100021011022
10222111011011120
10000120020002120
12001102020000100
12001011111111111
12200002020000000
12000002220000000
02000002010000000
02220000010000000
STEP 30 P1 MOVE 3 0 8 1
OWN
00000002221001122
10000100021011022
10222111011011120
11000120020002120
11001102020000100
11001011111111111
11200002020000000
11000002220000000
11000002010000000
02220000010000000
STEP 31 P2 MOVE 5 3 6 3
OWN
00000002221001122
10000100021011022
10222111011011120
11000120020002120
11001102020000100
11021011111111111
11220002020000000
11000002220000000
11000002010000000
02220000010000000
STEP 32 P1 MOVE -1 -1 -1 -1
OWN
00000002221001122
10000100021011022
10222111011011120
11000120020002120
11001102020000100
11021011111111111
11220002020000000
11000002220000000
11000002010000000
02220000010000000
STEP 33 P2 MOVE -1 -1 -1 -1
OWN
00000002221001122
10000100021011022
10222111011011120
11000120020002120
11001102020000100
11021011111111111
11220002020000000
11000002220000000
11000002010000000
02220000010000000
RESULT first=48 second=30 winner=1
ANALYSIS winner=P1 score=48-30 reason=탈취우위(+10칸 빼앗음,2배효과) steal(w/l)=10/0 neu(w/l)=38/40
