BOARD
91895974262654141
93713743249483732
49343398611611992
87686498981436831
45358131593921574
19895417339391118
52931532744263939
24772445224217953
97741986726752837
68549172715541734
STEP 0 P1 MOVE 0 16 4 16
OWN
00000000000000001
00000000000000001
00000000000000001
00000000000000001
00000000000000001
00000000000000000
00000000000000000
00000000000000000
00000000000000000
00000000000000000
STEP 1 P2 MOVE 9 5 9 7
OWN
00000000000000001
00000000000000001
00000000000000001
00000000000000001
00000000000000001
00000000000000000
00000000000000000
00000000000000000
00000000000000000
00000222000000000
STEP 2 P1 MOVE 4 5 4 8
OWN
00000000000000001
00000000000000001
00000000000000001
00000000000000001
00000111100000001
00000000000000000
00000000000000000
00000000000000000
00000000000000000
00000222000000000
STEP 3 P2 MOVE 3 6 5 6
OWN
00000000000000001
00000000000000001
00000000000000001
00000020000000001
00000121100000001
00000020000000000
00000000000000000
00000000000000000
00000000000000000
00000222000000000
STEP 4 P1 MOVE 9 11 9 13
OWN
00000000000000001
00000000000000001
00000000000000001
00000020000000001
00000121100000001
00000020000000000
00000000000000000
00000000000000000
00000000000000000
00000222000111000
STEP 5 P2 MOVE 2 3 2 5
OWN
00000000000000001
00000000000000001
00022200000000001
00000020000000001
00000121100000001
00000020000000000
00000000000000000
00000000000000000
00000000000000000
00000222000111000
STEP 6 P1 MOVE 6 9 6 11
OWN
00000000000000001
00000000000000001
00022200000000001
00000020000000001
00000121100000001
00000020000000000
00000000011100000
00000000000000000
00000000000000000
00000222000111000
STEP 7 P2 MOVE 1 2 2 2
OWN
00000000000000001
00200000000000001
00222200000000001
00000020000000001
00000121100000001
00000020000000000
00000000011100000
00000000000000000
00000000000000000
00000222000111000
STEP 8 P1 MOVE 0 0 0 1
OWN
11000000000000001
00200000000000001
00222200000000001
00000020000000001
00000121100000001
00000020000000000
00000000011100000
00000000000000000
00000000000000000
00000222000111000
STEP 9 P2 MOVE 5 0 5 1
OWN
11000000000000001
00200000000000001
00222200000000001
00000020000000001
00000121100000001
22000020000000000
00000000011100000
00000000000000000
00000000000000000
00000222000111000
STEP 10 P1 MOVE 0 11 1 11
OWN
11000000000100001
00200000000100001
00222200000000001
00000020000000001
00000121100000001
22000020000000000
00000000011100000
00000000000000000
00000000000000000
00000222000111000
STEP 11 P2 MOVE 0 8 0 10
OWN
11000000222100001
00200000000100001
00222200000000001
00000020000000001
00000121100000001
22000020000000000
00000000011100000
00000000000000000
00000000000000000
00000222000111000
STEP 12 P1 MOVE 0 12 0 14
OWN
11000000222111101
00200000000100001
00222200000000001
00000020000000001
00000121100000001
22000020000000000
00000000011100000
00000000000000000
00000000000000000
00000222000111000
STEP 13 P2 MOVE 1 14 1 15
OWN
11000000222111101
00200000000100221
00222200000000001
00000020000000001
00000121100000001
22000020000000000
00000000011100000
00000000000000000
00000000000000000
00000222000111000
STEP 14 P1 MOVE 8 4 9 4
OWN
11000000222111101
00200000000100221
00222200000000001
00000020000000001
00000121100000001
22000020000000000
00000000011100000
00000000000000000
00001000000000000
00001222000111000
STEP 15 P2 MOVE 8 13 8 14
OWN
11000000222111101
00200000000100221
00222200000000001
00000020000000001
00000121100000001
22000020000000000
00000000011100000
00000000000000000
00001000000002200
00001222000111000
STEP 16 P1 MOVE 8 15 8 16
OWN
11000000222111101
00200000000100221
00222200000000001
00000020000000001
00000121100000001
22000020000000000
00000000011100000
00000000000000000
00001000000002211
00001222000111000
STEP 17 P2 MOVE 7 11 7 13
OWN
11000000222111101
00200000000100221
00222200000000001
00000020000000001
00000121100000001
22000020000000000
00000000011100000
00000000000222000
00001000000002211
00001222000111000
STEP 18 P1 MOVE 5 14 5 16
OWN
11000000222111101
00200000000100221
00222200000000001
00000020000000001
00000121100000001
22000020000000111
00000000011100000
00000000000222000
00001000000002211
00001222000111000
STEP 19 P2 MOVE 4 15 6 15
OWN
11000000222111101
00200000000100221
00222200000000001
00000020000000001
00000121100000021
22000020000000121
00000000011100020
00000000000222000
00001000000002211
00001222000111000
STEP 20 P1 MOVE 2 9 2 13
OWN
11000000222111101
00200000000100221
00222200011111001
00000020000000001
00000121100000021
22000020000000121
00000000011100020
00000000000222000
00001000000002211
00001222000111000
STEP 21 P2 MOVE 1 13 4 13
OWN
11000000222111101
00200000000102221
00222200011112001
00000020000002001
00000121100002021
22000020000000121
00000000011100020
00000000000222000
00001000000002211
00001222000111000
STEP 22 P1 MOVE 0 3 1 3
OWN
11010000222111101
00210000000102221
00222200011112001
00000020000002001
00000121100002021
22000020000000121
00000000011100020
00000000000222000
00001000000002211
00001222000111000
STEP 23 P2 MOVE 1 10 3 10
OWN
11010000222111101
00210000002102221
00222200012112001
00000020002002001
00000121100002021
22000020000000121
00000000011100020
00000000000222000
00001000000002211
00001222000111000
STEP 24 P1 MOVE 5 12 5 13
OWN
11010000222111101
00210000002102221
00222200012112001
00000020002002001
00000121100002021
22000020000011121
00000000011100020
00000000000222000
00001000000002211
00001222000111000
STEP 25 P2 MOVE 5 11 8 11
OWN
11010000222111101
00210000002102221
00222200012112001
00000020002002001
00000121100002021
22000020000211121
00000000011200020
00000000000222000
00001000000202211
00001222000111000
STEP 26 P1 MOVE 1 4 1 5
OWN
11010000222111101
00211100002102221
00222200012112001
00000020002002001
00000121100002021
22000020000211121
00000000011200020
00000000000222000
00001000000202211
00001222000111000
STEP 27 P2 MOVE 1 1 1 7
OWN
11010000222111101
02222222002102221
00222200012112001
00000020002002001
00000121100002021
22000020000211121
00000000011200020
00000000000222000
00001000000202211
00001222000111000
STEP 28 P1 MOVE 0 7 1 9
OWN
11010001112111101
02222221112102221
00222200012112001
00000020002002001
00000121100002021
22000020000211121
00000000011200020
00000000000222000
00001000000202211
00001222000111000
STEP 29 P2 MOVE 3 4 3 5
OWN
11010001112111101
02222221112102221
00222200012112001
00002220002002001
00000121100002021
22000020000211121
00000000011200020
00000000000222000
00001000000202211
00001222000111000
STEP 30 P1 MOVE 6 5 6 7
OWN
11010001112111101
02222221112102221
00222200012112001
00002220002002001
00000121100002021
22000020000211121
00000111011200020
00000000000222000
00001000000202211
00001222000111000
STEP 31 P2 MOVE 5 4 6 5
OWN
11010001112111101
02222221112102221
00222200012112001
00002220002002001
00000121100002021
22002220000211121
00002211011200020
00000000000222000
00001000000202211
00001222000111000
STEP 32 P1 MOVE 4 4 7 4
OWN
11010001112111101
02222221112102221
00222200012112001
00002220002002001
00001121100002021
22001220000211121
00001211011200020
00001000000222000
00001000000202211
00001222000111000
STEP 33 P2 MOVE 6 3 7 3
OWN
11010001112111101
02222221112102221
00222200012112001
00002220002002001
00001121100002021
22001220000211121
00021211011200020
00021000000222000
00001000000202211
00001222000111000
STEP 34 P1 MOVE 5 8 6 8
OWN
11010001112111101
02222221112102221
00222200012112001
00002220002002001
00001121100002021
22001220100211121
00021211111200020
00021000000222000
00001000000202211
00001222000111000
STEP 35 P2 MOVE 5 7 5 9
OWN
11010001112111101
02222221112102221
00222200012112001
00002220002002001
00001121100002021
22001222220211121
00021211111200020
00021000000222000
00001000000202211
00001222000111000
STEP 36 P1 MOVE 6 10 7 12
OWN
11010001112111101
02222221112102221
00222200012112001
00002220002002001
00001121100002021
22001222220211121
00021211111110020
00021000001112000
00001000000202211
00001222000111000
STEP 37 P2 MOVE 4 12 8 13
OWN
11010001112111101
02222221112102221
00222200012112001
00002220002002001
00001121100022021
22001222220222121
00021211111122020
00021000001122000
00001000000222211
00001222000111000
STEP 38 P1 MOVE -1 -1 -1 -1
OWN
11010001112111101
02222221112102221
00222200012112001
00002220002002001
00001121100022021
22001222220222121
00021211111122020
00021000001122000
00001000000222211
00001222000111000
STEP 39 P2 MOVE 9 14 9 15
OWN
11010001112111101
02222221112102221
00222200012112001
00002220002002001
00001121100022021
22001222220222121
00021211111122020
00021000001122000
00001000000222211
00001222000111220
STEP 40 P1 MOVE 9 9 9 16
OWN
11010001112111101
02222221112102221
00222200012112001
00002220002002001
00001121100022021
22001222220222121
00021211111122020
00021000001122000
00001000000222211
00001222011111111
STEP 41 P2 MOVE 7 9 8 10
OWN
11010001112111101
02222221112102221
00222200012112001
00002220002002001
00001121100022021
22001222220222121
00021211111122020
00021000022122000
00001000022222211
00001222011111111
STEP 42 P1 MOVE -1 -1 -1 -1
OWN
11010001112111101
02222221112102221
00222200012112001
00002220002002001
00001121100022021
22001222220222121
00021211111122020
00021000022122000
00001000022222211
00001222011111111
STEP 43 P2 MOVE -1 -1 -1 -1
OWN
11010001112111101
02222221112102221
00222200012112001
00002220002002001
00001121100022021
22001222220222121
00021211111122020
00021000022122000
00001000022222211
00001222011111111
RESULT first=50 second=56 winner=2
ANALYSIS winner=P2 score=50-56 reason=탈취우위(+5칸 빼앗음,2배효과) / 역전승 steal(w/l)=15/10 neu(w/l)=51/55
