BOARD
98699781338165645
32495936374848197
65656231755348244
23571179332774161
46875271742198465
18979645757931913
24515943832475644
46692575827223645
98341748825381443
78784328855596465
STEP 0 P1 MOVE 5 13 8 13
OWN
00000000000000000
00000000000000000
00000000000000000
00000000000000000
00000000000000000
00000000000001000
00000000000001000
00000000000001000
00000000000001000
00000000000000000
STEP 1 P2 MOVE 7 11 7 14
OWN
00000000000000000
00000000000000000
00000000000000000
00000000000000000
00000000000000000
00000000000001000
00000000000001000
00000000000222200
00000000000001000
00000000000000000
STEP 2 P1 MOVE 0 14 3 14
OWN
00000000000000100
00000000000000100
00000000000000100
00000000000000100
00000000000000000
00000000000001000
00000000000001000
00000000000222200
00000000000001000
00000000000000000
STEP 3 P2 MOVE 3 13 3 15
OWN
00000000000000100
00000000000000100
00000000000000100
00000000000002220
00000000000000000
00000000000001000
00000000000001000
00000000000222200
00000000000001000
00000000000000000
STEP 4 P1 MOVE 3 8 4 8
OWN
00000000000000100
00000000000000100
00000000000000100
00000000100002220
00000000100000000
00000000000001000
00000000000001000
00000000000222200
00000000000001000
00000000000000000
STEP 5 P2 MOVE 0 2 1 2
OWN
00200000000000100
00200000000000100
00000000000000100
00000000100002220
00000000100000000
00000000000001000
00000000000001000
00000000000222200
00000000000001000
00000000000000000
STEP 6 P1 MOVE 1 1 3 1
OWN
00200000000000100
01200000000000100
01000000000000100
01000000100002220
00000000100000000
00000000000001000
00000000000001000
00000000000222200
00000000000001000
00000000000000000
STEP 7 P2 MOVE 6 14 6 15
OWN
00200000000000100
01200000000000100
01000000000000100
01000000100002220
00000000100000000
00000000000001000
00000000000001220
00000000000222200
00000000000001000
00000000000000000
STEP 8 P1 MOVE 9 10 9 11
OWN
00200000000000100
01200000000000100
01000000000000100
01000000100002220
00000000100000000
00000000000001000
00000000000001220
00000000000222200
00000000000001000
00000000001100000
STEP 9 P2 MOVE 4 5 4 7
OWN
00200000000000100
01200000000000100
01000000000000100
01000000100002220
00000222100000000
00000000000001000
00000000000001220
00000000000222200
00000000000001000
00000000001100000
STEP 10 P1 MOVE 6 1 6 3
OWN
00200000000000100
01200000000000100
01000000000000100
01000000100002220
00000222100000000
00000000000001000
01110000000001220
00000000000222200
00000000000001000
00000000001100000
STEP 11 P2 MOVE 0 9 1 9
OWN
00200000020000100
01200000020000100
01000000000000100
01000000100002220
00000222100000000
00000000000001000
01110000000001220
00000000000222200
00000000000001000
00000000001100000
STEP 12 P1 MOVE 9 13 9 14
OWN
00200000020000100
01200000020000100
01000000000000100
01000000100002220
00000222100000000
00000000000001000
01110000000001220
00000000000222200
00000000000001000
00000000001101100
STEP 13 P2 MOVE 4 0 4 1
OWN
00200000020000100
01200000020000100
01000000000000100
01000000100002220
22000222100000000
00000000000001000
01110000000001220
00000000000222200
00000000000001000
00000000001101100
STEP 14 P1 MOVE 5 14 5 15
OWN
00200000020000100
01200000020000100
01000000000000100
01000000100002220
22000222100000000
00000000000001110
01110000000001220
00000000000222200
00000000000001000
00000000001101100
STEP 15 P2 MOVE 4 14 4 15
OWN
00200000020000100
01200000020000100
01000000000000100
01000000100002220
22000222100000220
00000000000001110
01110000000001220
00000000000222200
00000000000001000
00000000001101100
STEP 16 P1 MOVE 9 6 9 7
OWN
00200000020000100
01200000020000100
01000000000000100
01000000100002220
22000222100000220
00000000000001110
01110000000001220
00000000000222200
00000000000001000
00000011001101100
STEP 17 P2 MOVE 8 9 8 11
OWN
00200000020000100
01200000020000100
01000000000000100
01000000100002220
22000222100000220
00000000000001110
01110000000001220
00000000000222200
00000000022201000
00000011001101100
STEP 18 P1 MOVE 7 8 7 9
OWN
00200000020000100
01200000020000100
01000000000000100
01000000100002220
22000222100000220
00000000000001110
01110000000001220
00000000110222200
00000000022201000
00000011001101100
STEP 19 P2 MOVE 7 0 7 1
OWN
00200000020000100
01200000020000100
01000000000000100
01000000100002220
22000222100000220
00000000000001110
01110000000001220
22000000110222200
00000000022201000
00000011001101100
STEP 20 P1 MOVE 8 2 9 2
OWN
00200000020000100
01200000020000100
01000000000000100
01000000100002220
22000222100000220
00000000000001110
01110000000001220
22000000110222200
00100000022201000
00100011001101100
STEP 21 P2 MOVE 8 5 9 5
OWN
00200000020000100
01200000020000100
01000000000000100
01000000100002220
22000222100000220
00000000000001110
01110000000001220
22000000110222200
00100200022201000
00100211001101100
STEP 22 P1 MOVE 2 9 2 10
OWN
00200000020000100
01200000020000100
01000000011000100
01000000100002220
22000222100000220
00000000000001110
01110000000001220
22000000110222200
00100200022201000
00100211001101100
STEP 23 P2 MOVE 4 11 5 11
OWN
00200000020000100
01200000020000100
01000000011000100
01000000100002220
22000222100200220
00000000000201110
01110000000001220
22000000110222200
00100200022201000
00100211001101100
STEP 24 P1 MOVE 8 15 9 15
OWN
00200000020000100
01200000020000100
01000000011000100
01000000100002220
22000222100200220
00000000000201110
01110000000001220
22000000110222200
00100200022201010
00100211001101110
STEP 25 P2 MOVE 5 10 5 12
OWN
00200000020000100
01200000020000100
01000000011000100
01000000100002220
22000222100200220
00000000002221110
01110000000001220
22000000110222200
00100200022201010
00100211001101110
STEP 26 P1 MOVE 1 10 6 10
OWN
00200000020000100
01200000021000100
01000000011000100
01000000101002220
22000222101200220
00000000001221110
01110000001001220
22000000110222200
00100200022201010
00100211001101110
STEP 27 P2 MOVE 6 9 7 10
OWN
00200000020000100
01200000021000100
01000000011000100
01000000101002220
22000222101200220
00000000001221110
01110000022001220
22000000122222200
00100200022201010
00100211001101110
STEP 28 P1 MOVE 2 11 3 11
OWN
00200000020000100
01200000021000100
01000000011100100
01000000101102220
22000222101200220
00000000001221110
01110000022001220
22000000122222200
00100200022201010
00100211001101110
STEP 29 P2 MOVE 5 9 9 9
OWN
00200000020000100
01200000021000100
01000000011100100
01000000101102220
22000222101200220
00000000021221110
01110000022001220
22000000122222200
00100200022201010
00100211021101110
STEP 30 P1 MOVE 5 8 5 16
OWN
00200000020000100
01200000021000100
01000000011100100
01000000101102220
22000222101200220
00000000111111111
01110000022001220
22000000122222200
00100200022201010
00100211021101110
STEP 31 P2 MOVE 3 16 6 16
OWN
00200000020000100
01200000021000100
01000000011100100
01000000101102222
22000222101200222
00000000111111112
01110000022001222
22000000122222200
00100200022201010
00100211021101110
STEP 32 P1 MOVE 3 9 3 12
OWN
00200000020000100
01200000021000100
01000000011100100
01000000111112222
22000222101200222
00000000111111112
01110000022001222
22000000122222200
00100200022201010
00100211021101110
STEP 33 P2 MOVE 2 4 3 5
OWN
00200000020000100
01200000021000100
01002200011100100
01002200111112222
22000222101200222
00000000111111112
01110000022001222
22000000122222200
00100200022201010
00100211021101110
STEP 34 P1 MOVE 1 4 4 4
OWN
00200000020000100
01201000021000100
01001200011100100
01001200111112222
22001222101200222
00000000111111112
01110000022001222
22000000122222200
00100200022201010
00100211021101110
STEP 35 P2 MOVE 5 5 5 6
OWN
00200000020000100
01201000021000100
01001200011100100
01001200111112222
22001222101200222
00000220111111112
01110000022001222
22000000122222200
00100200022201010
00100211021101110
STEP 36 P1 MOVE -1 -1 -1 -1
OWN
00200000020000100
01201000021000100
01001200011100100
01001200111112222
22001222101200222
00000220111111112
01110000022001222
22000000122222200
00100200022201010
00100211021101110
STEP 37 P2 MOVE 0 12 1 12
OWN
00200000020020100
01201000021020100
01001200011100100
01001200111112222
22001222101200222
00000220111111112
01110000022001222
22000000122222200
00100200022201010
00100211021101110
STEP 38 P1 MOVE 0 11 0 15
OWN
00200000020111110
01201000021020100
01001200011100100
01001200111112222
22001222101200222
00000220111111112
01110000022001222
22000000122222200
00100200022201010
00100211021101110
STEP 39 P2 MOVE 2 7 3 7
OWN
00200000020111110
01201000021020100
01001202011100100
01001202111112222
22001222101200222
00000220111111112
01110000022001222
22000000122222200
00100200022201010
00100211021101110
STEP 40 P1 MOVE 2 6 3 6
OWN
00200000020111110
01201000021020100
01001212011100100
01001212111112222
22001222101200222
00000220111111112
01110000022001222
22000000122222200
00100200022201010
00100211021101110
STEP 41 P2 MOVE -1 -1 -1 -1
OWN
00200000020111110
01201000021020100
01001212011100100
01001212111112222
22001222101200222
00000220111111112
01110000022001222
22000000122222200
00100200022201010
00100211021101110
STEP 42 P1 MOVE -1 -1 -1 -1
OWN
00200000020111110
01201000021020100
01001212011100100
01001212111112222
22001222101200222
00000220111111112
01110000022001222
22000000122222200
00100200022201010
00100211021101110
RESULT first=51 second=44 winner=1
ANALYSIS winner=P1 score=51-44 reason=şóÄ­Ľ±Áˇ(+3) / żŞŔü˝Â steal(w/l)=7/5 neu(w/l)=49/46
