BOARD
61671859284716117
56184937394593494
79293736835923188
96919194654512187
86717565416162747
29227748488578877
71813135896393589
62636694416872962
13617251314868149
12833884291297925
STEP 0 P1 MOVE 2 12 3 14
OWN
00000000000000000
00000000000000000
00000000000011100
00000000000011100
00000000000000000
00000000000000000
00000000000000000
00000000000000000
00000000000000000
00000000000000000
STEP 1 P2 MOVE 5 3 9 3
OWN
00000000000000000
00000000000000000
00000000000011100
00000000000011100
00000000000000000
00020000000000000
00020000000000000
00020000000000000
00020000000000000
00020000000000000
STEP 2 P1 MOVE 4 2 5 3
OWN
00000000000000000
00000000000000000
00000000000011100
00000000000011100
00110000000000000
00110000000000000
00020000000000000
00020000000000000
00020000000000000
00020000000000000
STEP 3 P2 MOVE 8 0 8 2
OWN
00000000000000000
00000000000000000
00000000000011100
00000000000011100
00110000000000000
00110000000000000
00020000000000000
00020000000000000
22220000000000000
00020000000000000
STEP 4 P1 MOVE 8 6 8 9
OWN
00000000000000000
00000000000000000
00000000000011100
00000000000011100
00110000000000000
00110000000000000
00020000000000000
00020000000000000
22220011110000000
00020000000000000
STEP 5 P2 MOVE 7 9 9 9
OWN
00000000000000000
00000000000000000
00000000000011100
00000000000011100
00110000000000000
00110000000000000
00020000000000000
00020000020000000
22220011120000000
00020000020000000
STEP 6 P1 MOVE 3 8 4 8
OWN
00000000000000000
00000000000000000
00000000000011100
00000000100011100
00110000100000000
00110000000000000
00020000000000000
00020000020000000
22220011120000000
00020000020000000
STEP 7 P2 MOVE 2 3 3 3
OWN
00000000000000000
00000000000000000
00020000000011100
00020000100011100
00110000100000000
00110000000000000
00020000000000000
00020000020000000
22220011120000000
00020000020000000
STEP 8 P1 MOVE 4 13 5 13
OWN
00000000000000000
00000000000000000
00020000000011100
00020000100011100
00110000100001000
00110000000001000
00020000000000000
00020000020000000
22220011120000000
00020000020000000
STEP 9 P2 MOVE 4 6 5 6
OWN
00000000000000000
00000000000000000
00020000000011100
00020000100011100
00110020100001000
00110020000001000
00020000000000000
00020000020000000
22220011120000000
00020000020000000
STEP 10 P1 MOVE 2 7 3 7
OWN
00000000000000000
00000000000000000
00020001000011100
00020001100011100
00110020100001000
00110020000001000
00020000000000000
00020000020000000
22220011120000000
00020000020000000
STEP 11 P2 MOVE 4 5 4 7
OWN
00000000000000000
00000000000000000
00020001000011100
00020001100011100
00110222100001000
00110020000001000
00020000000000000
00020000020000000
22220011120000000
00020000020000000
STEP 12 P1 MOVE 9 1 9 2
OWN
00000000000000000
00000000000000000
00020001000011100
00020001100011100
00110222100001000
00110020000001000
00020000000000000
00020000020000000
22220011120000000
01120000020000000
STEP 13 P2 MOVE 3 10 4 10
OWN
00000000000000000
00000000000000000
00020001000011100
00020001102011100
00110222102001000
00110020000001000
00020000000000000
00020000020000000
22220011120000000
01120000020000000
STEP 14 P1 MOVE 3 5 3 6
OWN
00000000000000000
00000000000000000
00020001000011100
00020111102011100
00110222102001000
00110020000001000
00020000000000000
00020000020000000
22220011120000000
01120000020000000
STEP 15 P2 MOVE 3 9 3 11
OWN
00000000000000000
00000000000000000
00020001000011100
00020111122211100
00110222102001000
00110020000001000
00020000000000000
00020000020000000
22220011120000000
01120000020000000
STEP 16 P1 MOVE 2 5 2 6
OWN
00000000000000000
00000000000000000
00020111000011100
00020111122211100
00110222102001000
00110020000001000
00020000000000000
00020000020000000
22220011120000000
01120000020000000
STEP 17 P2 MOVE 8 14 9 14
OWN
00000000000000000
00000000000000000
00020111000011100
00020111122211100
00110222102001000
00110020000001000
00020000000000000
00020000020000000
22220011120000200
01120000020000200
STEP 18 P1 MOVE 0 8 0 9
OWN
00000000110000000
00000000000000000
00020111000011100
00020111122211100
00110222102001000
00110020000001000
00020000000000000
00020000020000000
22220011120000200
01120000020000200
STEP 19 P2 MOVE 0 12 1 12
OWN
00000000110020000
00000000000020000
00020111000011100
00020111122211100
00110222102001000
00110020000001000
00020000000000000
00020000020000000
22220011120000200
01120000020000200
STEP 20 P1 MOVE 0 15 1 15
OWN
00000000110020010
00000000000020010
00020111000011100
00020111122211100
00110222102001000
00110020000001000
00020000000000000
00020000020000000
22220011120000200
01120000020000200
STEP 21 P2 MOVE 4 0 5 0
OWN
00000000110020010
00000000000020010
00020111000011100
00020111122211100
20110222102001000
20110020000001000
00020000000000000
00020000020000000
22220011120000200
01120000020000200
STEP 22 P1 MOVE 8 5 9 5
OWN
00000000110020010
00000000000020010
00020111000011100
00020111122211100
20110222102001000
20110020000001000
00020000000000000
00020000020000000
22220111120000200
01120100020000200
STEP 23 P2 MOVE 1 6 1 7
OWN
00000000110020010
00000022000020010
00020111000011100
00020111122211100
20110222102001000
20110020000001000
00020000000000000
00020000020000000
22220111120000200
01120100020000200
STEP 24 P1 MOVE 2 11 4 11
OWN
00000000110020010
00000022000020010
00020111000111100
00020111122111100
20110222102101000
20110020000001000
00020000000000000
00020000020000000
22220111120000200
01120100020000200
STEP 25 P2 MOVE 7 10 8 10
OWN
00000000110020010
00000022000020010
00020111000111100
00020111122111100
20110222102101000
20110020000001000
00020000000000000
00020000022000000
22220111122000200
01120100020000200
STEP 26 P1 MOVE 5 1 6 1
OWN
00000000110020010
00000022000020010
00020111000111100
00020111122111100
20110222102101000
21110020000001000
01020000000000000
00020000022000000
22220111122000200
01120100020000200
STEP 27 P2 MOVE 5 4 6 4
OWN
00000000110020010
00000022000020010
00020111000111100
00020111122111100
20110222102101000
21112020000001000
01022000000000000
00020000022000000
22220111122000200
01120100020000200
STEP 28 P1 MOVE 8 4 9 4
OWN
00000000110020010
00000022000020010
00020111000111100
00020111122111100
20110222102101000
21112020000001000
01022000000000000
00020000022000000
22221111122000200
01121100020000200
STEP 29 P2 MOVE 7 13 8 13
OWN
00000000110020010
00000022000020010
00020111000111100
00020111122111100
20110222102101000
21112020000001000
01022000000000000
00020000022002000
22221111122002200
01121100020000200
STEP 30 P1 MOVE 7 15 8 15
OWN
00000000110020010
00000022000020010
00020111000111100
00020111122111100
20110222102101000
21112020000001000
01022000000000000
00020000022002010
22221111122002210
01121100020000200
STEP 31 P2 MOVE 1 11 5 11
OWN
00000000110020010
00000022000220010
00020111000211100
00020111122211100
20110222102201000
21112020000201000
01022000000000000
00020000022002010
22221111122002210
01121100020000200
STEP 32 P1 MOVE 0 11 6 11
OWN
00000000110120010
00000022000120010
00020111000111100
00020111122111100
20110222102101000
21112020000101000
01022000000100000
00020000022002010
22221111122002210
01121100020000200
STEP 33 P2 MOVE 6 15 9 15
OWN
00000000110120010
00000022000120010
00020111000111100
00020111122111100
20110222102101000
21112020000101000
01022000000100020
00020000022002020
22221111122002220
01121100020000220
STEP 34 P1 MOVE 6 13 9 13
OWN
00000000110120010
00000022000120010
00020111000111100
00020111122111100
20110222102101000
21112020000101000
01022000000101020
00020000022001020
22221111122001220
01121100020001220
STEP 35 P2 MOVE -1 -1 -1 -1
OWN
00000000110120010
00000022000120010
00020111000111100
00020111122111100
20110222102101000
21112020000101000
01022000000101020
00020000022001020
22221111122001220
01121100020001220
STEP 36 P1 MOVE -1 -1 -1 -1
OWN
00000000110120010
00000022000120010
00020111000111100
00020111122111100
20110222102101000
21112020000101000
01022000000101020
00020000022001020
22221111122001220
01121100020001220
RESULT first=46 second=35 winner=1
ANALYSIS winner=P1 score=46-35 reason=Ĺ»ĂëżěŔ§(+3Ä­ »©ľŃŔ˝,2ąčČż°ú) / şóÄ­Ľ±Áˇ(+5) steal(w/l)=9/6 neu(w/l)=43/38
