BOARD
25748559283893263
78919273611484685
45246672527512687
17927686643165158
68619356261621713
39329729257421823
98642574572637343
42127293599774266
55512789692444795
64974272554493963
STEP 0 P1 MOVE 4 10 4 13
OWN
00000000000000000
00000000000000000
00000000000000000
00000000000000000
00000000001111000
00000000000000000
00000000000000000
00000000000000000
00000000000000000
00000000000000000
STEP 1 P2 MOVE 8 3 8 5
OWN
00000000000000000
00000000000000000
00000000000000000
00000000000000000
00000000001111000
00000000000000000
00000000000000000
00000000000000000
00022200000000000
00000000000000000
STEP 2 P1 MOVE 9 0 9 1
OWN
00000000000000000
00000000000000000
00000000000000000
00000000000000000
00000000001111000
00000000000000000
00000000000000000
00000000000000000
00022200000000000
11000000000000000
STEP 3 P2 MOVE 8 10 8 12
OWN
00000000000000000
00000000000000000
00000000000000000
00000000000000000
00000000001111000
00000000000000000
00000000000000000
00000000000000000
00022200002220000
11000000000000000
STEP 4 P1 MOVE 3 0 5 0
OWN
00000000000000000
00000000000000000
00000000000000000
10000000000000000
10000000001111000
10000000000000000
00000000000000000
00000000000000000
00022200002220000
11000000000000000
STEP 5 P2 MOVE 5 2 7 2
OWN
00000000000000000
00000000000000000
00000000000000000
10000000000000000
10000000001111000
10200000000000000
00200000000000000
00200000000000000
00022200002220000
11000000000000000
STEP 6 P1 MOVE 6 14 6 16
OWN
00000000000000000
00000000000000000
00000000000000000
10000000000000000
10000000001111000
10200000000000000
00200000000000111
00200000000000000
00022200002220000
11000000000000000
STEP 7 P2 MOVE 6 1 7 1
OWN
00000000000000000
00000000000000000
00000000000000000
10000000000000000
10000000001111000
10200000000000000
02200000000000111
02200000000000000
00022200002220000
11000000000000000
STEP 8 P1 MOVE 4 5 5 5
OWN
00000000000000000
00000000000000000
00000000000000000
10000000000000000
10000100001111000
10200100000000000
02200000000000111
02200000000000000
00022200002220000
11000000000000000
STEP 9 P2 MOVE 0 8 0 9
OWN
00000000220000000
00000000000000000
00000000000000000
10000000000000000
10000100001111000
10200100000000000
02200000000000111
02200000000000000
00022200002220000
11000000000000000
STEP 10 P1 MOVE 0 5 0 6
OWN
00000110220000000
00000000000000000
00000000000000000
10000000000000000
10000100001111000
10200100000000000
02200000000000111
02200000000000000
00022200002220000
11000000000000000
STEP 11 P2 MOVE 1 13 1 14
OWN
00000110220000000
00000000000002200
00000000000000000
10000000000000000
10000100001111000
10200100000000000
02200000000000111
02200000000000000
00022200002220000
11000000000000000
STEP 12 P1 MOVE 8 1 8 2
OWN
00000110220000000
00000000000002200
00000000000000000
10000000000000000
10000100001111000
10200100000000000
02200000000000111
02200000000000000
01122200002220000
11000000000000000
STEP 13 P2 MOVE 3 10 5 10
OWN
00000110220000000
00000000000002200
00000000000000000
10000000002000000
10000100002111000
10200100002000000
02200000000000111
02200000000000000
01122200002220000
11000000000000000
STEP 14 P1 MOVE 3 8 3 9
OWN
00000110220000000
00000000000002200
00000000000000000
10000000112000000
10000100002111000
10200100002000000
02200000000000111
02200000000000000
01122200002220000
11000000000000000
STEP 15 P2 MOVE 5 14 7 14
OWN
00000110220000000
00000000000002200
00000000000000000
10000000112000000
10000100002111000
10200100002000200
02200000000000211
02200000000000200
01122200002220000
11000000000000000
STEP 16 P1 MOVE 7 13 7 15
OWN
00000110220000000
00000000000002200
00000000000000000
10000000112000000
10000100002111000
10200100002000200
02200000000000211
02200000000001110
01122200002220000
11000000000000000
STEP 17 P2 MOVE 0 13 3 13
OWN
00000110220002000
00000000000002200
00000000000002000
10000000112002000
10000100002111000
10200100002000200
02200000000000211
02200000000001110
01122200002220000
11000000000000000
STEP 18 P1 MOVE 2 12 5 13
OWN
00000110220002000
00000000000002200
00000000000011000
10000000112011000
10000100002111000
10200100002011200
02200000000000211
02200000000001110
01122200002220000
11000000000000000
STEP 19 P2 MOVE 1 3 1 4
OWN
00000110220002000
00022000000002200
00000000000011000
10000000112011000
10000100002111000
10200100002011200
02200000000000211
02200000000001110
01122200002220000
11000000000000000
STEP 20 P1 MOVE 0 3 3 3
OWN
00010110220002000
00012000000002200
00010000000011000
10010000112011000
10000100002111000
10200100002011200
02200000000000211
02200000000001110
01122200002220000
11000000000000000
STEP 21 P2 MOVE 0 4 1 5
OWN
00012210220002000
00012200000002200
00010000000011000
10010000112011000
10000100002111000
10200100002011200
02200000000000211
02200000000001110
01122200002220000
11000000000000000
STEP 22 P1 MOVE 6 12 7 12
OWN
00012210220002000
00012200000002200
00010000000011000
10010000112011000
10000100002111000
10200100002011200
02200000000010211
02200000000011110
01122200002220000
11000000000000000
STEP 23 P2 MOVE 4 14 5 15
OWN
00012210220002000
00012200000002200
00010000000011000
10010000112011000
10000100002111220
10200100002011220
02200000000010211
02200000000011110
01122200002220000
11000000000000000
STEP 24 P1 MOVE 4 11 5 16
OWN
00012210220002000
00012200000002200
00010000000011000
10010000112011000
10000100002111111
10200100002111111
02200000000010211
02200000000011110
01122200002220000
11000000000000000
STEP 25 P2 MOVE 3 8 4 14
OWN
00012210220002000
00012200000002200
00010000000011000
10010000222222200
10000100222222211
10200100002111111
02200000000010211
02200000000011110
01122200002220000
11000000000000000
STEP 26 P1 MOVE 1 6 1 7
OWN
00012210220002000
00012211000002200
00010000000011000
10010000222222200
10000100222222211
10200100002111111
02200000000010211
02200000000011110
01122200002220000
11000000000000000
STEP 27 P2 MOVE 4 3 4 4
OWN
00012210220002000
00012211000002200
00010000000011000
10010000222222200
10022100222222211
10200100002111111
02200000000010211
02200000000011110
01122200002220000
11000000000000000
STEP 28 P1 MOVE 1 10 6 10
OWN
00012210220002000
00012211001002200
00010000001011000
10010000221222200
10022100221222211
10200100001111111
02200000001010211
02200000000011110
01122200002220000
11000000000000000
STEP 29 P2 MOVE 3 9 5 15
OWN
00012210220002000
00012211001002200
00010000001011000
10010000222222220
10022100222222221
10200100022222221
02200000001010211
02200000000011110
01122200002220000
11000000000000000
STEP 30 P1 MOVE 3 8 5 16
OWN
00012210220002000
00012211001002200
00010000001011000
10010000111111111
10022100111111111
10200100111111111
02200000001010211
02200000000011110
01122200002220000
11000000000000000
STEP 31 P2 MOVE 1 9 6 9
OWN
00012210220002000
00012211021002200
00010000021011000
10010000121111111
10022100121111111
10200100121111111
02200000021010211
02200000000011110
01122200002220000
11000000000000000
STEP 32 P1 MOVE 1 8 1 11
OWN
00012210220002000
00012211111102200
00010000021011000
10010000121111111
10022100121111111
10200100121111111
02200000021010211
02200000000011110
01122200002220000
11000000000000000
STEP 33 P2 MOVE 2 8 2 11
OWN
00012210220002000
00012211111102200
00010000222211000
10010000121111111
10022100121111111
10200100121111111
02200000021010211
02200000000011110
01122200002220000
11000000000000000
STEP 34 P1 MOVE 1 7 2 12
OWN
00012210220002000
00012211111112200
00010001111111000
10010000121111111
10022100121111111
10200100121111111
02200000021010211
02200000000011110
01122200002220000
11000000000000000
STEP 35 P2 MOVE -1 -1 -1 -1
OWN
00012210220002000
00012211111112200
00010001111111000
10010000121111111
10022100121111111
10200100121111111
02200000021010211
02200000000011110
01122200002220000
11000000000000000
STEP 36 P1 MOVE -1 -1 -1 -1
OWN
00012210220002000
00012211111112200
00010001111111000
10010000121111111
10022100121111111
10200100121111111
02200000021010211
02200000000011110
01122200002220000
11000000000000000
RESULT first=60 second=27 winner=1
ANALYSIS winner=P1 score=60-27 reason=Ĺ»ĂëżěŔ§(+15Ä­ »©ľŃŔ˝,2ąčČż°ú) / şóÄ­Ľ±Áˇ(+3) steal(w/l)=39/24 neu(w/l)=45/42
