BOARD
71458151572249639
69892267643822729
31932479878988185
31778184762322433
43643998656888878
76925761413592511
93153622739635224
93221639452225185
65551357195152368
14886915865367241
STEP 0 P1 MOVE 7 10 8 11
OWN
00000000000000000
00000000000000000
00000000000000000
00000000000000000
00000000000000000
00000000000000000
00000000000000000
00000000001100000
00000000001100000
00000000000000000
STEP 1 P2 MOVE 5 14 6 15
OWN
00000000000000000
00000000000000000
00000000000000000
00000000000000000
00000000000000000
00000000000000220
00000000000000220
00000000001100000
00000000001100000
00000000000000000
STEP 2 P1 MOVE 3 14 3 16
OWN
00000000000000000
00000000000000000
00000000000000000
00000000000000111
00000000000000000
00000000000000220
00000000000000220
00000000001100000
00000000001100000
00000000000000000
STEP 3 P2 MOVE 5 16 7 16
OWN
00000000000000000
00000000000000000
00000000000000000
00000000000000111
00000000000000000
00000000000000222
00000000000000222
00000000001100002
00000000001100000
00000000000000000
STEP 4 P1 MOVE 0 1 0 3
OWN
01110000000000000
00000000000000000
00000000000000000
00000000000000111
00000000000000000
00000000000000222
00000000000000222
00000000001100002
00000000001100000
00000000000000000
STEP 5 P2 MOVE 2 0 4 0
OWN
01110000000000000
00000000000000000
20000000000000000
20000000000000111
20000000000000000
00000000000000222
00000000000000222
00000000001100002
00000000001100000
00000000000000000
STEP 6 P1 MOVE 3 1 5 1
OWN
01110000000000000
00000000000000000
20000000000000000
21000000000000111
21000000000000000
01000000000000222
00000000000000222
00000000001100002
00000000001100000
00000000000000000
STEP 7 P2 MOVE 1 4 1 6
OWN
01110000000000000
00002220000000000
20000000000000000
21000000000000111
21000000000000000
01000000000000222
00000000000000222
00000000001100002
00000000001100000
00000000000000000
STEP 8 P1 MOVE 1 1 2 1
OWN
01110000000000000
01002220000000000
21000000000000000
21000000000000111
21000000000000000
01000000000000222
00000000000000222
00000000001100002
00000000001100000
00000000000000000
STEP 9 P2 MOVE 1 11 1 12
OWN
01110000000000000
01002220000220000
21000000000000000
21000000000000111
21000000000000000
01000000000000222
00000000000000222
00000000001100002
00000000001100000
00000000000000000
STEP 10 P1 MOVE 3 12 4 12
OWN
01110000000000000
01002220000220000
21000000000000000
21000000000010111
21000000000010000
01000000000000222
00000000000000222
00000000001100002
00000000001100000
00000000000000000
STEP 11 P2 MOVE 8 8 8 9
OWN
01110000000000000
01002220000220000
21000000000000000
21000000000010111
21000000000010000
01000000000000222
00000000000000222
00000000001100002
00000000221100000
00000000000000000
STEP 12 P1 MOVE 2 4 3 4
OWN
01110000000000000
01002220000220000
21001000000000000
21001000000010111
21000000000010000
01000000000000222
00000000000000222
00000000001100002
00000000221100000
00000000000000000
STEP 13 P2 MOVE 6 12 8 12
OWN
01110000000000000
01002220000220000
21001000000000000
21001000000010111
21000000000010000
01000000000000222
00000000000020222
00000000001120002
00000000221120000
00000000000000000
STEP 14 P1 MOVE 5 4 8 4
OWN
01110000000000000
01002220000220000
21001000000000000
21001000000010111
21000000000010000
01001000000000222
00001000000020222
00001000001120002
00001000221120000
00000000000000000
STEP 15 P2 MOVE 7 2 7 5
OWN
01110000000000000
01002220000220000
21001000000000000
21001000000010111
21000000000010000
01001000000000222
00001000000020222
00222200001120002
00001000221120000
00000000000000000
STEP 16 P1 MOVE 2 3 3 3
OWN
01110000000000000
01002220000220000
21011000000000000
21011000000010111
21000000000010000
01001000000000222
00001000000020222
00222200001120002
00001000221120000
00000000000000000
STEP 17 P2 MOVE 6 6 8 6
OWN
01110000000000000
01002220000220000
21011000000000000
21011000000010111
21000000000010000
01001000000000222
00001020000020222
00222220001120002
00001020221120000
00000000000000000
STEP 18 P1 MOVE 2 10 3 10
OWN
01110000000000000
01002220000220000
21011000001000000
21011000001010111
21000000000010000
01001000000000222
00001020000020222
00222220001120002
00001020221120000
00000000000000000
STEP 19 P2 MOVE 8 2 8 3
OWN
01110000000000000
01002220000220000
21011000001000000
21011000001010111
21000000000010000
01001000000000222
00001020000020222
00222220001120002
00221020221120000
00000000000000000
STEP 20 P1 MOVE 6 13 7 13
OWN
01110000000000000
01002220000220000
21011000001000000
21011000001010111
21000000000010000
01001000000000222
00001020000021222
00222220001121002
00221020221120000
00000000000000000
STEP 21 P2 MOVE 7 8 7 14
OWN
01110000000000000
01002220000220000
21011000001000000
21011000001010111
21000000000010000
01001000000000222
00001020000021222
00222220222222202
00221020221120000
00000000000000000
STEP 22 P1 MOVE 5 13 7 15
OWN
01110000000000000
01002220000220000
21011000001000000
21011000001010111
21000000000010000
01001000000001112
00001020000021112
00222220222221112
00221020221120000
00000000000000000
STEP 23 P2 MOVE 5 9 9 9
OWN
01110000000000000
01002220000220000
21011000001000000
21011000001010111
21000000000010000
01001000020001112
00001020020021112
00222220222221112
00221020221120000
00000000020000000
STEP 24 P1 MOVE 3 5 4 5
OWN
01110000000000000
01002220000220000
21011000001000000
21011100001010111
21000100000010000
01001000020001112
00001020020021112
00222220222221112
00221020221120000
00000000020000000
STEP 25 P2 MOVE 9 5 9 6
OWN
01110000000000000
01002220000220000
21011000001000000
21011100001010111
21000100000010000
01001000020001112
00001020020021112
00222220222221112
00221020221120000
00000220020000000
STEP 26 P1 MOVE -1 -1 -1 -1
OWN
01110000000000000
01002220000220000
21011000001000000
21011100001010111
21000100000010000
01001000020001112
00001020020021112
00222220222221112
00221020221120000
00000220020000000
STEP 27 P2 MOVE 4 13 8 13
OWN
01110000000000000
01002220000220000
21011000001000000
21011100001010111
21000100000012000
01001000020002112
00001020020022112
00222220222222112
00221020221122000
00000220020000000
STEP 28 P1 MOVE 8 5 8 7
OWN
01110000000000000
01002220000220000
21011000001000000
21011100001010111
21000100000012000
01001000020002112
00001020020022112
00222220222222112
00221111221122000
00000220020000000
STEP 29 P2 MOVE 3 13 4 14
OWN
01110000000000000
01002220000220000
21011000001000000
21011100001012211
21000100000012200
01001000020002112
00001020020022112
00222220222222112
00221111221122000
00000220020000000
STEP 30 P1 MOVE 1 13 2 13
OWN
01110000000000000
01002220000221000
21011000001001000
21011100001012211
21000100000012200
01001000020002112
00001020020022112
00222220222222112
00221111221122000
00000220020000000
STEP 31 P2 MOVE 8 15 9 15
OWN
01110000000000000
01002220000221000
21011000001001000
21011100001012211
21000100000012200
01001000020002112
00001020020022112
00222220222222112
00221111221122020
00000220020000020
STEP 32 P1 MOVE 4 8 5 8
OWN
01110000000000000
01002220000221000
21011000001001000
21011100001012211
21000100100012200
01001000120002112
00001020020022112
00222220222222112
00221111221122020
00000220020000020
STEP 33 P2 MOVE 5 7 6 8
OWN
01110000000000000
01002220000221000
21011000001001000
21011100001012211
21000100100012200
01001002220002112
00001022220022112
00222220222222112
00221111221122020
00000220020000020
STEP 34 P1 MOVE 1 15 2 15
OWN
01110000000000000
01002220000221010
21011000001001010
21011100001012211
21000100100012200
01001002220002112
00001022220022112
00222220222222112
00221111221122020
00000220020000020
STEP 35 P2 MOVE 0 15 4 15
OWN
01110000000000020
01002220000221020
21011000001001020
21011100001012221
21000100100012220
01001002220002112
00001022220022112
00222220222222112
00221111221122020
00000220020000020
STEP 36 P1 MOVE 9 13 9 16
OWN
01110000000000020
01002220000221020
21011000001001020
21011100001012221
21000100100012220
01001002220002112
00001022220022112
00222220222222112
00221111221122020
00000220020001111
STEP 37 P2 MOVE 1 10 1 14
OWN
01110000000000020
01002220002222220
21011000001001020
21011100001012221
21000100100012220
01001002220002112
00001022220022112
00222220222222112
00221111221122020
00000220020001111
STEP 38 P1 MOVE 0 14 8 14
OWN
01110000000000120
01002220002222120
21011000001001120
21011100001012121
21000100100012120
01001002220002112
00001022220022112
00222220222222112
00221111221122120
00000220020001111
STEP 39 P2 MOVE 1 8 1 9
OWN
01110000000000120
01002220222222120
21011000001001120
21011100001012121
21000100100012120
01001002220002112
00001022220022112
00222220222222112
00221111221122120
00000220020001111
STEP 40 P1 MOVE 5 2 6 2
OWN
01110000000000120
01002220222222120
21011000001001120
21011100001012121
21000100100012120
01101002220002112
00101022220022112
00222220222222112
00221111221122120
00000220020001111
STEP 41 P2 MOVE 5 1 6 3
OWN
01110000000000120
01002220222222120
21011000001001120
21011100001012121
21000100100012120
02221002220002112
02221022220022112
00222220222222112
00221111221122120
00000220020001111
STEP 42 P1 MOVE -1 -1 -1 -1
OWN
01110000000000120
01002220222222120
21011000001001120
21011100001012121
21000100100012120
02221002220002112
02221022220022112
00222220222222112
00221111221122120
00000220020001111
STEP 43 P2 MOVE -1 -1 -1 -1
OWN
01110000000000120
01002220222222120
21011000001001120
21011100001012121
21000100100012120
02221002220002112
02221022220022112
00222220222222112
00221111221122120
00000220020001111
RESULT first=44 second=59 winner=2
ANALYSIS winner=P2 score=44-59 reason=Ĺ»ĂëżěŔ§(+5Ä­ »©ľŃŔ˝,2ąčČż°ú) / şóÄ­Ľ±Áˇ(+5) / żŞŔü˝Â steal(w/l)=16/11 neu(w/l)=54/49
