BOARD
46734123494718887
84728415978725227
72164289432918438
85967332966894536
95929946415645175
75737231435217637
43787722521229963
98324136725666184
11336782244883722
83892876841418224
STEP 0 P1 MOVE 7 9 9 9
OWN
00000000000000000
00000000000000000
00000000000000000
00000000000000000
00000000000000000
00000000000000000
00000000000000000
00000000010000000
00000000010000000
00000000010000000
STEP 1 P2 MOVE 0 4 0 7
OWN
00002222000000000
00000000000000000
00000000000000000
00000000000000000
00000000000000000
00000000000000000
00000000000000000
00000000010000000
00000000010000000
00000000010000000
STEP 2 P1 MOVE 8 15 9 16
OWN
00002222000000000
00000000000000000
00000000000000000
00000000000000000
00000000000000000
00000000000000000
00000000000000000
00000000010000000
00000000010000011
00000000010000011
STEP 3 P2 MOVE 7 2 7 5
OWN
00002222000000000
00000000000000000
00000000000000000
00000000000000000
00000000000000000
00000000000000000
00000000000000000
00222200010000000
00000000010000011
00000000010000011
STEP 4 P1 MOVE 5 9 5 11
OWN
00002222000000000
00000000000000000
00000000000000000
00000000000000000
00000000000000000
00000000011100000
00000000000000000
00222200010000000
00000000010000011
00000000010000011
STEP 5 P2 MOVE 2 9 4 9
OWN
00002222000000000
00000000000000000
00000000020000000
00000000020000000
00000000020000000
00000000011100000
00000000000000000
00222200010000000
00000000010000011
00000000010000011
STEP 6 P1 MOVE 5 5 5 8
OWN
00002222000000000
00000000000000000
00000000020000000
00000000020000000
00000000020000000
00000111111100000
00000000000000000
00222200010000000
00000000010000011
00000000010000011
STEP 7 P2 MOVE 3 7 6 7
OWN
00002222000000000
00000000000000000
00000000020000000
00000002020000000
00000002020000000
00000112111100000
00000002000000000
00222200010000000
00000000010000011
00000000010000011
STEP 8 P1 MOVE 7 14 9 14
OWN
00002222000000000
00000000000000000
00000000020000000
00000002020000000
00000002020000000
00000112111100000
00000002000000000
00222200010000100
00000000010000111
00000000010000111
STEP 9 P2 MOVE 1 5 1 7
OWN
00002222000000000
00000222000000000
00000000020000000
00000002020000000
00000002020000000
00000112111100000
00000002000000000
00222200010000100
00000000010000111
00000000010000111
STEP 10 P1 MOVE 2 0 2 2
OWN
00002222000000000
00000222000000000
11100000020000000
00000002020000000
00000002020000000
00000112111100000
00000002000000000
00222200010000100
00000000010000111
00000000010000111
STEP 11 P2 MOVE 7 10 9 10
OWN
00002222000000000
00000222000000000
11100000020000000
00000002020000000
00000002020000000
00000112111100000
00000002000000000
00222200012000100
00000000012000111
00000000012000111
STEP 12 P1 MOVE 5 15 5 16
OWN
00002222000000000
00000222000000000
11100000020000000
00000002020000000
00000002020000000
00000112111100011
00000002000000000
00222200012000100
00000000012000111
00000000012000111
STEP 13 P2 MOVE 0 1 1 1
OWN
02002222000000000
02000222000000000
11100000020000000
00000002020000000
00000002020000000
00000112111100011
00000002000000000
00222200012000100
00000000012000111
00000000012000111
STEP 14 P1 MOVE 4 1 5 1
OWN
02002222000000000
02000222000000000
11100000020000000
00000002020000000
01000002020000000
01000112111100011
00000002000000000
00222200012000100
00000000012000111
00000000012000111
STEP 15 P2 MOVE 3 4 3 5
OWN
02002222000000000
02000222000000000
11100000020000000
00002202020000000
01000002020000000
01000112111100011
00000002000000000
00222200012000100
00000000012000111
00000000012000111
STEP 16 P1 MOVE 2 5 2 6
OWN
02002222000000000
02000222000000000
11100110020000000
00002202020000000
01000002020000000
01000112111100011
00000002000000000
00222200012000100
00000000012000111
00000000012000111
STEP 17 P2 MOVE 9 4 9 5
OWN
02002222000000000
02000222000000000
11100110020000000
00002202020000000
01000002020000000
01000112111100011
00000002000000000
00222200012000100
00000000012000111
00002200012000111
STEP 18 P1 MOVE 4 12 4 14
OWN
02002222000000000
02000222000000000
11100110020000000
00002202020000000
01000002020011100
01000112111100011
00000002000000000
00222200012000100
00000000012000111
00002200012000111
STEP 19 P2 MOVE 7 0 8 0
OWN
02002222000000000
02000222000000000
11100110020000000
00002202020000000
01000002020011100
01000112111100011
00000002000000000
20222200012000100
20000000012000111
00002200012000111
STEP 20 P1 MOVE 2 12 3 12
OWN
02002222000000000
02000222000000000
11100110020010000
00002202020010000
01000002020011100
01000112111100011
00000002000000000
20222200012000100
20000000012000111
00002200012000111
STEP 21 P2 MOVE 0 2 0 3
OWN
02222222000000000
02000222000000000
11100110020010000
00002202020010000
01000002020011100
01000112111100011
00000002000000000
20222200012000100
20000000012000111
00002200012000111
STEP 22 P1 MOVE 6 8 6 11
OWN
02222222000000000
02000222000000000
11100110020010000
00002202020010000
01000002020011100
01000112111100011
00000002111100000
20222200012000100
20000000012000111
00002200012000111
STEP 23 P2 MOVE 0 14 1 14
OWN
02222222000000200
02000222000000200
11100110020010000
00002202020010000
01000002020011100
01000112111100011
00000002111100000
20222200012000100
20000000012000111
00002200012000111
STEP 24 P1 MOVE 0 15 1 15
OWN
02222222000000210
02000222000000210
11100110020010000
00002202020010000
01000002020011100
01000112111100011
00000002111100000
20222200012000100
20000000012000111
00002200012000111
STEP 25 P2 MOVE 1 3 1 4
OWN
02222222000000210
02022222000000210
11100110020010000
00002202020010000
01000002020011100
01000112111100011
00000002111100000
20222200012000100
20000000012000111
00002200012000111
STEP 26 P1 MOVE 2 3 2 4
OWN
02222222000000210
02022222000000210
11111110020010000
00002202020010000
01000002020011100
01000112111100011
00000002111100000
20222200012000100
20000000012000111
00002200012000111
STEP 27 P2 MOVE 3 15 4 15
OWN
02222222000000210
02022222000000210
11111110020010000
00002202020010020
01000002020011120
01000112111100011
00000002111100000
20222200012000100
20000000012000111
00002200012000111
STEP 28 P1 MOVE 6 1 6 2
OWN
02222222000000210
02022222000000210
11111110020010000
00002202020010020
01000002020011120
01000112111100011
01100002111100000
20222200012000100
20000000012000111
00002200012000111
STEP 29 P2 MOVE 8 8 9 8
OWN
02222222000000210
02022222000000210
11111110020010000
00002202020010020
01000002020011120
01000112111100011
01100002111100000
20222200012000100
20000000212000111
00002200212000111
STEP 30 P1 MOVE 8 7 8 11
OWN
02222222000000210
02022222000000210
11111110020010000
00002202020010020
01000002020011120
01000112111100011
01100002111100000
20222200012000100
20000001111100111
00002200212000111
STEP 31 P2 MOVE 7 11 9 11
OWN
02222222000000210
02022222000000210
11111110020010000
00002202020010020
01000002020011120
01000112111100011
01100002111100000
20222200012200100
20000001111200111
00002200212200111
STEP 32 P1 MOVE -1 -1 -1 -1
OWN
02222222000000210
02022222000000210
11111110020010000
00002202020010020
01000002020011120
01000112111100011
01100002111100000
20222200012200100
20000001111200111
00002200212200111
STEP 33 P2 MOVE 4 6 6 8
OWN
02222222000000210
02022222000000210
11111110020010000
00002202020010020
01000022220011120
01000122211100011
01100022211100000
20222200012200100
20000001111200111
00002200212200111
STEP 34 P1 MOVE 5 5 6 12
OWN
02222222000000210
02022222000000210
11111110020010000
00002202020010020
01000022220011120
01000111111110011
01100111111110000
20222200012200100
20000001111200111
00002200212200111
STEP 35 P2 MOVE 6 4 7 6
OWN
02222222000000210
02022222000000210
11111110020010000
00002202020010020
01000022220011120
01000111111110011
01102221111110000
20222220012200100
20000001111200111
00002200212200111
STEP 36 P1 MOVE 5 2 5 3
OWN
02222222000000210
02022222000000210
11111110020010000
00002202020010020
01000022220011120
01110111111110011
01102221111110000
20222220012200100
20000001111200111
00002200212200111
STEP 37 P2 MOVE 4 3 6 3
OWN
02222222000000210
02022222000000210
11111110020010000
00002202020010020
01020022220011120
01120111111110011
01122221111110000
20222220012200100
20000001111200111
00002200212200111
STEP 38 P1 MOVE -1 -1 -1 -1
OWN
02222222000000210
02022222000000210
11111110020010000
00002202020010020
01020022220011120
01120111111110011
01122221111110000
20222220012200100
20000001111200111
00002200212200111
STEP 39 P2 MOVE -1 -1 -1 -1
OWN
02222222000000210
02022222000000210
11111110020010000
00002202020010020
01020022220011120
01120111111110011
01122221111110000
20222220012200100
20000001111200111
00002200212200111
RESULT first=48 second=47 winner=1
ANALYSIS winner=P1 score=48-47 reason=Ľ±°řŔĚÁˇ steal(w/l)=8/8 neu(w/l)=48/47
