BOARD
74631916834233876
73532861348443149
89187978928371337
51329927564769186
67365796781574761
16498529153169441
78371938552598451
16347389774156676
68779673546358679
74163132875468384
STEP 0 P1 MOVE 5 11 8 11
OWN
00000000000000000
00000000000000000
00000000000000000
00000000000000000
00000000000000000
00000000000100000
00000000000100000
00000000000100000
00000000000100000
00000000000000000
STEP 1 P2 MOVE 3 10 6 10
OWN
00000000000000000
00000000000000000
00000000000000000
00000000002000000
00000000002000000
00000000002100000
00000000002100000
00000000000100000
00000000000100000
00000000000000000
STEP 2 P1 MOVE 0 2 0 4
OWN
00111000000000000
00000000000000000
00000000000000000
00000000002000000
00000000002000000
00000000002100000
00000000002100000
00000000000100000
00000000000100000
00000000000000000
STEP 3 P2 MOVE 4 2 6 2
OWN
00111000000000000
00000000000000000
00000000000000000
00000000002000000
00200000002000000
00200000002100000
00200000002100000
00000000000100000
00000000000100000
00000000000000000
STEP 4 P1 MOVE 7 5 9 5
OWN
00111000000000000
00000000000000000
00000000000000000
00000000002000000
00200000002000000
00200000002100000
00200000002100000
00000100000100000
00000100000100000
00000100000000000
STEP 5 P2 MOVE 9 2 9 4
OWN
00111000000000000
00000000000000000
00000000000000000
00000000002000000
00200000002000000
00200000002100000
00200000002100000
00000100000100000
00000100000100000
00222100000000000
STEP 6 P1 MOVE 1 2 1 4
OWN
00111000000000000
00111000000000000
00000000000000000
00000000002000000
00200000002000000
00200000002100000
00200000002100000
00000100000100000
00000100000100000
00222100000000000
STEP 7 P2 MOVE 7 10 8 10
OWN
00111000000000000
00111000000000000
00000000000000000
00000000002000000
00200000002000000
00200000002100000
00200000002100000
00000100002100000
00000100002100000
00222100000000000
STEP 8 P1 MOVE 6 8 6 9
OWN
00111000000000000
00111000000000000
00000000000000000
00000000002000000
00200000002000000
00200000002100000
00200000112100000
00000100002100000
00000100002100000
00222100000000000
STEP 9 P2 MOVE 8 6 9 6
OWN
00111000000000000
00111000000000000
00000000000000000
00000000002000000
00200000002000000
00200000002100000
00200000112100000
00000100002100000
00000120002100000
00222120000000000
STEP 10 P1 MOVE 7 12 8 12
OWN
00111000000000000
00111000000000000
00000000000000000
00000000002000000
00200000002000000
00200000002100000
00200000112100000
00000100002110000
00000120002110000
00222120000000000
STEP 11 P2 MOVE 2 11 3 11
OWN
00111000000000000
00111000000000000
00000000000200000
00000000002200000
00200000002000000
00200000002100000
00200000112100000
00000100002110000
00000120002110000
00222120000000000
STEP 12 P1 MOVE 9 7 9 8
OWN
00111000000000000
00111000000000000
00000000000200000
00000000002200000
00200000002000000
00200000002100000
00200000112100000
00000100002110000
00000120002110000
00222121100000000
STEP 13 P2 MOVE 2 15 2 16
OWN
00111000000000000
00111000000000000
00000000000200022
00000000002200000
00200000002000000
00200000002100000
00200000112100000
00000100002110000
00000120002110000
00222121100000000
STEP 14 P1 MOVE 1 0 1 1
OWN
00111000000000000
11111000000000000
00000000000200022
00000000002200000
00200000002000000
00200000002100000
00200000112100000
00000100002110000
00000120002110000
00222121100000000
STEP 15 P2 MOVE 5 7 5 8
OWN
00111000000000000
11111000000000000
00000000000200022
00000000002200000
00200000002000000
00200002202100000
00200000112100000
00000100002110000
00000120002110000
00222121100000000
STEP 16 P1 MOVE 2 1 2 2
OWN
00111000000000000
11111000000000000
01100000000200022
00000000002200000
00200000002000000
00200002202100000
00200000112100000
00000100002110000
00000120002110000
00222121100000000
STEP 17 P2 MOVE 6 14 7 14
OWN
00111000000000000
11111000000000000
01100000000200022
00000000002200000
00200000002000000
00200002202100000
00200000112100200
00000100002110200
00000120002110000
00222121100000000
STEP 18 P1 MOVE 4 15 5 15
OWN
00111000000000000
11111000000000000
01100000000200022
00000000002200000
00200000002000010
00200002202100010
00200000112100200
00000100002110200
00000120002110000
00222121100000000
STEP 19 P2 MOVE 7 2 8 2
OWN
00111000000000000
11111000000000000
01100000000200022
00000000002200000
00200000002000010
00200002202100010
00200000112100200
00200100002110200
00200120002110000
00222121100000000
STEP 20 P1 MOVE 7 1 7 3
OWN
00111000000000000
11111000000000000
01100000000200022
00000000002200000
00200000002000010
00200002202100010
00200000112100200
01110100002110200
00200120002110000
00222121100000000
STEP 21 P2 MOVE 2 3 3 3
OWN
00111000000000000
11111000000000000
01120000000200022
00020000002200000
00200000002000010
00200002202100010
00200000112100200
01110100002110200
00200120002110000
00222121100000000
STEP 22 P1 MOVE -1 -1 -1 -1
OWN
00111000000000000
11111000000000000
01120000000200022
00020000002200000
00200000002000010
00200002202100010
00200000112100200
01110100002110200
00200120002110000
00222121100000000
STEP 23 P2 MOVE 2 13 3 13
OWN
00111000000000000
11111000000000000
01120000000202022
00020000002202000
00200000002000010
00200002202100010
00200000112100200
01110100002110200
00200120002110000
00222121100000000
STEP 24 P1 MOVE 0 13 4 13
OWN
00111000000001000
11111000000001000
01120000000201022
00020000002201000
00200000002001010
00200002202100010
00200000112100200
01110100002110200
00200120002110000
00222121100000000
STEP 25 P2 MOVE 2 12 2 14
OWN
00111000000001000
11111000000001000
01120000000222222
00020000002201000
00200000002001010
00200002202100010
00200000112100200
01110100002110200
00200120002110000
00222121100000000
STEP 26 P1 MOVE 0 14 3 14
OWN
00111000000001100
11111000000001100
01120000000222122
00020000002201100
00200000002001010
00200002202100010
00200000112100200
01110100002110200
00200120002110000
00222121100000000
STEP 27 P2 MOVE 0 5 0 6
OWN
00111220000001100
11111000000001100
01120000000222122
00020000002201100
00200000002001010
00200002202100010
00200000112100200
01110100002110200
00200120002110000
00222121100000000
STEP 28 P1 MOVE 0 1 0 7
OWN
01111111000001100
11111000000001100
01120000000222122
00020000002201100
00200000002001010
00200002202100010
00200000112100200
01110100002110200
00200120002110000
00222121100000000
STEP 29 P2 MOVE 1 6 1 8
OWN
01111111000001100
11111022200001100
01120000000222122
00020000002201100
00200000002001010
00200002202100010
00200000112100200
01110100002110200
00200120002110000
00222121100000000
STEP 30 P1 MOVE 1 12 3 12
OWN
01111111000001100
11111022200011100
01120000000212122
00020000002211100
00200000002001010
00200002202100010
00200000112100200
01110100002110200
00200120002110000
00222121100000000
STEP 31 P2 MOVE 0 12 0 15
OWN
01111111000022220
11111022200011100
01120000000212122
00020000002211100
00200000002001010
00200002202100010
00200000112100200
01110100002110200
00200120002110000
00222121100000000
STEP 32 P1 MOVE -1 -1 -1 -1
OWN
01111111000022220
11111022200011100
01120000000212122
00020000002211100
00200000002001010
00200002202100010
00200000112100200
01110100002110200
00200120002110000
00222121100000000
STEP 33 P2 MOVE 5 14 8 14
OWN
01111111000022220
11111022200011100
01120000000212122
00020000002211100
00200000002001010
00200002202100210
00200000112100200
01110100002110200
00200120002110200
00222121100000000
STEP 34 P1 MOVE 4 14 9 14
OWN
01111111000022220
11111022200011100
01120000000212122
00020000002211100
00200000002001110
00200002202100110
00200000112100100
01110100002110100
00200120002110100
00222121100000100
STEP 35 P2 MOVE 0 11 1 15
OWN
01111111000222220
11111022200222220
01120000000212122
00020000002211100
00200000002001110
00200002202100110
00200000112100100
01110100002110100
00200120002110100
00222121100000100
STEP 36 P1 MOVE 0 10 0 16
OWN
01111111001111111
11111022200222220
01120000000212122
00020000002211100
00200000002001110
00200002202100110
00200000112100100
01110100002110100
00200120002110100
00222121100000100
STEP 37 P2 MOVE 5 13 5 16
OWN
01111111001111111
11111022200222220
01120000000212122
00020000002211100
00200000002001110
00200002202102222
00200000112100100
01110100002110100
00200120002110100
00222121100000100
STEP 38 P1 MOVE -1 -1 -1 -1
OWN
01111111001111111
11111022200222220
01120000000212122
00020000002211100
00200000002001110
00200002202102222
00200000112100100
01110100002110100
00200120002110100
00222121100000100
STEP 39 P2 MOVE 2 9 2 10
OWN
01111111001111111
11111022200222220
01120000022212122
00020000002211100
00200000002001110
00200002202102222
00200000112100100
01110100002110100
00200120002110100
00222121100000100
STEP 40 P1 MOVE 1 9 3 9
OWN
01111111001111111
11111022210222220
01120000012212122
00020000012211100
00200000002001110
00200002202102222
00200000112100100
01110100002110100
00200120002110100
00222121100000100
STEP 41 P2 MOVE -1 -1 -1 -1
OWN
01111111001111111
11111022210222220
01120000012212122
00020000012211100
00200000002001110
00200002202102222
00200000112100100
01110100002110100
00200120002110100
00222121100000100
STEP 42 P1 MOVE -1 -1 -1 -1
OWN
01111111001111111
11111022210222220
01120000012212122
00020000012211100
00200000002001110
00200002202102222
00200000112100100
01110100002110100
00200120002110100
00222121100000100
RESULT first=52 second=37 winner=1
ANALYSIS winner=P1 score=52-37 reason=Ĺ»ĂëżěŔ§(+9Ä­ »©ľŃŔ˝,2ąčČż°ú) steal(w/l)=17/8 neu(w/l)=43/46
