BOARD
34183262451639711
55743291665375935
53716917595977356
71599979722862771
49471284319763664
81293421472381289
35882625213962623
75312462495823152
84762931471448717
85442523361183518
STEP 0 P1 MOVE 4 4 8 4
OWN
00000000000000000
00000000000000000
00000000000000000
00000000000000000
00001000000000000
00001000000000000
00001000000000000
00001000000000000
00001000000000000
00000000000000000
STEP 1 P2 MOVE 0 15 1 16
OWN
00000000000000022
00000000000000022
00000000000000000
00000000000000000
00001000000000000
00001000000000000
00001000000000000
00001000000000000
00001000000000000
00000000000000000
STEP 2 P1 MOVE 0 4 1 5
OWN
00001100000000022
00001100000000022
00000000000000000
00000000000000000
00001000000000000
00001000000000000
00001000000000000
00001000000000000
00001000000000000
00000000000000000
STEP 3 P2 MOVE 6 10 9 10
OWN
00001100000000022
00001100000000022
00000000000000000
00000000000000000
00001000000000000
00001000000000000
00001000002000000
00001000002000000
00001000002000000
00000000002000000
STEP 4 P1 MOVE 9 8 9 11
OWN
00001100000000022
00001100000000022
00000000000000000
00000000000000000
00001000000000000
00001000000000000
00001000002000000
00001000002000000
00001000002000000
00000000111100000
STEP 5 P2 MOVE 6 6 6 9
OWN
00001100000000022
00001100000000022
00000000000000000
00000000000000000
00001000000000000
00001000000000000
00001022222000000
00001000002000000
00001000002000000
00000000111100000
STEP 6 P1 MOVE 0 8 0 10
OWN
00001100111000022
00001100000000022
00000000000000000
00000000000000000
00001000000000000
00001000000000000
00001022222000000
00001000002000000
00001000002000000
00000000111100000
STEP 7 P2 MOVE 0 7 2 7
OWN
00001102111000022
00001102000000022
00000002000000000
00000000000000000
00001000000000000
00001000000000000
00001022222000000
00001000002000000
00001000002000000
00000000111100000
STEP 8 P1 MOVE 3 9 5 9
OWN
00001102111000022
00001102000000022
00000002000000000
00000000010000000
00001000010000000
00001000010000000
00001022222000000
00001000002000000
00001000002000000
00000000111100000
STEP 9 P2 MOVE 3 1 4 1
OWN
00001102111000022
00001102000000022
00000002000000000
02000000010000000
02001000010000000
00001000010000000
00001022222000000
00001000002000000
00001000002000000
00000000111100000
STEP 10 P1 MOVE 2 5 2 6
OWN
00001102111000022
00001102000000022
00000112000000000
02000000010000000
02001000010000000
00001000010000000
00001022222000000
00001000002000000
00001000002000000
00000000111100000
STEP 11 P2 MOVE 8 3 9 3
OWN
00001102111000022
00001102000000022
00000112000000000
02000000010000000
02001000010000000
00001000010000000
00001022222000000
00001000002000000
00021000002000000
00020000111100000
STEP 12 P1 MOVE 2 13 2 14
OWN
00001102111000022
00001102000000022
00000112000001100
02000000010000000
02001000010000000
00001000010000000
00001022222000000
00001000002000000
00021000002000000
00020000111100000
STEP 13 P2 MOVE 0 12 1 12
OWN
00001102111020022
00001102000020022
00000112000001100
02000000010000000
02001000010000000
00001000010000000
00001022222000000
00001000002000000
00021000002000000
00020000111100000
STEP 14 P1 MOVE 6 0 7 0
OWN
00001102111020022
00001102000020022
00000112000001100
02000000010000000
02001000010000000
00001000010000000
10001022222000000
10001000002000000
00021000002000000
00020000111100000
STEP 15 P2 MOVE 5 5 6 5
OWN
00001102111020022
00001102000020022
00000112000001100
02000000010000000
02001000010000000
00001200010000000
10001222222000000
10001000002000000
00021000002000000
00020000111100000
STEP 16 P1 MOVE 1 0 1 1
OWN
00001102111020022
11001102000020022
00000112000001100
02000000010000000
02001000010000000
00001200010000000
10001222222000000
10001000002000000
00021000002000000
00020000111100000
STEP 17 P2 MOVE 4 5 4 6
OWN
00001102111020022
11001102000020022
00000112000001100
02000000010000000
02001220010000000
00001200010000000
10001222222000000
10001000002000000
00021000002000000
00020000111100000
STEP 18 P1 MOVE 3 10 3 11
OWN
00001102111020022
11001102000020022
00000112000001100
02000000011100000
02001220010000000
00001200010000000
10001222222000000
10001000002000000
00021000002000000
00020000111100000
STEP 19 P2 MOVE 3 8 4 8
OWN
00001102111020022
11001102000020022
00000112000001100
02000000211100000
02001220210000000
00001200010000000
10001222222000000
10001000002000000
00021000002000000
00020000111100000
STEP 20 P1 MOVE 7 2 8 2
OWN
00001102111020022
11001102000020022
00000112000001100
02000000211100000
02001220210000000
00001200010000000
10001222222000000
10101000002000000
00121000002000000
00020000111100000
STEP 21 P2 MOVE 7 5 7 6
OWN
00001102111020022
11001102000020022
00000112000001100
02000000211100000
02001220210000000
00001200010000000
10001222222000000
10101220002000000
00121000002000000
00020000111100000
STEP 22 P1 MOVE 5 14 5 15
OWN
00001102111020022
11001102000020022
00000112000001100
02000000211100000
02001220210000000
00001200010000110
10001222222000000
10101220002000000
00121000002000000
00020000111100000
STEP 23 P2 MOVE 4 13 5 14
OWN
00001102111020022
11001102000020022
00000112000001100
02000000211100000
02001220210002200
00001200010002210
10001222222000000
10101220002000000
00121000002000000
00020000111100000
STEP 24 P1 MOVE 1 10 2 10
OWN
00001102111020022
11001102001020022
00000112001001100
02000000211100000
02001220210002200
00001200010002210
10001222222000000
10101220002000000
00121000002000000
00020000111100000
STEP 25 P2 MOVE 5 7 5 11
OWN
00001102111020022
11001102001020022
00000112001001100
02000000211100000
02001220210002200
00001202222202210
10001222222000000
10101220002000000
00121000002000000
00020000111100000
STEP 26 P1 MOVE 6 13 6 15
OWN
00001102111020022
11001102001020022
00000112001001100
02000000211100000
02001220210002200
00001202222202210
10001222222001110
10101220002000000
00121000002000000
00020000111100000
STEP 27 P2 MOVE 1 13 7 13
OWN
00001102111020022
11001102001022022
00000112001002100
02000000211102000
02001220210002200
00001202222202210
10001222222002110
10101220002002000
00121000002000000
00020000111100000
STEP 28 P1 MOVE 7 12 7 16
OWN
00001102111020022
11001102001022022
00000112001002100
02000000211102000
02001220210002200
00001202222202210
10001222222002110
10101220002011111
00121000002000000
00020000111100000
STEP 29 P2 MOVE 6 12 8 12
OWN
00001102111020022
11001102001022022
00000112001002100
02000000211102000
02001220210002200
00001202222202210
10001222222022110
10101220002021111
00121000002020000
00020000111100000
STEP 30 P1 MOVE 4 15 4 16
OWN
00001102111020022
11001102001022022
00000112001002100
02000000211102000
02001220210002211
00001202222202210
10001222222022110
10101220002021111
00121000002020000
00020000111100000
STEP 31 P2 MOVE -1 -1 -1 -1
OWN
00001102111020022
11001102001022022
00000112001002100
02000000211102000
02001220210002211
00001202222202210
10001222222022110
10101220002021111
00121000002020000
00020000111100000
STEP 32 P1 MOVE 6 1 7 1
OWN
00001102111020022
11001102001022022
00000112001002100
02000000211102000
02001220210002211
00001202222202210
11001222222022110
11101220002021111
00121000002020000
00020000111100000
STEP 33 P2 MOVE 5 1 9 1
OWN
00001102111020022
11001102001022022
00000112001002100
02000000211102000
02001220210002211
02001202222202210
12001222222022110
12101220002021111
02121000002020000
02020000111100000
STEP 34 P1 MOVE 5 0 5 2
OWN
00001102111020022
11001102001022022
00000112001002100
02000000211102000
02001220210002211
11101202222202210
12001222222022110
12101220002021111
02121000002020000
02020000111100000
STEP 35 P2 MOVE 2 1 2 2
OWN
00001102111020022
11001102001022022
02200112001002100
02000000211102000
02001220210002211
11101202222202210
12001222222022110
12101220002021111
02121000002020000
02020000111100000
STEP 36 P1 MOVE 2 3 3 3
OWN
00001102111020022
11001102001022022
02210112001002100
02010000211102000
02001220210002211
11101202222202210
12001222222022110
12101220002021111
02121000002020000
02020000111100000
STEP 37 P2 MOVE 7 3 8 5
OWN
00001102111020022
11001102001022022
02210112001002100
02010000211102000
02001220210002211
11101202222202210
12001222222022110
12122220002021111
02122200002020000
02020000111100000
STEP 38 P1 MOVE 5 6 5 12
OWN
00001102111020022
11001102001022022
02210112001002100
02010000211102000
02001220210002211
11101211111112210
12001222222022110
12122220002021111
02122200002020000
02020000111100000
STEP 39 P2 MOVE 6 3 7 7
OWN
00001102111020022
11001102001022022
02210112001002100
02010000211102000
02001220210002211
11101211111112210
12022222222022110
12122222002021111
02122200002020000
02020000111100000
STEP 40 P1 MOVE 3 6 8 6
OWN
00001102111020022
11001102001022022
02210112001002100
02010010211102000
02001210210002211
11101211111112210
12022212222022110
12122212002021111
02122210002020000
02020000111100000
STEP 41 P2 MOVE 4 6 9 7
OWN
00001102111020022
11001102001022022
02210112001002100
02010010211102000
02001222210002211
11101222111112210
12022222222022110
12122222002021111
02122222002020000
02020022111100000
STEP 42 P1 MOVE 3 16 5 16
OWN
00001102111020022
11001102001022022
02210112001002100
02010010211102001
02001222210002211
11101222111112211
12022222222022110
12122222002021111
02122222002020000
02020022111100000
STEP 43 P2 MOVE 3 15 6 16
OWN
00001102111020022
11001102001022022
02210112001002100
02010010211102022
02001222210002222
11101222111112222
12022222222022122
12122222002021111
02122222002020000
02020022111100000
STEP 44 P1 MOVE -1 -1 -1 -1
OWN
00001102111020022
11001102001022022
02210112001002100
02010010211102022
02001222210002222
11101222111112222
12022222222022122
12122222002021111
02122222002020000
02020022111100000
STEP 45 P2 MOVE -1 -1 -1 -1
OWN
00001102111020022
11001102001022022
02210112001002100
02010010211102022
02001222210002222
11101222111112222
12022222222022122
12122222002021111
02122222002020000
02020022111100000
RESULT first=44 second=67 winner=2
ANALYSIS winner=P2 score=44-67 reason=Ĺ»ĂëżěŔ§(+11Ä­ »©ľŃŔ˝,2ąčČż°ú) steal(w/l)=22/11 neu(w/l)=56/55
