BOARD
34925696261572892
45392515776846485
15256158119215847
51963755744646421
55644975379461463
11391184654961676
13637475683357548
53252982672522885
12343426185317926
47759153914723272
STEP 0 P1 MOVE 5 4 5 6
OWN
00000000000000000
00000000000000000
00000000000000000
00000000000000000
00000000000000000
00001110000000000
00000000000000000
00000000000000000
00000000000000000
00000000000000000
STEP 1 P2 MOVE 0 8 2 8
OWN
00000000200000000
00000000200000000
00000000200000000
00000000000000000
00000000000000000
00001110000000000
00000000000000000
00000000000000000
00000000000000000
00000000000000000
STEP 2 P1 MOVE 7 1 7 3
OWN
00000000200000000
00000000200000000
00000000200000000
00000000000000000
00000000000000000
00001110000000000
00000000000000000
01110000000000000
00000000000000000
00000000000000000
STEP 3 P2 MOVE 3 12 4 12
OWN
00000000200000000
00000000200000000
00000000200000000
00000000000020000
00000000000020000
00001110000000000
00000000000000000
01110000000000000
00000000000000000
00000000000000000
STEP 4 P1 MOVE 3 6 3 7
OWN
00000000200000000
00000000200000000
00000000200000000
00000011000020000
00000000000020000
00001110000000000
00000000000000000
01110000000000000
00000000000000000
00000000000000000
STEP 5 P2 MOVE 3 16 5 16
OWN
00000000200000000
00000000200000000
00000000200000000
00000011000020002
00000000000020002
00001110000000002
00000000000000000
01110000000000000
00000000000000000
00000000000000000
STEP 6 P1 MOVE 6 10 8 10
OWN
00000000200000000
00000000200000000
00000000200000000
00000011000020002
00000000000020002
00001110000000002
00000000001000000
01110000001000000
00000000001000000
00000000000000000
STEP 7 P2 MOVE 3 8 4 8
OWN
00000000200000000
00000000200000000
00000000200000000
00000011200020002
00000000200020002
00001110000000002
00000000001000000
01110000001000000
00000000001000000
00000000000000000
STEP 8 P1 MOVE 4 2 4 3
OWN
00000000200000000
00000000200000000
00000000200000000
00000011200020002
00110000200020002
00001110000000002
00000000001000000
01110000001000000
00000000001000000
00000000000000000
STEP 9 P2 MOVE 1 12 1 13
OWN
00000000200000000
00000000200022000
00000000200000000
00000011200020002
00110000200020002
00001110000000002
00000000001000000
01110000001000000
00000000001000000
00000000000000000
STEP 10 P1 MOVE 1 11 2 11
OWN
00000000200000000
00000000200122000
00000000200100000
00000011200020002
00110000200020002
00001110000000002
00000000001000000
01110000001000000
00000000001000000
00000000000000000
STEP 11 P2 MOVE 1 10 1 14
OWN
00000000200000000
00000000202222200
00000000200100000
00000011200020002
00110000200020002
00001110000000002
00000000001000000
01110000001000000
00000000001000000
00000000000000000
STEP 12 P1 MOVE 0 10 2 10
OWN
00000000201000000
00000000201222200
00000000201100000
00000011200020002
00110000200020002
00001110000000002
00000000001000000
01110000001000000
00000000001000000
00000000000000000
STEP 13 P2 MOVE 3 1 3 2
OWN
00000000201000000
00000000201222200
00000000201100000
02200011200020002
00110000200020002
00001110000000002
00000000001000000
01110000001000000
00000000001000000
00000000000000000
STEP 14 P1 MOVE 7 0 9 0
OWN
00000000201000000
00000000201222200
00000000201100000
02200011200020002
00110000200020002
00001110000000002
00000000001000000
11110000001000000
10000000001000000
10000000000000000
STEP 15 P2 MOVE 8 2 8 4
OWN
00000000201000000
00000000201222200
00000000201100000
02200011200020002
00110000200020002
00001110000000002
00000000001000000
11110000001000000
10222000001000000
10000000000000000
STEP 16 P1 MOVE 0 13 0 14
OWN
00000000201001100
00000000201222200
00000000201100000
02200011200020002
00110000200020002
00001110000000002
00000000001000000
11110000001000000
10222000001000000
10000000000000000
STEP 17 P2 MOVE 7 6 7 7
OWN
00000000201001100
00000000201222200
00000000201100000
02200011200020002
00110000200020002
00001110000000002
00000000001000000
11110022001000000
10222000001000000
10000000000000000
STEP 18 P1 MOVE 6 3 6 4
OWN
00000000201001100
00000000201222200
00000000201100000
02200011200020002
00110000200020002
00001110000000002
00011000001000000
11110022001000000
10222000001000000
10000000000000000
STEP 19 P2 MOVE 6 2 6 5
OWN
00000000201001100
00000000201222200
00000000201100000
02200011200020002
00110000200020002
00001110000000002
00222200001000000
11110022001000000
10222000001000000
10000000000000000
STEP 20 P1 MOVE 6 12 9 12
OWN
00000000201001100
00000000201222200
00000000201100000
02200011200020002
00110000200020002
00001110000000002
00222200001010000
11110022001010000
10222000001010000
10000000000010000
STEP 21 P2 MOVE 9 11 9 13
OWN
00000000201001100
00000000201222200
00000000201100000
02200011200020002
00110000200020002
00001110000000002
00222200001010000
11110022001010000
10222000001010000
10000000000222000
STEP 22 P1 MOVE 8 11 8 13
OWN
00000000201001100
00000000201222200
00000000201100000
02200011200020002
00110000200020002
00001110000000002
00222200001010000
11110022001010000
10222000001111000
10000000000222000
STEP 23 P2 MOVE 5 13 7 13
OWN
00000000201001100
00000000201222200
00000000201100000
02200011200020002
00110000200020002
00001110000002002
00222200001012000
11110022001012000
10222000001111000
10000000000222000
STEP 24 P1 MOVE 3 10 3 11
OWN
00000000201001100
00000000201222200
00000000201100000
02200011201120002
00110000200020002
00001110000002002
00222200001012000
11110022001012000
10222000001111000
10000000000222000
STEP 25 P2 MOVE 3 9 3 13
OWN
00000000201001100
00000000201222200
00000000201100000
02200011222222002
00110000200020002
00001110000002002
00222200001012000
11110022001012000
10222000001111000
10000000000222000
STEP 26 P1 MOVE 4 14 5 14
OWN
00000000201001100
00000000201222200
00000000201100000
02200011222222002
00110000200020102
00001110000002102
00222200001012000
11110022001012000
10222000001111000
10000000000222000
STEP 27 P2 MOVE 5 2 9 2
OWN
00000000201001100
00000000201222200
00000000201100000
02200011222222002
00110000200020102
00201110000002102
00222200001012000
11210022001012000
10222000001111000
10200000000222000
STEP 28 P1 MOVE 7 15 8 15
OWN
00000000201001100
00000000201222200
00000000201100000
02200011222222002
00110000200020102
00201110000002102
00222200001012000
11210022001012010
10222000001111010
10200000000222000
STEP 29 P2 MOVE 2 1 4 1
OWN
00000000201001100
00000000201222200
02000000201100000
02200011222222002
02110000200020102
00201110000002102
00222200001012000
11210022001012010
10222000001111010
10200000000222000
STEP 30 P1 MOVE 9 8 9 9
OWN
00000000201001100
00000000201222200
02000000201100000
02200011222222002
02110000200020102
00201110000002102
00222200001012000
11210022001012010
10222000001111010
10200000110222000
STEP 31 P2 MOVE 9 4 9 5
OWN
00000000201001100
00000000201222200
02000000201100000
02200011222222002
02110000200020102
00201110000002102
00222200001012000
11210022001012010
10222000001111010
10202200110222000
STEP 32 P1 MOVE 3 13 6 14
OWN
00000000201001100
00000000201222200
02000000201100000
02200011222221102
02110000200021102
00201110000001102
00222200001011100
11210022001012010
10222000001111010
10202200110222000
STEP 33 P2 MOVE 2 11 4 13
OWN
00000000201001100
00000000201222200
02000000201222000
02200011222222102
02110000200222102
00201110000001102
00222200001011100
11210022001012010
10222000001111010
10202200110222000
STEP 34 P1 MOVE 8 7 9 8
OWN
00000000201001100
00000000201222200
02000000201222000
02200011222222102
02110000200222102
00201110000001102
00222200001011100
11210022001012010
10222001101111010
10202201110222000
STEP 35 P2 MOVE 9 3 9 6
OWN
00000000201001100
00000000201222200
02000000201222000
02200011222222102
02110000200222102
00201110000001102
00222200001011100
11210022001012010
10222001101111010
10222221110222000
STEP 36 P1 MOVE 8 6 8 9
OWN
00000000201001100
00000000201222200
02000000201222000
02200011222222102
02110000200222102
00201110000001102
00222200001011100
11210022001012010
10222011111111010
10222221110222000
STEP 37 P2 MOVE 1 1 2 2
OWN
00000000201001100
02200000201222200
02200000201222000
02200011222222102
02110000200222102
00201110000001102
00222200001011100
11210022001012010
10222011111111010
10222221110222000
STEP 38 P1 MOVE 1 0 3 0
OWN
00000000201001100
12200000201222200
12200000201222000
12200011222222102
02110000200222102
00201110000001102
00222200001011100
11210022001012010
10222011111111010
10222221110222000
STEP 39 P2 MOVE -1 -1 -1 -1
OWN
00000000201001100
12200000201222200
12200000201222000
12200011222222102
02110000200222102
00201110000001102
00222200001011100
11210022001012010
10222011111111010
10222221110222000
STEP 40 P1 MOVE 0 1 8 1
OWN
01000000201001100
11200000201222200
11200000201222000
11200011222222102
01110000200222102
01201110000001102
01222200001011100
11210022001012010
11222011111111010
10222221110222000
STEP 41 P2 MOVE 6 0 9 4
OWN
01000000201001100
11200000201222200
11200000201222000
11200011222222102
01110000200222102
01201110000001102
22222200001011100
22222022001012010
22222011111111010
22222221110222000
STEP 42 P1 MOVE 5 0 5 3
OWN
01000000201001100
11200000201222200
11200000201222000
11200011222222102
01110000200222102
11111110000001102
22222200001011100
22222022001012010
22222011111111010
22222221110222000
STEP 43 P2 MOVE -1 -1 -1 -1
OWN
01000000201001100
11200000201222200
11200000201222000
11200011222222102
01110000200222102
11111110000001102
22222200001011100
22222022001012010
22222011111111010
22222221110222000
STEP 44 P1 MOVE 3 4 3 5
OWN
01000000201001100
11200000201222200
11200000201222000
11201111222222102
01110000200222102
11111110000001102
22222200001011100
22222022001012010
22222011111111010
22222221110222000
STEP 45 P2 MOVE 2 5 4 5
OWN
01000000201001100
11200000201222200
11200200201222000
11201211222222102
01110200200222102
11111110000001102
22222200001011100
22222022001012010
22222011111111010
22222221110222000
STEP 46 P1 MOVE 5 7 5 8
OWN
01000000201001100
11200000201222200
11200200201222000
11201211222222102
01110200200222102
11111111100001102
22222200001011100
22222022001012010
22222011111111010
22222221110222000
STEP 47 P2 MOVE 4 7 6 7
OWN
01000000201001100
11200000201222200
11200200201222000
11201211222222102
01110202200222102
11111112100001102
22222202001011100
22222022001012010
22222011111111010
22222221110222000
STEP 48 P1 MOVE 2 4 4 4
OWN
01000000201001100
11200000201222200
11201200201222000
11201211222222102
01111202200222102
11111112100001102
22222202001011100
22222022001012010
22222011111111010
22222221110222000
STEP 49 P2 MOVE 2 3 2 6
OWN
01000000201001100
11200000201222200
11222220201222000
11201211222222102
01111202200222102
11111112100001102
22222202001011100
22222022001012010
22222011111111010
22222221110222000
STEP 50 P1 MOVE 0 6 1 6
OWN
01000010201001100
11200010201222200
11222220201222000
11201211222222102
01111202200222102
11111112100001102
22222202001011100
22222022001012010
22222011111111010
22222221110222000
STEP 51 P2 MOVE -1 -1 -1 -1
OWN
01000010201001100
11200010201222200
11222220201222000
11201211222222102
01111202200222102
11111112100001102
22222202001011100
22222022001012010
22222011111111010
22222221110222000
STEP 52 P1 MOVE -1 -1 -1 -1
OWN
01000010201001100
11200010201222200
11222220201222000
11201211222222102
01111202200222102
11111112100001102
22222202001011100
22222022001012010
22222011111111010
22222221110222000
RESULT first=52 second=64 winner=2
ANALYSIS winner=P2 score=52-64 reason=Ĺ»ĂëżěŔ§(+11Ä­ »©ľŃŔ˝,2ąčČż°ú) steal(w/l)=20/9 neu(w/l)=53/63
