BOARD
41913411364268657
56446645974878286
86872814393159832
27128957943996245
53678682583287715
25218153888191828
48521167761585917
71679135489664686
16461392763626689
82712383499667499
STEP 0 P1 MOVE 0 3 0 7
OWN
00011111000000000
00000000000000000
00000000000000000
00000000000000000
00000000000000000
00000000000000000
00000000000000000
00000000000000000
00000000000000000
00000000000000000
STEP 1 P2 MOVE 5 0 5 3
OWN
00011111000000000
00000000000000000
00000000000000000
00000000000000000
00000000000000000
22220000000000000
00000000000000000
00000000000000000
00000000000000000
00000000000000000
STEP 2 P1 MOVE 2 15 5 15
OWN
00011111000000000
00000000000000000
00000000000000010
00000000000000010
00000000000000010
22220000000000010
00000000000000000
00000000000000000
00000000000000000
00000000000000000
STEP 3 P2 MOVE 9 2 9 4
OWN
00011111000000000
00000000000000000
00000000000000010
00000000000000010
00000000000000010
22220000000000010
00000000000000000
00000000000000000
00000000000000000
00222000000000000
STEP 4 P1 MOVE 1 6 3 6
OWN
00011111000000000
00000010000000000
00000010000000010
00000010000000010
00000000000000010
22220000000000010
00000000000000000
00000000000000000
00000000000000000
00222000000000000
STEP 5 P2 MOVE 3 0 3 2
OWN
00011111000000000
00000010000000000
00000010000000010
22200010000000010
00000000000000010
22220000000000010
00000000000000000
00000000000000000
00000000000000000
00222000000000000
STEP 6 P1 MOVE 5 13 7 13
OWN
00011111000000000
00000010000000000
00000010000000010
22200010000000010
00000000000000010
22220000000001010
00000000000001000
00000000000001000
00000000000000000
00222000000000000
STEP 7 P2 MOVE 2 4 3 4
OWN
00011111000000000
00000010000000000
00002010000000010
22202010000000010
00000000000000010
22220000000001010
00000000000001000
00000000000001000
00000000000000000
00222000000000000
STEP 8 P1 MOVE 7 7 9 7
OWN
00011111000000000
00000010000000000
00002010000000010
22202010000000010
00000000000000010
22220000000001010
00000000000001000
00000001000001000
00000001000000000
00222001000000000
STEP 9 P2 MOVE 1 14 1 15
OWN
00011111000000000
00000010000000220
00002010000000010
22202010000000010
00000000000000010
22220000000001010
00000000000001000
00000001000001000
00000001000000000
00222001000000000
STEP 10 P1 MOVE 2 14 3 14
OWN
00011111000000000
00000010000000220
00002010000000110
22202010000000110
00000000000000010
22220000000001010
00000000000001000
00000001000001000
00000001000000000
00222001000000000
STEP 11 P2 MOVE 8 3 8 5
OWN
00011111000000000
00000010000000220
00002010000000110
22202010000000110
00000000000000010
22220000000001010
00000000000001000
00000001000001000
00022201000000000
00222001000000000
STEP 12 P1 MOVE 9 0 9 1
OWN
00011111000000000
00000010000000220
00002010000000110
22202010000000110
00000000000000010
22220000000001010
00000000000001000
00000001000001000
00022201000000000
11222001000000000
STEP 13 P2 MOVE 8 14 9 14
OWN
00011111000000000
00000010000000220
00002010000000110
22202010000000110
00000000000000010
22220000000001010
00000000000001000
00000001000001000
00022201000000200
11222001000000200
STEP 14 P1 MOVE 0 1 0 2
OWN
01111111000000000
00000010000000220
00002010000000110
22202010000000110
00000000000000010
22220000000001010
00000000000001000
00000001000001000
00022201000000200
11222001000000200
STEP 15 P2 MOVE 0 9 0 10
OWN
01111111022000000
00000010000000220
00002010000000110
22202010000000110
00000000000000010
22220000000001010
00000000000001000
00000001000001000
00022201000000200
11222001000000200
STEP 16 P1 MOVE 6 4 7 4
OWN
01111111022000000
00000010000000220
00002010000000110
22202010000000110
00000000000000010
22220000000001010
00001000000001000
00001001000001000
00022201000000200
11222001000000200
STEP 17 P2 MOVE 1 10 3 10
OWN
01111111022000000
00000010002000220
00002010002000110
22202010002000110
00000000000000010
22220000000001010
00001000000001000
00001001000001000
00022201000000200
11222001000000200
STEP 18 P1 MOVE 2 9 2 11
OWN
01111111022000000
00000010002000220
00002010011100110
22202010002000110
00000000000000010
22220000000001010
00001000000001000
00001001000001000
00022201000000200
11222001000000200
STEP 19 P2 MOVE 0 11 1 11
OWN
01111111022200000
00000010002200220
00002010011100110
22202010002000110
00000000000000010
22220000000001010
00001000000001000
00001001000001000
00022201000000200
11222001000000200
STEP 20 P1 MOVE 1 1 1 2
OWN
01111111022200000
01100010002200220
00002010011100110
22202010002000110
00000000000000010
22220000000001010
00001000000001000
00001001000001000
00022201000000200
11222001000000200
STEP 21 P2 MOVE 1 3 1 4
OWN
01111111022200000
01122010002200220
00002010011100110
22202010002000110
00000000000000010
22220000000001010
00001000000001000
00001001000001000
00022201000000200
11222001000000200
STEP 22 P1 MOVE 5 7 6 7
OWN
01111111022200000
01122010002200220
00002010011100110
22202010002000110
00000000000000010
22220001000001010
00001001000001000
00001001000001000
00022201000000200
11222001000000200
STEP 23 P2 MOVE 5 3 6 4
OWN
01111111022200000
01122010002200220
00002010011100110
22202010002000110
00000000000000010
22222001000001010
00022001000001000
00001001000001000
00022201000000200
11222001000000200
STEP 24 P1 MOVE 5 3 7 5
OWN
01111111022200000
01122010002200220
00002010011100110
22202010002000110
00000000000000010
22211101000001010
00011101000001000
00011101000001000
00022201000000200
11222001000000200
STEP 25 P2 MOVE 7 1 7 6
OWN
01111111022200000
01122010002200220
00002010011100110
22202010002000110
00000000000000010
22211101000001010
00011101000001000
02222221000001000
00022201000000200
11222001000000200
STEP 26 P1 MOVE 4 6 4 7
OWN
01111111022200000
01122010002200220
00002010011100110
22202010002000110
00000011000000010
22211101000001010
00011101000001000
02222221000001000
00022201000000200
11222001000000200
STEP 27 P2 MOVE 4 11 4 12
OWN
01111111022200000
01122010002200220
00002010011100110
22202010002000110
00000011000220010
22211101000001010
00011101000001000
02222221000001000
00022201000000200
11222001000000200
STEP 28 P1 MOVE 4 10 4 13
OWN
01111111022200000
01122010002200220
00002010011100110
22202010002000110
00000011001111010
22211101000001010
00011101000001000
02222221000001000
00022201000000200
11222001000000200
STEP 29 P2 MOVE 3 11 5 11
OWN
01111111022200000
01122010002200220
00002010011100110
22202010002200110
00000011001211010
22211101000201010
00011101000001000
02222221000001000
00022201000000200
11222001000000200
STEP 30 P1 MOVE 6 10 7 10
OWN
01111111022200000
01122010002200220
00002010011100110
22202010002200110
00000011001211010
22211101000201010
00011101001001000
02222221001001000
00022201000000200
11222001000000200
STEP 31 P2 MOVE 6 14 6 15
OWN
01111111022200000
01122010002200220
00002010011100110
22202010002200110
00000011001211010
22211101000201010
00011101001001220
02222221001001000
00022201000000200
11222001000000200
STEP 32 P1 MOVE 8 1 8 2
OWN
01111111022200000
01122010002200220
00002010011100110
22202010002200110
00000011001211010
22211101000201010
00011101001001220
02222221001001000
01122201000000200
11222001000000200
STEP 33 P2 MOVE -1 -1 -1 -1
OWN
01111111022200000
01122010002200220
00002010011100110
22202010002200110
00000011001211010
22211101000201010
00011101001001220
02222221001001000
01122201000000200
11222001000000200
STEP 34 P1 MOVE -1 -1 -1 -1
OWN
01111111022200000
01122010002200220
00002010011100110
22202010002200110
00000011001211010
22211101000201010
00011101001001220
02222221001001000
01122201000000200
11222001000000200
RESULT first=46 second=37 winner=1
ANALYSIS winner=P1 score=46-37 reason=şóÄ­Ľ±Áˇ(+5) steal(w/l)=7/5 neu(w/l)=44/39
