BOARD
89145436581931481
36256399271664353
95583487923412852
44882868594213738
27417894484335523
63414319447785594
17133515677691995
85919416521991515
23311646781351824
88584876988147637
STEP 0 P1 MOVE 8 0 8 4
OWN
00000000000000000
00000000000000000
00000000000000000
00000000000000000
00000000000000000
00000000000000000
00000000000000000
00000000000000000
11111000000000000
00000000000000000
STEP 1 P2 MOVE 8 10 8 13
OWN
00000000000000000
00000000000000000
00000000000000000
00000000000000000
00000000000000000
00000000000000000
00000000000000000
00000000000000000
11111000002222000
00000000000000000
STEP 2 P1 MOVE 3 10 3 13
OWN
00000000000000000
00000000000000000
00000000000000000
00000000001111000
00000000000000000
00000000000000000
00000000000000000
00000000000000000
11111000002222000
00000000000000000
STEP 3 P2 MOVE 5 5 6 6
OWN
00000000000000000
00000000000000000
00000000000000000
00000000001111000
00000000000000000
00000220000000000
00000220000000000
00000000000000000
11111000002222000
00000000000000000
STEP 4 P1 MOVE 4 2 5 3
OWN
00000000000000000
00000000000000000
00000000000000000
00000000001111000
00110000000000000
00110220000000000
00000220000000000
00000000000000000
11111000002222000
00000000000000000
STEP 5 P2 MOVE 5 3 6 4
OWN
00000000000000000
00000000000000000
00000000000000000
00000000001111000
00110000000000000
00122220000000000
00022220000000000
00000000000000000
11111000002222000
00000000000000000
STEP 6 P1 MOVE 0 2 0 4
OWN
00111000000000000
00000000000000000
00000000000000000
00000000001111000
00110000000000000
00122220000000000
00022220000000000
00000000000000000
11111000002222000
00000000000000000
STEP 7 P2 MOVE 2 9 2 12
OWN
00111000000000000
00000000000000000
00000000022220000
00000000001111000
00110000000000000
00122220000000000
00022220000000000
00000000000000000
11111000002222000
00000000000000000
STEP 8 P1 MOVE 4 10 4 12
OWN
00111000000000000
00000000000000000
00000000022220000
00000000001111000
00110000001110000
00122220000000000
00022220000000000
00000000000000000
11111000002222000
00000000000000000
STEP 9 P2 MOVE 4 14 4 16
OWN
00111000000000000
00000000000000000
00000000022220000
00000000001111000
00110000001110222
00122220000000000
00022220000000000
00000000000000000
11111000002222000
00000000000000000
STEP 10 P1 MOVE 1 8 1 10
OWN
00111000000000000
00000000111000000
00000000022220000
00000000001111000
00110000001110222
00122220000000000
00022220000000000
00000000000000000
11111000002222000
00000000000000000
STEP 11 P2 MOVE 7 10 7 11
OWN
00111000000000000
00000000111000000
00000000022220000
00000000001111000
00110000001110222
00122220000000000
00022220000000000
00000000002200000
11111000002222000
00000000000000000
STEP 12 P1 MOVE 5 8 6 8
OWN
00111000000000000
00000000111000000
00000000022220000
00000000001111000
00110000001110222
00122220100000000
00022220100000000
00000000002200000
11111000002222000
00000000000000000
STEP 13 P2 MOVE 8 5 8 6
OWN
00111000000000000
00000000111000000
00000000022220000
00000000001111000
00110000001110222
00122220100000000
00022220100000000
00000000002200000
11111220002222000
00000000000000000
STEP 14 P1 MOVE 6 2 7 2
OWN
00111000000000000
00000000111000000
00000000022220000
00000000001111000
00110000001110222
00122220100000000
00122220100000000
00100000002200000
11111220002222000
00000000000000000
STEP 15 P2 MOVE 4 6 7 6
OWN
00111000000000000
00000000111000000
00000000022220000
00000000001111000
00110020001110222
00122220100000000
00122220100000000
00100020002200000
11111220002222000
00000000000000000
STEP 16 P1 MOVE 6 12 6 13
OWN
00111000000000000
00000000111000000
00000000022220000
00000000001111000
00110020001110222
00122220100000000
00122220100011000
00100020002200000
11111220002222000
00000000000000000
STEP 17 P2 MOVE 7 3 7 4
OWN
00111000000000000
00000000111000000
00000000022220000
00000000001111000
00110020001110222
00122220100000000
00122220100011000
00122020002200000
11111220002222000
00000000000000000
STEP 18 P1 MOVE 5 13 5 14
OWN
00111000000000000
00000000111000000
00000000022220000
00000000001111000
00110020001110222
00122220100001100
00122220100011000
00122020002200000
11111220002222000
00000000000000000
STEP 19 P2 MOVE 3 3 3 4
OWN
00111000000000000
00000000111000000
00000000022220000
00022000001111000
00110020001110222
00122220100001100
00122220100011000
00122020002200000
11111220002222000
00000000000000000
STEP 20 P1 MOVE 7 12 7 13
OWN
00111000000000000
00000000111000000
00000000022220000
00022000001111000
00110020001110222
00122220100001100
00122220100011000
00122020002211000
11111220002222000
00000000000000000
STEP 21 P2 MOVE 6 16 7 16
OWN
00111000000000000
00000000111000000
00000000022220000
00022000001111000
00110020001110222
00122220100001100
00122220100011002
00122020002211002
11111220002222000
00000000000000000
STEP 22 P1 MOVE 5 1 6 1
OWN
00111000000000000
00000000111000000
00000000022220000
00022000001111000
00110020001110222
01122220100001100
01122220100011002
00122020002211002
11111220002222000
00000000000000000
STEP 23 P2 MOVE 0 10 0 11
OWN
00111000002200000
00000000111000000
00000000022220000
00022000001111000
00110020001110222
01122220100001100
01122220100011002
00122020002211002
11111220002222000
00000000000000000
STEP 24 P1 MOVE 2 16 3 16
OWN
00111000002200000
00000000111000000
00000000022220001
00022000001111001
00110020001110222
01122220100001100
01122220100011002
00122020002211002
11111220002222000
00000000000000000
STEP 25 P2 MOVE 3 14 3 15
OWN
00111000002200000
00000000111000000
00000000022220001
00022000001111221
00110020001110222
01122220100001100
01122220100011002
00122020002211002
11111220002222000
00000000000000000
STEP 26 P1 MOVE 6 15 7 15
OWN
00111000002200000
00000000111000000
00000000022220001
00022000001111221
00110020001110222
01122220100001100
01122220100011012
00122020002211012
11111220002222000
00000000000000000
STEP 27 P2 MOVE 8 14 8 15
OWN
00111000002200000
00000000111000000
00000000022220001
00022000001111221
00110020001110222
01122220100001100
01122220100011012
00122020002211012
11111220002222220
00000000000000000
STEP 28 P1 MOVE 1 15 2 15
OWN
00111000002200000
00000000111000010
00000000022220011
00022000001111221
00110020001110222
01122220100001100
01122220100011012
00122020002211012
11111220002222220
00000000000000000
STEP 29 P2 MOVE 1 13 1 16
OWN
00111000002200000
00000000111002222
00000000022220011
00022000001111221
00110020001110222
01122220100001100
01122220100011012
00122020002211012
11111220002222220
00000000000000000
STEP 30 P1 MOVE 0 12 1 13
OWN
00111000002211000
00000000111011222
00000000022220011
00022000001111221
00110020001110222
01122220100001100
01122220100011012
00122020002211012
11111220002222220
00000000000000000
STEP 31 P2 MOVE 2 1 2 2
OWN
00111000002211000
00000000111011222
02200000022220011
00022000001111221
00110020001110222
01122220100001100
01122220100011012
00122020002211012
11111220002222220
00000000000000000
STEP 32 P1 MOVE 1 2 3 2
OWN
00111000002211000
00100000111011222
02100000022220011
00122000001111221
00110020001110222
01122220100001100
01122220100011012
00122020002211012
11111220002222220
00000000000000000
STEP 33 P2 MOVE 7 9 8 9
OWN
00111000002211000
00100000111011222
02100000022220011
00122000001111221
00110020001110222
01122220100001100
01122220100011012
00122020022211012
11111220022222220
00000000000000000
STEP 34 P1 MOVE 7 8 7 14
OWN
00111000002211000
00100000111011222
02100000022220011
00122000001111221
00110020001110222
01122220100001100
01122220100011012
00122020111111112
11111220022222220
00000000000000000
STEP 35 P2 MOVE 2 13 2 14
OWN
00111000002211000
00100000111011222
02100000022222211
00122000001111221
00110020001110222
01122220100001100
01122220100011012
00122020111111112
11111220022222220
00000000000000000
STEP 36 P1 MOVE 0 11 1 14
OWN
00111000002111100
00100000111111122
02100000022222211
00122000001111221
00110020001110222
01122220100001100
01122220100011012
00122020111111112
11111220022222220
00000000000000000
STEP 37 P2 MOVE 9 15 9 16
OWN
00111000002111100
00100000111111122
02100000022222211
00122000001111221
00110020001110222
01122220100001100
01122220100011012
00122020111111112
11111220022222220
00000000000000022
STEP 38 P1 MOVE 8 14 9 16
OWN
00111000002111100
00100000111111122
02100000022222211
00122000001111221
00110020001110222
01122220100001100
01122220100011012
00122020111111112
11111220022222111
00000000000000111
STEP 39 P2 MOVE 1 1 3 1
OWN
00111000002111100
02100000111111122
02100000022222211
02122000001111221
00110020001110222
01122220100001100
01122220100011012
00122020111111112
11111220022222111
00000000000000111
STEP 40 P1 MOVE 2 4 4 4
OWN
00111000002111100
02100000111111122
02101000022222211
02121000001111221
00111020001110222
01122220100001100
01122220100011012
00122020111111112
11111220022222111
00000000000000111
STEP 41 P2 MOVE 1 4 9 4
OWN
00111000002111100
02102000111111122
02102000022222211
02122000001111221
00112020001110222
01122220100001100
01122220100011012
00122020111111112
11112220022222111
00002000000000111
STEP 42 P1 MOVE -1 -1 -1 -1
OWN
00111000002111100
02102000111111122
02102000022222211
02122000001111221
00112020001110222
01122220100001100
01122220100011012
00122020111111112
11112220022222111
00002000000000111
STEP 43 P2 MOVE -1 -1 -1 -1
OWN
00111000002111100
02102000111111122
02102000022222211
02122000001111221
00112020001110222
01122220100001100
01122220100011012
00122020111111112
11112220022222111
00002000000000111
RESULT first=59 second=45 winner=1
ANALYSIS winner=P1 score=59-45 reason=탈취우위(+6칸 빼앗음,2배효과) steal(w/l)=12/6 neu(w/l)=53/51
