BOARD
87819862625586857
17984343583815121
56412725692855447
11568519399815963
65788275699862577
61998667263179954
68439417868417626
33545878937372644
19698584639681475
51327463914896636
STEP 0 P1 MOVE 1 12 1 16
OWN
00000000000000000
00000000000011111
00000000000000000
00000000000000000
00000000000000000
00000000000000000
00000000000000000
00000000000000000
00000000000000000
00000000000000000
STEP 1 P2 MOVE 0 7 0 9
OWN
00000002220000000
00000000000011111
00000000000000000
00000000000000000
00000000000000000
00000000000000000
00000000000000000
00000000000000000
00000000000000000
00000000000000000
STEP 2 P1 MOVE 0 10 2 10
OWN
00000002221000000
00000000001011111
00000000001000000
00000000000000000
00000000000000000
00000000000000000
00000000000000000
00000000000000000
00000000000000000
00000000000000000
STEP 3 P2 MOVE 1 5 1 7
OWN
00000002221000000
00000222001011111
00000000001000000
00000000000000000
00000000000000000
00000000000000000
00000000000000000
00000000000000000
00000000000000000
00000000000000000
STEP 4 P1 MOVE 2 3 2 5
OWN
00000002221000000
00000222001011111
00011100001000000
00000000000000000
00000000000000000
00000000000000000
00000000000000000
00000000000000000
00000000000000000
00000000000000000
STEP 5 P2 MOVE 5 9 5 11
OWN
00000002221000000
00000222001011111
00011100001000000
00000000000000000
00000000000000000
00000000022200000
00000000000000000
00000000000000000
00000000000000000
00000000000000000
STEP 6 P1 MOVE 6 0 8 0
OWN
00000002221000000
00000222001011111
00011100001000000
00000000000000000
00000000000000000
00000000022200000
10000000000000000
10000000000000000
10000000000000000
00000000000000000
STEP 7 P2 MOVE 6 13 8 13
OWN
00000002221000000
00000222001011111
00011100001000000
00000000000000000
00000000000000000
00000000022200000
10000000000002000
10000000000002000
10000000000002000
00000000000000000
STEP 8 P1 MOVE 2 6 4 6
OWN
00000002221000000
00000222001011111
00011110001000000
00000010000000000
00000010000000000
00000000022200000
10000000000002000
10000000000002000
10000000000002000
00000000000000000
STEP 9 P2 MOVE 7 14 8 14
OWN
00000002221000000
00000222001011111
00011110001000000
00000010000000000
00000010000000000
00000000022200000
10000000000002000
10000000000002200
10000000000002200
00000000000000000
STEP 10 P1 MOVE 5 8 6 8
OWN
00000002221000000
00000222001011111
00011110001000000
00000010000000000
00000010000000000
00000000122200000
10000000100002000
10000000000002200
10000000000002200
00000000000000000
STEP 11 P2 MOVE 0 3 0 4
OWN
00022002221000000
00000222001011111
00011110001000000
00000010000000000
00000010000000000
00000000122200000
10000000100002000
10000000000002200
10000000000002200
00000000000000000
STEP 12 P1 MOVE 2 12 2 13
OWN
00022002221000000
00000222001011111
00011110001011000
00000010000000000
00000010000000000
00000000122200000
10000000100002000
10000000000002200
10000000000002200
00000000000000000
STEP 13 P2 MOVE 6 16 7 16
OWN
00022002221000000
00000222001011111
00011110001011000
00000010000000000
00000010000000000
00000000122200000
10000000100002002
10000000000002202
10000000000002200
00000000000000000
STEP 14 P1 MOVE 2 15 3 15
OWN
00022002221000000
00000222001011111
00011110001011010
00000010000000010
00000010000000000
00000000122200000
10000000100002002
10000000000002202
10000000000002200
00000000000000000
STEP 15 P2 MOVE 2 16 3 16
OWN
00022002221000000
00000222001011111
00011110001011012
00000010000000012
00000010000000000
00000000122200000
10000000100002002
10000000000002202
10000000000002200
00000000000000000
STEP 16 P1 MOVE 4 4 4 5
OWN
00022002221000000
00000222001011111
00011110001011012
00000010000000012
00001110000000000
00000000122200000
10000000100002002
10000000000002202
10000000000002200
00000000000000000
STEP 17 P2 MOVE 2 1 2 2
OWN
00022002221000000
00000222001011111
02211110001011012
00000010000000012
00001110000000000
00000000122200000
10000000100002002
10000000000002202
10000000000002200
00000000000000000
STEP 18 P1 MOVE 2 0 2 7
OWN
00022002221000000
00000222001011111
11111111001011012
00000010000000012
00001110000000000
00000000122200000
10000000100002002
10000000000002202
10000000000002200
00000000000000000
STEP 19 P2 MOVE 1 0 3 1
OWN
00022002221000000
22000222001011111
22111111001011012
22000010000000012
00001110000000000
00000000122200000
10000000100002002
10000000000002202
10000000000002200
00000000000000000
STEP 20 P1 MOVE 9 8 9 9
OWN
00022002221000000
22000222001011111
22111111001011012
22000010000000012
00001110000000000
00000000122200000
10000000100002002
10000000000002202
10000000000002200
00000000110000000
STEP 21 P2 MOVE 5 1 5 2
OWN
00022002221000000
22000222001011111
22111111001011012
22000010000000012
00001110000000000
02200000122200000
10000000100002002
10000000000002202
10000000000002200
00000000110000000
STEP 22 P1 MOVE 7 9 7 10
OWN
00022002221000000
22000222001011111
22111111001011012
22000010000000012
00001110000000000
02200000122200000
10000000100002002
10000000011002202
10000000000002200
00000000110000000
STEP 23 P2 MOVE 8 7 8 8
OWN
00022002221000000
22000222001011111
22111111001011012
22000010000000012
00001110000000000
02200000122200000
10000000100002002
10000000011002202
10000002200002200
00000000110000000
STEP 24 P1 MOVE 5 5 6 5
OWN
00022002221000000
22000222001011111
22111111001011012
22000010000000012
00001110000000000
02200100122200000
10000100100002002
10000000011002202
10000002200002200
00000000110000000
STEP 25 P2 MOVE 6 4 6 6
OWN
00022002221000000
22000222001011111
22111111001011012
22000010000000012
00001110000000000
02200100122200000
10002220100002002
10000000011002202
10000002200002200
00000000110000000
STEP 26 P1 MOVE 9 5 9 6
OWN
00022002221000000
22000222001011111
22111111001011012
22000010000000012
00001110000000000
02200100122200000
10002220100002002
10000000011002202
10000002200002200
00000110110000000
STEP 27 P2 MOVE 8 1 9 1
OWN
00022002221000000
22000222001011111
22111111001011012
22000010000000012
00001110000000000
02200100122200000
10002220100002002
10000000011002202
12000002200002200
02000110110000000
STEP 28 P1 MOVE 9 0 9 3
OWN
00022002221000000
22000222001011111
22111111001011012
22000010000000012
00001110000000000
02200100122200000
10002220100002002
10000000011002202
12000002200002200
11110110110000000
STEP 29 P2 MOVE 9 4 9 7
OWN
00022002221000000
22000222001011111
22111111001011012
22000010000000012
00001110000000000
02200100122200000
10002220100002002
10000000011002202
12000002200002200
11112222110000000
STEP 30 P1 MOVE 6 3 6 7
OWN
00022002221000000
22000222001011111
22111111001011012
22000010000000012
00001110000000000
02200100122200000
10011111100002002
10000000011002202
12000002200002200
11112222110000000
STEP 31 P2 MOVE 6 2 6 9
OWN
00022002221000000
22000222001011111
22111111001011012
22000010000000012
00001110000000000
02200100122200000
10222222220002002
10000000011002202
12000002200002200
11112222110000000
STEP 32 P1 MOVE -1 -1 -1 -1
OWN
00022002221000000
22000222001011111
22111111001011012
22000010000000012
00001110000000000
02200100122200000
10222222220002002
10000000011002202
12000002200002200
11112222110000000
STEP 33 P2 MOVE -1 -1 -1 -1
OWN
00022002221000000
22000222001011111
22111111001011012
22000010000000012
00001110000000000
02200100122200000
10222222220002002
10000000011002202
12000002200002200
11112222110000000
RESULT first=35 second=43 winner=2
ANALYSIS winner=P2 score=35-43 reason=탈취우위(+5칸 빼앗음,2배효과) / 역전승 steal(w/l)=11/6 neu(w/l)=38/40
