BOARD
45714471563152612
76727955287561148
76576839723554278
92711717394298494
43928695494333665
31242412228986543
63592282519234738
36348466861848617
92541996167428139
15528123645625598
STEP 0 P1 MOVE 3 3 3 6
OWN
00000000000000000
00000000000000000
00000000000000000
00011110000000000
00000000000000000
00000000000000000
00000000000000000
00000000000000000
00000000000000000
00000000000000000
STEP 1 P2 MOVE 5 8 6 9
OWN
00000000000000000
00000000000000000
00000000000000000
00011110000000000
00000000000000000
00000000220000000
00000000220000000
00000000000000000
00000000000000000
00000000000000000
STEP 2 P1 MOVE 5 0 5 3
OWN
00000000000000000
00000000000000000
00000000000000000
00011110000000000
00000000000000000
11110000220000000
00000000220000000
00000000000000000
00000000000000000
00000000000000000
STEP 3 P2 MOVE 8 2 8 4
OWN
00000000000000000
00000000000000000
00000000000000000
00011110000000000
00000000000000000
11110000220000000
00000000220000000
00000000000000000
00222000000000000
00000000000000000
STEP 4 P1 MOVE 4 0 6 0
OWN
00000000000000000
00000000000000000
00000000000000000
00011110000000000
10000000000000000
11110000220000000
10000000220000000
00000000000000000
00222000000000000
00000000000000000
STEP 5 P2 MOVE 6 6 6 7
OWN
00000000000000000
00000000000000000
00000000000000000
00011110000000000
10000000000000000
11110000220000000
10000022220000000
00000000000000000
00222000000000000
00000000000000000
STEP 6 P1 MOVE 4 6 5 6
OWN
00000000000000000
00000000000000000
00000000000000000
00011110000000000
10000010000000000
11110010220000000
10000022220000000
00000000000000000
00222000000000000
00000000000000000
STEP 7 P2 MOVE 5 7 5 10
OWN
00000000000000000
00000000000000000
00000000000000000
00011110000000000
10000010000000000
11110012222000000
10000022220000000
00000000000000000
00222000000000000
00000000000000000
STEP 8 P1 MOVE 4 4 5 4
OWN
00000000000000000
00000000000000000
00000000000000000
00011110000000000
10001010000000000
11111012222000000
10000022220000000
00000000000000000
00222000000000000
00000000000000000
STEP 9 P2 MOVE 8 9 9 9
OWN
00000000000000000
00000000000000000
00000000000000000
00011110000000000
10001010000000000
11111012222000000
10000022220000000
00000000000000000
00222000020000000
00000000020000000
STEP 10 P1 MOVE 3 7 3 8
OWN
00000000000000000
00000000000000000
00000000000000000
00011111100000000
10001010000000000
11111012222000000
10000022220000000
00000000000000000
00222000020000000
00000000020000000
STEP 11 P2 MOVE 0 3 2 3
OWN
00020000000000000
00020000000000000
00020000000000000
00011111100000000
10001010000000000
11111012222000000
10000022220000000
00000000000000000
00222000020000000
00000000020000000
STEP 12 P1 MOVE 4 10 4 12
OWN
00020000000000000
00020000000000000
00020000000000000
00011111100000000
10001010001110000
11111012222000000
10000022220000000
00000000000000000
00222000020000000
00000000020000000
STEP 13 P2 MOVE 2 9 2 11
OWN
00020000000000000
00020000000000000
00020000022200000
00011111100000000
10001010001110000
11111012222000000
10000022220000000
00000000000000000
00222000020000000
00000000020000000
STEP 14 P1 MOVE 5 5 7 5
OWN
00020000000000000
00020000000000000
00020000022200000
00011111100000000
10001010001110000
11111112222000000
10000122220000000
00000100000000000
00222000020000000
00000000020000000
STEP 15 P2 MOVE 6 4 7 4
OWN
00020000000000000
00020000000000000
00020000022200000
00011111100000000
10001010001110000
11111112222000000
10002122220000000
00002100000000000
00222000020000000
00000000020000000
STEP 16 P1 MOVE 4 15 5 15
OWN
00020000000000000
00020000000000000
00020000022200000
00011111100000000
10001010001110010
11111112222000010
10002122220000000
00002100000000000
00222000020000000
00000000020000000
STEP 17 P2 MOVE 6 14 6 15
OWN
00020000000000000
00020000000000000
00020000022200000
00011111100000000
10001010001110010
11111112222000010
10002122220000220
00002100000000000
00222000020000000
00000000020000000
STEP 18 P1 MOVE 1 8 1 9
OWN
00020000000000000
00020000110000000
00020000022200000
00011111100000000
10001010001110010
11111112222000010
10002122220000220
00002100000000000
00222000020000000
00000000020000000
STEP 19 P2 MOVE 6 10 7 10
OWN
00020000000000000
00020000110000000
00020000022200000
00011111100000000
10001010001110010
11111112222000010
10002122222000220
00002100002000000
00222000020000000
00000000020000000
STEP 20 P1 MOVE 8 5 9 5
OWN
00020000000000000
00020000110000000
00020000022200000
00011111100000000
10001010001110010
11111112222000010
10002122222000220
00002100002000000
00222100020000000
00000100020000000
STEP 21 P2 MOVE 9 1 9 2
OWN
00020000000000000
00020000110000000
00020000022200000
00011111100000000
10001010001110010
11111112222000010
10002122222000220
00002100002000000
00222100020000000
02200100020000000
STEP 22 P1 MOVE 7 3 7 6
OWN
00020000000000000
00020000110000000
00020000022200000
00011111100000000
10001010001110010
11111112222000010
10002122222000220
00011110002000000
00222100020000000
02200100020000000
STEP 23 P2 MOVE 9 4 9 6
OWN
00020000000000000
00020000110000000
00020000022200000
00011111100000000
10001010001110010
11111112222000010
10002122222000220
00011110002000000
00222100020000000
02202220020000000
STEP 24 P1 MOVE 0 16 1 16
OWN
00020000000000001
00020000110000001
00020000022200000
00011111100000000
10001010001110010
11111112222000010
10002122222000220
00011110002000000
00222100020000000
02202220020000000
STEP 25 P2 MOVE 3 14 4 14
OWN
00020000000000001
00020000110000001
00020000022200000
00011111100000200
10001010001110210
11111112222000010
10002122222000220
00011110002000000
00222100020000000
02202220020000000
STEP 26 P1 MOVE 5 13 6 13
OWN
00020000000000001
00020000110000001
00020000022200000
00011111100000200
10001010001110210
11111112222001010
10002122222001220
00011110002000000
00222100020000000
02202220020000000
STEP 27 P2 MOVE 0 10 1 10
OWN
00020000002000001
00020000112000001
00020000022200000
00011111100000200
10001010001110210
11111112222001010
10002122222001220
00011110002000000
00222100020000000
02202220020000000
STEP 28 P1 MOVE 1 7 1 11
OWN
00020000002000001
00020001111100001
00020000022200000
00011111100000200
10001010001110210
11111112222001010
10002122222001220
00011110002000000
00222100020000000
02202220020000000
STEP 29 P2 MOVE 0 13 1 14
OWN
00020000002002201
00020001111102201
00020000022200000
00011111100000200
10001010001110210
11111112222001010
10002122222001220
00011110002000000
00222100020000000
02202220020000000
STEP 30 P1 MOVE 8 12 8 13
OWN
00020000002002201
00020001111102201
00020000022200000
00011111100000200
10001010001110210
11111112222001010
10002122222001220
00011110002000000
00222100020011000
02202220020000000
STEP 31 P2 MOVE 0 7 2 7
OWN
00020002002002201
00020002111102201
00020002022200000
00011111100000200
10001010001110210
11111112222001010
10002122222001220
00011110002000000
00222100020011000
02202220020000000
STEP 32 P1 MOVE 8 0 9 0
OWN
00020002002002201
00020002111102201
00020002022200000
00011111100000200
10001010001110210
11111112222001010
10002122222001220
00011110002000000
10222100020011000
12202220020000000
STEP 33 P2 MOVE 8 11 9 11
OWN
00020002002002201
00020002111102201
00020002022200000
00011111100000200
10001010001110210
11111112222001010
10002122222001220
00011110002000000
10222100020211000
12202220020200000
STEP 34 P1 MOVE 9 13 9 14
OWN
00020002002002201
00020002111102201
00020002022200000
00011111100000200
10001010001110210
11111112222001010
10002122222001220
00011110002000000
10222100020211000
12202220020201100
STEP 35 P2 MOVE 3 15 7 15
OWN
00020002002002201
00020002111102201
00020002022200000
00011111100000220
10001010001110220
11111112222001020
10002122222001220
00011110002000020
10222100020211000
12202220020201100
STEP 36 P1 MOVE 2 15 8 15
OWN
00020002002002201
00020002111102201
00020002022200010
00011111100000210
10001010001110210
11111112222001010
10002122222001210
00011110002000010
10222100020211010
12202220020201100
STEP 37 P2 MOVE 8 14 8 16
OWN
00020002002002201
00020002111102201
00020002022200010
00011111100000210
10001010001110210
11111112222001010
10002122222001210
00011110002000010
10222100020211222
12202220020201100
STEP 38 P1 MOVE -1 -1 -1 -1
OWN
00020002002002201
00020002111102201
00020002022200010
00011111100000210
10001010001110210
11111112222001010
10002122222001210
00011110002000010
10222100020211222
12202220020201100
STEP 39 P2 MOVE 1 12 1 15
OWN
00020002002002201
00020002111122221
00020002022200010
00011111100000210
10001010001110210
11111112222001010
10002122222001210
00011110002000010
10222100020211222
12202220020201100
STEP 40 P1 MOVE 0 15 9 15
OWN
00020002002002211
00020002111122211
00020002022200010
00011111100000210
10001010001110210
11111112222001010
10002122222001210
00011110002000010
10222100020211212
12202220020201110
STEP 41 P2 MOVE 9 12 9 16
OWN
00020002002002211
00020002111122211
00020002022200010
00011111100000210
10001010001110210
11111112222001010
10002122222001210
00011110002000010
10222100020211212
12202220020222222
STEP 42 P1 MOVE 0 12 2 12
OWN
00020002002012211
00020002111112211
00020002022210010
00011111100000210
10001010001110210
11111112222001010
10002122222001210
00011110002000010
10222100020211212
12202220020222222
STEP 43 P2 MOVE 2 14 2 16
OWN
00020002002012211
00020002111112211
00020002022210222
00011111100000210
10001010001110210
11111112222001010
10002122222001210
00011110002000010
10222100020211212
12202220020222222
STEP 44 P1 MOVE 6 11 7 11
OWN
00020002002012211
00020002111112211
00020002022210222
00011111100000210
10001010001110210
11111112222001010
10002122222101210
00011110002100010
10222100020211212
12202220020222222
STEP 45 P2 MOVE 7 9 7 12
OWN
00020002002012211
00020002111112211
00020002022210222
00011111100000210
10001010001110210
11111112222001010
10002122222101210
00011110022220010
10222100020211212
12202220020222222
STEP 46 P1 MOVE 6 10 8 12
OWN
00020002002012211
00020002111112211
00020002022210222
00011111100000210
10001010001110210
11111112222001010
10002122221111210
00011110021110010
10222100021111212
12202220020222222
STEP 47 P2 MOVE 2 6 2 8
OWN
00020002002012211
00020002111112211
00020022222210222
00011111100000210
10001010001110210
11111112222001010
10002122221111210
00011110021110010
10222100021111212
12202220020222222
STEP 48 P1 MOVE 1 6 4 7
OWN
00020002002012211
00020011111112211
00020011222210222
00011111100000210
10001011001110210
11111112222001010
10002122221111210
00011110021110010
10222100021111212
12202220020222222
STEP 49 P2 MOVE 4 5 4 8
OWN
00020002002012211
00020011111112211
00020011222210222
00011111100000210
10001222201110210
11111112222001010
10002122221111210
00011110021110010
10222100021111212
12202220020222222
STEP 50 P1 MOVE -1 -1 -1 -1
OWN
00020002002012211
00020011111112211
00020011222210222
00011111100000210
10001222201110210
11111112222001010
10002122221111210
00011110021110010
10222100021111212
12202220020222222
STEP 51 P2 MOVE -1 -1 -1 -1
OWN
00020002002012211
00020011111112211
00020011222210222
00011111100000210
10001222201110210
11111112222001010
10002122221111210
00011110021110010
10222100021111212
12202220020222222
RESULT first=60 second=51 winner=1
ANALYSIS winner=P1 score=60-51 reason=Ĺ»ĂëżěŔ§(+6Ä­ »©ľŃŔ˝,2ąčČż°ú) steal(w/l)=18/12 neu(w/l)=54/57
