BOARD
23934387443733441
74227633995483415
52995273462178637
57934354971441667
28389498737485844
11779583991866247
49232598234392896
98777264969692627
57832741358413818
14227115866764164
STEP 0 P1 MOVE 3 10 3 13
OWN
00000000000000000
00000000000000000
00000000000000000
00000000001111000
00000000000000000
00000000000000000
00000000000000000
00000000000000000
00000000000000000
00000000000000000
STEP 1 P2 MOVE 6 3 6 5
OWN
00000000000000000
00000000000000000
00000000000000000
00000000001111000
00000000000000000
00000000000000000
00022200000000000
00000000000000000
00000000000000000
00000000000000000
STEP 2 P1 MOVE 0 10 2 10
OWN
00000000001000000
00000000001000000
00000000001000000
00000000001111000
00000000000000000
00000000000000000
00022200000000000
00000000000000000
00000000000000000
00000000000000000
STEP 3 P2 MOVE 0 12 0 14
OWN
00000000001022200
00000000001000000
00000000001000000
00000000001111000
00000000000000000
00000000000000000
00022200000000000
00000000000000000
00000000000000000
00000000000000000
STEP 4 P1 MOVE 1 7 3 7
OWN
00000000001022200
00000001001000000
00000001001000000
00000001001111000
00000000000000000
00000000000000000
00022200000000000
00000000000000000
00000000000000000
00000000000000000
STEP 5 P2 MOVE 1 14 1 16
OWN
00000000001022200
00000001001000222
00000001001000000
00000001001111000
00000000000000000
00000000000000000
00022200000000000
00000000000000000
00000000000000000
00000000000000000
STEP 6 P1 MOVE 5 13 7 13
OWN
00000000001022200
00000001001000222
00000001001000000
00000001001111000
00000000000000000
00000000000001000
00022200000001000
00000000000001000
00000000000000000
00000000000000000
STEP 7 P2 MOVE 4 8 4 9
OWN
00000000001022200
00000001001000222
00000001001000000
00000001001111000
00000000220000000
00000000000001000
00022200000001000
00000000000001000
00000000000000000
00000000000000000
STEP 8 P1 MOVE 3 3 3 5
OWN
00000000001022200
00000001001000222
00000001001000000
00011101001111000
00000000220000000
00000000000001000
00022200000001000
00000000000001000
00000000000000000
00000000000000000
STEP 9 P2 MOVE 0 3 0 5
OWN
00022200001022200
00000001001000222
00000001001000000
00011101001111000
00000000220000000
00000000000001000
00022200000001000
00000000000001000
00000000000000000
00000000000000000
STEP 10 P1 MOVE 8 2 9 2
OWN
00022200001022200
00000001001000222
00000001001000000
00011101001111000
00000000220000000
00000000000001000
00022200000001000
00000000000001000
00100000000000000
00100000000000000
STEP 11 P2 MOVE 9 12 9 13
OWN
00022200001022200
00000001001000222
00000001001000000
00011101001111000
00000000220000000
00000000000001000
00022200000001000
00000000000001000
00100000000000000
00100000000022000
STEP 12 P1 MOVE 7 3 8 3
OWN
00022200001022200
00000001001000222
00000001001000000
00011101001111000
00000000220000000
00000000000001000
00022200000001000
00010000000001000
00110000000000000
00100000000022000
STEP 13 P2 MOVE 3 15 4 15
OWN
00022200001022200
00000001001000222
00000001001000000
00011101001111020
00000000220000020
00000000000001000
00022200000001000
00010000000001000
00110000000000000
00100000000022000
STEP 14 P1 MOVE 4 2 5 2
OWN
00022200001022200
00000001001000222
00000001001000000
00011101001111020
00100000220000020
00100000000001000
00022200000001000
00010000000001000
00110000000000000
00100000000022000
STEP 15 P2 MOVE 7 12 8 12
OWN
00022200001022200
00000001001000222
00000001001000000
00011101001111020
00100000220000020
00100000000001000
00022200000001000
00010000000021000
00110000000020000
00100000000022000
STEP 16 P1 MOVE 6 7 6 8
OWN
00022200001022200
00000001001000222
00000001001000000
00011101001111020
00100000220000020
00100000000001000
00022201100001000
00010000000021000
00110000000020000
00100000000022000
STEP 17 P2 MOVE 1 6 2 6
OWN
00022200001022200
00000021001000222
00000021001000000
00011101001111020
00100000220000020
00100000000001000
00022201100001000
00010000000021000
00110000000020000
00100000000022000
STEP 18 P1 MOVE -1 -1 -1 -1
OWN
00022200001022200
00000021001000222
00000021001000000
00011101001111020
00100000220000020
00100000000001000
00022201100001000
00010000000021000
00110000000020000
00100000000022000
STEP 19 P2 MOVE 7 6 8 6
OWN
00022200001022200
00000021001000222
00000021001000000
00011101001111020
00100000220000020
00100000000001000
00022201100001000
00010020000021000
00110020000020000
00100000000022000
STEP 20 P1 MOVE 6 6 9 6
OWN
00022200001022200
00000021001000222
00000021001000000
00011101001111020
00100000220000020
00100000000001000
00022211100001000
00010010000021000
00110010000020000
00100010000022000
STEP 21 P2 MOVE 8 4 8 7
OWN
00022200001022200
00000021001000222
00000021001000000
00011101001111020
00100000220000020
00100000000001000
00022211100001000
00010010000021000
00112222000020000
00100010000022000
STEP 22 P1 MOVE -1 -1 -1 -1
OWN
00022200001022200
00000021001000222
00000021001000000
00011101001111020
00100000220000020
00100000000001000
00022211100001000
00010010000021000
00112222000020000
00100010000022000
STEP 23 P2 MOVE 4 0 4 1
OWN
00022200001022200
00000021001000222
00000021001000000
00011101001111020
22100000220000020
00100000000001000
00022211100001000
00010010000021000
00112222000020000
00100010000022000
STEP 24 P1 MOVE 2 1 5 1
OWN
00022200001022200
00000021001000222
01000021001000000
01011101001111020
21100000220000020
01100000000001000
00022211100001000
00010010000021000
00112222000020000
00100010000022000
STEP 25 P2 MOVE 3 0 6 0
OWN
00022200001022200
00000021001000222
01000021001000000
21011101001111020
21100000220000020
21100000000001000
20022211100001000
00010010000021000
00112222000020000
00100010000022000
STEP 26 P1 MOVE -1 -1 -1 -1
OWN
00022200001022200
00000021001000222
01000021001000000
21011101001111020
21100000220000020
21100000000001000
20022211100001000
00010010000021000
00112222000020000
00100010000022000
STEP 27 P2 MOVE 6 9 6 11
OWN
00022200001022200
00000021001000222
01000021001000000
21011101001111020
21100000220000020
21100000000001000
20022211122201000
00010010000021000
00112222000020000
00100010000022000
STEP 28 P1 MOVE 5 10 7 10
OWN
00022200001022200
00000021001000222
01000021001000000
21011101001111020
21100000220000020
21100000001001000
20022211121201000
00010010001021000
00112222000020000
00100010000022000
STEP 29 P2 MOVE 5 14 6 14
OWN
00022200001022200
00000021001000222
01000021001000000
21011101001111020
21100000220000020
21100000001001200
20022211121201200
00010010001021000
00112222000020000
00100010000022000
STEP 30 P1 MOVE 5 12 5 15
OWN
00022200001022200
00000021001000222
01000021001000000
21011101001111020
21100000220000020
21100000001011110
20022211121201200
00010010001021000
00112222000020000
00100010000022000
STEP 31 P2 MOVE 9 15 9 16
OWN
00022200001022200
00000021001000222
01000021001000000
21011101001111020
21100000220000020
21100000001011110
20022211121201200
00010010001021000
00112222000020000
00100010000022022
STEP 32 P1 MOVE 8 14 9 15
OWN
00022200001022200
00000021001000222
01000021001000000
21011101001111020
21100000220000020
21100000001011110
20022211121201200
00010010001021000
00112222000020110
00100010000022112
STEP 33 P2 MOVE 9 3 9 5
OWN
00022200001022200
00000021001000222
01000021001000000
21011101001111020
21100000220000020
21100000001011110
20022211121201200
00010010001021000
00112222000020110
00122210000022112
STEP 34 P1 MOVE 9 0 9 7
OWN
00022200001022200
00000021001000222
01000021001000000
21011101001111020
21100000220000020
21100000001011110
20022211121201200
00010010001021000
00112222000020110
11111111000022112
STEP 35 P2 MOVE 2 8 2 9
OWN
00022200001022200
00000021001000222
01000021221000000
21011101001111020
21100000220000020
21100000001011110
20022211121201200
00010010001021000
00112222000020110
11111111000022112
STEP 36 P1 MOVE 2 5 2 12
OWN
00022200001022200
00000021001000222
01000111111110000
21011101001111020
21100000220000020
21100000001011110
20022211121201200
00010010001021000
00112222000020110
11111111000022112
STEP 37 P2 MOVE 2 4 3 6
OWN
00022200001022200
00000021001000222
01002221111110000
21012221001111020
21100000220000020
21100000001011110
20022211121201200
00010010001021000
00112222000020110
11111111000022112
STEP 38 P1 MOVE 1 5 4 5
OWN
00022200001022200
00000121001000222
01002121111110000
21012121001111020
21100100220000020
21100000001011110
20022211121201200
00010010001021000
00112222000020110
11111111000022112
STEP 39 P2 MOVE 8 1 8 8
OWN
00022200001022200
00000121001000222
01002121111110000
21012121001111020
21100100220000020
21100000001011110
20022211121201200
00010010001021000
02222222200020110
11111111000022112
STEP 40 P1 MOVE 8 0 8 9
OWN
00022200001022200
00000121001000222
01002121111110000
21012121001111020
21100100220000020
21100000001011110
20022211121201200
00010010001021000
11111111110020110
11111111000022112
STEP 41 P2 MOVE -1 -1 -1 -1
OWN
00022200001022200
00000121001000222
01002121111110000
21012121001111020
21100100220000020
21100000001011110
20022211121201200
00010010001021000
11111111110020110
11111111000022112
STEP 42 P1 MOVE -1 -1 -1 -1
OWN
00022200001022200
00000121001000222
01002121111110000
21012121001111020
21100100220000020
21100000001011110
20022211121201200
00010010001021000
11111111110020110
11111111000022112
RESULT first=61 second=33 winner=1
ANALYSIS winner=P1 score=61-33 reason=Ĺ»ĂëżěŔ§(+15Ä­ »©ľŃŔ˝,2ąčČż°ú) steal(w/l)=22/7 neu(w/l)=46/48
