BOARD
68745174558842654
69117746981273242
52921148837897318
74867393139213299
77723191824158292
16622722677886615
79146248475953958
91498789427588223
45499858993285388
64312827517254633
STEP 0 P1 MOVE 9 1 9 4
OWN
00000000000000000
00000000000000000
00000000000000000
00000000000000000
00000000000000000
00000000000000000
00000000000000000
00000000000000000
00000000000000000
01111000000000000
STEP 1 P2 MOVE 1 10 1 12
OWN
00000000000000000
00000000002220000
00000000000000000
00000000000000000
00000000000000000
00000000000000000
00000000000000000
00000000000000000
00000000000000000
01111000000000000
STEP 2 P1 MOVE 5 2 5 4
OWN
00000000000000000
00000000002220000
00000000000000000
00000000000000000
00000000000000000
00111000000000000
00000000000000000
00000000000000000
00000000000000000
01111000000000000
STEP 3 P2 MOVE 6 1 7 1
OWN
00000000000000000
00000000002220000
00000000000000000
00000000000000000
00000000000000000
00111000000000000
02000000000000000
02000000000000000
00000000000000000
01111000000000000
STEP 4 P1 MOVE 0 3 0 5
OWN
00011100000000000
00000000002220000
00000000000000000
00000000000000000
00000000000000000
00111000000000000
02000000000000000
02000000000000000
00000000000000000
01111000000000000
STEP 5 P2 MOVE 5 6 5 8
OWN
00011100000000000
00000000002220000
00000000000000000
00000000000000000
00000000000000000
00111022200000000
02000000000000000
02000000000000000
00000000000000000
01111000000000000
STEP 6 P1 MOVE 7 10 8 10
OWN
00011100000000000
00000000002220000
00000000000000000
00000000000000000
00000000000000000
00111022200000000
02000000000000000
02000000001000000
00000000001000000
01111000000000000
STEP 7 P2 MOVE 4 6 4 7
OWN
00011100000000000
00000000002220000
00000000000000000
00000000000000000
00000022000000000
00111022200000000
02000000000000000
02000000001000000
00000000001000000
01111000000000000
STEP 8 P1 MOVE 8 9 9 9
OWN
00011100000000000
00000000002220000
00000000000000000
00000000000000000
00000022000000000
00111022200000000
02000000000000000
02000000001000000
00000000011000000
01111000010000000
STEP 9 P2 MOVE 2 9 2 10
OWN
00011100000000000
00000000002220000
00000000022000000
00000000000000000
00000022000000000
00111022200000000
02000000000000000
02000000001000000
00000000011000000
01111000010000000
STEP 10 P1 MOVE 8 0 9 0
OWN
00011100000000000
00000000002220000
00000000022000000
00000000000000000
00000022000000000
00111022200000000
02000000000000000
02000000001000000
10000000011000000
11111000010000000
STEP 11 P2 MOVE 0 8 0 9
OWN
00011100220000000
00000000002220000
00000000022000000
00000000000000000
00000022000000000
00111022200000000
02000000000000000
02000000001000000
10000000011000000
11111000010000000
STEP 12 P1 MOVE 2 11 3 11
OWN
00011100220000000
00000000002220000
00000000022100000
00000000000100000
00000022000000000
00111022200000000
02000000000000000
02000000001000000
10000000011000000
11111000010000000
STEP 13 P2 MOVE 3 4 4 4
OWN
00011100220000000
00000000002220000
00000000022100000
00002000000100000
00002022000000000
00111022200000000
02000000000000000
02000000001000000
10000000011000000
11111000010000000
STEP 14 P1 MOVE 0 7 1 7
OWN
00011101220000000
00000001002220000
00000000022100000
00002000000100000
00002022000000000
00111022200000000
02000000000000000
02000000001000000
10000000011000000
11111000010000000
STEP 15 P2 MOVE 4 3 5 5
OWN
00011101220000000
00000001002220000
00000000022100000
00002000000100000
00022222000000000
00122222200000000
02000000000000000
02000000001000000
10000000011000000
11111000010000000
STEP 16 P1 MOVE 3 14 5 14
OWN
00011101220000000
00000001002220000
00000000022100000
00002000000100100
00022222000000100
00122222200000100
02000000000000000
02000000001000000
10000000011000000
11111000010000000
STEP 17 P2 MOVE 3 3 6 3
OWN
00011101220000000
00000001002220000
00000000022100000
00022000000100100
00022222000000100
00122222200000100
02020000000000000
02000000001000000
10000000011000000
11111000010000000
STEP 18 P1 MOVE 1 14 2 15
OWN
00011101220000000
00000001002220110
00000000022100110
00022000000100100
00022222000000100
00122222200000100
02020000000000000
02000000001000000
10000000011000000
11111000010000000
STEP 19 P2 MOVE 4 15 5 15
OWN
00011101220000000
00000001002220110
00000000022100110
00022000000100100
00022222000000120
00122222200000120
02020000000000000
02000000001000000
10000000011000000
11111000010000000
STEP 20 P1 MOVE 7 15 8 15
OWN
00011101220000000
00000001002220110
00000000022100110
00022000000100100
00022222000000120
00122222200000120
02020000000000000
02000000001000010
10000000011000010
11111000010000000
STEP 21 P2 MOVE 1 16 2 16
OWN
00011101220000000
00000001002220112
00000000022100112
00022000000100100
00022222000000120
00122222200000120
02020000000000000
02000000001000010
10000000011000010
11111000010000000
STEP 22 P1 MOVE 1 13 2 13
OWN
00011101220000000
00000001002221112
00000000022101112
00022000000100100
00022222000000120
00122222200000120
02020000000000000
02000000001000010
10000000011000010
11111000010000000
STEP 23 P2 MOVE 7 13 7 14
OWN
00011101220000000
00000001002221112
00000000022101112
00022000000100100
00022222000000120
00122222200000120
02020000000000000
02000000001002210
10000000011000010
11111000010000000
STEP 24 P1 MOVE 4 10 4 12
OWN
00011101220000000
00000001002221112
00000000022101112
00022000000100100
00022222001110120
00122222200000120
02020000000000000
02000000001002210
10000000011000010
11111000010000000
STEP 25 P2 MOVE 4 13 4 16
OWN
00011101220000000
00000001002221112
00000000022101112
00022000000100100
00022222001112222
00122222200000120
02020000000000000
02000000001002210
10000000011000010
11111000010000000
STEP 26 P1 MOVE 2 12 3 12
OWN
00011101220000000
00000001002221112
00000000022111112
00022000000110100
00022222001112222
00122222200000120
02020000000000000
02000000001002210
10000000011000010
11111000010000000
STEP 27 P2 MOVE 9 5 9 6
OWN
00011101220000000
00000001002221112
00000000022111112
00022000000110100
00022222001112222
00122222200000120
02020000000000000
02000000001002210
10000000011000010
11111220010000000
STEP 28 P1 MOVE 8 11 8 12
OWN
00011101220000000
00000001002221112
00000000022111112
00022000000110100
00022222001112222
00122222200000120
02020000000000000
02000000001002210
10000000011110010
11111220010000000
STEP 29 P2 MOVE 1 1 1 2
OWN
00011101220000000
02200001002221112
00000000022111112
00022000000110100
00022222001112222
00122222200000120
02020000000000000
02000000001002210
10000000011110010
11111220010000000
STEP 30 P1 MOVE 0 1 2 1
OWN
01011101220000000
01200001002221112
01000000022111112
00022000000110100
00022222001112222
00122222200000120
02020000000000000
02000000001002210
10000000011110010
11111220010000000
STEP 31 P2 MOVE 4 8 4 9
OWN
01011101220000000
01200001002221112
01000000022111112
00022000000110100
00022222221112222
00122222200000120
02020000000000000
02000000001002210
10000000011110010
11111220010000000
STEP 32 P1 MOVE 3 9 5 9
OWN
01011101220000000
01200001002221112
01000000022111112
00022000010110100
00022222211112222
00122222210000120
02020000000000000
02000000001002210
10000000011110010
11111220010000000
STEP 33 P2 MOVE -1 -1 -1 -1
OWN
01011101220000000
01200001002221112
01000000022111112
00022000010110100
00022222211112222
00122222210000120
02020000000000000
02000000001002210
10000000011110010
11111220010000000
STEP 34 P1 MOVE -1 -1 -1 -1
OWN
01011101220000000
01200001002221112
01000000022111112
00022000010110100
00022222211112222
00122222210000120
02020000000000000
02000000001002210
10000000011110010
11111220010000000
RESULT first=41 second=36 winner=1
ANALYSIS winner=P1 score=41-36 reason=şóÄ­Ľ±Áˇ(+7) / żŞŔü˝Â steal(w/l)=2/3 neu(w/l)=42/35
