BOARD
27149391126113959
62786388289274698
53262687375642462
52693693942726313
57191446227833795
87375737121427659
61745785591416751
98165791234165311
97249261734163857
35236455662889547
STEP 0 P1 MOVE 0 9 0 12
OWN
00000000011110000
00000000000000000
00000000000000000
00000000000000000
00000000000000000
00000000000000000
00000000000000000
00000000000000000
00000000000000000
00000000000000000
STEP 1 P2 MOVE 7 13 7 16
OWN
00000000011110000
00000000000000000
00000000000000000
00000000000000000
00000000000000000
00000000000000000
00000000000000000
00000000000002222
00000000000000000
00000000000000000
STEP 2 P1 MOVE 4 8 7 8
OWN
00000000011110000
00000000000000000
00000000000000000
00000000000000000
00000000100000000
00000000100000000
00000000100000000
00000000100002222
00000000000000000
00000000000000000
STEP 3 P2 MOVE 2 0 2 2
OWN
00000000011110000
00000000000000000
22200000000000000
00000000000000000
00000000100000000
00000000100000000
00000000100000000
00000000100002222
00000000000000000
00000000000000000
STEP 4 P1 MOVE 8 11 8 13
OWN
00000000011110000
00000000000000000
22200000000000000
00000000000000000
00000000100000000
00000000100000000
00000000100000000
00000000100002222
00000000000111000
00000000000000000
STEP 5 P2 MOVE 5 7 5 10
OWN
00000000011110000
00000000000000000
22200000000000000
00000000000000000
00000000100000000
00000002222000000
00000000100000000
00000000100002222
00000000000111000
00000000000000000
STEP 6 P1 MOVE 3 10 6 10
OWN
00000000011110000
00000000000000000
22200000000000000
00000000001000000
00000000101000000
00000002221000000
00000000101000000
00000000100002222
00000000000111000
00000000000000000
STEP 7 P2 MOVE 3 2 5 2
OWN
00000000011110000
00000000000000000
22200000000000000
00200000001000000
00200000101000000
00200002221000000
00000000101000000
00000000100002222
00000000000111000
00000000000000000
STEP 8 P1 MOVE 6 15 8 15
OWN
00000000011110000
00000000000000000
22200000000000000
00200000001000000
00200000101000000
00200002221000000
00000000101000010
00000000100002212
00000000000111010
00000000000000000
STEP 9 P2 MOVE 0 0 0 2
OWN
22200000011110000
00000000000000000
22200000000000000
00200000001000000
00200000101000000
00200002221000000
00000000101000010
00000000100002212
00000000000111010
00000000000000000
STEP 10 P1 MOVE 2 16 4 16
OWN
22200000011110000
00000000000000000
22200000000000001
00200000001000001
00200000101000001
00200002221000000
00000000101000010
00000000100002212
00000000000111010
00000000000000000
STEP 11 P2 MOVE 3 13 3 15
OWN
22200000011110000
00000000000000000
22200000000000001
00200000001002221
00200000101000001
00200002221000000
00000000101000010
00000000100002212
00000000000111010
00000000000000000
STEP 12 P1 MOVE 9 1 9 3
OWN
22200000011110000
00000000000000000
22200000000000001
00200000001002221
00200000101000001
00200002221000000
00000000101000010
00000000100002212
00000000000111010
01110000000000000
STEP 13 P2 MOVE 2 7 2 8
OWN
22200000011110000
00000000000000000
22200002200000001
00200000001002221
00200000101000001
00200002221000000
00000000101000010
00000000100002212
00000000000111010
01110000000000000
STEP 14 P1 MOVE 2 12 2 14
OWN
22200000011110000
00000000000000000
22200002200011101
00200000001002221
00200000101000001
00200002221000000
00000000101000010
00000000100002212
00000000000111010
01110000000000000
STEP 15 P2 MOVE 3 5 4 5
OWN
22200000011110000
00000000000000000
22200002200011101
00200200001002221
00200200101000001
00200002221000000
00000000101000010
00000000100002212
00000000000111010
01110000000000000
STEP 16 P1 MOVE 4 13 4 14
OWN
22200000011110000
00000000000000000
22200002200011101
00200200001002221
00200200101001101
00200002221000000
00000000101000010
00000000100002212
00000000000111010
01110000000000000
STEP 17 P2 MOVE 9 10 9 11
OWN
22200000011110000
00000000000000000
22200002200011101
00200200001002221
00200200101001101
00200002221000000
00000000101000010
00000000100002212
00000000000111010
01110000002200000
STEP 18 P1 MOVE 0 6 0 7
OWN
22200011011110000
00000000000000000
22200002200011101
00200200001002221
00200200101001101
00200002221000000
00000000101000010
00000000100002212
00000000000111010
01110000002200000
STEP 19 P2 MOVE 6 4 7 4
OWN
22200011011110000
00000000000000000
22200002200011101
00200200001002221
00200200101001101
00200002221000000
00002000101000010
00002000100002212
00000000000111010
01110000002200000
STEP 20 P1 MOVE 6 2 8 2
OWN
22200011011110000
00000000000000000
22200002200011101
00200200001002221
00200200101001101
00200002221000000
00102000101000010
00102000100002212
00100000000111010
01110000002200000
STEP 21 P2 MOVE 5 16 6 16
OWN
22200011011110000
00000000000000000
22200002200011101
00200200001002221
00200200101001101
00200002221000002
00102000101000012
00102000100002212
00100000000111010
01110000002200000
STEP 22 P1 MOVE 1 7 1 8
OWN
22200011011110000
00000001100000000
22200002200011101
00200200001002221
00200200101001101
00200002221000002
00102000101000012
00102000100002212
00100000000111010
01110000002200000
STEP 23 P2 MOVE 0 8 3 8
OWN
22200011211110000
00000001200000000
22200002200011101
00200200201002221
00200200101001101
00200002221000002
00102000101000012
00102000100002212
00100000000111010
01110000002200000
STEP 24 P1 MOVE 9 4 9 5
OWN
22200011211110000
00000001200000000
22200002200011101
00200200201002221
00200200101001101
00200002221000002
00102000101000012
00102000100002212
00100000000111010
01111100002200000
STEP 25 P2 MOVE 6 3 7 3
OWN
22200011211110000
00000001200000000
22200002200011101
00200200201002221
00200200101001101
00200002221000002
00122000101000012
00122000100002212
00100000000111010
01111100002200000
STEP 26 P1 MOVE 5 5 5 6
OWN
22200011211110000
00000001200000000
22200002200011101
00200200201002221
00200200101001101
00200112221000002
00122000101000012
00122000100002212
00100000000111010
01111100002200000
STEP 27 P2 MOVE 9 6 9 7
OWN
22200011211110000
00000001200000000
22200002200011101
00200200201002221
00200200101001101
00200112221000002
00122000101000012
00122000100002212
00100000000111010
01111122002200000
STEP 28 P1 MOVE 3 0 4 0
OWN
22200011211110000
00000001200000000
22200002200011101
10200200201002221
10200200101001101
00200112221000002
00122000101000012
00122000100002212
00100000000111010
01111122002200000
STEP 29 P2 MOVE 1 0 3 1
OWN
22200011211110000
22000001200000000
22200002200011101
22200200201002221
10200200101001101
00200112221000002
00122000101000012
00122000100002212
00100000000111010
01111122002200000
STEP 30 P1 MOVE 8 8 8 9
OWN
22200011211110000
22000001200000000
22200002200011101
22200200201002221
10200200101001101
00200112221000002
00122000101000012
00122000100002212
00100000110111010
01111122002200000
STEP 31 P2 MOVE 7 6 7 7
OWN
22200011211110000
22000001200000000
22200002200011101
22200200201002221
10200200101001101
00200112221000002
00122000101000012
00122022100002212
00100000110111010
01111122002200000
STEP 32 P1 MOVE 7 6 8 9
OWN
22200011211110000
22000001200000000
22200002200011101
22200200201002221
10200200101001101
00200112221000002
00122000101000012
00122011110002212
00100011110111010
01111122002200000
STEP 33 P2 MOVE 4 6 4 7
OWN
22200011211110000
22000001200000000
22200002200011101
22200200201002221
10200222101001101
00200112221000002
00122000101000012
00122011110002212
00100011110111010
01111122002200000
STEP 34 P1 MOVE 8 9 9 10
OWN
22200011211110000
22000001200000000
22200002200011101
22200200201002221
10200222101001101
00200112221000002
00122000101000012
00122011110002212
00100011111111010
01111122011200000
STEP 35 P2 MOVE 8 5 8 14
OWN
22200011211110000
22000001200000000
22200002200011101
22200200201002221
10200222101001101
00200112221000002
00122000101000012
00122011110002212
00100222222222210
01111122011200000
STEP 36 P1 MOVE 7 8 9 10
OWN
22200011211110000
22000001200000000
22200002200011101
22200200201002221
10200222101001101
00200112221000002
00122000101000012
00122011111002212
00100222111222210
01111122111200000
STEP 37 P2 MOVE -1 -1 -1 -1
OWN
22200011211110000
22000001200000000
22200002200011101
22200200201002221
10200222101001101
00200112221000002
00122000101000012
00122011111002212
00100222111222210
01111122111200000
STEP 38 P1 MOVE 4 9 4 11
OWN
22200011211110000
22000001200000000
22200002200011101
22200200201002221
10200222111101101
00200112221000002
00122000101000012
00122011111002212
00100222111222210
01111122111200000
STEP 39 P2 MOVE 4 4 5 11
OWN
22200011211110000
22000001200000000
22200002200011101
22200200201002221
10202222222201101
00202222222200002
00122000101000012
00122011111002212
00100222111222210
01111122111200000
STEP 40 P1 MOVE 3 4 6 5
OWN
22200011211110000
22000001200000000
22200002200011101
22201100201002221
10201122222201101
00201122222200002
00121100101000012
00122011111002212
00100222111222210
01111122111200000
STEP 41 P2 MOVE -1 -1 -1 -1
OWN
22200011211110000
22000001200000000
22200002200011101
22201100201002221
10201122222201101
00201122222200002
00121100101000012
00122011111002212
00100222111222210
01111122111200000
STEP 42 P1 MOVE -1 -1 -1 -1
OWN
22200011211110000
22000001200000000
22200002200011101
22201100201002221
10201122222201101
00201122222200002
00121100101000012
00122011111002212
00100222111222210
01111122111200000
RESULT first=49 second=51 winner=2
ANALYSIS winner=P2 score=49-51 reason=Ĺ»ĂëżěŔ§(+4Ä­ »©ľŃŔ˝,2ąčČż°ú) / żŞŔü˝Â steal(w/l)=18/14 neu(w/l)=47/53
