BOARD
55343433294517315
32587356489767626
58938893543965685
57389444632787171
43885375646934841
16635439243279918
62913527552896116
63899984451793357
45746457467167822
11548897615973312
STEP 0 P1 MOVE 5 15 9 15
OWN
00000000000000000
00000000000000000
00000000000000000
00000000000000000
00000000000000000
00000000000000010
00000000000000010
00000000000000010
00000000000000010
00000000000000010
STEP 1 P2 MOVE 8 14 8 16
OWN
00000000000000000
00000000000000000
00000000000000000
00000000000000000
00000000000000000
00000000000000010
00000000000000010
00000000000000010
00000000000000222
00000000000000010
STEP 2 P1 MOVE 0 10 0 12
OWN
00000000001110000
00000000000000000
00000000000000000
00000000000000000
00000000000000000
00000000000000010
00000000000000010
00000000000000010
00000000000000222
00000000000000010
STEP 3 P2 MOVE 0 2 0 4
OWN
00222000001110000
00000000000000000
00000000000000000
00000000000000000
00000000000000000
00000000000000010
00000000000000010
00000000000000010
00000000000000222
00000000000000010
STEP 4 P1 MOVE 3 0 5 0
OWN
00222000001110000
00000000000000000
00000000000000000
10000000000000000
10000000000000000
10000000000000010
00000000000000010
00000000000000010
00000000000000222
00000000000000010
STEP 5 P2 MOVE 0 5 0 7
OWN
00222222001110000
00000000000000000
00000000000000000
10000000000000000
10000000000000000
10000000000000010
00000000000000010
00000000000000010
00000000000000222
00000000000000010
STEP 6 P1 MOVE 3 1 4 1
OWN
00222222001110000
00000000000000000
00000000000000000
11000000000000000
11000000000000000
10000000000000010
00000000000000010
00000000000000010
00000000000000222
00000000000000010
STEP 7 P2 MOVE 6 1 8 1
OWN
00222222001110000
00000000000000000
00000000000000000
11000000000000000
11000000000000000
10000000000000010
02000000000000010
02000000000000010
02000000000000222
00000000000000010
STEP 8 P1 MOVE 6 4 6 6
OWN
00222222001110000
00000000000000000
00000000000000000
11000000000000000
11000000000000000
10000000000000010
02001110000000010
02000000000000010
02000000000000222
00000000000000010
STEP 9 P2 MOVE 6 10 8 10
OWN
00222222001110000
00000000000000000
00000000000000000
11000000000000000
11000000000000000
10000000000000010
02001110002000010
02000000002000010
02000000002000222
00000000000000010
STEP 10 P1 MOVE 1 0 1 2
OWN
00222222001110000
11100000000000000
00000000000000000
11000000000000000
11000000000000000
10000000000000010
02001110002000010
02000000002000010
02000000002000222
00000000000000010
STEP 11 P2 MOVE 5 14 6 14
OWN
00222222001110000
11100000000000000
00000000000000000
11000000000000000
11000000000000000
10000000000000210
02001110002000210
02000000002000010
02000000002000222
00000000000000010
STEP 12 P1 MOVE 7 14 7 16
OWN
00222222001110000
11100000000000000
00000000000000000
11000000000000000
11000000000000000
10000000000000210
02001110002000210
02000000002000111
02000000002000222
00000000000000010
STEP 13 P2 MOVE 0 0 2 0
OWN
20222222001110000
21100000000000000
20000000000000000
11000000000000000
11000000000000000
10000000000000210
02001110002000210
02000000002000111
02000000002000222
00000000000000010
STEP 14 P1 MOVE 9 1 9 3
OWN
20222222001110000
21100000000000000
20000000000000000
11000000000000000
11000000000000000
10000000000000210
02001110002000210
02000000002000111
02000000002000222
01110000000000010
STEP 15 P2 MOVE 4 12 5 12
OWN
20222222001110000
21100000000000000
20000000000000000
11000000000000000
11000000000020000
10000000000020210
02001110002000210
02000000002000111
02000000002000222
01110000000000010
STEP 16 P1 MOVE 8 11 9 11
OWN
20222222001110000
21100000000000000
20000000000000000
11000000000000000
11000000000020000
10000000000020210
02001110002000210
02000000002000111
02000000002100222
01110000000100010
STEP 17 P2 MOVE 4 8 4 9
OWN
20222222001110000
21100000000000000
20000000000000000
11000000000000000
11000000220020000
10000000000020210
02001110002000210
02000000002000111
02000000002100222
01110000000100010
STEP 18 P1 MOVE 1 4 1 5
OWN
20222222001110000
21101100000000000
20000000000000000
11000000000000000
11000000220020000
10000000000020210
02001110002000210
02000000002000111
02000000002100222
01110000000100010
STEP 19 P2 MOVE 4 6 5 6
OWN
20222222001110000
21101100000000000
20000000000000000
11000000000000000
11000020220020000
10000020000020210
02001110002000210
02000000002000111
02000000002100222
01110000000100010
STEP 20 P1 MOVE 6 2 6 3
OWN
20222222001110000
21101100000000000
20000000000000000
11000000000000000
11000020220020000
10000020000020210
02111110002000210
02000000002000111
02000000002100222
01110000000100010
STEP 21 P2 MOVE 8 13 9 13
OWN
20222222001110000
21101100000000000
20000000000000000
11000000000000000
11000020220020000
10000020000020210
02111110002000210
02000000002000111
02000000002102222
01110000000102010
STEP 22 P1 MOVE 7 0 8 0
OWN
20222222001110000
21101100000000000
20000000000000000
11000000000000000
11000020220020000
10000020000020210
02111110002000210
12000000002000111
12000000002102222
01110000000102010
STEP 23 P2 MOVE 9 12 9 14
OWN
20222222001110000
21101100000000000
20000000000000000
11000000000000000
11000020220020000
10000020000020210
02111110002000210
12000000002000111
12000000002102222
01110000000122210
STEP 24 P1 MOVE 3 16 5 16
OWN
20222222001110000
21101100000000000
20000000000000000
11000000000000001
11000020220020001
10000020000020211
02111110002000210
12000000002000111
12000000002102222
01110000000122210
STEP 25 P2 MOVE 8 8 9 8
OWN
20222222001110000
21101100000000000
20000000000000000
11000000000000001
11000020220020001
10000020000020211
02111110002000210
12000000002000111
12000000202102222
01110000200122210
STEP 26 P1 MOVE 6 9 7 9
OWN
20222222001110000
21101100000000000
20000000000000000
11000000000000001
11000020220020001
10000020000020211
02111110012000210
12000000012000111
12000000202102222
01110000200122210
STEP 27 P2 MOVE 7 8 8 9
OWN
20222222001110000
21101100000000000
20000000000000000
11000000000000001
11000020220020001
10000020000020211
02111110012000210
12000000222000111
12000000222102222
01110000200122210
STEP 28 P1 MOVE 5 11 6 11
OWN
20222222001110000
21101100000000000
20000000000000000
11000000000000001
11000020220020001
10000020000120211
02111110012100210
12000000222000111
12000000222102222
01110000200122210
STEP 29 P2 MOVE 4 4 5 4
OWN
20222222001110000
21101100000000000
20000000000000000
11000000000000001
11002020220020001
10002020000120211
02111110012100210
12000000222000111
12000000222102222
01110000200122210
STEP 30 P1 MOVE 8 3 8 4
OWN
20222222001110000
21101100000000000
20000000000000000
11000000000000001
11002020220020001
10002020000120211
02111110012100210
12000000222000111
12011000222102222
01110000200122210
STEP 31 P2 MOVE 3 7 3 8
OWN
20222222001110000
21101100000000000
20000000000000000
11000002200000001
11002020220020001
10002020000120211
02111110012100210
12000000222000111
12011000222102222
01110000200122210
STEP 32 P1 MOVE 5 10 7 11
OWN
20222222001110000
21101100000000000
20000000000000000
11000002200000001
11002020220020001
10002020001120211
02111110011100210
12000000221100111
12011000222102222
01110000200122210
STEP 33 P2 MOVE 5 9 9 10
OWN
20222222001110000
21101100000000000
20000000000000000
11000002200000001
11002020220020001
10002020022120211
02111110022100210
12000000222100111
12011000222102222
01110000222122210
STEP 34 P1 MOVE 3 8 6 9
OWN
20222222001110000
21101100000000000
20000000000000000
11000002110000001
11002020110020001
10002020112120211
02111110112100210
12000000222100111
12011000222102222
01110000222122210
STEP 35 P2 MOVE 3 5 3 10
OWN
20222222001110000
21101100000000000
20000000000000000
11000222222000001
11002020110020001
10002020112120211
02111110112100210
12000000222100111
12011000222102222
01110000222122210
STEP 36 P1 MOVE 0 13 0 14
OWN
20222222001111100
21101100000000000
20000000000000000
11000222222000001
11002020110020001
10002020112120211
02111110112100210
12000000222100111
12011000222102222
01110000222122210
STEP 37 P2 MOVE 0 9 0 15
OWN
20222222022222220
21101100000000000
20000000000000000
11000222222000001
11002020110020001
10002020112120211
02111110112100210
12000000222100111
12011000222102222
01110000222122210
STEP 38 P1 MOVE 1 15 2 15
OWN
20222222022222220
21101100000000010
20000000000000010
11000222222000001
11002020110020001
10002020112120211
02111110112100210
12000000222100111
12011000222102222
01110000222122210
STEP 39 P2 MOVE 1 7 1 8
OWN
20222222022222220
21101102200000010
20000000000000010
11000222222000001
11002020110020001
10002020112120211
02111110112100210
12000000222100111
12011000222102222
01110000222122210
STEP 40 P1 MOVE 0 7 2 8
OWN
20222221122222220
21101101100000010
20000001100000010
11000222222000001
11002020110020001
10002020112120211
02111110112100210
12000000222100111
12011000222102222
01110000222122210
STEP 41 P2 MOVE 0 1 0 16
OWN
22222222222222222
21101101100000010
20000001100000010
11000222222000001
11002020110020001
10002020112120211
02111110112100210
12000000222100111
12011000222102222
01110000222122210
STEP 42 P1 MOVE -1 -1 -1 -1
OWN
22222222222222222
21101101100000010
20000001100000010
11000222222000001
11002020110020001
10002020112120211
02111110112100210
12000000222100111
12011000222102222
01110000222122210
STEP 43 P2 MOVE -1 -1 -1 -1
OWN
22222222222222222
21101101100000010
20000001100000010
11000222222000001
11002020110020001
10002020112120211
02111110112100210
12000000222100111
12011000222102222
01110000222122210
RESULT first=47 second=54 winner=2
ANALYSIS winner=P2 score=47-54 reason=탈취우위(+6칸 빼앗음,2배효과) / 역전승 steal(w/l)=16/10 neu(w/l)=48/53
