BOARD
68857481754415563
51451318854565726
87935152196483556
88238188182828134
76191768924622924
17121735431494223
57717888511147597
24272528737433779
47368374718552258
49848938922618281
STEP 0 P1 MOVE 1 3 1 6
OWN
00000000000000000
00011110000000000
00000000000000000
00000000000000000
00000000000000000
00000000000000000
00000000000000000
00000000000000000
00000000000000000
00000000000000000
STEP 1 P2 MOVE 5 9 9 9
OWN
00000000000000000
00011110000000000
00000000000000000
00000000000000000
00000000000000000
00000000020000000
00000000020000000
00000000020000000
00000000020000000
00000000020000000
STEP 2 P1 MOVE 5 7 5 10
OWN
00000000000000000
00011110000000000
00000000000000000
00000000000000000
00000000000000000
00000001111000000
00000000020000000
00000000020000000
00000000020000000
00000000020000000
STEP 3 P2 MOVE 1 0 1 2
OWN
00000000000000000
22211110000000000
00000000000000000
00000000000000000
00000000000000000
00000001111000000
00000000020000000
00000000020000000
00000000020000000
00000000020000000
STEP 4 P1 MOVE 1 8 3 8
OWN
00000000000000000
22211110100000000
00000000100000000
00000000100000000
00000000000000000
00000001111000000
00000000020000000
00000000020000000
00000000020000000
00000000020000000
STEP 5 P2 MOVE 0 11 0 13
OWN
00000000000222000
22211110100000000
00000000100000000
00000000100000000
00000000000000000
00000001111000000
00000000020000000
00000000020000000
00000000020000000
00000000020000000
STEP 6 P1 MOVE 7 6 7 7
OWN
00000000000222000
22211110100000000
00000000100000000
00000000100000000
00000000000000000
00000001111000000
00000000020000000
00000011020000000
00000000020000000
00000000020000000
STEP 7 P2 MOVE 5 5 5 6
OWN
00000000000222000
22211110100000000
00000000100000000
00000000100000000
00000000000000000
00000221111000000
00000000020000000
00000011020000000
00000000020000000
00000000020000000
STEP 8 P1 MOVE 2 12 3 12
OWN
00000000000222000
22211110100000000
00000000100010000
00000000100010000
00000000000000000
00000221111000000
00000000020000000
00000011020000000
00000000020000000
00000000020000000
STEP 9 P2 MOVE 8 5 8 6
OWN
00000000000222000
22211110100000000
00000000100010000
00000000100010000
00000000000000000
00000221111000000
00000000020000000
00000011020000000
00000220020000000
00000000020000000
STEP 10 P1 MOVE 2 7 3 7
OWN
00000000000222000
22211110100000000
00000001100010000
00000001100010000
00000000000000000
00000221111000000
00000000020000000
00000011020000000
00000220020000000
00000000020000000
STEP 11 P2 MOVE 7 0 9 0
OWN
00000000000222000
22211110100000000
00000001100010000
00000001100010000
00000000000000000
00000221111000000
00000000020000000
20000011020000000
20000220020000000
20000000020000000
STEP 12 P1 MOVE 5 4 7 4
OWN
00000000000222000
22211110100000000
00000001100010000
00000001100010000
00000000000000000
00001221111000000
00001000020000000
20001011020000000
20000220020000000
20000000020000000
STEP 13 P2 MOVE 2 14 2 15
OWN
00000000000222000
22211110100000000
00000001100010220
00000001100010000
00000000000000000
00001221111000000
00001000020000000
20001011020000000
20000220020000000
20000000020000000
STEP 14 P1 MOVE 8 3 9 3
OWN
00000000000222000
22211110100000000
00000001100010220
00000001100010000
00000000000000000
00001221111000000
00001000020000000
20001011020000000
20010220020000000
20010000020000000
STEP 15 P2 MOVE 5 1 5 3
OWN
00000000000222000
22211110100000000
00000001100010220
00000001100010000
00000000000000000
02221221111000000
00001000020000000
20001011020000000
20010220020000000
20010000020000000
STEP 16 P1 MOVE 4 2 7 2
OWN
00000000000222000
22211110100000000
00000001100010220
00000001100010000
00100000000000000
02121221111000000
00101000020000000
20101011020000000
20010220020000000
20010000020000000
STEP 17 P2 MOVE 4 11 4 13
OWN
00000000000222000
22211110100000000
00000001100010220
00000001100010000
00100000000222000
02121221111000000
00101000020000000
20101011020000000
20010220020000000
20010000020000000
STEP 18 P1 MOVE 8 10 9 10
OWN
00000000000222000
22211110100000000
00000001100010220
00000001100010000
00100000000222000
02121221111000000
00101000020000000
20101011020000000
20010220021000000
20010000021000000
STEP 19 P2 MOVE 5 16 6 16
OWN
00000000000222000
22211110100000000
00000001100010220
00000001100010000
00100000000222000
02121221111000002
00101000020000002
20101011020000000
20010220021000000
20010000021000000
STEP 20 P1 MOVE 0 9 1 9
OWN
00000000010222000
22211110110000000
00000001100010220
00000001100010000
00100000000222000
02121221111000002
00101000020000002
20101011020000000
20010220021000000
20010000021000000
STEP 21 P2 MOVE 8 11 8 12
OWN
00000000010222000
22211110110000000
00000001100010220
00000001100010000
00100000000222000
02121221111000002
00101000020000002
20101011020000000
20010220021220000
20010000021000000
STEP 22 P1 MOVE 7 11 7 13
OWN
00000000010222000
22211110110000000
00000001100010220
00000001100010000
00100000000222000
02121221111000002
00101000020000002
20101011020111000
20010220021220000
20010000021000000
STEP 23 P2 MOVE 4 3 4 4
OWN
00000000010222000
22211110110000000
00000001100010220
00000001100010000
00122000000222000
02121221111000002
00101000020000002
20101011020111000
20010220021220000
20010000021000000
STEP 24 P1 MOVE 3 9 3 10
OWN
00000000010222000
22211110110000000
00000001100010220
00000001111010000
00122000000222000
02121221111000002
00101000020000002
20101011020111000
20010220021220000
20010000021000000
STEP 25 P2 MOVE 2 10 4 10
OWN
00000000010222000
22211110110000000
00000001102010220
00000001112010000
00122000002222000
02121221111000002
00101000020000002
20101011020111000
20010220021220000
20010000021000000
STEP 26 P1 MOVE 8 13 9 13
OWN
00000000010222000
22211110110000000
00000001102010220
00000001112010000
00122000002222000
02121221111000002
00101000020000002
20101011020111000
20010220021221000
20010000021001000
STEP 27 P2 MOVE 3 9 4 11
OWN
00000000010222000
22211110110000000
00000001102010220
00000001122210000
00122000022222000
02121221111000002
00101000020000002
20101011020111000
20010220021221000
20010000021001000
STEP 28 P1 MOVE 2 9 6 10
OWN
00000000010222000
22211110110000000
00000001111010220
00000001111210000
00122000011222000
02121221111000002
00101000011000002
20101011020111000
20010220021221000
20010000021001000
STEP 29 P2 MOVE 2 5 2 11
OWN
00000000010222000
22211110110000000
00000222222210220
00000001111210000
00122000011222000
02121221111000002
00101000011000002
20101011020111000
20010220021221000
20010000021001000
STEP 30 P1 MOVE 6 8 6 12
OWN
00000000010222000
22211110110000000
00000222222210220
00000001111210000
00122000011222000
02121221111000002
00101000111110002
20101011020111000
20010220021221000
20010000021001000
STEP 31 P2 MOVE 9 14 9 15
OWN
00000000010222000
22211110110000000
00000222222210220
00000001111210000
00122000011222000
02121221111000002
00101000111110002
20101011020111000
20010220021221000
20010000021001220
STEP 32 P1 MOVE 5 12 9 12
OWN
00000000010222000
22211110110000000
00000222222210220
00000001111210000
00122000011222000
02121221111010002
00101000111110002
20101011020111000
20010220021211000
20010000021011220
STEP 33 P2 MOVE 7 2 8 3
OWN
00000000010222000
22211110110000000
00000222222210220
00000001111210000
00122000011222000
02121221111010002
00101000111110002
20221011020111000
20220220021211000
20010000021011220
STEP 34 P1 MOVE 3 2 9 2
OWN
00000000010222000
22211110110000000
00000222222210220
00100001111210000
00122000011222000
02121221111010002
00101000111110002
20121011020111000
20120220021211000
20110000021011220
STEP 35 P2 MOVE 5 11 9 11
OWN
00000000010222000
22211110110000000
00000222222210220
00100001111210000
00122000011222000
02121221111210002
00101000111210002
20121011020211000
20120220021211000
20110000021211220
STEP 36 P1 MOVE 9 8 9 16
OWN
00000000010222000
22211110110000000
00000222222210220
00100001111210000
00122000011222000
02121221111210002
00101000111210002
20121011020211000
20120220021211000
20110000111111111
STEP 37 P2 MOVE -1 -1 -1 -1
OWN
00000000010222000
22211110110000000
00000222222210220
00100001111210000
00122000011222000
02121221111210002
00101000111210002
20121011020211000
20120220021211000
20110000111111111
STEP 38 P1 MOVE -1 -1 -1 -1
OWN
00000000010222000
22211110110000000
00000222222210220
00100001111210000
00122000011222000
02121221111210002
00101000111210002
20121011020211000
20120220021211000
20110000111111111
RESULT first=51 second=40 winner=1
ANALYSIS winner=P1 score=51-40 reason=탈취우위(+5칸 빼앗음,2배효과) steal(w/l)=15/10 neu(w/l)=46/45
