BOARD
25362376456238143
81962278275631139
42361693593987869
95499594675395469
91835552974781345
81918457615271299
71233517544311156
77578835716927889
34933539741756367
47254717689147432
STEP 0 P1 MOVE 2 1 6 1
OWN
00000000000000000
00000000000000000
01000000000000000
01000000000000000
01000000000000000
01000000000000000
01000000000000000
00000000000000000
00000000000000000
00000000000000000
STEP 1 P2 MOVE 6 10 6 14
OWN
00000000000000000
00000000000000000
01000000000000000
01000000000000000
01000000000000000
01000000000000000
01000000002222200
00000000000000000
00000000000000000
00000000000000000
STEP 2 P1 MOVE 3 11 4 11
OWN
00000000000000000
00000000000000000
01000000000000000
01000000000100000
01000000000100000
01000000000000000
01000000002222200
00000000000000000
00000000000000000
00000000000000000
STEP 3 P2 MOVE 0 0 0 2
OWN
22200000000000000
00000000000000000
01000000000000000
01000000000100000
01000000000100000
01000000000000000
01000000002222200
00000000000000000
00000000000000000
00000000000000000
STEP 4 P1 MOVE 0 14 2 14
OWN
22200000000000100
00000000000000100
01000000000000100
01000000000100000
01000000000100000
01000000000000000
01000000002222200
00000000000000000
00000000000000000
00000000000000000
STEP 5 P2 MOVE 3 15 4 15
OWN
22200000000000100
00000000000000100
01000000000000100
01000000000100020
01000000000100020
01000000000000000
01000000002222200
00000000000000000
00000000000000000
00000000000000000
STEP 6 P1 MOVE 1 3 1 5
OWN
22200000000000100
00011100000000100
01000000000000100
01000000000100020
01000000000100020
01000000000000000
01000000002222200
00000000000000000
00000000000000000
00000000000000000
STEP 7 P2 MOVE 1 11 1 13
OWN
22200000000000100
00011100000222100
01000000000000100
01000000000100020
01000000000100020
01000000000000000
01000000002222200
00000000000000000
00000000000000000
00000000000000000
STEP 8 P1 MOVE 9 10 9 11
OWN
22200000000000100
00011100000222100
01000000000000100
01000000000100020
01000000000100020
01000000000000000
01000000002222200
00000000000000000
00000000000000000
00000000001100000
STEP 9 P2 MOVE 7 3 8 3
OWN
22200000000000100
00011100000222100
01000000000000100
01000000000100020
01000000000100020
01000000000000000
01000000002222200
00020000000000000
00020000000000000
00000000001100000
STEP 10 P1 MOVE 1 1 1 2
OWN
22200000000000100
01111100000222100
01000000000000100
01000000000100020
01000000000100020
01000000000000000
01000000002222200
00020000000000000
00020000000000000
00000000001100000
STEP 11 P2 MOVE 7 0 8 0
OWN
22200000000000100
01111100000222100
01000000000000100
01000000000100020
01000000000100020
01000000000000000
01000000002222200
20020000000000000
20020000000000000
00000000001100000
STEP 12 P1 MOVE 3 7 3 8
OWN
22200000000000100
01111100000222100
01000000000000100
01000001100100020
01000000000100020
01000000000000000
01000000002222200
20020000000000000
20020000000000000
00000000001100000
STEP 13 P2 MOVE 2 4 3 4
OWN
22200000000000100
01111100000222100
01002000000000100
01002001100100020
01000000000100020
01000000000000000
01000000002222200
20020000000000000
20020000000000000
00000000001100000
STEP 14 P1 MOVE 0 5 0 6
OWN
22200110000000100
01111100000222100
01002000000000100
01002001100100020
01000000000100020
01000000000000000
01000000002222200
20020000000000000
20020000000000000
00000000001100000
STEP 15 P2 MOVE 5 2 5 3
OWN
22200110000000100
01111100000222100
01002000000000100
01002001100100020
01000000000100020
01220000000000000
01000000002222200
20020000000000000
20020000000000000
00000000001100000
STEP 16 P1 MOVE 0 7 0 8
OWN
22200111100000100
01111100000222100
01002000000000100
01002001100100020
01000000000100020
01220000000000000
01000000002222200
20020000000000000
20020000000000000
00000000001100000
STEP 17 P2 MOVE 4 5 4 6
OWN
22200111100000100
01111100000222100
01002000000000100
01002001100100020
01000220000100020
01220000000000000
01000000002222200
20020000000000000
20020000000000000
00000000001100000
STEP 18 P1 MOVE 1 7 1 8
OWN
22200111100000100
01111101100222100
01002000000000100
01002001100100020
01000220000100020
01220000000000000
01000000002222200
20020000000000000
20020000000000000
00000000001100000
STEP 19 P2 MOVE 4 3 4 7
OWN
22200111100000100
01111101100222100
01002000000000100
01002001100100020
01022222000100020
01220000000000000
01000000002222200
20020000000000000
20020000000000000
00000000001100000
STEP 20 P1 MOVE 0 4 5 4
OWN
22201111100000100
01111101100222100
01001000000000100
01001001100100020
01021222000100020
01221000000000000
01000000002222200
20020000000000000
20020000000000000
00000000001100000
STEP 21 P2 MOVE 2 7 5 7
OWN
22201111100000100
01111101100222100
01001002000000100
01001002100100020
01021222000100020
01221002000000000
01000000002222200
20020000000000000
20020000000000000
00000000001100000
STEP 22 P1 MOVE 5 12 5 14
OWN
22201111100000100
01111101100222100
01001002000000100
01001002100100020
01021222000100020
01221002000011100
01000000002222200
20020000000000000
20020000000000000
00000000001100000
STEP 23 P2 MOVE 4 12 7 12
OWN
22201111100000100
01111101100222100
01001002000000100
01001002100100020
01021222000120020
01221002000021100
01000000002222200
20020000000020000
20020000000000000
00000000001100000
STEP 24 P1 MOVE -1 -1 -1 -1
OWN
22201111100000100
01111101100222100
01001002000000100
01001002100100020
01021222000120020
01221002000021100
01000000002222200
20020000000020000
20020000000000000
00000000001100000
STEP 25 P2 MOVE 5 9 6 10
OWN
22201111100000100
01111101100222100
01001002000000100
01001002100100020
01021222000120020
01221002022021100
01000000022222200
20020000000020000
20020000000000000
00000000001100000
STEP 26 P1 MOVE 4 10 5 14
OWN
22201111100000100
01111101100222100
01001002000000100
01001002100100020
01021222001111120
01221002021111100
01000000022222200
20020000000020000
20020000000000000
00000000001100000
STEP 27 P2 MOVE 6 8 6 15
OWN
22201111100000100
01111101100222100
01001002000000100
01001002100100020
01021222001111120
01221002021111100
01000000222222220
20020000000020000
20020000000000000
00000000001100000
STEP 28 P1 MOVE 4 2 6 2
OWN
22201111100000100
01111101100222100
01001002000000100
01001002100100020
01121222001111120
01121002021111100
01100000222222220
20020000000020000
20020000000000000
00000000001100000
STEP 29 P2 MOVE 6 0 6 3
OWN
22201111100000100
01111101100222100
01001002000000100
01001002100100020
01121222001111120
01121002021111100
22220000222222220
20020000000020000
20020000000000000
00000000001100000
STEP 30 P1 MOVE -1 -1 -1 -1
OWN
22201111100000100
01111101100222100
01001002000000100
01001002100100020
01121222001111120
01121002021111100
22220000222222220
20020000000020000
20020000000000000
00000000001100000
STEP 31 P2 MOVE -1 -1 -1 -1
OWN
22201111100000100
01111101100222100
01001002000000100
01001002100100020
01121222001111120
01121002021111100
22220000222222220
20020000000020000
20020000000000000
00000000001100000
RESULT first=39 second=34 winner=1
ANALYSIS winner=P1 score=39-34 reason=Ĺ»ĂëżěŔ§(+3Ä­ »©ľŃŔ˝,2ąčČż°ú) steal(w/l)=7/4 neu(w/l)=36/37
