BOARD
22787578541351383
22854717933691847
16379186413134827
15834991759272587
41398846285597961
25294823554918915
95143381896326261
64248229185651288
65859471361193926
69282941717286784
STEP 0 P1 MOVE 1 0 5 0
OWN
00000000000000000
10000000000000000
10000000000000000
10000000000000000
10000000000000000
10000000000000000
00000000000000000
00000000000000000
00000000000000000
00000000000000000
STEP 1 P2 MOVE 3 7 5 7
OWN
00000000000000000
10000000000000000
10000000000000000
10000002000000000
10000002000000000
10000002000000000
00000000000000000
00000000000000000
00000000000000000
00000000000000000
STEP 2 P1 MOVE 0 1 2 1
OWN
01000000000000000
11000000000000000
11000000000000000
10000002000000000
10000002000000000
10000002000000000
00000000000000000
00000000000000000
00000000000000000
00000000000000000
STEP 3 P2 MOVE 0 10 0 13
OWN
01000000002222000
11000000000000000
11000000000000000
10000002000000000
10000002000000000
10000002000000000
00000000000000000
00000000000000000
00000000000000000
00000000000000000
STEP 4 P1 MOVE 9 9 9 11
OWN
01000000002222000
11000000000000000
11000000000000000
10000002000000000
10000002000000000
10000002000000000
00000000000000000
00000000000000000
00000000000000000
00000000011100000
STEP 5 P2 MOVE 6 13 8 13
OWN
01000000002222000
11000000000000000
11000000000000000
10000002000000000
10000002000000000
10000002000000000
00000000000002000
00000000000002000
00000000000002000
00000000011100000
STEP 6 P1 MOVE 5 6 6 6
OWN
01000000002222000
11000000000000000
11000000000000000
10000002000000000
10000002000000000
10000012000000000
00000010000002000
00000000000002000
00000000000002000
00000000011100000
STEP 7 P2 MOVE 9 2 9 3
OWN
01000000002222000
11000000000000000
11000000000000000
10000002000000000
10000002000000000
10000012000000000
00000010000002000
00000000000002000
00000000000002000
00220000011100000
STEP 8 P1 MOVE 2 14 2 15
OWN
01000000002222000
11000000000000000
11000000000000110
10000002000000000
10000002000000000
10000012000000000
00000010000002000
00000000000002000
00000000000002000
00220000011100000
STEP 9 P2 MOVE 4 8 4 9
OWN
01000000002222000
11000000000000000
11000000000000110
10000002000000000
10000002220000000
10000012000000000
00000010000002000
00000000000002000
00000000000002000
00220000011100000
STEP 10 P1 MOVE 8 16 9 16
OWN
01000000002222000
11000000000000000
11000000000000110
10000002000000000
10000002220000000
10000012000000000
00000010000002000
00000000000002000
00000000000002001
00220000011100001
STEP 11 P2 MOVE 2 2 2 3
OWN
01000000002222000
11000000000000000
11220000000000110
10000002000000000
10000002220000000
10000012000000000
00000010000002000
00000000000002000
00000000000002001
00220000011100001
STEP 12 P1 MOVE 8 15 9 15
OWN
01000000002222000
11000000000000000
11220000000000110
10000002000000000
10000002220000000
10000012000000000
00000010000002000
00000000000002000
00000000000002011
00220000011100011
STEP 13 P2 MOVE 1 12 1 13
OWN
01000000002222000
11000000000022000
11220000000000110
10000002000000000
10000002220000000
10000012000000000
00000010000002000
00000000000002000
00000000000002011
00220000011100011
STEP 14 P1 MOVE 5 8 5 9
OWN
01000000002222000
11000000000022000
11220000000000110
10000002000000000
10000002220000000
10000012110000000
00000010000002000
00000000000002000
00000000000002011
00220000011100011
STEP 15 P2 MOVE 2 5 3 5
OWN
01000000002222000
11000000000022000
11220200000000110
10000202000000000
10000002220000000
10000012110000000
00000010000002000
00000000000002000
00000000000002011
00220000011100011
STEP 16 P1 MOVE 4 10 4 11
OWN
01000000002222000
11000000000022000
11220200000000110
10000202000000000
10000002221100000
10000012110000000
00000010000002000
00000000000002000
00000000000002011
00220000011100011
STEP 17 P2 MOVE 2 7 2 8
OWN
01000000002222000
11000000000022000
11220202200000110
10000202000000000
10000002221100000
10000012110000000
00000010000002000
00000000000002000
00000000000002011
00220000011100011
STEP 18 P1 MOVE 2 12 3 12
OWN
01000000002222000
11000000000022000
11220202200010110
10000202000010000
10000002221100000
10000012110000000
00000010000002000
00000000000002000
00000000000002011
00220000011100011
STEP 19 P2 MOVE 6 7 7 7
OWN
01000000002222000
11000000000022000
11220202200010110
10000202000010000
10000002221100000
10000012110000000
00000012000002000
00000002000002000
00000000000002011
00220000011100011
STEP 20 P1 MOVE 1 9 2 10
OWN
01000000002222000
11000000011022000
11220202211010110
10000202000010000
10000002221100000
10000012110000000
00000012000002000
00000002000002000
00000000000002011
00220000011100011
STEP 21 P2 MOVE 6 1 6 3
OWN
01000000002222000
11000000011022000
11220202211010110
10000202000010000
10000002221100000
10000012110000000
02220012000002000
00000002000002000
00000000000002011
00220000011100011
STEP 22 P1 MOVE 7 14 7 15
OWN
01000000002222000
11000000011022000
11220202211010110
10000202000010000
10000002221100000
10000012110000000
02220012000002000
00000002000002110
00000000000002011
00220000011100011
STEP 23 P2 MOVE 7 0 7 1
OWN
01000000002222000
11000000011022000
11220202211010110
10000202000010000
10000002221100000
10000012110000000
02220012000002000
22000002000002110
00000000000002011
00220000011100011
STEP 24 P1 MOVE 7 2 8 2
OWN
01000000002222000
11000000011022000
11220202211010110
10000202000010000
10000002221100000
10000012110000000
02220012000002000
22100002000002110
00100000000002011
00220000011100011
STEP 25 P2 MOVE 0 16 1 16
OWN
01000000002222002
11000000011022002
11220202211010110
10000202000010000
10000002221100000
10000012110000000
02220012000002000
22100002000002110
00100000000002011
00220000011100011
STEP 26 P1 MOVE 5 10 6 10
OWN
01000000002222002
11000000011022002
11220202211010110
10000202000010000
10000002221100000
10000012111000000
02220012001002000
22100002000002110
00100000000002011
00220000011100011
STEP 27 P2 MOVE 6 12 6 15
OWN
01000000002222002
11000000011022002
11220202211010110
10000202000010000
10000002221100000
10000012111000000
02220012001022220
22100002000002110
00100000000002011
00220000011100011
STEP 28 P1 MOVE 4 12 5 12
OWN
01000000002222002
11000000011022002
11220202211010110
10000202000010000
10000002221110000
10000012111010000
02220012001022220
22100002000002110
00100000000002011
00220000011100011
STEP 29 P2 MOVE 5 14 5 15
OWN
01000000002222002
11000000011022002
11220202211010110
10000202000010000
10000002221110000
10000012111010220
02220012001022220
22100002000002110
00100000000002011
00220000011100011
STEP 30 P1 MOVE -1 -1 -1 -1
OWN
01000000002222002
11000000011022002
11220202211010110
10000202000010000
10000002221110000
10000012111010220
02220012001022220
22100002000002110
00100000000002011
00220000011100011
STEP 31 P2 MOVE 7 4 7 5
OWN
01000000002222002
11000000011022002
11220202211010110
10000202000010000
10000002221110000
10000012111010220
02220012001022220
22102202000002110
00100000000002011
00220000011100011
STEP 32 P1 MOVE 6 11 8 11
OWN
01000000002222002
11000000011022002
11220202211010110
10000202000010000
10000002221110000
10000012111010220
02220012001122220
22102202000102110
00100000000102011
00220000011100011
STEP 33 P2 MOVE 6 9 6 16
OWN
01000000002222002
11000000011022002
11220202211010110
10000202000010000
10000002221110000
10000012111010220
02220012022222222
22102202000102110
00100000000102011
00220000011100011
STEP 34 P1 MOVE 7 6 8 7
OWN
01000000002222002
11000000011022002
11220202211010110
10000202000010000
10000002221110000
10000012111010220
02220012022222222
22102211000102110
00100011000102011
00220000011100011
STEP 35 P2 MOVE 6 3 7 5
OWN
01000000002222002
11000000011022002
11220202211010110
10000202000010000
10000002221110000
10000012111010220
02222212022222222
22122211000102110
00100011000102011
00220000011100011
STEP 36 P1 MOVE 8 10 8 12
OWN
01000000002222002
11000000011022002
11220202211010110
10000202000010000
10000002221110000
10000012111010220
02222212022222222
22122211000102110
00100011001112011
00220000011100011
STEP 37 P2 MOVE 8 1 8 3
OWN
01000000002222002
11000000011022002
11220202211010110
10000202000010000
10000002221110000
10000012111010220
02222212022222222
22122211000102110
02220011001112011
00220000011100011
STEP 38 P1 MOVE 0 9 1 11
OWN
01000000011122002
11000000011122002
11220202211010110
10000202000010000
10000002221110000
10000012111010220
02222212022222222
22122211000102110
02220011001112011
00220000011100011
STEP 39 P2 MOVE 1 8 2 11
OWN
01000000011122002
11000000222222002
11220202222210110
10000202000010000
10000002221110000
10000012111010220
02222212022222222
22122211000102110
02220011001112011
00220000011100011
STEP 40 P1 MOVE 7 10 7 12
OWN
01000000011122002
11000000222222002
11220202222210110
10000202000010000
10000002221110000
10000012111010220
02222212022222222
22122211001112110
02220011001112011
00220000011100011
STEP 41 P2 MOVE 8 8 9 8
OWN
01000000011122002
11000000222222002
11220202222210110
10000202000010000
10000002221110000
10000012111010220
02222212022222222
22122211001112110
02220011201112011
00220000211100011
STEP 42 P1 MOVE -1 -1 -1 -1
OWN
01000000011122002
11000000222222002
11220202222210110
10000202000010000
10000002221110000
10000012111010220
02222212022222222
22122211001112110
02220011201112011
00220000211100011
STEP 43 P2 MOVE -1 -1 -1 -1
OWN
01000000011122002
11000000222222002
11220202222210110
10000202000010000
10000002221110000
10000012111010220
02222212022222222
22122211001112110
02220011201112011
00220000211100011
RESULT first=44 second=54 winner=2
ANALYSIS winner=P2 score=44-54 reason=탈취우위(+5칸 빼앗음,2배효과) / 역전승 steal(w/l)=8/3 neu(w/l)=49/49
