BOARD
86533169826917387
33412392725447254
75614171783147212
44612391928947274
23311593512743916
92626847417617244
85625529117978642
74279696353511353
23111847516538953
29522783973586215
STEP 0 P1 MOVE 1 14 2 15
OWN
00000000000000000
00000000000000110
00000000000000110
00000000000000000
00000000000000000
00000000000000000
00000000000000000
00000000000000000
00000000000000000
00000000000000000
STEP 1 P2 MOVE 7 1 8 2
OWN
00000000000000000
00000000000000110
00000000000000110
00000000000000000
00000000000000000
00000000000000000
00000000000000000
02200000000000000
02200000000000000
00000000000000000
STEP 2 P1 MOVE 7 3 9 3
OWN
00000000000000000
00000000000000110
00000000000000110
00000000000000000
00000000000000000
00000000000000000
00000000000000000
02210000000000000
02210000000000000
00010000000000000
STEP 3 P2 MOVE 1 0 1 2
OWN
00000000000000000
22200000000000110
00000000000000110
00000000000000000
00000000000000000
00000000000000000
00000000000000000
02210000000000000
02210000000000000
00010000000000000
STEP 4 P1 MOVE 1 16 3 16
OWN
00000000000000000
22200000000000111
00000000000000111
00000000000000001
00000000000000000
00000000000000000
00000000000000000
02210000000000000
02210000000000000
00010000000000000
STEP 5 P2 MOVE 4 13 5 13
OWN
00000000000000000
22200000000000111
00000000000000111
00000000000000001
00000000000002000
00000000000002000
00000000000000000
02210000000000000
02210000000000000
00010000000000000
STEP 6 P1 MOVE 2 11 3 11
OWN
00000000000000000
22200000000000111
00000000000100111
00000000000100001
00000000000002000
00000000000002000
00000000000000000
02210000000000000
02210000000000000
00010000000000000
STEP 7 P2 MOVE 3 6 3 7
OWN
00000000000000000
22200000000000111
00000000000100111
00000022000100001
00000000000002000
00000000000002000
00000000000000000
02210000000000000
02210000000000000
00010000000000000
STEP 8 P1 MOVE 0 13 0 14
OWN
00000000000001100
22200000000000111
00000000000100111
00000022000100001
00000000000002000
00000000000002000
00000000000000000
02210000000000000
02210000000000000
00010000000000000
STEP 9 P2 MOVE 0 11 0 12
OWN
00000000000221100
22200000000000111
00000000000100111
00000022000100001
00000000000002000
00000000000002000
00000000000000000
02210000000000000
02210000000000000
00010000000000000
STEP 10 P1 MOVE 0 8 0 9
OWN
00000000110221100
22200000000000111
00000000000100111
00000022000100001
00000000000002000
00000000000002000
00000000000000000
02210000000000000
02210000000000000
00010000000000000
STEP 11 P2 MOVE 1 9 2 9
OWN
00000000110221100
22200000020000111
00000000020100111
00000022000100001
00000000000002000
00000000000002000
00000000000000000
02210000000000000
02210000000000000
00010000000000000
STEP 12 P1 MOVE 7 10 7 13
OWN
00000000110221100
22200000020000111
00000000020100111
00000022000100001
00000000000002000
00000000000002000
00000000000000000
02210000001111000
02210000000000000
00010000000000000
STEP 13 P2 MOVE 4 16 5 16
OWN
00000000110221100
22200000020000111
00000000020100111
00000022000100001
00000000000002002
00000000000002002
00000000000000000
02210000001111000
02210000000000000
00010000000000000
STEP 14 P1 MOVE 6 12 8 12
OWN
00000000110221100
22200000020000111
00000000020100111
00000022000100001
00000000000002002
00000000000002002
00000000000010000
02210000001111000
02210000000010000
00010000000000000
STEP 15 P2 MOVE 3 9 3 10
OWN
00000000110221100
22200000020000111
00000000020100111
00000022022100001
00000000000002002
00000000000002002
00000000000010000
02210000001111000
02210000000010000
00010000000000000
STEP 16 P1 MOVE 8 11 9 11
OWN
00000000110221100
22200000020000111
00000000020100111
00000022022100001
00000000000002002
00000000000002002
00000000000010000
02210000001111000
02210000000110000
00010000000100000
STEP 17 P2 MOVE 5 1 5 3
OWN
00000000110221100
22200000020000111
00000000020100111
00000022022100001
00000000000002002
02220000000002002
00000000000010000
02210000001111000
02210000000110000
00010000000100000
STEP 18 P1 MOVE 4 0 4 4
OWN
00000000110221100
22200000020000111
00000000020100111
00000022022100001
11111000000002002
02220000000002002
00000000000010000
02210000001111000
02210000000110000
00010000000100000
STEP 19 P2 MOVE 0 4 0 6
OWN
00002220110221100
22200000020000111
00000000020100111
00000022022100001
11111000000002002
02220000000002002
00000000000010000
02210000001111000
02210000000110000
00010000000100000
STEP 20 P1 MOVE 9 9 9 10
OWN
00002220110221100
22200000020000111
00000000020100111
00000022022100001
11111000000002002
02220000000002002
00000000000010000
02210000001111000
02210000000110000
00010000011100000
STEP 21 P2 MOVE 2 8 2 10
OWN
00002220110221100
22200000020000111
00000000222100111
00000022022100001
11111000000002002
02220000000002002
00000000000010000
02210000001111000
02210000000110000
00010000011100000
STEP 22 P1 MOVE 1 7 2 8
OWN
00002220110221100
22200001120000111
00000001122100111
00000022022100001
11111000000002002
02220000000002002
00000000000010000
02210000001111000
02210000000110000
00010000011100000
STEP 23 P2 MOVE 4 9 4 11
OWN
00002220110221100
22200001120000111
00000001122100111
00000022022100001
11111000022202002
02220000000002002
00000000000010000
02210000001111000
02210000000110000
00010000011100000
STEP 24 P1 MOVE 4 8 5 9
OWN
00002220110221100
22200001120000111
00000001122100111
00000022022100001
11111000112202002
02220000110002002
00000000000010000
02210000001111000
02210000000110000
00010000011100000
STEP 25 P2 MOVE 6 8 7 9
OWN
00002220110221100
22200001120000111
00000001122100111
00000022022100001
11111000112202002
02220000110002002
00000000220010000
02210000221111000
02210000000110000
00010000011100000
STEP 26 P1 MOVE 4 7 5 7
OWN
00002220110221100
22200001120000111
00000001122100111
00000022022100001
11111001112202002
02220001110002002
00000000220010000
02210000221111000
02210000000110000
00010000011100000
STEP 27 P2 MOVE 7 15 8 15
OWN
00002220110221100
22200001120000111
00000001122100111
00000022022100001
11111001112202002
02220001110002002
00000000220010000
02210000221111020
02210000000110020
00010000011100000
STEP 28 P1 MOVE 8 7 9 7
OWN
00002220110221100
22200001120000111
00000001122100111
00000022022100001
11111001112202002
02220001110002002
00000000220010000
02210000221111020
02210001000110020
00010001011100000
STEP 29 P2 MOVE 8 6 8 9
OWN
00002220110221100
22200001120000111
00000001122100111
00000022022100001
11111001112202002
02220001110002002
00000000220010000
02210000221111020
02210022220110020
00010001011100000
STEP 30 P1 MOVE 7 4 8 4
OWN
00002220110221100
22200001120000111
00000001122100111
00000022022100001
11111001112202002
02220001110002002
00000000220010000
02211000221111020
02211022220110020
00010001011100000
STEP 31 P2 MOVE 8 0 8 5
OWN
00002220110221100
22200001120000111
00000001122100111
00000022022100001
11111001112202002
02220001110002002
00000000220010000
02211000221111020
22222222220110020
00010001011100000
STEP 32 P1 MOVE 1 11 5 11
OWN
00002220110221100
22200001120100111
00000001122100111
00000022022100001
11111001112102002
02220001110102002
00000000220010000
02211000221111020
22222222220110020
00010001011100000
STEP 33 P2 MOVE 5 11 6 12
OWN
00002220110221100
22200001120100111
00000001122100111
00000022022100001
11111001112102002
02220001110222002
00000000220220000
02211000221111020
22222222220110020
00010001011100000
STEP 34 P1 MOVE 6 14 6 15
OWN
00002220110221100
22200001120100111
00000001122100111
00000022022100001
11111001112102002
02220001110222002
00000000220220110
02211000221111020
22222222220110020
00010001011100000
STEP 35 P2 MOVE 6 13 6 16
OWN
00002220110221100
22200001120100111
00000001122100111
00000022022100001
11111001112102002
02220001110222002
00000000220222222
02211000221111020
22222222220110020
00010001011100000
STEP 36 P1 MOVE 6 10 7 14
OWN
00002220110221100
22200001120100111
00000001122100111
00000022022100001
11111001112102002
02220001110222002
00000000221111122
02211000221111120
22222222220110020
00010001011100000
STEP 37 P2 MOVE 0 16 7 16
OWN
00002220110221102
22200001120100112
00000001122100112
00000022022100002
11111001112102002
02220001110222002
00000000221111122
02211000221111122
22222222220110020
00010001011100000
STEP 38 P1 MOVE 4 14 4 15
OWN
00002220110221102
22200001120100112
00000001122100112
00000022022100002
11111001112102112
02220001110222002
00000000221111122
02211000221111122
22222222220110020
00010001011100000
STEP 39 P2 MOVE 3 1 3 2
OWN
00002220110221102
22200001120100112
00000001122100112
02200022022100002
11111001112102112
02220001110222002
00000000221111122
02211000221111122
22222222220110020
00010001011100000
STEP 40 P1 MOVE 2 1 6 1
OWN
00002220110221102
22200001120100112
01000001122100112
01200022022100002
11111001112102112
01220001110222002
01000000221111122
02211000221111122
22222222220110020
00010001011100000
STEP 41 P2 MOVE 2 4 3 5
OWN
00002220110221102
22200001120100112
01002201122100112
01202222022100002
11111001112102112
01220001110222002
01000000221111122
02211000221111122
22222222220110020
00010001011100000
STEP 42 P1 MOVE 3 0 4 5
OWN
00002220110221102
22200001120100112
01002201122100112
11111122022100002
11111101112102112
01220001110222002
01000000221111122
02211000221111122
22222222220110020
00010001011100000
STEP 43 P2 MOVE 0 3 2 5
OWN
00022220110221102
22222201120100112
01022201122100112
11111122022100002
11111101112102112
01220001110222002
01000000221111122
02211000221111122
22222222220110020
00010001011100000
STEP 44 P1 MOVE 4 12 5 15
OWN
00022220110221102
22222201120100112
01022201122100112
11111122022100002
11111101112111112
01220001110211112
01000000221111122
02211000221111122
22222222220110020
00010001011100000
STEP 45 P2 MOVE 3 15 8 16
OWN
00022220110221102
22222201120100112
01022201122100112
11111122022100022
11111101112111122
01220001110211122
01000000221111122
02211000221111122
22222222220110022
00010001011100000
STEP 46 P1 MOVE 0 14 3 15
OWN
00022220110221112
22222201120100112
01022201122100112
11111122022100112
11111101112111122
01220001110211122
01000000221111122
02211000221111122
22222222220110022
00010001011100000
STEP 47 P2 MOVE -1 -1 -1 -1
OWN
00022220110221112
22222201120100112
01022201122100112
11111122022100112
11111101112111122
01220001110211122
01000000221111122
02211000221111122
22222222220110022
00010001011100000
STEP 48 P1 MOVE -1 -1 -1 -1
OWN
00022220110221112
22222201120100112
01022201122100112
11111122022100112
11111101112111122
01220001110211122
01000000221111122
02211000221111122
22222222220110022
00010001011100000
RESULT first=65 second=56 winner=1
ANALYSIS winner=P1 score=65-56 reason=탈취우위(+4칸 빼앗음,2배효과) steal(w/l)=16/12 neu(w/l)=61/60
