BOARD
37758489399411672
34417781698261322
18396783318424422
98974639756897687
51238182994692336
66542323763194731
68974439287815155
17437263381539814
63678853953173156
47573332723183225
STEP 0 P1 MOVE 5 4 5 7
OWN
00000000000000000
00000000000000000
00000000000000000
00000000000000000
00000000000000000
00001111000000000
00000000000000000
00000000000000000
00000000000000000
00000000000000000
STEP 1 P2 MOVE 8 14 9 15
OWN
00000000000000000
00000000000000000
00000000000000000
00000000000000000
00000000000000000
00001111000000000
00000000000000000
00000000000000000
00000000000000220
00000000000000220
STEP 2 P1 MOVE 5 9 5 11
OWN
00000000000000000
00000000000000000
00000000000000000
00000000000000000
00000000000000000
00001111011100000
00000000000000000
00000000000000000
00000000000000220
00000000000000220
STEP 3 P2 MOVE 5 16 7 16
OWN
00000000000000000
00000000000000000
00000000000000000
00000000000000000
00000000000000000
00001111011100002
00000000000000002
00000000000000002
00000000000000220
00000000000000220
STEP 4 P1 MOVE 4 10 4 11
OWN
00000000000000000
00000000000000000
00000000000000000
00000000000000000
00000000001100000
00001111011100002
00000000000000002
00000000000000002
00000000000000220
00000000000000220
STEP 5 P2 MOVE 8 1 9 1
OWN
00000000000000000
00000000000000000
00000000000000000
00000000000000000
00000000001100000
00001111011100002
00000000000000002
00000000000000002
02000000000000220
02000000000000220
STEP 6 P1 MOVE 2 4 3 4
OWN
00000000000000000
00000000000000000
00001000000000000
00001000000000000
00000000001100000
00001111011100002
00000000000000002
00000000000000002
02000000000000220
02000000000000220
STEP 7 P2 MOVE 7 3 8 3
OWN
00000000000000000
00000000000000000
00001000000000000
00001000000000000
00000000001100000
00001111011100002
00000000000000002
00020000000000002
02020000000000220
02000000000000220
STEP 8 P1 MOVE 0 7 1 7
OWN
00000001000000000
00000001000000000
00001000000000000
00001000000000000
00000000001100000
00001111011100002
00000000000000002
00020000000000002
02020000000000220
02000000000000220
STEP 9 P2 MOVE 9 3 9 4
OWN
00000001000000000
00000001000000000
00001000000000000
00001000000000000
00000000001100000
00001111011100002
00000000000000002
00020000000000002
02020000000000220
02022000000000220
STEP 10 P1 MOVE 7 2 8 2
OWN
00000001000000000
00000001000000000
00001000000000000
00001000000000000
00000000001100000
00001111011100002
00000000000000002
00120000000000002
02120000000000220
02022000000000220
STEP 11 P2 MOVE 2 0 3 0
OWN
00000001000000000
00000001000000000
20001000000000000
20001000000000000
00000000001100000
00001111011100002
00000000000000002
00120000000000002
02120000000000220
02022000000000220
STEP 12 P1 MOVE 5 12 6 12
OWN
00000001000000000
00000001000000000
20001000000000000
20001000000000000
00000000001100000
00001111011110002
00000000000010002
00120000000000002
02120000000000220
02022000000000220
STEP 13 P2 MOVE 7 5 8 5
OWN
00000001000000000
00000001000000000
20001000000000000
20001000000000000
00000000001100000
00001111011110002
00000000000010002
00120200000000002
02120200000000220
02022000000000220
STEP 14 P1 MOVE 3 3 4 3
OWN
00000001000000000
00000001000000000
20001000000000000
20011000000000000
00010000001100000
00001111011110002
00000000000010002
00120200000000002
02120200000000220
02022000000000220
STEP 15 P2 MOVE 4 14 5 14
OWN
00000001000000000
00000001000000000
20001000000000000
20011000000000000
00010000001100200
00001111011110202
00000000000010002
00120200000000002
02120200000000220
02022000000000220
STEP 16 P1 MOVE 8 0 9 0
OWN
00000001000000000
00000001000000000
20001000000000000
20011000000000000
00010000001100200
00001111011110202
00000000000010002
00120200000000002
12120200000000220
12022000000000220
STEP 17 P2 MOVE 5 13 6 14
OWN
00000001000000000
00000001000000000
20001000000000000
20011000000000000
00010000001100200
00001111011112202
00000000000012202
00120200000000002
12120200000000220
12022000000000220
STEP 18 P1 MOVE 2 8 3 8
OWN
00000001000000000
00000001000000000
20001000100000000
20011000100000000
00010000001100200
00001111011112202
00000000000012202
00120200000000002
12120200000000220
12022000000000220
STEP 19 P2 MOVE 1 9 2 9
OWN
00000001000000000
00000001020000000
20001000120000000
20011000100000000
00010000001100200
00001111011112202
00000000000012202
00120200000000002
12120200000000220
12022000000000220
STEP 20 P1 MOVE 0 0 0 1
OWN
11000001000000000
00000001020000000
20001000120000000
20011000100000000
00010000001100200
00001111011112202
00000000000012202
00120200000000002
12120200000000220
12022000000000220
STEP 21 P2 MOVE 0 11 2 11
OWN
11000001000200000
00000001020200000
20001000120200000
20011000100000000
00010000001100200
00001111011112202
00000000000012202
00120200000000002
12120200000000220
12022000000000220
STEP 22 P1 MOVE 2 12 2 14
OWN
11000001000200000
00000001020200000
20001000120211100
20011000100000000
00010000001100200
00001111011112202
00000000000012202
00120200000000002
12120200000000220
12022000000000220
STEP 23 P2 MOVE 2 10 2 15
OWN
11000001000200000
00000001020200000
20001000122222220
20011000100000000
00010000001100200
00001111011112202
00000000000012202
00120200000000002
12120200000000220
12022000000000220
STEP 24 P1 MOVE 1 13 2 16
OWN
11000001000200000
00000001020201111
20001000122221111
20011000100000000
00010000001100200
00001111011112202
00000000000012202
00120200000000002
12120200000000220
12022000000000220
STEP 25 P2 MOVE 6 8 6 9
OWN
11000001000200000
00000001020201111
20001000122221111
20011000100000000
00010000001100200
00001111011112202
00000000220012202
00120200000000002
12120200000000220
12022000000000220
STEP 26 P1 MOVE 5 8 7 8
OWN
11000001000200000
00000001020201111
20001000122221111
20011000100000000
00010000001100200
00001111111112202
00000000120012202
00120200100000002
12120200000000220
12022000000000220
STEP 27 P2 MOVE 0 13 4 13
OWN
11000001000202000
00000001020202111
20001000122222111
20011000100002000
00010000001102200
00001111111112202
00000000120012202
00120200100000002
12120200000000220
12022000000000220
STEP 28 P1 MOVE 0 10 0 12
OWN
11000001001112000
00000001020202111
20001000122222111
20011000100002000
00010000001102200
00001111111112202
00000000120012202
00120200100000002
12120200000000220
12022000000000220
STEP 29 P2 MOVE 7 10 8 11
OWN
11000001001112000
00000001020202111
20001000122222111
20011000100002000
00010000001102200
00001111111112202
00000000120012202
00120200102200002
12120200002200220
12022000000000220
STEP 30 P1 MOVE 6 10 9 10
OWN
11000001001112000
00000001020202111
20001000122222111
20011000100002000
00010000001102200
00001111111112202
00000000121012202
00120200101200002
12120200001200220
12022000001000220
STEP 31 P2 MOVE 7 12 8 12
OWN
11000001001112000
00000001020202111
20001000122222111
20011000100002000
00010000001102200
00001111111112202
00000000121012202
00120200101220002
12120200001220220
12022000001000220
STEP 32 P1 MOVE -1 -1 -1 -1
OWN
11000001001112000
00000001020202111
20001000122222111
20011000100002000
00010000001102200
00001111111112202
00000000121012202
00120200101220002
12120200001220220
12022000001000220
STEP 33 P2 MOVE 9 8 9 11
OWN
11000001001112000
00000001020202111
20001000122222111
20011000100002000
00010000001102200
00001111111112202
00000000121012202
00120200101220002
12120200001220220
12022000222200220
STEP 34 P1 MOVE 9 7 9 12
OWN
11000001001112000
00000001020202111
20001000122222111
20011000100002000
00010000001102200
00001111111112202
00000000121012202
00120200101220002
12120200001220220
12022001111110220
STEP 35 P2 MOVE 4 2 4 4
OWN
11000001001112000
00000001020202111
20001000122222111
20011000100002000
00222000001102200
00001111111112202
00000000121012202
00120200101220002
12120200001220220
12022001111110220
STEP 36 P1 MOVE 4 2 5 5
OWN
11000001001112000
00000001020202111
20001000122222111
20011000100002000
00111100001102200
00111111111112202
00000000121012202
00120200101220002
12120200001220220
12022001111110220
STEP 37 P2 MOVE 3 5 6 5
OWN
11000001001112000
00000001020202111
20001000122222111
20011200100002000
00111200001102200
00111211111112202
00000200121012202
00120200101220002
12120200001220220
12022001111110220
STEP 38 P1 MOVE 2 5 9 5
OWN
11000001001112000
00000001020202111
20001100122222111
20011100100002000
00111100001102200
00111111111112202
00000100121012202
00120100101220002
12120100001220220
12022101111110220
STEP 39 P2 MOVE 1 3 2 3
OWN
11000001001112000
00020001020202111
20021100122222111
20011100100002000
00111100001102200
00111111111112202
00000100121012202
00120100101220002
12120100001220220
12022101111110220
STEP 40 P1 MOVE -1 -1 -1 -1
OWN
11000001001112000
00020001020202111
20021100122222111
20011100100002000
00111100001102200
00111111111112202
00000100121012202
00120100101220002
12120100001220220
12022101111110220
STEP 41 P2 MOVE 4 6 4 7
OWN
11000001001112000
00020001020202111
20021100122222111
20011100100002000
00111122001102200
00111111111112202
00000100121012202
00120100101220002
12120100001220220
12022101111110220
STEP 42 P1 MOVE 3 4 6 6
OWN
11000001001112000
00020001020202111
20021100122222111
20011110100002000
00111112001102200
00111111111112202
00001110121012202
00120100101220002
12120100001220220
12022101111110220
STEP 43 P2 MOVE 4 1 4 8
OWN
11000001001112000
00020001020202111
20021100122222111
20011110100002000
02222222201102200
00111111111112202
00001110121012202
00120100101220002
12120100001220220
12022101111110220
STEP 44 P1 MOVE -1 -1 -1 -1
OWN
11000001001112000
00020001020202111
20021100122222111
20011110100002000
02222222201102200
00111111111112202
00001110121012202
00120100101220002
12120100001220220
12022101111110220
STEP 45 P2 MOVE -1 -1 -1 -1
OWN
11000001001112000
00020001020202111
20021100122222111
20011110100002000
02222222201102200
00111111111112202
00001110121012202
00120100101220002
12120100001220220
12022101111110220
RESULT first=56 second=46 winner=1
ANALYSIS winner=P1 score=56-46 reason=Ĺ»ĂëżěŔ§(+7Ä­ »©ľŃŔ˝,2ąčČż°ú) / żŞŔü˝Â steal(w/l)=21/14 neu(w/l)=49/53
