BOARD
93255718657591717
68641783532585267
61915418645313848
14992513934417343
48397466739367383
96659166419434335
88418772133647212
21828525976813857
61922949459886828
25411592439754763
STEP 0 P1 MOVE 3 5 5 5
OWN
00000000000000000
00000000000000000
00000000000000000
00000100000000000
00000100000000000
00000100000000000
00000000000000000
00000000000000000
00000000000000000
00000000000000000
STEP 1 P2 MOVE 1 9 1 11
OWN
00000000000000000
00000000022200000
00000000000000000
00000100000000000
00000100000000000
00000100000000000
00000000000000000
00000000000000000
00000000000000000
00000000000000000
STEP 2 P1 MOVE 0 6 2 6
OWN
00000010000000000
00000010022200000
00000010000000000
00000100000000000
00000100000000000
00000100000000000
00000000000000000
00000000000000000
00000000000000000
00000000000000000
STEP 3 P2 MOVE 3 9 6 9
OWN
00000010000000000
00000010022200000
00000010000000000
00000100020000000
00000100020000000
00000100020000000
00000000020000000
00000000000000000
00000000000000000
00000000000000000
STEP 4 P1 MOVE 6 8 6 11
OWN
00000010000000000
00000010022200000
00000010000000000
00000100020000000
00000100020000000
00000100020000000
00000000111100000
00000000000000000
00000000000000000
00000000000000000
STEP 5 P2 MOVE 3 12 5 12
OWN
00000010000000000
00000010022200000
00000010000000000
00000100020020000
00000100020020000
00000100020020000
00000000111100000
00000000000000000
00000000000000000
00000000000000000
STEP 6 P1 MOVE 7 0 9 0
OWN
00000010000000000
00000010022200000
00000010000000000
00000100020020000
00000100020020000
00000100020020000
00000000111100000
10000000000000000
10000000000000000
10000000000000000
STEP 7 P2 MOVE 3 14 3 16
OWN
00000010000000000
00000010022200000
00000010000000000
00000100020020222
00000100020020000
00000100020020000
00000000111100000
10000000000000000
10000000000000000
10000000000000000
STEP 8 P1 MOVE 4 11 4 13
OWN
00000010000000000
00000010022200000
00000010000000000
00000100020020222
00000100020111000
00000100020020000
00000000111100000
10000000000000000
10000000000000000
10000000000000000
STEP 9 P2 MOVE 4 13 5 14
OWN
00000010000000000
00000010022200000
00000010000000000
00000100020020222
00000100020112200
00000100020022200
00000000111100000
10000000000000000
10000000000000000
10000000000000000
STEP 10 P1 MOVE 0 3 0 4
OWN
00011010000000000
00000010022200000
00000010000000000
00000100020020222
00000100020112200
00000100020022200
00000000111100000
10000000000000000
10000000000000000
10000000000000000
STEP 11 P2 MOVE 1 14 2 14
OWN
00011010000000000
00000010022200200
00000010000000200
00000100020020222
00000100020112200
00000100020022200
00000000111100000
10000000000000000
10000000000000000
10000000000000000
STEP 12 P1 MOVE 4 16 6 16
OWN
00011010000000000
00000010022200200
00000010000000200
00000100020020222
00000100020112201
00000100020022201
00000000111100001
10000000000000000
10000000000000000
10000000000000000
STEP 13 P2 MOVE 6 1 8 1
OWN
00011010000000000
00000010022200200
00000010000000200
00000100020020222
00000100020112201
00000100020022201
02000000111100001
12000000000000000
12000000000000000
10000000000000000
STEP 14 P1 MOVE 7 3 7 4
OWN
00011010000000000
00000010022200200
00000010000000200
00000100020020222
00000100020112201
00000100020022201
02000000111100001
12011000000000000
12000000000000000
10000000000000000
STEP 15 P2 MOVE 9 1 9 3
OWN
00011010000000000
00000010022200200
00000010000000200
00000100020020222
00000100020112201
00000100020022201
02000000111100001
12011000000000000
12000000000000000
12220000000000000
STEP 16 P1 MOVE 6 13 6 15
OWN
00011010000000000
00000010022200200
00000010000000200
00000100020020222
00000100020112201
00000100020022201
02000000111101111
12011000000000000
12000000000000000
12220000000000000
STEP 17 P2 MOVE 3 13 7 13
OWN
00011010000000000
00000010022200200
00000010000000200
00000100020022222
00000100020112201
00000100020022201
02000000111102111
12011000000002000
12000000000000000
12220000000000000
STEP 18 P1 MOVE 5 15 8 15
OWN
00011010000000000
00000010022200200
00000010000000200
00000100020022222
00000100020112201
00000100020022211
02000000111102111
12011000000002010
12000000000000010
12220000000000000
STEP 19 P2 MOVE 1 2 1 3
OWN
00011010000000000
00220010022200200
00000010000000200
00000100020022222
00000100020112201
00000100020022211
02000000111102111
12011000000002010
12000000000000010
12220000000000000
STEP 20 P1 MOVE 2 3 3 3
OWN
00011010000000000
00220010022200200
00010010000000200
00010100020022222
00000100020112201
00000100020022211
02000000111102111
12011000000002010
12000000000000010
12220000000000000
STEP 21 P2 MOVE 0 12 0 13
OWN
00011010000022000
00220010022200200
00010010000000200
00010100020022222
00000100020112201
00000100020022211
02000000111102111
12011000000002010
12000000000000010
12220000000000000
STEP 22 P1 MOVE 1 15 2 15
OWN
00011010000022000
00220010022200210
00010010000000210
00010100020022222
00000100020112201
00000100020022211
02000000111102111
12011000000002010
12000000000000010
12220000000000000
STEP 23 P2 MOVE 6 4 8 4
OWN
00011010000022000
00220010022200210
00010010000000210
00010100020022222
00000100020112201
00000100020022211
02002000111102111
12012000000002010
12002000000000010
12220000000000000
STEP 24 P1 MOVE 5 4 9 4
OWN
00011010000022000
00220010022200210
00010010000000210
00010100020022222
00000100020112201
00001100020022211
02001000111102111
12011000000002010
12001000000000010
12221000000000000
STEP 25 P2 MOVE 1 5 1 7
OWN
00011010000022000
00220222022200210
00010010000000210
00010100020022222
00000100020112201
00001100020022211
02001000111102111
12011000000002010
12001000000000010
12221000000000000
STEP 26 P1 MOVE 0 2 1 5
OWN
00111110000022000
00111122022200210
00010010000000210
00010100020022222
00000100020112201
00001100020022211
02001000111102111
12011000000002010
12001000000000010
12221000000000000
STEP 27 P2 MOVE 2 1 2 2
OWN
00111110000022000
00111122022200210
02210010000000210
00010100020022222
00000100020112201
00001100020022211
02001000111102111
12011000000002010
12001000000000010
12221000000000000
STEP 28 P1 MOVE 5 2 6 2
OWN
00111110000022000
00111122022200210
02210010000000210
00010100020022222
00000100020112201
00101100020022211
02101000111102111
12011000000002010
12001000000000010
12221000000000000
STEP 29 P2 MOVE 5 7 5 8
OWN
00111110000022000
00111122022200210
02210010000000210
00010100020022222
00000100020112201
00101102220022211
02101000111102111
12011000000002010
12001000000000010
12221000000000000
STEP 30 P1 MOVE 8 13 9 13
OWN
00111110000022000
00111122022200210
02210010000000210
00010100020022222
00000100020112201
00101102220022211
02101000111102111
12011000000002010
12001000000001010
12221000000001000
STEP 31 P2 MOVE -1 -1 -1 -1
OWN
00111110000022000
00111122022200210
02210010000000210
00010100020022222
00000100020112201
00101102220022211
02101000111102111
12011000000002010
12001000000001010
12221000000001000
STEP 32 P1 MOVE -1 -1 -1 -1
OWN
00111110000022000
00111122022200210
02210010000000210
00010100020022222
00000100020112201
00101102220022211
02101000111102111
12011000000002010
12001000000001010
12221000000001000
RESULT first=44 second=34 winner=1
ANALYSIS winner=P1 score=44-34 reason=Ĺ»ĂëżěŔ§(+4Ä­ »©ľŃŔ˝,2ąčČż°ú) steal(w/l)=8/4 neu(w/l)=40/38
