BOARD
44791381937474143
34876411599291189
66774154779312239
91174629627178216
24235676987113192
81311715732532211
79158697122484543
97762923113746245
67848419221442393
19339117892746341
STEP 0 P1 MOVE 5 3 5 6
OWN
00000000000000000
00000000000000000
00000000000000000
00000000000000000
00000000000000000
00011110000000000
00000000000000000
00000000000000000
00000000000000000
00000000000000000
STEP 1 P2 MOVE 2 2 4 2
OWN
00000000000000000
00000000000000000
00200000000000000
00200000000000000
00200000000000000
00011110000000000
00000000000000000
00000000000000000
00000000000000000
00000000000000000
STEP 2 P1 MOVE 5 10 9 10
OWN
00000000000000000
00000000000000000
00200000000000000
00200000000000000
00200000000000000
00011110001000000
00000000001000000
00000000001000000
00000000001000000
00000000001000000
STEP 3 P2 MOVE 8 9 8 12
OWN
00000000000000000
00000000000000000
00200000000000000
00200000000000000
00200000000000000
00011110001000000
00000000001000000
00000000001000000
00000000022220000
00000000001000000
STEP 4 P1 MOVE 8 8 9 8
OWN
00000000000000000
00000000000000000
00200000000000000
00200000000000000
00200000000000000
00011110001000000
00000000001000000
00000000001000000
00000000122220000
00000000101000000
STEP 5 P2 MOVE 7 9 9 9
OWN
00000000000000000
00000000000000000
00200000000000000
00200000000000000
00200000000000000
00011110001000000
00000000001000000
00000000021000000
00000000122220000
00000000121000000
STEP 6 P1 MOVE 7 4 8 4
OWN
00000000000000000
00000000000000000
00200000000000000
00200000000000000
00200000000000000
00011110001000000
00000000001000000
00001000021000000
00001000122220000
00000000121000000
STEP 7 P2 MOVE 5 11 5 13
OWN
00000000000000000
00000000000000000
00200000000000000
00200000000000000
00200000000000000
00011110001222000
00000000001000000
00001000021000000
00001000122220000
00000000121000000
STEP 8 P1 MOVE 6 7 6 9
OWN
00000000000000000
00000000000000000
00200000000000000
00200000000000000
00200000000000000
00011110001222000
00000001111000000
00001000021000000
00001000122220000
00000000121000000
STEP 9 P2 MOVE 0 9 0 10
OWN
00000000022000000
00000000000000000
00200000000000000
00200000000000000
00200000000000000
00011110001222000
00000001111000000
00001000021000000
00001000122220000
00000000121000000
STEP 10 P1 MOVE 0 7 0 8
OWN
00000001122000000
00000000000000000
00200000000000000
00200000000000000
00200000000000000
00011110001222000
00000001111000000
00001000021000000
00001000122220000
00000000121000000
STEP 11 P2 MOVE 0 6 1 7
OWN
00000022122000000
00000022000000000
00200000000000000
00200000000000000
00200000000000000
00011110001222000
00000001111000000
00001000021000000
00001000122220000
00000000121000000
STEP 12 P1 MOVE 6 13 7 13
OWN
00000022122000000
00000022000000000
00200000000000000
00200000000000000
00200000000000000
00011110001222000
00000001111001000
00001000021001000
00001000122220000
00000000121000000
STEP 13 P2 MOVE 2 5 2 7
OWN
00000022122000000
00000022000000000
00200222000000000
00200000000000000
00200000000000000
00011110001222000
00000001111001000
00001000021001000
00001000122220000
00000000121000000
STEP 14 P1 MOVE 1 4 1 5
OWN
00000022122000000
00001122000000000
00200222000000000
00200000000000000
00200000000000000
00011110001222000
00000001111001000
00001000021001000
00001000122220000
00000000121000000
STEP 15 P2 MOVE 3 11 4 12
OWN
00000022122000000
00001122000000000
00200222000000000
00200000000220000
00200000000220000
00011110001222000
00000001111001000
00001000021001000
00001000122220000
00000000121000000
STEP 16 P1 MOVE 4 0 5 0
OWN
00000022122000000
00001122000000000
00200222000000000
00200000000220000
10200000000220000
10011110001222000
00000001111001000
00001000021001000
00001000122220000
00000000121000000
STEP 17 P2 MOVE 4 10 4 13
OWN
00000022122000000
00001122000000000
00200222000000000
00200000000220000
10200000002222000
10011110001222000
00000001111001000
00001000021001000
00001000122220000
00000000121000000
STEP 18 P1 MOVE 9 0 9 1
OWN
00000022122000000
00001122000000000
00200222000000000
00200000000220000
10200000002222000
10011110001222000
00000001111001000
00001000021001000
00001000122220000
11000000121000000
STEP 19 P2 MOVE 3 0 3 1
OWN
00000022122000000
00001122000000000
00200222000000000
22200000000220000
10200000002222000
10011110001222000
00000001111001000
00001000021001000
00001000122220000
11000000121000000
STEP 20 P1 MOVE 3 15 4 15
OWN
00000022122000000
00001122000000000
00200222000000000
22200000000220010
10200000002222010
10011110001222000
00000001111001000
00001000021001000
00001000122220000
11000000121000000
STEP 21 P2 MOVE 3 15 5 16
OWN
00000022122000000
00001122000000000
00200222000000000
22200000000220022
10200000002222022
10011110001222022
00000001111001000
00001000021001000
00001000122220000
11000000121000000
STEP 22 P1 MOVE 2 14 5 15
OWN
00000022122000000
00001122000000000
00200222000000110
22200000000220112
10200000002222112
10011110001222112
00000001111001000
00001000021001000
00001000122220000
11000000121000000
STEP 23 P2 MOVE 1 12 1 13
OWN
00000022122000000
00001122000022000
00200222000000110
22200000000220112
10200000002222112
10011110001222112
00000001111001000
00001000021001000
00001000122220000
11000000121000000
STEP 24 P1 MOVE 3 3 4 3
OWN
00000022122000000
00001122000022000
00200222000000110
22210000000220112
10210000002222112
10011110001222112
00000001111001000
00001000021001000
00001000122220000
11000000121000000
STEP 25 P2 MOVE 6 14 8 14
OWN
00000022122000000
00001122000022000
00200222000000110
22210000000220112
10210000002222112
10011110001222112
00000001111001200
00001000021001200
00001000122220200
11000000121000000
STEP 26 P1 MOVE 9 4 9 5
OWN
00000022122000000
00001122000022000
00200222000000110
22210000000220112
10210000002222112
10011110001222112
00000001111001200
00001000021001200
00001000122220200
11001100121000000
STEP 27 P2 MOVE 6 1 6 2
OWN
00000022122000000
00001122000022000
00200222000000110
22210000000220112
10210000002222112
10011110001222112
02200001111001200
00001000021001200
00001000122220200
11001100121000000
STEP 28 P1 MOVE 7 3 8 3
OWN
00000022122000000
00001122000022000
00200222000000110
22210000000220112
10210000002222112
10011110001222112
02200001111001200
00011000021001200
00011000122220200
11001100121000000
STEP 29 P2 MOVE 3 13 8 13
OWN
00000022122000000
00001122000022000
00200222000000110
22210000000222112
10210000002222112
10011110001222112
02200001111002200
00011000021002200
00011000122222200
11001100121000000
STEP 30 P1 MOVE 8 6 8 7
OWN
00000022122000000
00001122000022000
00200222000000110
22210000000222112
10210000002222112
10011110001222112
02200001111002200
00011000021002200
00011011122222200
11001100121000000
STEP 31 P2 MOVE 5 8 5 9
OWN
00000022122000000
00001122000022000
00200222000000110
22210000000222112
10210000002222112
10011110221222112
02200001111002200
00011000021002200
00011011122222200
11001100121000000
STEP 32 P1 MOVE 4 8 7 8
OWN
00000022122000000
00001122000022000
00200222000000110
22210000000222112
10210000102222112
10011110121222112
02200001111002200
00011000121002200
00011011122222200
11001100121000000
STEP 33 P2 MOVE 7 7 9 7
OWN
00000022122000000
00001122000022000
00200222000000110
22210000000222112
10210000102222112
10011110121222112
02200001111002200
00011002121002200
00011012122222200
11001102121000000
STEP 34 P1 MOVE 9 12 9 13
OWN
00000022122000000
00001122000022000
00200222000000110
22210000000222112
10210000102222112
10011110121222112
02200001111002200
00011002121002200
00011012122222200
11001102121011000
STEP 35 P2 MOVE 9 11 9 14
OWN
00000022122000000
00001122000022000
00200222000000110
22210000000222112
10210000102222112
10011110121222112
02200001111002200
00011002121002200
00011012122222200
11001102121222200
STEP 36 P1 MOVE 1 1 2 1
OWN
00000022122000000
01001122000022000
01200222000000110
22210000000222112
10210000102222112
10011110121222112
02200001111002200
00011002121002200
00011012122222200
11001102121222200
STEP 37 P2 MOVE 3 9 4 9
OWN
00000022122000000
01001122000022000
01200222000000110
22210000020222112
10210000122222112
10011110121222112
02200001111002200
00011002121002200
00011012122222200
11001102121222200
STEP 38 P1 MOVE 7 6 9 11
OWN
00000022122000000
01001122000022000
01200222000000110
22210000020222112
10210000122222112
10011110121222112
02200001111002200
00011011111102200
00011011111122200
11001111111122200
STEP 39 P2 MOVE 9 2 9 15
OWN
00000022122000000
01001122000022000
01200222000000110
22210000020222112
10210000122222112
10011110121222112
02200001111002200
00011011111102200
00011011111122200
11222222222222220
STEP 40 P1 MOVE 2 13 7 15
OWN
00000022122000000
01001122000022000
01200222000001110
22210000020221112
10210000122221112
10011110121221112
02200001111001110
00011011111101110
00011011111122200
11222222222222220
STEP 41 P2 MOVE 1 12 6 14
OWN
00000022122000000
01001122000022200
01200222000022210
22210000020222212
10210000122222212
10011110121222212
02200001111022210
00011011111101110
00011011111122200
11222222222222220
STEP 42 P1 MOVE 1 11 1 15
OWN
00000022122000000
01001122000111110
01200222000022210
22210000020222212
10210000122222212
10011110121222212
02200001111022210
00011011111101110
00011011111122200
11222222222222220
STEP 43 P2 MOVE -1 -1 -1 -1
OWN
00000022122000000
01001122000111110
01200222000022210
22210000020222212
10210000122222212
10011110121222212
02200001111022210
00011011111101110
00011011111122200
11222222222222220
STEP 44 P1 MOVE 2 0 4 1
OWN
00000022122000000
01001122000111110
11200222000022210
11210000020222212
11210000122222212
10011110121222212
02200001111022210
00011011111101110
00011011111122200
11222222222222220
STEP 45 P2 MOVE 1 0 6 0
OWN
00000022122000000
21001122000111110
21200222000022210
21210000020222212
21210000122222212
20011110121222212
22200001111022210
00011011111101110
00011011111122200
11222222222222220
STEP 46 P1 MOVE 5 2 7 2
OWN
00000022122000000
21001122000111110
21200222000022210
21210000020222212
21210000122222212
20111110121222212
22100001111022210
00111011111101110
00011011111122200
11222222222222220
STEP 47 P2 MOVE 3 1 5 4
OWN
00000022122000000
21001122000111110
21200222000022210
22222000020222212
22222000122222212
22222110121222212
22100001111022210
00111011111101110
00011011111122200
11222222222222220
STEP 48 P1 MOVE -1 -1 -1 -1
OWN
00000022122000000
21001122000111110
21200222000022210
22222000020222212
22222000122222212
22222110121222212
22100001111022210
00111011111101110
00011011111122200
11222222222222220
STEP 49 P2 MOVE -1 -1 -1 -1
OWN
00000022122000000
21001122000111110
21200222000022210
22222000020222212
22222000122222212
22222110121222212
22100001111022210
00111011111101110
00011011111122200
11222222222222220
RESULT first=47 second=71 winner=2
ANALYSIS winner=P2 score=47-71 reason=Ĺ»ĂëżěŔ§(+12Ä­ »©ľŃŔ˝,2ąčČż°ú) steal(w/l)=38/26 neu(w/l)=59/59
