BOARD
99938131254194265
76333763759322685
11699656477232114
74983783288465794
53423942148165374
49169315767819888
29645164836233542
17846879542589329
89227898595616812
89214614118875533
STEP 0 P1 MOVE 1 11 4 11
OWN
00000000000000000
00000000000100000
00000000000100000
00000000000100000
00000000000100000
00000000000000000
00000000000000000
00000000000000000
00000000000000000
00000000000000000
STEP 1 P2 MOVE 0 9 0 11
OWN
00000000022200000
00000000000100000
00000000000100000
00000000000100000
00000000000100000
00000000000000000
00000000000000000
00000000000000000
00000000000000000
00000000000000000
STEP 2 P1 MOVE 0 7 2 7
OWN
00000001022200000
00000001000100000
00000001000100000
00000000000100000
00000000000100000
00000000000000000
00000000000000000
00000000000000000
00000000000000000
00000000000000000
STEP 3 P2 MOVE 6 3 8 3
OWN
00000001022200000
00000001000100000
00000001000100000
00000000000100000
00000000000100000
00000000000000000
00020000000000000
00020000000000000
00020000000000000
00000000000000000
STEP 4 P1 MOVE 9 8 9 10
OWN
00000001022200000
00000001000100000
00000001000100000
00000000000100000
00000000000100000
00000000000000000
00020000000000000
00020000000000000
00020000000000000
00000000111000000
STEP 5 P2 MOVE 4 12 6 12
OWN
00000001022200000
00000001000100000
00000001000100000
00000000000100000
00000000000120000
00000000000020000
00020000000020000
00020000000000000
00020000000000000
00000000111000000
STEP 6 P1 MOVE 4 14 4 15
OWN
00000001022200000
00000001000100000
00000001000100000
00000000000100000
00000000000120110
00000000000020000
00020000000020000
00020000000000000
00020000000000000
00000000111000000
STEP 7 P2 MOVE 5 11 6 11
OWN
00000001022200000
00000001000100000
00000001000100000
00000000000100000
00000000000120110
00000000000220000
00020000000220000
00020000000000000
00020000000000000
00000000111000000
STEP 8 P1 MOVE 9 4 9 5
OWN
00000001022200000
00000001000100000
00000001000100000
00000000000100000
00000000000120110
00000000000220000
00020000000220000
00020000000000000
00020000000000000
00001100111000000
STEP 9 P2 MOVE 3 4 3 5
OWN
00000001022200000
00000001000100000
00000001000100000
00002200000100000
00000000000120110
00000000000220000
00020000000220000
00020000000000000
00020000000000000
00001100111000000
STEP 10 P1 MOVE 4 9 5 9
OWN
00000001022200000
00000001000100000
00000001000100000
00002200000100000
00000000010120110
00000000010220000
00020000000220000
00020000000000000
00020000000000000
00001100111000000
STEP 11 P2 MOVE 8 6 9 6
OWN
00000001022200000
00000001000100000
00000001000100000
00002200000100000
00000000010120110
00000000010220000
00020000000220000
00020000000000000
00020020000000000
00001120111000000
STEP 12 P1 MOVE 5 16 6 16
OWN
00000001022200000
00000001000100000
00000001000100000
00002200000100000
00000000010120110
00000000010220001
00020000000220001
00020000000000000
00020020000000000
00001120111000000
STEP 13 P2 MOVE 6 15 9 15
OWN
00000001022200000
00000001000100000
00000001000100000
00002200000100000
00000000010120110
00000000010220001
00020000000220021
00020000000000020
00020020000000020
00001120111000020
STEP 14 P1 MOVE 3 7 5 7
OWN
00000001022200000
00000001000100000
00000001000100000
00002201000100000
00000001010120110
00000001010220001
00020000000220021
00020000000000020
00020020000000020
00001120111000020
STEP 15 P2 MOVE 3 6 3 8
OWN
00000001022200000
00000001000100000
00000001000100000
00002222200100000
00000001010120110
00000001010220001
00020000000220021
00020000000000020
00020020000000020
00001120111000020
STEP 16 P1 MOVE 6 6 6 7
OWN
00000001022200000
00000001000100000
00000001000100000
00002222200100000
00000001010120110
00000001010220001
00020011000220021
00020000000000020
00020020000000020
00001120111000020
STEP 17 P2 MOVE 8 14 8 16
OWN
00000001022200000
00000001000100000
00000001000100000
00002222200100000
00000001010120110
00000001010220001
00020011000220021
00020000000000020
00020020000000222
00001120111000020
STEP 18 P1 MOVE 7 8 8 8
OWN
00000001022200000
00000001000100000
00000001000100000
00002222200100000
00000001010120110
00000001010220001
00020011000220021
00020000100000020
00020020100000222
00001120111000020
STEP 19 P2 MOVE 1 4 1 5
OWN
00000001022200000
00002201000100000
00000001000100000
00002222200100000
00000001010120110
00000001010220001
00020011000220021
00020000100000020
00020020100000222
00001120111000020
STEP 20 P1 MOVE 3 3 4 3
OWN
00000001022200000
00002201000100000
00000001000100000
00012222200100000
00010001010120110
00000001010220001
00020011000220021
00020000100000020
00020020100000222
00001120111000020
STEP 21 P2 MOVE 4 1 4 4
OWN
00000001022200000
00002201000100000
00000001000100000
00012222200100000
02222001010120110
00000001010220001
00020011000220021
00020000100000020
00020020100000222
00001120111000020
STEP 22 P1 MOVE 3 2 5 2
OWN
00000001022200000
00002201000100000
00000001000100000
00112222200100000
02122001010120110
00100001010220001
00020011000220021
00020000100000020
00020020100000222
00001120111000020
STEP 23 P2 MOVE 1 12 1 14
OWN
00000001022200000
00002201000122200
00000001000100000
00112222200100000
02122001010120110
00100001010220001
00020011000220021
00020000100000020
00020020100000222
00001120111000020
STEP 24 P1 MOVE 1 14 2 15
OWN
00000001022200000
00002201000122110
00000001000100110
00112222200100000
02122001010120110
00100001010220001
00020011000220021
00020000100000020
00020020100000222
00001120111000020
STEP 25 P2 MOVE 2 10 2 12
OWN
00000001022200000
00002201000122110
00000001002220110
00112222200100000
02122001010120110
00100001010220001
00020011000220021
00020000100000020
00020020100000222
00001120111000020
STEP 26 P1 MOVE 3 13 4 13
OWN
00000001022200000
00002201000122110
00000001002220110
00112222200101000
02122001010121110
00100001010220001
00020011000220021
00020000100000020
00020020100000222
00001120111000020
STEP 27 P2 MOVE -1 -1 -1 -1
OWN
00000001022200000
00002201000122110
00000001002220110
00112222200101000
02122001010121110
00100001010220001
00020011000220021
00020000100000020
00020020100000222
00001120111000020
STEP 28 P1 MOVE 2 6 5 6
OWN
00000001022200000
00002201000122110
00000011002220110
00112212200101000
02122011010121110
00100011010220001
00020011000220021
00020000100000020
00020020100000222
00001120111000020
STEP 29 P2 MOVE 2 5 2 8
OWN
00000001022200000
00002201000122110
00000222202220110
00112212200101000
02122011010121110
00100011010220001
00020011000220021
00020000100000020
00020020100000222
00001120111000020
STEP 30 P1 MOVE 0 8 4 8
OWN
00000001122200000
00002201100122110
00000222102220110
00112212100101000
02122011110121110
00100011010220001
00020011000220021
00020000100000020
00020020100000222
00001120111000020
STEP 31 P2 MOVE 0 5 1 6
OWN
00000221122200000
00002221100122110
00000222102220110
00112212100101000
02122011110121110
00100011010220001
00020011000220021
00020000100000020
00020020100000222
00001120111000020
STEP 32 P1 MOVE -1 -1 -1 -1
OWN
00000221122200000
00002221100122110
00000222102220110
00112212100101000
02122011110121110
00100011010220001
00020011000220021
00020000100000020
00020020100000222
00001120111000020
STEP 33 P2 MOVE 5 5 5 8
OWN
00000221122200000
00002221100122110
00000222102220110
00112212100101000
02122011110121110
00100222210220001
00020011000220021
00020000100000020
00020020100000222
00001120111000020
STEP 34 P1 MOVE 4 5 6 5
OWN
00000221122200000
00002221100122110
00000222102220110
00112212100101000
02122111110121110
00100122210220001
00020111000220021
00020000100000020
00020020100000222
00001120111000020
STEP 35 P2 MOVE 0 16 1 16
OWN
00000221122200002
00002221100122112
00000222102220110
00112212100101000
02122111110121110
00100122210220001
00020111000220021
00020000100000020
00020020100000222
00001120111000020
STEP 36 P1 MOVE 0 15 2 16
OWN
00000221122200011
00002221100122111
00000222102220111
00112212100101000
02122111110121110
00100122210220001
00020111000220021
00020000100000020
00020020100000222
00001120111000020
STEP 37 P2 MOVE -1 -1 -1 -1
OWN
00000221122200011
00002221100122111
00000222102220111
00112212100101000
02122111110121110
00100122210220001
00020111000220021
00020000100000020
00020020100000222
00001120111000020
STEP 38 P1 MOVE -1 -1 -1 -1
OWN
00000221122200011
00002221100122111
00000222102220111
00112212100101000
02122111110121110
00100122210220001
00020111000220021
00020000100000020
00020020100000222
00001120111000020
RESULT first=45 second=41 winner=1
ANALYSIS winner=P1 score=45-41 reason=摹奢檜薄 / 羲瞪蝓 steal(w/l)=8/7 neu(w/l)=44/42
