BOARD
51819648896395987
64381913189592144
73525229289138139
43536695387391218
45237977566521569
52475659581715234
58384852229334673
61182764466189152
62166921868595265
45548378286967688
STEP 0 P1 MOVE 4 2 7 2
OWN
00000000000000000
00000000000000000
00000000000000000
00000000000000000
00100000000000000
00100000000000000
00100000000000000
00100000000000000
00000000000000000
00000000000000000
STEP 1 P2 MOVE 6 11 6 13
OWN
00000000000000000
00000000000000000
00000000000000000
00000000000000000
00100000000000000
00100000000000000
00100000000222000
00100000000000000
00000000000000000
00000000000000000
STEP 2 P1 MOVE 0 1 0 3
OWN
01110000000000000
00000000000000000
00000000000000000
00000000000000000
00100000000000000
00100000000000000
00100000000222000
00100000000000000
00000000000000000
00000000000000000
STEP 3 P2 MOVE 6 16 8 16
OWN
01110000000000000
00000000000000000
00000000000000000
00000000000000000
00100000000000000
00100000000000000
00100000000222002
00100000000000002
00000000000000002
00000000000000000
STEP 4 P1 MOVE 2 8 4 8
OWN
01110000000000000
00000000000000000
00000000100000000
00000000100000000
00100000100000000
00100000000000000
00100000000222002
00100000000000002
00000000000000002
00000000000000000
STEP 5 P2 MOVE 1 1 3 1
OWN
01110000000000000
02000000000000000
02000000100000000
02000000100000000
00100000100000000
00100000000000000
00100000000222002
00100000000000002
00000000000000002
00000000000000000
STEP 6 P1 MOVE 2 13 4 13
OWN
01110000000000000
02000000000000000
02000000100001000
02000000100001000
00100000100001000
00100000000000000
00100000000222002
00100000000000002
00000000000000002
00000000000000000
STEP 7 P2 MOVE 5 13 5 15
OWN
01110000000000000
02000000000000000
02000000100001000
02000000100001000
00100000100001000
00100000000002220
00100000000222002
00100000000000002
00000000000000002
00000000000000000
STEP 8 P1 MOVE 4 3 5 3
OWN
01110000000000000
02000000000000000
02000000100001000
02000000100001000
00110000100001000
00110000000002220
00100000000222002
00100000000000002
00000000000000002
00000000000000000
STEP 9 P2 MOVE 0 4 1 4
OWN
01112000000000000
02002000000000000
02000000100001000
02000000100001000
00110000100001000
00110000000002220
00100000000222002
00100000000000002
00000000000000002
00000000000000000
STEP 10 P1 MOVE 9 1 9 2
OWN
01112000000000000
02002000000000000
02000000100001000
02000000100001000
00110000100001000
00110000000002220
00100000000222002
00100000000000002
00000000000000002
01100000000000000
STEP 11 P2 MOVE 3 10 3 11
OWN
01112000000000000
02002000000000000
02000000100001000
02000000102201000
00110000100001000
00110000000002220
00100000000222002
00100000000000002
00000000000000002
01100000000000000
STEP 12 P1 MOVE 2 10 2 11
OWN
01112000000000000
02002000000000000
02000000101101000
02000000102201000
00110000100001000
00110000000002220
00100000000222002
00100000000000002
00000000000000002
01100000000000000
STEP 13 P2 MOVE 0 5 0 6
OWN
01112220000000000
02002000000000000
02000000101101000
02000000102201000
00110000100001000
00110000000002220
00100000000222002
00100000000000002
00000000000000002
01100000000000000
STEP 14 P1 MOVE 9 5 9 6
OWN
01112220000000000
02002000000000000
02000000101101000
02000000102201000
00110000100001000
00110000000002220
00100000000222002
00100000000000002
00000000000000002
01100110000000000
STEP 15 P2 MOVE 1 5 1 6
OWN
01112220000000000
02002220000000000
02000000101101000
02000000102201000
00110000100001000
00110000000002220
00100000000222002
00100000000000002
00000000000000002
01100110000000000
STEP 16 P1 MOVE 8 3 9 3
OWN
01112220000000000
02002220000000000
02000000101101000
02000000102201000
00110000100001000
00110000000002220
00100000000222002
00100000000000002
00010000000000002
01110110000000000
STEP 17 P2 MOVE 9 8 9 9
OWN
01112220000000000
02002220000000000
02000000101101000
02000000102201000
00110000100001000
00110000000002220
00100000000222002
00100000000000002
00010000000000002
01110110220000000
STEP 18 P1 MOVE 1 11 4 11
OWN
01112220000000000
02002220000100000
02000000101101000
02000000102101000
00110000100101000
00110000000002220
00100000000222002
00100000000000002
00010000000000002
01110110220000000
STEP 19 P2 MOVE 4 11 5 12
OWN
01112220000000000
02002220000100000
02000000101101000
02000000102101000
00110000100221000
00110000000222220
00100000000222002
00100000000000002
00010000000000002
01110110220000000
STEP 20 P1 MOVE 5 0 6 0
OWN
01112220000000000
02002220000100000
02000000101101000
02000000102101000
00110000100221000
10110000000222220
10100000000222002
00100000000000002
00010000000000002
01110110220000000
STEP 21 P2 MOVE 7 13 7 14
OWN
01112220000000000
02002220000100000
02000000101101000
02000000102101000
00110000100221000
10110000000222220
10100000000222002
00100000000002202
00010000000000002
01110110220000000
STEP 22 P1 MOVE 5 10 6 10
OWN
01112220000000000
02002220000100000
02000000101101000
02000000102101000
00110000100221000
10110000001222220
10100000001222002
00100000000002202
00010000000000002
01110110220000000
STEP 23 P2 MOVE 5 6 6 6
OWN
01112220000000000
02002220000100000
02000000101101000
02000000102101000
00110000100221000
10110020001222220
10100020001222002
00100000000002202
00010000000000002
01110110220000000
STEP 24 P1 MOVE 6 8 6 14
OWN
01112220000000000
02002220000100000
02000000101101000
02000000102101000
00110000100221000
10110020001222220
10100020111111102
00100000000002202
00010000000000002
01110110220000000
STEP 25 P2 MOVE 1 8 7 8
OWN
01112220000000000
02002220200100000
02000000201101000
02000000202101000
00110000200221000
10110020201222220
10100020211111102
00100000200002202
00010000000000002
01110110220000000
STEP 26 P1 MOVE 2 14 8 14
OWN
01112220000000000
02002220200100000
02000000201101100
02000000202101100
00110000200221100
10110020201222120
10100020211111102
00100000200002102
00010000000000102
01110110220000000
STEP 27 P2 MOVE 3 12 3 15
OWN
01112220000000000
02002220200100000
02000000201101100
02000000202122220
00110000200221100
10110020201222120
10100020211111102
00100000200002102
00010000000000102
01110110220000000
STEP 28 P1 MOVE 6 5 6 7
OWN
01112220000000000
02002220200100000
02000000201101100
02000000202122220
00110000200221100
10110020201222120
10100111211111102
00100000200002102
00010000000000102
01110110220000000
STEP 29 P2 MOVE 4 0 7 0
OWN
01112220000000000
02002220200100000
02000000201101100
02000000202122220
20110000200221100
20110020201222120
20100111211111102
20100000200002102
00010000000000102
01110110220000000
STEP 30 P1 MOVE 3 0 8 0
OWN
01112220000000000
02002220200100000
02000000201101100
12000000202122220
10110000200221100
10110020201222120
10100111211111102
10100000200002102
10010000000000102
01110110220000000
STEP 31 P2 MOVE 0 14 1 14
OWN
01112220000000200
02002220200100200
02000000201101100
12000000202122220
10110000200221100
10110020201222120
10100111211111102
10100000200002102
10010000000000102
01110110220000000
STEP 32 P1 MOVE 7 7 7 9
OWN
01112220000000200
02002220200100200
02000000201101100
12000000202122220
10110000200221100
10110020201222120
10100111211111102
10100001110002102
10010000000000102
01110110220000000
STEP 33 P2 MOVE 5 1 6 1
OWN
01112220000000200
02002220200100200
02000000201101100
12000000202122220
10110000200221100
12110020201222120
12100111211111102
10100001110002102
10010000000000102
01110110220000000
STEP 34 P1 MOVE -1 -1 -1 -1
OWN
01112220000000200
02002220200100200
02000000201101100
12000000202122220
10110000200221100
12110020201222120
12100111211111102
10100001110002102
10010000000000102
01110110220000000
STEP 35 P2 MOVE 5 7 8 7
OWN
01112220000000200
02002220200100200
02000000201101100
12000000202122220
10110000200221100
12110022201222120
12100112211111102
10100002110002102
10010002000000102
01110110220000000
STEP 36 P1 MOVE 8 6 8 8
OWN
01112220000000200
02002220200100200
02000000201101100
12000000202122220
10110000200221100
12110022201222120
12100112211111102
10100002110002102
10010011100000102
01110110220000000
STEP 37 P2 MOVE 1 3 2 3
OWN
01112220000000200
02022220200100200
02020000201101100
12000000202122220
10110000200221100
12110022201222120
12100112211111102
10100002110002102
10010011100000102
01110110220000000
STEP 38 P1 MOVE 2 2 2 4
OWN
01112220000000200
02022220200100200
02111000201101100
12000000202122220
10110000200221100
12110022201222120
12100112211111102
10100002110002102
10010011100000102
01110110220000000
STEP 39 P2 MOVE 3 1 4 2
OWN
01112220000000200
02022220200100200
02111000201101100
12200000202122220
12210000200221100
12110022201222120
12100112211111102
10100002110002102
10010011100000102
01110110220000000
STEP 40 P1 MOVE -1 -1 -1 -1
OWN
01112220000000200
02022220200100200
02111000201101100
12200000202122220
12210000200221100
12110022201222120
12100112211111102
10100002110002102
10010011100000102
01110110220000000
STEP 41 P2 MOVE 7 3 7 4
OWN
01112220000000200
02022220200100200
02111000201101100
12200000202122220
12210000200221100
12110022201222120
12100112211111102
10122002110002102
10010011100000102
01110110220000000
STEP 42 P1 MOVE 6 4 8 4
OWN
01112220000000200
02022220200100200
02111000201101100
12200000202122220
12210000200221100
12110022201222120
12101112211111102
10121002110002102
10011011100000102
01110110220000000
STEP 43 P2 MOVE 2 0 3 3
OWN
01112220000000200
02022220200100200
22221000201101100
22220000202122220
12210000200221100
12110022201222120
12101112211111102
10121002110002102
10011011100000102
01110110220000000
STEP 44 P1 MOVE 1 0 7 2
OWN
01112220000000200
11122220200100200
11121000201101100
11120000202122220
11110000200221100
11110022201222120
11101112211111102
11121002110002102
10011011100000102
01110110220000000
STEP 45 P2 MOVE -1 -1 -1 -1
OWN
01112220000000200
11122220200100200
11121000201101100
11120000202122220
11110000200221100
11110022201222120
11101112211111102
11121002110002102
10011011100000102
01110110220000000
STEP 46 P1 MOVE -1 -1 -1 -1
OWN
01112220000000200
11122220200100200
11121000201101100
11120000202122220
11110000200221100
11110022201222120
11101112211111102
11121002110002102
10011011100000102
01110110220000000
RESULT first=62 second=39 winner=1
ANALYSIS winner=P1 score=62-39 reason=Ĺ»ĂëżěŔ§(+11Ä­ »©ľŃŔ˝,2ąčČż°ú) steal(w/l)=26/15 neu(w/l)=51/50
