BOARD
35263177223688744
66672987244142245
55532154441155368
35973372376421947
33225167891328961
22265251144991319
35375272444425397
32881345725465321
51765782284192961
35521144726581379
STEP 0 P1 MOVE 7 15 8 16
OWN
00000000000000000
00000000000000000
00000000000000000
00000000000000000
00000000000000000
00000000000000000
00000000000000000
00000000000000011
00000000000000011
00000000000000000
STEP 1 P2 MOVE 9 4 9 7
OWN
00000000000000000
00000000000000000
00000000000000000
00000000000000000
00000000000000000
00000000000000000
00000000000000000
00000000000000011
00000000000000011
00002222000000000
STEP 2 P1 MOVE 5 7 5 10
OWN
00000000000000000
00000000000000000
00000000000000000
00000000000000000
00000000000000000
00000001111000000
00000000000000000
00000000000000011
00000000000000011
00002222000000000
STEP 3 P2 MOVE 2 8 2 11
OWN
00000000000000000
00000000000000000
00000000222200000
00000000000000000
00000000000000000
00000001111000000
00000000000000000
00000000000000011
00000000000000011
00002222000000000
STEP 4 P1 MOVE 0 3 0 5
OWN
00011100000000000
00000000000000000
00000000222200000
00000000000000000
00000000000000000
00000001111000000
00000000000000000
00000000000000011
00000000000000011
00002222000000000
STEP 5 P2 MOVE 6 7 6 9
OWN
00011100000000000
00000000000000000
00000000222200000
00000000000000000
00000000000000000
00000001111000000
00000002220000000
00000000000000011
00000000000000011
00002222000000000
STEP 6 P1 MOVE 4 0 5 1
OWN
00011100000000000
00000000000000000
00000000222200000
00000000000000000
11000000000000000
11000001111000000
00000002220000000
00000000000000011
00000000000000011
00002222000000000
STEP 7 P2 MOVE 4 2 4 5
OWN
00011100000000000
00000000000000000
00000000222200000
00000000000000000
11222200000000000
11000001111000000
00000002220000000
00000000000000011
00000000000000011
00002222000000000
STEP 8 P1 MOVE 3 5 7 5
OWN
00011100000000000
00000000000000000
00000000222200000
00000100000000000
11222100000000000
11000101111000000
00000102220000000
00000100000000011
00000000000000011
00002222000000000
STEP 9 P2 MOVE 3 4 3 6
OWN
00011100000000000
00000000000000000
00000000222200000
00002220000000000
11222100000000000
11000101111000000
00000102220000000
00000100000000011
00000000000000011
00002222000000000
STEP 10 P1 MOVE 3 1 6 1
OWN
00011100000000000
00000000000000000
00000000222200000
01002220000000000
11222100000000000
11000101111000000
01000102220000000
00000100000000011
00000000000000011
00002222000000000
STEP 11 P2 MOVE 7 4 7 7
OWN
00011100000000000
00000000000000000
00000000222200000
01002220000000000
11222100000000000
11000101111000000
01000102220000000
00002222000000011
00000000000000011
00002222000000000
STEP 12 P1 MOVE 6 4 8 4
OWN
00011100000000000
00000000000000000
00000000222200000
01002220000000000
11222100000000000
11000101111000000
01001102220000000
00001222000000011
00001000000000011
00002222000000000
STEP 13 P2 MOVE 2 2 2 4
OWN
00011100000000000
00000000000000000
00222000222200000
01002220000000000
11222100000000000
11000101111000000
01001102220000000
00001222000000011
00001000000000011
00002222000000000
STEP 14 P1 MOVE 1 10 3 10
OWN
00011100000000000
00000000001000000
00222000221200000
01002220001000000
11222100000000000
11000101111000000
01001102220000000
00001222000000011
00001000000000011
00002222000000000
STEP 15 P2 MOVE 0 0 0 2
OWN
22211100000000000
00000000001000000
00222000221200000
01002220001000000
11222100000000000
11000101111000000
01001102220000000
00001222000000011
00001000000000011
00002222000000000
STEP 16 P1 MOVE 8 8 8 9
OWN
22211100000000000
00000000001000000
00222000221200000
01002220001000000
11222100000000000
11000101111000000
01001102220000000
00001222000000011
00001000110000011
00002222000000000
STEP 17 P2 MOVE 6 10 6 12
OWN
22211100000000000
00000000001000000
00222000221200000
01002220001000000
11222100000000000
11000101111000000
01001102222220000
00001222000000011
00001000110000011
00002222000000000
STEP 18 P1 MOVE 7 11 9 11
OWN
22211100000000000
00000000001000000
00222000221200000
01002220001000000
11222100000000000
11000101111000000
01001102222220000
00001222000100011
00001000110100011
00002222000100000
STEP 19 P2 MOVE 5 4 5 6
OWN
22211100000000000
00000000001000000
00222000221200000
01002220001000000
11222100000000000
11002221111000000
01001102222220000
00001222000100011
00001000110100011
00002222000100000
STEP 20 P1 MOVE 5 15 5 16
OWN
22211100000000000
00000000001000000
00222000221200000
01002220001000000
11222100000000000
11002221111000011
01001102222220000
00001222000100011
00001000110100011
00002222000100000
STEP 21 P2 MOVE 1 15 2 15
OWN
22211100000000000
00000000001000020
00222000221200020
01002220001000000
11222100000000000
11002221111000011
01001102222220000
00001222000100011
00001000110100011
00002222000100000
STEP 22 P1 MOVE 3 13 5 13
OWN
22211100000000000
00000000001000020
00222000221200020
01002220001001000
11222100000001000
11002221111001011
01001102222220000
00001222000100011
00001000110100011
00002222000100000
STEP 23 P2 MOVE 6 2 6 3
OWN
22211100000000000
00000000001000020
00222000221200020
01002220001001000
11222100000001000
11002221111001011
01221102222220000
00001222000100011
00001000110100011
00002222000100000
STEP 24 P1 MOVE 6 0 6 6
OWN
22211100000000000
00000000001000020
00222000221200020
01002220001001000
11222100000001000
11002221111001011
11111112222220000
00001222000100011
00001000110100011
00002222000100000
STEP 25 P2 MOVE 7 1 7 2
OWN
22211100000000000
00000000001000020
00222000221200020
01002220001001000
11222100000001000
11002221111001011
11111112222220000
02201222000100011
00001000110100011
00002222000100000
STEP 26 P1 MOVE 2 5 2 7
OWN
22211100000000000
00000000001000020
00222111221200020
01002220001001000
11222100000001000
11002221111001011
11111112222220000
02201222000100011
00001000110100011
00002222000100000
STEP 27 P2 MOVE 5 1 8 2
OWN
22211100000000000
00000000001000020
00222111221200020
01002220001001000
11222100000001000
12202221111001011
12211112222220000
02201222000100011
02201000110100011
00002222000100000
STEP 28 P1 MOVE 3 8 3 9
OWN
22211100000000000
00000000001000020
00222111221200020
01002220111001000
11222100000001000
12202221111001011
12211112222220000
02201222000100011
02201000110100011
00002222000100000
STEP 29 P2 MOVE 9 1 9 2
OWN
22211100000000000
00000000001000020
00222111221200020
01002220111001000
11222100000001000
12202221111001011
12211112222220000
02201222000100011
02201000110100011
02202222000100000
STEP 30 P1 MOVE 1 8 4 8
OWN
22211100000000000
00000000101000020
00222111121200020
01002220111001000
11222100100001000
12202221111001011
12211112222220000
02201222000100011
02201000110100011
02202222000100000
STEP 31 P2 MOVE 6 13 7 13
OWN
22211100000000000
00000000101000020
00222111121200020
01002220111001000
11222100100001000
12202221111001011
12211112222222000
02201222000102011
02201000110100011
02202222000100000
STEP 32 P1 MOVE 0 13 1 13
OWN
22211100000001000
00000000101001020
00222111121200020
01002220111001000
11222100100001000
12202221111001011
12211112222222000
02201222000102011
02201000110100011
02202222000100000
STEP 33 P2 MOVE 8 10 9 10
OWN
22211100000001000
00000000101001020
00222111121200020
01002220111001000
11222100100001000
12202221111001011
12211112222222000
02201222000102011
02201000112100011
02202222002100000
STEP 34 P1 MOVE 2 0 2 1
OWN
22211100000001000
00000000101001020
11222111121200020
01002220111001000
11222100100001000
12202221111001011
12211112222222000
02201222000102011
02201000112100011
02202222002100000
STEP 35 P2 MOVE 0 10 1 11
OWN
22211100002201000
00000000102201020
11222111121200020
01002220111001000
11222100100001000
12202221111001011
12211112222222000
02201222000102011
02201000112100011
02202222002100000
STEP 36 P1 MOVE 0 9 3 11
OWN
22211100011101000
00000000111101020
11222111111100020
01002220111101000
11222100100001000
12202221111001011
12211112222222000
02201222000102011
02201000112100011
02202222002100000
STEP 37 P2 MOVE 0 8 0 12
OWN
22211100222221000
00000000111101020
11222111111100020
01002220111101000
11222100100001000
12202221111001011
12211112222222000
02201222000102011
02201000112100011
02202222002100000
STEP 38 P1 MOVE 1 13 2 14
OWN
22211100222221000
00000000111101120
11222111111101120
01002220111101000
11222100100001000
12202221111001011
12211112222222000
02201222000102011
02201000112100011
02202222002100000
STEP 39 P2 MOVE 8 6 8 7
OWN
22211100222221000
00000000111101120
11222111111101120
01002220111101000
11222100100001000
12202221111001011
12211112222222000
02201222000102011
02201022112100011
02202222002100000
STEP 40 P1 MOVE 9 14 9 15
OWN
22211100222221000
00000000111101120
11222111111101120
01002220111101000
11222100100001000
12202221111001011
12211112222222000
02201222000102011
02201022112100011
02202222002100110
STEP 41 P2 MOVE 9 13 9 16
OWN
22211100222221000
00000000111101120
11222111111101120
01002220111101000
11222100100001000
12202221111001011
12211112222222000
02201222000102011
02201022112100011
02202222002102222
STEP 42 P1 MOVE 9 9 9 12
OWN
22211100222221000
00000000111101120
11222111111101120
01002220111101000
11222100100001000
12202221111001011
12211112222222000
02201222000102011
02201022112100011
02202222011112222
STEP 43 P2 MOVE -1 -1 -1 -1
OWN
22211100222221000
00000000111101120
11222111111101120
01002220111101000
11222100100001000
12202221111001011
12211112222222000
02201222000102011
02201022112100011
02202222011112222
STEP 44 P1 MOVE -1 -1 -1 -1
OWN
22211100222221000
00000000111101120
11222111111101120
01002220111101000
11222100100001000
12202221111001011
12211112222222000
02201222000102011
02201022112100011
02202222011112222
RESULT first=59 second=54 winner=1
ANALYSIS winner=P1 score=59-54 reason=şóÄ­Ľ±Áˇ(+3) steal(w/l)=13/12 neu(w/l)=58/55
