BOARD
96141762756293256
13921659173557644
89337974422857254
37682987863853435
52592957475968221
67633768651599135
29529835383673286
33589981788733277
95398847585924395
25128889549962665
STEP 0 P1 MOVE 9 0 9 3
OWN
00000000000000000
00000000000000000
00000000000000000
00000000000000000
00000000000000000
00000000000000000
00000000000000000
00000000000000000
00000000000000000
11110000000000000
STEP 1 P2 MOVE 0 14 2 14
OWN
00000000000000200
00000000000000200
00000000000000200
00000000000000000
00000000000000000
00000000000000000
00000000000000000
00000000000000000
00000000000000000
11110000000000000
STEP 2 P1 MOVE 2 7 2 9
OWN
00000000000000200
00000000000000200
00000001110000200
00000000000000000
00000000000000000
00000000000000000
00000000000000000
00000000000000000
00000000000000000
11110000000000000
STEP 3 P2 MOVE 1 12 2 12
OWN
00000000000000200
00000000000020200
00000001110020200
00000000000000000
00000000000000000
00000000000000000
00000000000000000
00000000000000000
00000000000000000
11110000000000000
STEP 4 P1 MOVE 2 16 4 16
OWN
00000000000000200
00000000000020200
00000001110020201
00000000000000001
00000000000000001
00000000000000000
00000000000000000
00000000000000000
00000000000000000
11110000000000000
STEP 5 P2 MOVE 2 13 3 13
OWN
00000000000000200
00000000000020200
00000001110022201
00000000000002001
00000000000000001
00000000000000000
00000000000000000
00000000000000000
00000000000000000
11110000000000000
STEP 6 P1 MOVE 2 10 2 11
OWN
00000000000000200
00000000000020200
00000001111122201
00000000000002001
00000000000000001
00000000000000000
00000000000000000
00000000000000000
00000000000000000
11110000000000000
STEP 7 P2 MOVE 7 11 7 12
OWN
00000000000000200
00000000000020200
00000001111122201
00000000000002001
00000000000000001
00000000000000000
00000000000000000
00000000000220000
00000000000000000
11110000000000000
STEP 8 P1 MOVE 6 12 6 13
OWN
00000000000000200
00000000000020200
00000001111122201
00000000000002001
00000000000000001
00000000000000000
00000000000011000
00000000000220000
00000000000000000
11110000000000000
STEP 9 P2 MOVE 3 0 3 1
OWN
00000000000000200
00000000000020200
00000001111122201
22000000000002001
00000000000000001
00000000000000000
00000000000011000
00000000000220000
00000000000000000
11110000000000000
STEP 10 P1 MOVE 1 7 1 8
OWN
00000000000000200
00000001100020200
00000001111122201
22000000000002001
00000000000000001
00000000000000000
00000000000011000
00000000000220000
00000000000000000
11110000000000000
STEP 11 P2 MOVE 0 0 1 0
OWN
20000000000000200
20000001100020200
00000001111122201
22000000000002001
00000000000000001
00000000000000000
00000000000011000
00000000000220000
00000000000000000
11110000000000000
STEP 12 P1 MOVE 4 8 5 8
OWN
20000000000000200
20000001100020200
00000001111122201
22000000000002001
00000000100000001
00000000100000000
00000000000011000
00000000000220000
00000000000000000
11110000000000000
STEP 13 P2 MOVE 0 13 1 13
OWN
20000000000002200
20000001100022200
00000001111122201
22000000000002001
00000000100000001
00000000100000000
00000000000011000
00000000000220000
00000000000000000
11110000000000000
STEP 14 P1 MOVE 0 16 1 16
OWN
20000000000002201
20000001100022201
00000001111122201
22000000000002001
00000000100000001
00000000100000000
00000000000011000
00000000000220000
00000000000000000
11110000000000000
STEP 15 P2 MOVE 4 15 5 16
OWN
20000000000002201
20000001100022201
00000001111122201
22000000000002001
00000000100000022
00000000100000022
00000000000011000
00000000000220000
00000000000000000
11110000000000000
STEP 16 P1 MOVE 3 14 5 15
OWN
20000000000002201
20000001100022201
00000001111122201
22000000000002111
00000000100000112
00000000100000112
00000000000011000
00000000000220000
00000000000000000
11110000000000000
STEP 17 P2 MOVE 2 12 3 15
OWN
20000000000002201
20000001100022201
00000001111122221
22000000000022221
00000000100000112
00000000100000112
00000000000011000
00000000000220000
00000000000000000
11110000000000000
STEP 18 P1 MOVE 5 4 5 5
OWN
20000000000002201
20000001100022201
00000001111122221
22000000000022221
00000000100000112
00001100100000112
00000000000011000
00000000000220000
00000000000000000
11110000000000000
STEP 19 P2 MOVE 6 2 7 2
OWN
20000000000002201
20000001100022201
00000001111122221
22000000000022221
00000000100000112
00001100100000112
00200000000011000
00200000000220000
00000000000000000
11110000000000000
STEP 20 P1 MOVE 6 3 7 3
OWN
20000000000002201
20000001100022201
00000001111122221
22000000000022221
00000000100000112
00001100100000112
00210000000011000
00210000000220000
00000000000000000
11110000000000000
STEP 21 P2 MOVE 6 8 7 8
OWN
20000000000002201
20000001100022201
00000001111122221
22000000000022221
00000000100000112
00001100100000112
00210000200011000
00210000200220000
00000000000000000
11110000000000000
STEP 22 P1 MOVE 8 8 9 8
OWN
20000000000002201
20000001100022201
00000001111122221
22000000000022221
00000000100000112
00001100100000112
00210000200011000
00210000200220000
00000000100000000
11110000100000000
STEP 23 P2 MOVE 8 16 9 16
OWN
20000000000002201
20000001100022201
00000001111122221
22000000000022221
00000000100000112
00001100100000112
00210000200011000
00210000200220000
00000000100000002
11110000100000002
STEP 24 P1 MOVE 3 3 3 4
OWN
20000000000002201
20000001100022201
00000001111122221
22011000000022221
00000000100000112
00001100100000112
00210000200011000
00210000200220000
00000000100000002
11110000100000002
STEP 25 P2 MOVE 2 3 2 4
OWN
20000000000002201
20000001100022201
00022001111122221
22011000000022221
00000000100000112
00001100100000112
00210000200011000
00210000200220000
00000000100000002
11110000100000002
STEP 26 P1 MOVE 1 9 1 10
OWN
20000000000002201
20000001111022201
00022001111122221
22011000000022221
00000000100000112
00001100100000112
00210000200011000
00210000200220000
00000000100000002
11110000100000002
STEP 27 P2 MOVE 0 2 1 2
OWN
20200000000002201
20200001111022201
00022001111122221
22011000000022221
00000000100000112
00001100100000112
00210000200011000
00210000200220000
00000000100000002
11110000100000002
STEP 28 P1 MOVE 0 1 0 3
OWN
21110000000002201
20200001111022201
00022001111122221
22011000000022221
00000000100000112
00001100100000112
00210000200011000
00210000200220000
00000000100000002
11110000100000002
STEP 29 P2 MOVE 1 6 1 11
OWN
21110000000002201
20200022222222201
00022001111122221
22011000000022221
00000000100000112
00001100100000112
00210000200011000
00210000200220000
00000000100000002
11110000100000002
STEP 30 P1 MOVE 1 5 1 15
OWN
21110000000002201
20200111111111111
00022001111122221
22011000000022221
00000000100000112
00001100100000112
00210000200011000
00210000200220000
00000000100000002
11110000100000002
STEP 31 P2 MOVE 0 11 3 11
OWN
21110000000202201
20200111111211111
00022001111222221
22011000000222221
00000000100000112
00001100100000112
00210000200011000
00210000200220000
00000000100000002
11110000100000002
STEP 32 P1 MOVE 6 14 6 15
OWN
21110000000202201
20200111111211111
00022001111222221
22011000000222221
00000000100000112
00001100100000112
00210000200011110
00210000200220000
00000000100000002
11110000100000002
STEP 33 P2 MOVE -1 -1 -1 -1
OWN
21110000000202201
20200111111211111
00022001111222221
22011000000222221
00000000100000112
00001100100000112
00210000200011110
00210000200220000
00000000100000002
11110000100000002
STEP 34 P1 MOVE -1 -1 -1 -1
OWN
21110000000202201
20200111111211111
00022001111222221
22011000000222221
00000000100000112
00001100100000112
00210000200011110
00210000200220000
00000000100000002
11110000100000002
RESULT first=43 second=31 winner=1
ANALYSIS winner=P1 score=43-31 reason=Ĺ»ĂëżěŔ§(+3Ä­ »©ľŃŔ˝,2ąčČż°ú) / şóÄ­Ľ±Áˇ(+6) steal(w/l)=12/9 neu(w/l)=40/34
