BOARD
25883623477472965
78221865315828236
94219715362439257
23875993256232281
14525173285247693
95619612911746748
22765194431898193
78764553996838545
89999163836467225
38131124222989875
STEP 0 P1 MOVE 9 4 9 8
OWN
00000000000000000
00000000000000000
00000000000000000
00000000000000000
00000000000000000
00000000000000000
00000000000000000
00000000000000000
00000000000000000
00001111100000000
STEP 1 P2 MOVE 1 8 4 8
OWN
00000000000000000
00000000200000000
00000000200000000
00000000200000000
00000000200000000
00000000000000000
00000000000000000
00000000000000000
00000000000000000
00001111100000000
STEP 2 P1 MOVE 3 0 4 1
OWN
00000000000000000
00000000200000000
00000000200000000
11000000200000000
11000000200000000
00000000000000000
00000000000000000
00000000000000000
00000000000000000
00001111100000000
STEP 3 P2 MOVE 8 5 8 7
OWN
00000000000000000
00000000200000000
00000000200000000
11000000200000000
11000000200000000
00000000000000000
00000000000000000
00000000000000000
00000222000000000
00001111100000000
STEP 4 P1 MOVE 0 13 1 13
OWN
00000000000001000
00000000200001000
00000000200000000
11000000200000000
11000000200000000
00000000000000000
00000000000000000
00000000000000000
00000222000000000
00001111100000000
STEP 5 P2 MOVE 2 12 4 12
OWN
00000000000001000
00000000200001000
00000000200020000
11000000200020000
11000000200020000
00000000000000000
00000000000000000
00000000000000000
00000222000000000
00001111100000000
STEP 6 P1 MOVE 8 11 8 12
OWN
00000000000001000
00000000200001000
00000000200020000
11000000200020000
11000000200020000
00000000000000000
00000000000000000
00000000000000000
00000222000110000
00001111100000000
STEP 7 P2 MOVE 3 5 4 5
OWN
00000000000001000
00000000200001000
00000000200020000
11000200200020000
11000200200020000
00000000000000000
00000000000000000
00000000000000000
00000222000110000
00001111100000000
STEP 8 P1 MOVE 6 5 6 6
OWN
00000000000001000
00000000200001000
00000000200020000
11000200200020000
11000200200020000
00000000000000000
00000110000000000
00000000000000000
00000222000110000
00001111100000000
STEP 9 P2 MOVE 8 16 9 16
OWN
00000000000001000
00000000200001000
00000000200020000
11000200200020000
11000200200020000
00000000000000000
00000110000000000
00000000000000000
00000222000110002
00001111100000002
STEP 10 P1 MOVE 8 14 9 14
OWN
00000000000001000
00000000200001000
00000000200020000
11000200200020000
11000200200020000
00000000000000000
00000110000000000
00000000000000000
00000222000110102
00001111100000102
STEP 11 P2 MOVE 8 2 9 2
OWN
00000000000001000
00000000200001000
00000000200020000
11000200200020000
11000200200020000
00000000000000000
00000110000000000
00000000000000000
00200222000110102
00201111100000102
STEP 12 P1 MOVE 0 3 1 3
OWN
00010000000001000
00010000200001000
00000000200020000
11000200200020000
11000200200020000
00000000000000000
00000110000000000
00000000000000000
00200222000110102
00201111100000102
STEP 13 P2 MOVE 7 3 7 4
OWN
00010000000001000
00010000200001000
00000000200020000
11000200200020000
11000200200020000
00000000000000000
00000110000000000
00022000000000000
00200222000110102
00201111100000102
STEP 14 P1 MOVE 2 6 3 6
OWN
00010000000001000
00010000200001000
00000010200020000
11000210200020000
11000200200020000
00000000000000000
00000110000000000
00022000000000000
00200222000110102
00201111100000102
STEP 15 P2 MOVE 1 1 1 2
OWN
00010000000001000
02210000200001000
00000010200020000
11000210200020000
11000200200020000
00000000000000000
00000110000000000
00022000000000000
00200222000110102
00201111100000102
STEP 16 P1 MOVE 2 3 2 4
OWN
00010000000001000
02210000200001000
00011010200020000
11000210200020000
11000200200020000
00000000000000000
00000110000000000
00022000000000000
00200222000110102
00201111100000102
STEP 17 P2 MOVE 6 1 7 1
OWN
00010000000001000
02210000200001000
00011010200020000
11000210200020000
11000200200020000
00000000000000000
02000110000000000
02022000000000000
00200222000110102
00201111100000102
STEP 18 P1 MOVE 5 12 5 13
OWN
00010000000001000
02210000200001000
00011010200020000
11000210200020000
11000200200020000
00000000000011000
02000110000000000
02022000000000000
00200222000110102
00201111100000102
STEP 19 P2 MOVE 6 4 7 5
OWN
00010000000001000
02210000200001000
00011010200020000
11000210200020000
11000200200020000
00000000000011000
02002210000000000
02022200000000000
00200222000110102
00201111100000102
STEP 20 P1 MOVE 6 3 6 7
OWN
00010000000001000
02210000200001000
00011010200020000
11000210200020000
11000200200020000
00000000000011000
02011111000000000
02022200000000000
00200222000110102
00201111100000102
STEP 21 P2 MOVE 5 3 8 3
OWN
00010000000001000
02210000200001000
00011010200020000
11000210200020000
11000200200020000
00020000000011000
02021111000000000
02022200000000000
00220222000110102
00201111100000102
STEP 22 P1 MOVE 1 7 2 7
OWN
00010000000001000
02210001200001000
00011011200020000
11000210200020000
11000200200020000
00020000000011000
02021111000000000
02022200000000000
00220222000110102
00201111100000102
STEP 23 P2 MOVE 0 7 3 8
OWN
00010002200001000
02210002200001000
00011012200020000
11000212200020000
11000200200020000
00020000000011000
02021111000000000
02022200000000000
00220222000110102
00201111100000102
STEP 24 P1 MOVE 3 4 3 9
OWN
00010002200001000
02210002200001000
00011012200020000
11001111110020000
11000200200020000
00020000000011000
02021111000000000
02022200000000000
00220222000110102
00201111100000102
STEP 25 P2 MOVE 3 10 3 13
OWN
00010002200001000
02210002200001000
00011012200020000
11001111112222000
11000200200020000
00020000000011000
02021111000000000
02022200000000000
00220222000110102
00201111100000102
STEP 26 P1 MOVE 2 2 3 2
OWN
00010002200001000
02210002200001000
00111012200020000
11101111112222000
11000200200020000
00020000000011000
02021111000000000
02022200000000000
00220222000110102
00201111100000102
STEP 27 P2 MOVE 4 6 4 7
OWN
00010002200001000
02210002200001000
00111012200020000
11101111112222000
11000222200020000
00020000000011000
02021111000000000
02022200000000000
00220222000110102
00201111100000102
STEP 28 P1 MOVE -1 -1 -1 -1
OWN
00010002200001000
02210002200001000
00111012200020000
11101111112222000
11000222200020000
00020000000011000
02021111000000000
02022200000000000
00220222000110102
00201111100000102
STEP 29 P2 MOVE 1 11 1 12
OWN
00010002200001000
02210002200221000
00111012200020000
11101111112222000
11000222200020000
00020000000011000
02021111000000000
02022200000000000
00220222000110102
00201111100000102
STEP 30 P1 MOVE 1 10 1 15
OWN
00010002200001000
02210002201111110
00111012200020000
11101111112222000
11000222200020000
00020000000011000
02021111000000000
02022200000000000
00220222000110102
00201111100000102
STEP 31 P2 MOVE 0 11 4 11
OWN
00010002200201000
02210002201211110
00111012200220000
11101111112222000
11000222200220000
00020000000011000
02021111000000000
02022200000000000
00220222000110102
00201111100000102
STEP 32 P1 MOVE 2 14 4 14
OWN
00010002200201000
02210002201211110
00111012200220100
11101111112222100
11000222200220100
00020000000011000
02021111000000000
02022200000000000
00220222000110102
00201111100000102
STEP 33 P2 MOVE 6 14 6 15
OWN
00010002200201000
02210002201211110
00111012200220100
11101111112222100
11000222200220100
00020000000011000
02021111000000220
02022200000000000
00220222000110102
00201111100000102
STEP 34 P1 MOVE 5 15 8 15
OWN
00010002200201000
02210002201211110
00111012200220100
11101111112222100
11000222200220100
00020000000011010
02021111000000210
02022200000000010
00220222000110112
00201111100000102
STEP 35 P2 MOVE 7 14 7 16
OWN
00010002200201000
02210002201211110
00111012200220100
11101111112222100
11000222200220100
00020000000011010
02021111000000210
02022200000000222
00220222000110112
00201111100000102
STEP 36 P1 MOVE 6 15 9 16
OWN
00010002200201000
02210002201211110
00111012200220100
11101111112222100
11000222200220100
00020000000011010
02021111000000211
02022200000000211
00220222000110111
00201111100000111
STEP 37 P2 MOVE -1 -1 -1 -1
OWN
00010002200201000
02210002201211110
00111012200220100
11101111112222100
11000222200220100
00020000000011010
02021111000000211
02022200000000211
00220222000110111
00201111100000111
STEP 38 P1 MOVE -1 -1 -1 -1
OWN
00010002200201000
02210002201211110
00111012200220100
11101111112222100
11000222200220100
00020000000011010
02021111000000211
02022200000000211
00220222000110111
00201111100000111
RESULT first=50 second=37 winner=1
ANALYSIS winner=P1 score=50-37 reason=탈취우위(+6칸 빼앗음,2배효과) / 역전승 steal(w/l)=12/6 neu(w/l)=44/43
