BOARD
85648629649236266
44267226714657248
58354927298799389
52693161789432357
46191245978778272
61128156699825374
22133131561391451
38776934195676139
85326759922921258
85545444541983425
STEP 0 P1 MOVE 5 14 8 14
OWN
00000000000000000
00000000000000000
00000000000000000
00000000000000000
00000000000000000
00000000000000100
00000000000000100
00000000000000100
00000000000000100
00000000000000000
STEP 1 P2 MOVE 8 1 8 3
OWN
00000000000000000
00000000000000000
00000000000000000
00000000000000000
00000000000000000
00000000000000100
00000000000000100
00000000000000100
02220000000000100
00000000000000000
STEP 2 P1 MOVE 9 8 9 10
OWN
00000000000000000
00000000000000000
00000000000000000
00000000000000000
00000000000000000
00000000000000100
00000000000000100
00000000000000100
02220000000000100
00000000111000000
STEP 3 P2 MOVE 1 0 1 2
OWN
00000000000000000
22200000000000000
00000000000000000
00000000000000000
00000000000000000
00000000000000100
00000000000000100
00000000000000100
02220000000000100
00000000111000000
STEP 4 P1 MOVE 6 9 6 11
OWN
00000000000000000
22200000000000000
00000000000000000
00000000000000000
00000000000000000
00000000000000100
00000000011100100
00000000000000100
02220000000000100
00000000111000000
STEP 5 P2 MOVE 7 15 9 15
OWN
00000000000000000
22200000000000000
00000000000000000
00000000000000000
00000000000000000
00000000000000100
00000000011100100
00000000000000120
02220000000000120
00000000111000020
STEP 6 P1 MOVE 1 5 1 7
OWN
00000000000000000
22200111000000000
00000000000000000
00000000000000000
00000000000000000
00000000000000100
00000000011100100
00000000000000120
02220000000000120
00000000111000020
STEP 7 P2 MOVE 0 6 3 6
OWN
00000020000000000
22200121000000000
00000020000000000
00000020000000000
00000000000000000
00000000000000100
00000000011100100
00000000000000120
02220000000000120
00000000111000020
STEP 8 P1 MOVE 3 6 4 7
OWN
00000020000000000
22200121000000000
00000020000000000
00000011000000000
00000011000000000
00000000000000100
00000000011100100
00000000000000120
02220000000000120
00000000111000020
STEP 9 P2 MOVE 4 2 7 2
OWN
00000020000000000
22200121000000000
00000020000000000
00000011000000000
00200011000000000
00200000000000100
00200000011100100
00200000000000120
02220000000000120
00000000111000020
STEP 10 P1 MOVE 6 0 6 4
OWN
00000020000000000
22200121000000000
00000020000000000
00000011000000000
00200011000000000
00200000000000100
11111000011100100
00200000000000120
02220000000000120
00000000111000020
STEP 11 P2 MOVE 1 14 4 14
OWN
00000020000000000
22200121000000200
00000020000000200
00000011000000200
00200011000000200
00200000000000100
11111000011100100
00200000000000120
02220000000000120
00000000111000020
STEP 12 P1 MOVE 3 12 3 15
OWN
00000020000000000
22200121000000200
00000020000000200
00000011000011110
00200011000000200
00200000000000100
11111000011100100
00200000000000120
02220000000000120
00000000111000020
STEP 13 P2 MOVE 9 1 9 2
OWN
00000020000000000
22200121000000200
00000020000000200
00000011000011110
00200011000000200
00200000000000100
11111000011100100
00200000000000120
02220000000000120
02200000111000020
STEP 14 P1 MOVE 4 3 4 4
OWN
00000020000000000
22200121000000200
00000020000000200
00000011000011110
00211011000000200
00200000000000100
11111000011100100
00200000000000120
02220000000000120
02200000111000020
STEP 15 P2 MOVE 0 2 0 3
OWN
00220020000000000
22200121000000200
00000020000000200
00000011000011110
00211011000000200
00200000000000100
11111000011100100
00200000000000120
02220000000000120
02200000111000020
STEP 16 P1 MOVE 6 5 6 8
OWN
00220020000000000
22200121000000200
00000020000000200
00000011000011110
00211011000000200
00200000000000100
11111111111100100
00200000000000120
02220000000000120
02200000111000020
STEP 17 P2 MOVE 7 8 8 8
OWN
00220020000000000
22200121000000200
00000020000000200
00000011000011110
00211011000000200
00200000000000100
11111111111100100
00200000200000120
02220000200000120
02200000111000020
STEP 18 P1 MOVE 4 0 5 0
OWN
00220020000000000
22200121000000200
00000020000000200
00000011000011110
10211011000000200
10200000000000100
11111111111100100
00200000200000120
02220000200000120
02200000111000020
STEP 19 P2 MOVE 8 12 9 12
OWN
00220020000000000
22200121000000200
00000020000000200
00000011000011110
10211011000000200
10200000000000100
11111111111100100
00200000200000120
02220000200020120
02200000111020020
STEP 20 P1 MOVE 5 7 7 7
OWN
00220020000000000
22200121000000200
00000020000000200
00000011000011110
10211011000000200
10200001000000100
11111111111100100
00200001200000120
02220000200020120
02200000111020020
STEP 21 P2 MOVE 2 0 3 0
OWN
00220020000000000
22200121000000200
20000020000000200
20000011000011110
10211011000000200
10200001000000100
11111111111100100
00200001200000120
02220000200020120
02200000111020020
STEP 22 P1 MOVE 5 11 5 12
OWN
00220020000000000
22200121000000200
20000020000000200
20000011000011110
10211011000000200
10200001000110100
11111111111100100
00200001200000120
02220000200020120
02200000111020020
STEP 23 P2 MOVE 5 3 5 4
OWN
00220020000000000
22200121000000200
20000020000000200
20000011000011110
10211011000000200
10222001000110100
11111111111100100
00200001200000120
02220000200020120
02200000111020020
STEP 24 P1 MOVE 4 1 5 5
OWN
00220020000000000
22200121000000200
20000020000000200
20000011000011110
11111111000000200
11111101000110100
11111111111100100
00200001200000120
02220000200020120
02200000111020020
STEP 25 P2 MOVE 3 5 7 5
OWN
00220020000000000
22200121000000200
20000020000000200
20000211000011110
11111211000000200
11111201000110100
11111211111100100
00200201200000120
02220000200020120
02200000111020020
STEP 26 P1 MOVE 2 1 3 1
OWN
00220020000000000
22200121000000200
21000020000000200
21000211000011110
11111211000000200
11111201000110100
11111211111100100
00200201200000120
02220000200020120
02200000111020020
STEP 27 P2 MOVE 3 4 3 8
OWN
00220020000000000
22200121000000200
21000020000000200
21002222200011110
11111211000000200
11111201000110100
11111211111100100
00200201200000120
02220000200020120
02200000111020020
STEP 28 P1 MOVE 2 4 7 4
OWN
00220020000000000
22200121000000200
21001020000000200
21001222200011110
11111211000000200
11111201000110100
11111211111100100
00201201200000120
02220000200020120
02200000111020020
STEP 29 P2 MOVE 7 3 7 6
OWN
00220020000000000
22200121000000200
21001020000000200
21001222200011110
11111211000000200
11111201000110100
11111211111100100
00222221200000120
02220000200020120
02200000111020020
STEP 30 P1 MOVE 5 6 8 6
OWN
00220020000000000
22200121000000200
21001020000000200
21001222200011110
11111211000000200
11111211000110100
11111211111100100
00222211200000120
02220010200020120
02200000111020020
STEP 31 P2 MOVE 6 16 7 16
OWN
00220020000000000
22200121000000200
21001020000000200
21001222200011110
11111211000000200
11111211000110100
11111211111100102
00222211200000122
02220010200020120
02200000111020020
STEP 32 P1 MOVE 0 8 0 9
OWN
00220020110000000
22200121000000200
21001020000000200
21001222200011110
11111211000000200
11111211000110100
11111211111100102
00222211200000122
02220010200020120
02200000111020020
STEP 33 P2 MOVE 1 10 1 11
OWN
00220020110000000
22200121002200200
21001020000000200
21001222200011110
11111211000000200
11111211000110100
11111211111100102
00222211200000122
02220010200020120
02200000111020020
STEP 34 P1 MOVE 1 9 2 9
OWN
00220020110000000
22200121012200200
21001020010000200
21001222200011110
11111211000000200
11111211000110100
11111211111100102
00222211200000122
02220010200020120
02200000111020020
STEP 35 P2 MOVE 2 8 2 10
OWN
00220020110000000
22200121012200200
21001020222000200
21001222200011110
11111211000000200
11111211000110100
11111211111100102
00222211200000122
02220010200020120
02200000111020020
STEP 36 P1 MOVE 0 11 1 12
OWN
00220020110110000
22200121012110200
21001020222000200
21001222200011110
11111211000000200
11111211000110100
11111211111100102
00222211200000122
02220010200020120
02200000111020020
STEP 37 P2 MOVE 8 11 8 13
OWN
00220020110110000
22200121012110200
21001020222000200
21001222200011110
11111211000000200
11111211000110100
11111211111100102
00222211200000122
02220010200222120
02200000111020020
STEP 38 P1 MOVE 6 13 9 13
OWN
00220020110110000
22200121012110200
21001020222000200
21001222200011110
11111211000000200
11111211000110100
11111211111101102
00222211200001122
02220010200221120
02200000111021020
STEP 39 P2 MOVE -1 -1 -1 -1
OWN
00220020110110000
22200121012110200
21001020222000200
21001222200011110
11111211000000200
11111211000110100
11111211111101102
00222211200001122
02220010200221120
02200000111021020
STEP 40 P1 MOVE -1 -1 -1 -1
OWN
00220020110110000
22200121012110200
21001020222000200
21001222200011110
11111211000000200
11111211000110100
11111211111101102
00222211200001122
02220010200221120
02200000111021020
RESULT first=58 second=43 winner=1
ANALYSIS winner=P1 score=58-43 reason=Ĺ»ĂëżěŔ§(+3Ä­ »©ľŃŔ˝,2ąčČż°ú) / şóÄ­Ľ±Áˇ(+9) steal(w/l)=11/8 neu(w/l)=55/46
