BOARD
42557137487914367
67336614243853953
97291286472774316
69952991473112873
25488977323478482
24156436542832171
81674717283958186
66833768971932899
68964336325671189
95997794515863936
STEP 0 P1 MOVE 2 10 5 10
OWN
00000000000000000
00000000000000000
00000000001000000
00000000001000000
00000000001000000
00000000001000000
00000000000000000
00000000000000000
00000000000000000
00000000000000000
STEP 1 P2 MOVE 6 6 6 8
OWN
00000000000000000
00000000000000000
00000000001000000
00000000001000000
00000000001000000
00000000001000000
00000022200000000
00000000000000000
00000000000000000
00000000000000000
STEP 2 P1 MOVE 0 8 2 8
OWN
00000000100000000
00000000100000000
00000000101000000
00000000001000000
00000000001000000
00000000001000000
00000022200000000
00000000000000000
00000000000000000
00000000000000000
STEP 3 P2 MOVE 2 14 2 16
OWN
00000000100000000
00000000100000000
00000000101000222
00000000001000000
00000000001000000
00000000001000000
00000022200000000
00000000000000000
00000000000000000
00000000000000000
STEP 4 P1 MOVE 9 7 9 9
OWN
00000000100000000
00000000100000000
00000000101000222
00000000001000000
00000000001000000
00000000001000000
00000022200000000
00000000000000000
00000000000000000
00000001110000000
STEP 5 P2 MOVE 3 0 5 0
OWN
00000000100000000
00000000100000000
00000000101000222
20000000001000000
20000000001000000
20000000001000000
00000022200000000
00000000000000000
00000000000000000
00000001110000000
STEP 6 P1 MOVE 7 5 8 5
OWN
00000000100000000
00000000100000000
00000000101000222
20000000001000000
20000000001000000
20000000001000000
00000022200000000
00000100000000000
00000100000000000
00000001110000000
STEP 7 P2 MOVE 4 1 6 1
OWN
00000000100000000
00000000100000000
00000000101000222
20000000001000000
22000000001000000
22000000001000000
02000022200000000
00000100000000000
00000100000000000
00000001110000000
STEP 8 P1 MOVE 5 13 5 15
OWN
00000000100000000
00000000100000000
00000000101000222
20000000001000000
22000000001000000
22000000001001110
02000022200000000
00000100000000000
00000100000000000
00000001110000000
STEP 9 P2 MOVE 6 14 8 14
OWN
00000000100000000
00000000100000000
00000000101000222
20000000001000000
22000000001000000
22000000001001110
02000022200000200
00000100000000200
00000100000000200
00000001110000000
STEP 10 P1 MOVE 8 8 8 10
OWN
00000000100000000
00000000100000000
00000000101000222
20000000001000000
22000000001000000
22000000001001110
02000022200000200
00000100000000200
00000100111000200
00000001110000000
STEP 11 P2 MOVE 1 7 2 7
OWN
00000000100000000
00000002100000000
00000002101000222
20000000001000000
22000000001000000
22000000001001110
02000022200000200
00000100000000200
00000100111000200
00000001110000000
STEP 12 P1 MOVE 1 1 1 2
OWN
00000000100000000
01100002100000000
00000002101000222
20000000001000000
22000000001000000
22000000001001110
02000022200000200
00000100000000200
00000100111000200
00000001110000000
STEP 13 P2 MOVE 3 13 3 14
OWN
00000000100000000
01100002100000000
00000002101000222
20000000001002200
22000000001000000
22000000001001110
02000022200000200
00000100000000200
00000100111000200
00000001110000000
STEP 14 P1 MOVE 4 7 4 8
OWN
00000000100000000
01100002100000000
00000002101000222
20000000001002200
22000001101000000
22000000001001110
02000022200000200
00000100000000200
00000100111000200
00000001110000000
STEP 15 P2 MOVE 6 13 7 13
OWN
00000000100000000
01100002100000000
00000002101000222
20000000001002200
22000001101000000
22000000001001110
02000022200002200
00000100000002200
00000100111000200
00000001110000000
STEP 16 P1 MOVE 3 4 4 4
OWN
00000000100000000
01100002100000000
00000002101000222
20001000001002200
22001001101000000
22000000001001110
02000022200002200
00000100000002200
00000100111000200
00000001110000000
STEP 17 P2 MOVE 4 6 5 6
OWN
00000000100000000
01100002100000000
00000002101000222
20001000001002200
22001021101000000
22000020001001110
02000022200002200
00000100000002200
00000100111000200
00000001110000000
STEP 18 P1 MOVE 0 0 1 0
OWN
10000000100000000
11100002100000000
00000002101000222
20001000001002200
22001021101000000
22000020001001110
02000022200002200
00000100000002200
00000100111000200
00000001110000000
STEP 19 P2 MOVE 5 4 5 5
OWN
10000000100000000
11100002100000000
00000002101000222
20001000001002200
22001021101000000
22002220001001110
02000022200002200
00000100000002200
00000100111000200
00000001110000000
STEP 20 P1 MOVE 0 6 0 7
OWN
10000011100000000
11100002100000000
00000002101000222
20001000001002200
22001021101000000
22002220001001110
02000022200002200
00000100000002200
00000100111000200
00000001110000000
STEP 21 P2 MOVE 0 10 1 10
OWN
10000011102000000
11100002102000000
00000002101000222
20001000001002200
22001021101000000
22002220001001110
02000022200002200
00000100000002200
00000100111000200
00000001110000000
STEP 22 P1 MOVE 0 11 0 12
OWN
10000011102110000
11100002102000000
00000002101000222
20001000001002200
22001021101000000
22002220001001110
02000022200002200
00000100000002200
00000100111000200
00000001110000000
STEP 23 P2 MOVE 0 16 1 16
OWN
10000011102110002
11100002102000002
00000002101000222
20001000001002200
22001021101000000
22002220001001110
02000022200002200
00000100000002200
00000100111000200
00000001110000000
STEP 24 P1 MOVE 3 6 3 7
OWN
10000011102110002
11100002102000002
00000002101000222
20001011001002200
22001021101000000
22002220001001110
02000022200002200
00000100000002200
00000100111000200
00000001110000000
STEP 25 P2 MOVE 3 15 3 16
OWN
10000011102110002
11100002102000002
00000002101000222
20001011001002222
22001021101000000
22002220001001110
02000022200002200
00000100000002200
00000100111000200
00000001110000000
STEP 26 P1 MOVE 4 12 5 12
OWN
10000011102110002
11100002102000002
00000002101000222
20001011001002222
22001021101010000
22002220001011110
02000022200002200
00000100000002200
00000100111000200
00000001110000000
STEP 27 P2 MOVE 4 15 4 16
OWN
10000011102110002
11100002102000002
00000002101000222
20001011001002222
22001021101010022
22002220001011110
02000022200002200
00000100000002200
00000100111000200
00000001110000000
STEP 28 P1 MOVE 6 3 7 3
OWN
10000011102110002
11100002102000002
00000002101000222
20001011001002222
22001021101010022
22002220001011110
02010022200002200
00010100000002200
00000100111000200
00000001110000000
STEP 29 P2 MOVE 7 12 8 12
OWN
10000011102110002
11100002102000002
00000002101000222
20001011001002222
22001021101010022
22002220001011110
02010022200002200
00010100000022200
00000100111020200
00000001110000000
STEP 30 P1 MOVE 8 12 9 13
OWN
10000011102110002
11100002102000002
00000002101000222
20001011001002222
22001021101010022
22002220001011110
02010022200002200
00010100000022200
00000100111011200
00000001110011000
STEP 31 P2 MOVE 7 10 7 11
OWN
10000011102110002
11100002102000002
00000002101000222
20001011001002222
22001021101010022
22002220001011110
02010022200002200
00010100002222200
00000100111011200
00000001110011000
STEP 32 P1 MOVE -1 -1 -1 -1
OWN
10000011102110002
11100002102000002
00000002101000222
20001011001002222
22001021101010022
22002220001011110
02010022200002200
00010100002222200
00000100111011200
00000001110011000
STEP 33 P2 MOVE 2 5 2 6
OWN
10000011102110002
11100002102000002
00000222101000222
20001011001002222
22001021101010022
22002220001011110
02010022200002200
00010100002222200
00000100111011200
00000001110011000
STEP 34 P1 MOVE 1 6 8 6
OWN
10000011102110002
11100012102000002
00000212101000222
20001011001002222
22001011101010022
22002210001011110
02010012200002200
00010110002222200
00000110111011200
00000001110011000
STEP 35 P2 MOVE 8 4 8 7
OWN
10000011102110002
11100012102000002
00000212101000222
20001011001002222
22001011101010022
22002210001011110
02010012200002200
00010110002222200
00002222111011200
00000001110011000
STEP 36 P1 MOVE 1 5 1 9
OWN
10000011102110002
11100111112000002
00000212101000222
20001011001002222
22001011101010022
22002210001011110
02010012200002200
00010110002222200
00002222111011200
00000001110011000
STEP 37 P2 MOVE 2 3 2 4
OWN
10000011102110002
11100111112000002
00022212101000222
20001011001002222
22001011101010022
22002210001011110
02010012200002200
00010110002222200
00002222111011200
00000001110011000
STEP 38 P1 MOVE 1 4 6 4
OWN
10000011102110002
11101111112000002
00021212101000222
20001011001002222
22001011101010022
22001210001011110
02011012200002200
00010110002222200
00002222111011200
00000001110011000
STEP 39 P2 MOVE 1 3 2 9
OWN
10000011102110002
11122222222000002
00022222221000222
20001011001002222
22001011101010022
22001210001011110
02011012200002200
00010110002222200
00002222111011200
00000001110011000
STEP 40 P1 MOVE 7 4 9 4
OWN
10000011102110002
11122222222000002
00022222221000222
20001011001002222
22001011101010022
22001210001011110
02011012200002200
00011110002222200
00001222111011200
00001001110011000
STEP 41 P2 MOVE 0 2 0 3
OWN
10220011102110002
11122222222000002
00022222221000222
20001011001002222
22001011101010022
22001210001011110
02011012200002200
00011110002222200
00001222111011200
00001001110011000
STEP 42 P1 MOVE 0 5 3 5
OWN
10220111102110002
11122122222000002
00022122221000222
20001111001002222
22001011101010022
22001210001011110
02011012200002200
00011110002222200
00001222111011200
00001001110011000
STEP 43 P2 MOVE -1 -1 -1 -1
OWN
10220111102110002
11122122222000002
00022122221000222
20001111001002222
22001011101010022
22001210001011110
02011012200002200
00011110002222200
00001222111011200
00001001110011000
STEP 44 P1 MOVE -1 -1 -1 -1
OWN
10220111102110002
11122122222000002
00022122221000222
20001111001002222
22001011101010022
22001210001011110
02011012200002200
00011110002222200
00001222111011200
00001001110011000
RESULT first=50 second=47 winner=1
ANALYSIS winner=P1 score=50-47 reason=şóÄ­Ľ±Áˇ(+3) / Ľ±°řŔĚÁˇ steal(w/l)=11/11 neu(w/l)=50/47
