BOARD
32485639331532188
91634269817566815
57454314134326885
46363797678169922
18249663725527686
17285774339176786
31135254513528957
65953979583678914
61737637763799962
96451539175441767
STEP 0 P1 MOVE 1 1 1 3
OWN
00000000000000000
01110000000000000
00000000000000000
00000000000000000
00000000000000000
00000000000000000
00000000000000000
00000000000000000
00000000000000000
00000000000000000
STEP 1 P2 MOVE 0 6 2 6
OWN
00000020000000000
01110020000000000
00000020000000000
00000000000000000
00000000000000000
00000000000000000
00000000000000000
00000000000000000
00000000000000000
00000000000000000
STEP 2 P1 MOVE 9 2 9 4
OWN
00000020000000000
01110020000000000
00000020000000000
00000000000000000
00000000000000000
00000000000000000
00000000000000000
00000000000000000
00000000000000000
00111000000000000
STEP 3 P2 MOVE 6 10 6 12
OWN
00000020000000000
01110020000000000
00000020000000000
00000000000000000
00000000000000000
00000000000000000
00000000002220000
00000000000000000
00000000000000000
00111000000000000
STEP 4 P1 MOVE 2 11 5 11
OWN
00000020000000000
01110020000000000
00000020000100000
00000000000100000
00000000000100000
00000000000100000
00000000002220000
00000000000000000
00000000000000000
00111000000000000
STEP 5 P2 MOVE 6 7 6 9
OWN
00000020000000000
01110020000000000
00000020000100000
00000000000100000
00000000000100000
00000000000100000
00000002222220000
00000000000000000
00000000000000000
00111000000000000
STEP 6 P1 MOVE 7 6 8 6
OWN
00000020000000000
01110020000000000
00000020000100000
00000000000100000
00000000000100000
00000000000100000
00000002222220000
00000010000000000
00000010000000000
00111000000000000
STEP 7 P2 MOVE 8 13 9 13
OWN
00000020000000000
01110020000000000
00000020000100000
00000000000100000
00000000000100000
00000000000100000
00000002222220000
00000010000000000
00000010000002000
00111000000002000
STEP 8 P1 MOVE 8 3 8 4
OWN
00000020000000000
01110020000000000
00000020000100000
00000000000100000
00000000000100000
00000000000100000
00000002222220000
00000010000000000
00011010000002000
00111000000002000
STEP 9 P2 MOVE 3 4 3 5
OWN
00000020000000000
01110020000000000
00000020000100000
00002200000100000
00000000000100000
00000000000100000
00000002222220000
00000010000000000
00011010000002000
00111000000002000
STEP 10 P1 MOVE 3 15 4 15
OWN
00000020000000000
01110020000000000
00000020000100000
00002200000100010
00000000000100010
00000000000100000
00000002222220000
00000010000000000
00011010000002000
00111000000002000
STEP 11 P2 MOVE 3 7 4 7
OWN
00000020000000000
01110020000000000
00000020000100000
00002202000100010
00000002000100010
00000000000100000
00000002222220000
00000010000000000
00011010000002000
00111000000002000
STEP 12 P1 MOVE 5 0 7 0
OWN
00000020000000000
01110020000000000
00000020000100000
00002202000100010
00000002000100010
10000000000100000
10000002222220000
10000010000000000
00011010000002000
00111000000002000
STEP 13 P2 MOVE 6 1 6 4
OWN
00000020000000000
01110020000000000
00000020000100000
00002202000100010
00000002000100010
10000000000100000
12222002222220000
10000010000000000
00011010000002000
00111000000002000
STEP 14 P1 MOVE 2 0 4 0
OWN
00000020000000000
01110020000000000
10000020000100000
10002202000100010
10000002000100010
10000000000100000
12222002222220000
10000010000000000
00011010000002000
00111000000002000
STEP 15 P2 MOVE 7 14 7 15
OWN
00000020000000000
01110020000000000
10000020000100000
10002202000100010
10000002000100010
10000000000100000
12222002222220000
10000010000000220
00011010000002000
00111000000002000
STEP 16 P1 MOVE 5 7 5 9
OWN
00000020000000000
01110020000000000
10000020000100000
10002202000100010
10000002000100010
10000001110100000
12222002222220000
10000010000000220
00011010000002000
00111000000002000
STEP 17 P2 MOVE 4 9 7 9
OWN
00000020000000000
01110020000000000
10000020000100000
10002202000100010
10000002020100010
10000001120100000
12222002222220000
10000010020000220
00011010000002000
00111000000002000
STEP 18 P1 MOVE 3 3 4 3
OWN
00000020000000000
01110020000000000
10000020000100000
10012202000100010
10010002020100010
10000001120100000
12222002222220000
10000010020000220
00011010000002000
00111000000002000
STEP 19 P2 MOVE 4 1 4 2
OWN
00000020000000000
01110020000000000
10000020000100000
10012202000100010
12210002020100010
10000001120100000
12222002222220000
10000010020000220
00011010000002000
00111000000002000
STEP 20 P1 MOVE 8 10 8 11
OWN
00000020000000000
01110020000000000
10000020000100000
10012202000100010
12210002020100010
10000001120100000
12222002222220000
10000010020000220
00011010001102000
00111000000002000
STEP 21 P2 MOVE 9 7 9 8
OWN
00000020000000000
01110020000000000
10000020000100000
10012202000100010
12210002020100010
10000001120100000
12222002222220000
10000010020000220
00011010001102000
00111002200002000
STEP 22 P1 MOVE 8 6 9 7
OWN
00000020000000000
01110020000000000
10000020000100000
10012202000100010
12210002020100010
10000001120100000
12222002222220000
10000010020000220
00011011001102000
00111011200002000
STEP 23 P2 MOVE 0 11 1 11
OWN
00000020000200000
01110020000200000
10000020000100000
10012202000100010
12210002020100010
10000001120100000
12222002222220000
10000010020000220
00011011001102000
00111011200002000
STEP 24 P1 MOVE 0 9 0 14
OWN
00000020011111100
01110020000200000
10000020000100000
10012202000100010
12210002020100010
10000001120100000
12222002222220000
10000010020000220
00011011001102000
00111011200002000
STEP 25 P2 MOVE 2 9 3 9
OWN
00000020011111100
01110020000200000
10000020020100000
10012202020100010
12210002020100010
10000001120100000
12222002222220000
10000010020000220
00011011001102000
00111011200002000
STEP 26 P1 MOVE 1 8 2 9
OWN
00000020011111100
01110020110200000
10000020110100000
10012202020100010
12210002020100010
10000001120100000
12222002222220000
10000010020000220
00011011001102000
00111011200002000
STEP 27 P2 MOVE 2 7 2 12
OWN
00000020011111100
01110020110200000
10000022222220000
10012202020100010
12210002020100010
10000001120100000
12222002222220000
10000010020000220
00011011001102000
00111011200002000
STEP 28 P1 MOVE 0 8 1 10
OWN
00000020111111100
01110020111200000
10000022222220000
10012202020100010
12210002020100010
10000001120100000
12222002222220000
10000010020000220
00011011001102000
00111011200002000
STEP 29 P2 MOVE 7 11 9 11
OWN
00000020111111100
01110020111200000
10000022222220000
10012202020100010
12210002020100010
10000001120100000
12222002222220000
10000010020200220
00011011001202000
00111011200202000
STEP 30 P1 MOVE 7 10 7 12
OWN
00000020111111100
01110020111200000
10000022222220000
10012202020100010
12210002020100010
10000001120100000
12222002222220000
10000010021110220
00011011001202000
00111011200202000
STEP 31 P2 MOVE -1 -1 -1 -1
OWN
00000020111111100
01110020111200000
10000022222220000
10012202020100010
12210002020100010
10000001120100000
12222002222220000
10000010021110220
00011011001202000
00111011200202000
STEP 32 P1 MOVE -1 -1 -1 -1
OWN
00000020111111100
01110020111200000
10000022222220000
10012202020100010
12210002020100010
10000001120100000
12222002222220000
10000010021110220
00011011001202000
00111011200202000
RESULT first=42 second=37 winner=1
ANALYSIS winner=P1 score=42-37 reason=şóÄ­Ľ±Áˇ(+7) steal(w/l)=4/5 neu(w/l)=43/36
