BOARD
82791454327841271
23215494218745397
69568931148344154
41523544435785635
33513122913695781
86911963296593776
36711537394858265
51762286821992192
77273935624164372
49731557381695786
STEP 0 P1 MOVE 2 7 5 7
OWN
00000000000000000
00000000000000000
00000001000000000
00000001000000000
00000001000000000
00000001000000000
00000000000000000
00000000000000000
00000000000000000
00000000000000000
STEP 1 P2 MOVE 0 8 3 8
OWN
00000000200000000
00000000200000000
00000001200000000
00000001200000000
00000001000000000
00000001000000000
00000000000000000
00000000000000000
00000000000000000
00000000000000000
STEP 2 P1 MOVE 0 9 3 9
OWN
00000000210000000
00000000210000000
00000001210000000
00000001210000000
00000001000000000
00000001000000000
00000000000000000
00000000000000000
00000000000000000
00000000000000000
STEP 3 P2 MOVE 3 4 7 4
OWN
00000000210000000
00000000210000000
00000001210000000
00002001210000000
00002001000000000
00002001000000000
00002000000000000
00002000000000000
00000000000000000
00000000000000000
STEP 4 P1 MOVE 4 1 4 5
OWN
00000000210000000
00000000210000000
00000001210000000
00002001210000000
01111101000000000
00002001000000000
00002000000000000
00002000000000000
00000000000000000
00000000000000000
STEP 5 P2 MOVE 2 3 6 3
OWN
00000000210000000
00000000210000000
00020001210000000
00022001210000000
01121101000000000
00022001000000000
00022000000000000
00002000000000000
00000000000000000
00000000000000000
STEP 6 P1 MOVE 6 10 9 10
OWN
00000000210000000
00000000210000000
00020001210000000
00022001210000000
01121101000000000
00022001000000000
00022000001000000
00002000001000000
00000000001000000
00000000001000000
STEP 7 P2 MOVE 7 13 8 14
OWN
00000000210000000
00000000210000000
00020001210000000
00022001210000000
01121101000000000
00022001000000000
00022000001000000
00002000001002200
00000000001002200
00000000001000000
STEP 8 P1 MOVE 0 4 0 6
OWN
00001110210000000
00000000210000000
00020001210000000
00022001210000000
01121101000000000
00022001000000000
00022000001000000
00002000001002200
00000000001002200
00000000001000000
STEP 9 P2 MOVE 3 0 3 2
OWN
00001110210000000
00000000210000000
00020001210000000
22222001210000000
01121101000000000
00022001000000000
00022000001000000
00002000001002200
00000000001002200
00000000001000000
STEP 10 P1 MOVE 1 3 1 5
OWN
00001110210000000
00011100210000000
00020001210000000
22222001210000000
01121101000000000
00022001000000000
00022000001000000
00002000001002200
00000000001002200
00000000001000000
STEP 11 P2 MOVE 2 16 4 16
OWN
00001110210000000
00011100210000000
00020001210000002
22222001210000002
01121101000000002
00022001000000000
00022000001000000
00002000001002200
00000000001002200
00000000001000000
STEP 12 P1 MOVE 0 14 0 16
OWN
00001110210000111
00011100210000000
00020001210000002
22222001210000002
01121101000000002
00022001000000000
00022000001000000
00002000001002200
00000000001002200
00000000001000000
STEP 13 P2 MOVE 2 13 2 15
OWN
00001110210000111
00011100210000000
00020001210002222
22222001210000002
01121101000000002
00022001000000000
00022000001000000
00002000001002200
00000000001002200
00000000001000000
STEP 14 P1 MOVE 2 11 3 11
OWN
00001110210000111
00011100210000000
00020001210102222
22222001210100002
01121101000000002
00022001000000000
00022000001000000
00002000001002200
00000000001002200
00000000001000000
STEP 15 P2 MOVE 7 16 9 16
OWN
00001110210000111
00011100210000000
00020001210102222
22222001210100002
01121101000000002
00022001000000000
00022000001000000
00002000001002202
00000000001002202
00000000001000002
STEP 16 P1 MOVE 4 9 4 11
OWN
00001110210000111
00011100210000000
00020001210102222
22222001210100002
01121101011100002
00022001000000000
00022000001000000
00002000001002202
00000000001002202
00000000001000002
STEP 17 P2 MOVE 0 0 1 0
OWN
20001110210000111
20011100210000000
00020001210102222
22222001210100002
01121101011100002
00022001000000000
00022000001000000
00002000001002202
00000000001002202
00000000001000002
STEP 18 P1 MOVE 3 13 4 13
OWN
20001110210000111
20011100210000000
00020001210102222
22222001210101002
01121101011101002
00022001000000000
00022000001000000
00002000001002202
00000000001002202
00000000001000002
STEP 19 P2 MOVE 7 5 7 6
OWN
20001110210000111
20011100210000000
00020001210102222
22222001210101002
01121101011101002
00022001000000000
00022000001000000
00002220001002202
00000000001002202
00000000001000002
STEP 20 P1 MOVE 9 5 9 6
OWN
20001110210000111
20011100210000000
00020001210102222
22222001210101002
01121101011101002
00022001000000000
00022000001000000
00002220001002202
00000000001002202
00000110001000002
STEP 21 P2 MOVE 7 8 7 9
OWN
20001110210000111
20011100210000000
00020001210102222
22222001210101002
01121101011101002
00022001000000000
00022000001000000
00002220221002202
00000000001002202
00000110001000002
STEP 22 P1 MOVE 5 13 5 14
OWN
20001110210000111
20011100210000000
00020001210102222
22222001210101002
01121101011101002
00022001000001100
00022000001000000
00002220221002202
00000000001002202
00000110001000002
STEP 23 P2 MOVE 7 11 8 11
OWN
20001110210000111
20011100210000000
00020001210102222
22222001210101002
01121101011101002
00022001000001100
00022000001000000
00002220221202202
00000000001202202
00000110001000002
STEP 24 P1 MOVE 8 9 9 9
OWN
20001110210000111
20011100210000000
00020001210102222
22222001210101002
01121101011101002
00022001000001100
00022000001000000
00002220221202202
00000000011202202
00000110011000002
STEP 25 P2 MOVE 6 13 6 14
OWN
20001110210000111
20011100210000000
00020001210102222
22222001210101002
01121101011101002
00022001000001100
00022000001002200
00002220221202202
00000000011202202
00000110011000002
STEP 26 P1 MOVE 9 2 9 3
OWN
20001110210000111
20011100210000000
00020001210102222
22222001210101002
01121101011101002
00022001000001100
00022000001002200
00002220221202202
00000000011202202
00110110011000002
STEP 27 P2 MOVE 9 1 9 4
OWN
20001110210000111
20011100210000000
00020001210102222
22222001210101002
01121101011101002
00022001000001100
00022000001002200
00002220221202202
00000000011202202
02222110011000002
STEP 28 P1 MOVE 1 13 9 13
OWN
20001110210000111
20011100210001000
00020001210101222
22222001210101002
01121101011101002
00022001000001100
00022000001001200
00002220221201202
00000000011201202
02222110011001002
STEP 29 P2 MOVE 0 13 3 14
OWN
20001110210002211
20011100210002200
00020001210102222
22222001210102202
01121101011101002
00022001000001100
00022000001001200
00002220221201202
00000000011201202
02222110011001002
STEP 30 P1 MOVE 8 3 8 4
OWN
20001110210002211
20011100210002200
00020001210102222
22222001210102202
01121101011101002
00022001000001100
00022000001001200
00002220221201202
00011000011201202
02222110011001002
STEP 31 P2 MOVE -1 -1 -1 -1
OWN
20001110210002211
20011100210002200
00020001210102222
22222001210102202
01121101011101002
00022001000001100
00022000001001200
00002220221201202
00011000011201202
02222110011001002
STEP 32 P1 MOVE -1 -1 -1 -1
OWN
20001110210002211
20011100210002200
00020001210102222
22222001210102202
01121101011101002
00022001000001100
00022000001001200
00002220221201202
00011000011201202
02222110011001002
RESULT first=42 second=46 winner=2
ANALYSIS winner=P2 score=42-46 reason=żŞŔü˝Â steal(w/l)=7/5 neu(w/l)=44/44
