BOARD
16149685771396772
89533379379376994
45747818817168918
91515666518331753
15743121564341931
23893283997379747
32143118215466877
97376674718972727
12591121384131634
71191745598351843
STEP 0 P1 MOVE 8 4 9 5
OWN
00000000000000000
00000000000000000
00000000000000000
00000000000000000
00000000000000000
00000000000000000
00000000000000000
00000000000000000
00001100000000000
00001100000000000
STEP 1 P2 MOVE 6 0 6 3
OWN
00000000000000000
00000000000000000
00000000000000000
00000000000000000
00000000000000000
00000000000000000
22220000000000000
00000000000000000
00001100000000000
00001100000000000
STEP 2 P1 MOVE 4 3 4 6
OWN
00000000000000000
00000000000000000
00000000000000000
00000000000000000
00011110000000000
00000000000000000
22220000000000000
00000000000000000
00001100000000000
00001100000000000
STEP 3 P2 MOVE 7 1 9 1
OWN
00000000000000000
00000000000000000
00000000000000000
00000000000000000
00011110000000000
00000000000000000
22220000000000000
02000000000000000
02001100000000000
02001100000000000
STEP 4 P1 MOVE 8 13 8 15
OWN
00000000000000000
00000000000000000
00000000000000000
00000000000000000
00011110000000000
00000000000000000
22220000000000000
02000000000000000
02001100000001110
02001100000000000
STEP 5 P2 MOVE 0 11 3 11
OWN
00000000000200000
00000000000200000
00000000000200000
00000000000200000
00011110000000000
00000000000000000
22220000000000000
02000000000000000
02001100000001110
02001100000000000
STEP 6 P1 MOVE 0 10 0 12
OWN
00000000001110000
00000000000200000
00000000000200000
00000000000200000
00011110000000000
00000000000000000
22220000000000000
02000000000000000
02001100000001110
02001100000000000
STEP 7 P2 MOVE 4 11 6 11
OWN
00000000001110000
00000000000200000
00000000000200000
00000000000200000
00011110000200000
00000000000200000
22220000000200000
02000000000000000
02001100000001110
02001100000000000
STEP 8 P1 MOVE 0 8 1 8
OWN
00000000101110000
00000000100200000
00000000000200000
00000000000200000
00011110000200000
00000000000200000
22220000000200000
02000000000000000
02001100000001110
02001100000000000
STEP 9 P2 MOVE 3 7 5 7
OWN
00000000101110000
00000000100200000
00000000000200000
00000002000200000
00011112000200000
00000002000200000
22220000000200000
02000000000000000
02001100000001110
02001100000000000
STEP 10 P1 MOVE 6 5 6 7
OWN
00000000101110000
00000000100200000
00000000000200000
00000002000200000
00011112000200000
00000002000200000
22220111000200000
02000000000000000
02001100000001110
02001100000000000
STEP 11 P2 MOVE 3 3 5 3
OWN
00000000101110000
00000000100200000
00000000000200000
00020002000200000
00021112000200000
00020002000200000
22220111000200000
02000000000000000
02001100000001110
02001100000000000
STEP 12 P1 MOVE 2 13 4 13
OWN
00000000101110000
00000000100200000
00000000000201000
00020002000201000
00021112000201000
00020002000200000
22220111000200000
02000000000000000
02001100000001110
02001100000000000
STEP 13 P2 MOVE 1 4 2 4
OWN
00000000101110000
00002000100200000
00002000000201000
00020002000201000
00021112000201000
00020002000200000
22220111000200000
02000000000000000
02001100000001110
02001100000000000
STEP 14 P1 MOVE 7 7 9 7
OWN
00000000101110000
00002000100200000
00002000000201000
00020002000201000
00021112000201000
00020002000200000
22220111000200000
02000001000000000
02001101000001110
02001101000000000
STEP 15 P2 MOVE 7 8 8 8
OWN
00000000101110000
00002000100200000
00002000000201000
00020002000201000
00021112000201000
00020002000200000
22220111000200000
02000001200000000
02001101200001110
02001101000000000
STEP 16 P1 MOVE 5 5 5 6
OWN
00000000101110000
00002000100200000
00002000000201000
00020002000201000
00021112000201000
00020112000200000
22220111000200000
02000001200000000
02001101200001110
02001101000000000
STEP 17 P2 MOVE 8 6 8 9
OWN
00000000101110000
00002000100200000
00002000000201000
00020002000201000
00021112000201000
00020112000200000
22220111000200000
02000001200000000
02001122220001110
02001101000000000
STEP 18 P1 MOVE 7 2 7 3
OWN
00000000101110000
00002000100200000
00002000000201000
00020002000201000
00021112000201000
00020112000200000
22220111000200000
02110001200000000
02001122220001110
02001101000000000
STEP 19 P2 MOVE 7 9 9 9
OWN
00000000101110000
00002000100200000
00002000000201000
00020002000201000
00021112000201000
00020112000200000
22220111000200000
02110001220000000
02001122220001110
02001101020000000
STEP 20 P1 MOVE 3 0 3 1
OWN
00000000101110000
00002000100200000
00002000000201000
11020002000201000
00021112000201000
00020112000200000
22220111000200000
02110001220000000
02001122220001110
02001101020000000
STEP 21 P2 MOVE 1 5 1 6
OWN
00000000101110000
00002220100200000
00002000000201000
11020002000201000
00021112000201000
00020112000200000
22220111000200000
02110001220000000
02001122220001110
02001101020000000
STEP 22 P1 MOVE 7 11 8 11
OWN
00000000101110000
00002220100200000
00002000000201000
11020002000201000
00021112000201000
00020112000200000
22220111000200000
02110001220100000
02001122220101110
02001101020000000
STEP 23 P2 MOVE 1 15 2 15
OWN
00000000101110000
00002220100200020
00002000000201020
11020002000201000
00021112000201000
00020112000200000
22220111000200000
02110001220100000
02001122220101110
02001101020000000
STEP 24 P1 MOVE 7 12 8 12
OWN
00000000101110000
00002220100200020
00002000000201020
11020002000201000
00021112000201000
00020112000200000
22220111000200000
02110001220110000
02001122220111110
02001101020000000
STEP 25 P2 MOVE 9 2 9 3
OWN
00000000101110000
00002220100200020
00002000000201020
11020002000201000
00021112000201000
00020112000200000
22220111000200000
02110001220110000
02001122220111110
02221101020000000
STEP 26 P1 MOVE 4 9 4 10
OWN
00000000101110000
00002220100200020
00002000000201020
11020002000201000
00021112011201000
00020112000200000
22220111000200000
02110001220110000
02001122220111110
02221101020000000
STEP 27 P2 MOVE 6 6 7 9
OWN
00000000101110000
00002220100200020
00002000000201020
11020002000201000
00021112011201000
00020112000200000
22220122220200000
02110022220110000
02001122220111110
02221101020000000
STEP 28 P1 MOVE 3 6 9 6
OWN
00000000101110000
00002220100200020
00002000000201020
11020012000201000
00021112011201000
00020112000200000
22220112220200000
02110012220110000
02001112220111110
02221111020000000
STEP 29 P2 MOVE 3 9 5 9
OWN
00000000101110000
00002220100200020
00002000000201020
11020012020201000
00021112021201000
00020112020200000
22220112220200000
02110012220110000
02001112220111110
02221111020000000
STEP 30 P1 MOVE 3 8 4 8
OWN
00000000101110000
00002220100200020
00002000000201020
11020012120201000
00021112121201000
00020112020200000
22220112220200000
02110012220110000
02001112220111110
02221111020000000
STEP 31 P2 MOVE 3 12 3 14
OWN
00000000101110000
00002220100200020
00002000000201020
11020012120222200
00021112121201000
00020112020200000
22220112220200000
02110012220110000
02001112220111110
02221111020000000
STEP 32 P1 MOVE 2 12 4 12
OWN
00000000101110000
00002220100200020
00002000000211020
11020012120212200
00021112121211000
00020112020200000
22220112220200000
02110012220110000
02001112220111110
02221111020000000
STEP 33 P2 MOVE -1 -1 -1 -1
OWN
00000000101110000
00002220100200020
00002000000211020
11020012120212200
00021112121211000
00020112020200000
22220112220200000
02110012220110000
02001112220111110
02221111020000000
STEP 34 P1 MOVE 3 2 3 4
OWN
00000000101110000
00002220100200020
00002000000211020
11111012120212200
00021112121211000
00020112020200000
22220112220200000
02110012220110000
02001112220111110
02221111020000000
STEP 35 P2 MOVE 2 3 6 4
OWN
00000000101110000
00002220100200020
00022000000211020
11122012120212200
00022112121211000
00022112020200000
22222112220200000
02110012220110000
02001112220111110
02221111020000000
STEP 36 P1 MOVE 7 0 8 0
OWN
00000000101110000
00002220100200020
00022000000211020
11122012120212200
00022112121211000
00022112020200000
22222112220200000
12110012220110000
12001112220111110
02221111020000000
STEP 37 P2 MOVE 4 0 9 0
OWN
00000000101110000
00002220100200020
00022000000211020
11122012120212200
20022112121211000
20022112020200000
22222112220200000
22110012220110000
22001112220111110
22221111020000000
STEP 38 P1 MOVE 2 1 4 1
OWN
00000000101110000
00002220100200020
01022000000211020
11122012120212200
21022112121211000
20022112020200000
22222112220200000
22110012220110000
22001112220111110
22221111020000000
STEP 39 P2 MOVE -1 -1 -1 -1
OWN
00000000101110000
00002220100200020
01022000000211020
11122012120212200
21022112121211000
20022112020200000
22222112220200000
22110012220110000
22001112220111110
22221111020000000
STEP 40 P1 MOVE -1 -1 -1 -1
OWN
00000000101110000
00002220100200020
01022000000211020
11122012120212200
21022112121211000
20022112020200000
22222112220200000
22110012220110000
22001112220111110
22221111020000000
RESULT first=42 second=52 winner=2
ANALYSIS winner=P2 score=42-52 reason=Ĺ»ĂëżěŔ§(+6Ä­ »©ľŃŔ˝,2ąčČż°ú) / żŞŔü˝Â steal(w/l)=12/6 neu(w/l)=46/48
