BOARD
76437595714183363
51217542683912233
15641371573227187
41232877959118633
21237297244768782
59445767582493414
38424938624728498
76561333993721964
75535742575784298
84838524887191478
STEP 0 P1 MOVE 0 2 1 3
OWN
00110000000000000
00110000000000000
00000000000000000
00000000000000000
00000000000000000
00000000000000000
00000000000000000
00000000000000000
00000000000000000
00000000000000000
STEP 1 P2 MOVE 3 0 3 3
OWN
00110000000000000
00110000000000000
00000000000000000
22220000000000000
00000000000000000
00000000000000000
00000000000000000
00000000000000000
00000000000000000
00000000000000000
STEP 2 P1 MOVE 7 4 7 7
OWN
00110000000000000
00110000000000000
00000000000000000
22220000000000000
00000000000000000
00000000000000000
00000000000000000
00001111000000000
00000000000000000
00000000000000000
STEP 3 P2 MOVE 4 0 6 0
OWN
00110000000000000
00110000000000000
00000000000000000
22220000000000000
20000000000000000
20000000000000000
20000000000000000
00001111000000000
00000000000000000
00000000000000000
STEP 4 P1 MOVE 2 4 4 4
OWN
00110000000000000
00110000000000000
00001000000000000
22221000000000000
20001000000000000
20000000000000000
20000000000000000
00001111000000000
00000000000000000
00000000000000000
STEP 5 P2 MOVE 3 11 3 13
OWN
00110000000000000
00110000000000000
00001000000000000
22221000000222000
20001000000000000
20000000000000000
20000000000000000
00001111000000000
00000000000000000
00000000000000000
STEP 6 P1 MOVE 4 10 6 10
OWN
00110000000000000
00110000000000000
00001000000000000
22221000000222000
20001000001000000
20000000001000000
20000000001000000
00001111000000000
00000000000000000
00000000000000000
STEP 7 P2 MOVE 1 16 2 16
OWN
00110000000000000
00110000000000002
00001000000000002
22221000000222000
20001000001000000
20000000001000000
20000000001000000
00001111000000000
00000000000000000
00000000000000000
STEP 8 P1 MOVE 0 10 2 10
OWN
00110000001000000
00110000001000002
00001000001000002
22221000000222000
20001000001000000
20000000001000000
20000000001000000
00001111000000000
00000000000000000
00000000000000000
STEP 9 P2 MOVE 7 11 7 13
OWN
00110000001000000
00110000001000002
00001000001000002
22221000000222000
20001000001000000
20000000001000000
20000000001000000
00001111000222000
00000000000000000
00000000000000000
STEP 10 P1 MOVE 6 12 8 12
OWN
00110000001000000
00110000001000002
00001000001000002
22221000000222000
20001000001000000
20000000001000000
20000000001010000
00001111000212000
00000000000010000
00000000000000000
STEP 11 P2 MOVE 6 10 7 11
OWN
00110000001000000
00110000001000002
00001000001000002
22221000000222000
20001000001000000
20000000001000000
20000000002210000
00001111002212000
00000000000010000
00000000000000000
STEP 12 P1 MOVE 9 11 9 12
OWN
00110000001000000
00110000001000002
00001000001000002
22221000000222000
20001000001000000
20000000001000000
20000000002210000
00001111002212000
00000000000010000
00000000000110000
STEP 13 P2 MOVE 2 2 2 3
OWN
00110000001000000
00110000001000002
00221000001000002
22221000000222000
20001000001000000
20000000001000000
20000000002210000
00001111002212000
00000000000010000
00000000000110000
STEP 14 P1 MOVE 1 3 4 4
OWN
00110000001000000
00111000001000002
00211000001000002
22211000000222000
20011000001000000
20000000001000000
20000000002210000
00001111002212000
00000000000010000
00000000000110000
STEP 15 P2 MOVE 1 1 1 6
OWN
00110000001000000
02222220001000002
00211000001000002
22211000000222000
20011000001000000
20000000001000000
20000000002210000
00001111002212000
00000000000010000
00000000000110000
STEP 16 P1 MOVE 4 2 6 2
OWN
00110000001000000
02222220001000002
00211000001000002
22211000000222000
20111000001000000
20100000001000000
20100000002210000
00001111002212000
00000000000010000
00000000000110000
STEP 17 P2 MOVE 1 6 2 7
OWN
00110000001000000
02222222001000002
00211022001000002
22211000000222000
20111000001000000
20100000001000000
20100000002210000
00001111002212000
00000000000010000
00000000000110000
STEP 18 P1 MOVE 6 7 8 7
OWN
00110000001000000
02222222001000002
00211022001000002
22211000000222000
20111000001000000
20100000001000000
20100001002210000
00001111002212000
00000001000010000
00000000000110000
STEP 19 P2 MOVE 8 6 9 7
OWN
00110000001000000
02222222001000002
00211022001000002
22211000000222000
20111000001000000
20100000001000000
20100001002210000
00001111002212000
00000022000010000
00000022000110000
STEP 20 P1 MOVE 0 11 1 11
OWN
00110000001100000
02222222001100002
00211022001000002
22211000000222000
20111000001000000
20100000001000000
20100001002210000
00001111002212000
00000022000010000
00000022000110000
STEP 21 P2 MOVE 0 13 1 14
OWN
00110000001102200
02222222001102202
00211022001000002
22211000000222000
20111000001000000
20100000001000000
20100001002210000
00001111002212000
00000022000010000
00000022000110000
STEP 22 P1 MOVE 5 9 6 9
OWN
00110000001102200
02222222001102202
00211022001000002
22211000000222000
20111000001000000
20100000011000000
20100001012210000
00001111002212000
00000022000010000
00000022000110000
STEP 23 P2 MOVE 7 2 8 2
OWN
00110000001102200
02222222001102202
00211022001000002
22211000000222000
20111000001000000
20100000011000000
20100001012210000
00201111002212000
00200022000010000
00000022000110000
STEP 24 P1 MOVE 2 12 2 14
OWN
00110000001102200
02222222001102202
00211022001011102
22211000000222000
20111000001000000
20100000011000000
20100001012210000
00201111002212000
00200022000010000
00000022000110000
STEP 25 P2 MOVE 5 15 6 15
OWN
00110000001102200
02222222001102202
00211022001011102
22211000000222000
20111000001000000
20100000011000020
20100001012210020
00201111002212000
00200022000010000
00000022000110000
STEP 26 P1 MOVE 7 15 7 16
OWN
00110000001102200
02222222001102202
00211022001011102
22211000000222000
20111000001000000
20100000011000020
20100001012210020
00201111002212011
00200022000010000
00000022000110000
STEP 27 P2 MOVE 4 1 5 1
OWN
00110000001102200
02222222001102202
00211022001011102
22211000000222000
22111000001000000
22100000011000020
20100001012210020
00201111002212011
00200022000010000
00000022000110000
STEP 28 P1 MOVE 3 5 4 5
OWN
00110000001102200
02222222001102202
00211022001011102
22211100000222000
22111100001000000
22100000011000020
20100001012210020
00201111002212011
00200022000010000
00000022000110000
STEP 29 P2 MOVE 2 5 5 5
OWN
00110000001102200
02222222001102202
00211222001011102
22211200000222000
22111200001000000
22100200011000020
20100001012210020
00201111002212011
00200022000010000
00000022000110000
STEP 30 P1 MOVE 6 1 6 3
OWN
00110000001102200
02222222001102202
00211222001011102
22211200000222000
22111200001000000
22100200011000020
21110001012210020
00201111002212011
00200022000010000
00000022000110000
STEP 31 P2 MOVE -1 -1 -1 -1
OWN
00110000001102200
02222222001102202
00211222001011102
22211200000222000
22111200001000000
22100200011000020
21110001012210020
00201111002212011
00200022000010000
00000022000110000
STEP 32 P1 MOVE 5 3 7 3
OWN
00110000001102200
02222222001102202
00211222001011102
22211200000222000
22111200001000000
22110200011000020
21110001012210020
00211111002212011
00200022000010000
00000022000110000
STEP 33 P2 MOVE 6 1 7 4
OWN
00110000001102200
02222222001102202
00211222001011102
22211200000222000
22111200001000000
22110200011000020
22222001012210020
02222111002212011
00200022000010000
00000022000110000
STEP 34 P1 MOVE 2 1 2 8
OWN
00110000001102200
02222222001102202
01111111101011102
22211200000222000
22111200001000000
22110200011000020
22222001012210020
02222111002212011
00200022000010000
00000022000110000
STEP 35 P2 MOVE -1 -1 -1 -1
OWN
00110000001102200
02222222001102202
01111111101011102
22211200000222000
22111200001000000
22110200011000020
22222001012210020
02222111002212011
00200022000010000
00000022000110000
STEP 36 P1 MOVE 5 4 8 4
OWN
00110000001102200
02222222001102202
01111111101011102
22211200000222000
22111200001000000
22111200011000020
22221001012210020
02221111002212011
00201022000010000
00000022000110000
STEP 37 P2 MOVE 2 0 2 11
OWN
00110000001102200
02222222001102202
22222222222211102
22211200000222000
22111200001000000
22111200011000020
22221001012210020
02221111002212011
00201022000010000
00000022000110000
STEP 38 P1 MOVE 8 3 8 5
OWN
00110000001102200
02222222001102202
22222222222211102
22211200000222000
22111200001000000
22111200011000020
22221001012210020
02221111002212011
00211122000010000
00000022000110000
STEP 39 P2 MOVE 1 10 3 12
OWN
00110000001102200
02222222002222202
22222222222221102
22211200002222000
22111200001000000
22111200011000020
22221001012210020
02221111002212011
00211122000010000
00000022000110000
STEP 40 P1 MOVE 8 1 8 8
OWN
00110000001102200
02222222002222202
22222222222221102
22211200002222000
22111200001000000
22111200011000020
22221001012210020
02221111002212011
01111111100010000
00000022000110000
STEP 41 P2 MOVE 0 1 9 1
OWN
02110000001102200
02222222002222202
22222222222221102
22211200002222000
22111200001000000
22111200011000020
22221001012210020
02221111002212011
02111111100010000
02000022000110000
STEP 42 P1 MOVE -1 -1 -1 -1
OWN
02110000001102200
02222222002222202
22222222222221102
22211200002222000
22111200001000000
22111200011000020
22221001012210020
02221111002212011
02111111100010000
02000022000110000
STEP 43 P2 MOVE -1 -1 -1 -1
OWN
02110000001102200
02222222002222202
22222222222221102
22211200002222000
22111200001000000
22111200011000020
22221001012210020
02221111002212011
02111111100010000
02000022000110000
RESULT first=38 second=62 winner=2
ANALYSIS winner=P2 score=38-62 reason=탈취우위(+13칸 빼앗음,2배효과) steal(w/l)=25/12 neu(w/l)=49/51
