BOARD
89889439832853291
78319211441868494
58128579256495122
72572114418777245
62561723421188394
89437727741551437
21348516572224416
68383733544439478
27122195475785932
34892544125784113
STEP 0 P1 MOVE 0 9 1 10
OWN
00000000011000000
00000000011000000
00000000000000000
00000000000000000
00000000000000000
00000000000000000
00000000000000000
00000000000000000
00000000000000000
00000000000000000
STEP 1 P2 MOVE 6 0 6 3
OWN
00000000011000000
00000000011000000
00000000000000000
00000000000000000
00000000000000000
00000000000000000
22220000000000000
00000000000000000
00000000000000000
00000000000000000
STEP 2 P1 MOVE 8 4 9 5
OWN
00000000011000000
00000000011000000
00000000000000000
00000000000000000
00000000000000000
00000000000000000
22220000000000000
00000000000000000
00001100000000000
00001100000000000
STEP 3 P2 MOVE 8 1 8 3
OWN
00000000011000000
00000000011000000
00000000000000000
00000000000000000
00000000000000000
00000000000000000
22220000000000000
00000000000000000
02221100000000000
00001100000000000
STEP 4 P1 MOVE 7 4 7 5
OWN
00000000011000000
00000000011000000
00000000000000000
00000000000000000
00000000000000000
00000000000000000
22220000000000000
00001100000000000
02221100000000000
00001100000000000
STEP 5 P2 MOVE 3 4 5 4
OWN
00000000011000000
00000000011000000
00000000000000000
00002000000000000
00002000000000000
00002000000000000
22220000000000000
00001100000000000
02221100000000000
00001100000000000
STEP 6 P1 MOVE 1 3 3 3
OWN
00000000011000000
00010000011000000
00010000000000000
00012000000000000
00002000000000000
00002000000000000
22220000000000000
00001100000000000
02221100000000000
00001100000000000
STEP 7 P2 MOVE 3 6 3 9
OWN
00000000011000000
00010000011000000
00010000000000000
00012022220000000
00002000000000000
00002000000000000
22220000000000000
00001100000000000
02221100000000000
00001100000000000
STEP 8 P1 MOVE 5 12 7 12
OWN
00000000011000000
00010000011000000
00010000000000000
00012022220000000
00002000000000000
00002000000010000
22220000000010000
00001100000010000
02221100000000000
00001100000000000
STEP 9 P2 MOVE 5 11 5 14
OWN
00000000011000000
00010000011000000
00010000000000000
00012022220000000
00002000000000000
00002000000222200
22220000000010000
00001100000010000
02221100000000000
00001100000000000
STEP 10 P1 MOVE 1 6 4 6
OWN
00000000011000000
00010010011000000
00010010000000000
00012012220000000
00002010000000000
00002000000222200
22220000000010000
00001100000010000
02221100000000000
00001100000000000
STEP 11 P2 MOVE 1 8 4 8
OWN
00000000011000000
00010010211000000
00010010200000000
00012012220000000
00002010200000000
00002000000222200
22220000000010000
00001100000010000
02221100000000000
00001100000000000
STEP 12 P1 MOVE 0 12 0 14
OWN
00000000011011100
00010010211000000
00010010200000000
00012012220000000
00002010200000000
00002000000222200
22220000000010000
00001100000010000
02221100000000000
00001100000000000
STEP 13 P2 MOVE 1 14 4 14
OWN
00000000011011100
00010010211000200
00010010200000200
00012012220000200
00002010200000200
00002000000222200
22220000000010000
00001100000010000
02221100000000000
00001100000000000
STEP 14 P1 MOVE 2 10 2 11
OWN
00000000011011100
00010010211000200
00010010201100200
00012012220000200
00002010200000200
00002000000222200
22220000000010000
00001100000010000
02221100000000000
00001100000000000
STEP 15 P2 MOVE 0 15 0 16
OWN
00000000011011122
00010010211000200
00010010201100200
00012012220000200
00002010200000200
00002000000222200
22220000000010000
00001100000010000
02221100000000000
00001100000000000
STEP 16 P1 MOVE 7 16 8 16
OWN
00000000011011122
00010010211000200
00010010201100200
00012012220000200
00002010200000200
00002000000222200
22220000000010000
00001100000010001
02221100000000001
00001100000000000
STEP 17 P2 MOVE 8 14 9 14
OWN
00000000011011122
00010010211000200
00010010201100200
00012012220000200
00002010200000200
00002000000222200
22220000000010000
00001100000010001
02221100000000201
00001100000000200
STEP 18 P1 MOVE 3 11 6 11
OWN
00000000011011122
00010010211000200
00010010201100200
00012012220100200
00002010200100200
00002000000122200
22220000000110000
00001100000010001
02221100000000201
00001100000000200
STEP 19 P2 MOVE 6 10 7 11
OWN
00000000011011122
00010010211000200
00010010201100200
00012012220100200
00002010200100200
00002000000122200
22220000002210000
00001100002210001
02221100000000201
00001100000000200
STEP 20 P1 MOVE 5 3 5 5
OWN
00000000011011122
00010010211000200
00010010201100200
00012012220100200
00002010200100200
00011100000122200
22220000002210000
00001100002210001
02221100000000201
00001100000000200
STEP 21 P2 MOVE 3 5 5 6
OWN
00000000011011122
00010010211000200
00010010201100200
00012222220100200
00002220200100200
00011220000122200
22220000002210000
00001100002210001
02221100000000201
00001100000000200
STEP 22 P1 MOVE 6 8 7 8
OWN
00000000011011122
00010010211000200
00010010201100200
00012222220100200
00002220200100200
00011220000122200
22220000102210000
00001100102210001
02221100000000201
00001100000000200
STEP 23 P2 MOVE 4 7 5 7
OWN
00000000011011122
00010010211000200
00010010201100200
00012222220100200
00002222200100200
00011222000122200
22220000102210000
00001100102210001
02221100000000201
00001100000000200
STEP 24 P1 MOVE 7 6 7 9
OWN
00000000011011122
00010010211000200
00010010201100200
00012222220100200
00002222200100200
00011222000122200
22220000102210000
00001111112210001
02221100000000201
00001100000000200
STEP 25 P2 MOVE 2 1 3 1
OWN
00000000011011122
00010010211000200
02010010201100200
02012222220100200
00002222200100200
00011222000122200
22220000102210000
00001111112210001
02221100000000201
00001100000000200
STEP 26 P1 MOVE 6 6 8 6
OWN
00000000011011122
00010010211000200
02010010201100200
02012222220100200
00002222200100200
00011222000122200
22220010102210000
00001111112210001
02221110000000201
00001100000000200
STEP 27 P2 MOVE 2 5 6 5
OWN
00000000011011122
00010010211000200
02010210201100200
02012222220100200
00002222200100200
00011222000122200
22220210102210000
00001111112210001
02221110000000201
00001100000000200
STEP 28 P1 MOVE 4 10 5 12
OWN
00000000011011122
00010010211000200
02010210201100200
02012222220100200
00002222201110200
00011222001112200
22220210102210000
00001111112210001
02221110000000201
00001100000000200
STEP 29 P2 MOVE 4 9 4 13
OWN
00000000011011122
00010010211000200
02010210201100200
02012222220100200
00002222222222200
00011222001112200
22220210102210000
00001111112210001
02221110000000201
00001100000000200
STEP 30 P1 MOVE 1 1 4 1
OWN
00000000011011122
01010010211000200
01010210201100200
01012222220100200
01002222222222200
00011222001112200
22220210102210000
00001111112210001
02221110000000201
00001100000000200
STEP 31 P2 MOVE 1 0 1 2
OWN
00000000011011122
22210010211000200
01010210201100200
01012222220100200
01002222222222200
00011222001112200
22220210102210000
00001111112210001
02221110000000201
00001100000000200
STEP 32 P1 MOVE 5 15 5 16
OWN
00000000011011122
22210010211000200
01010210201100200
01012222220100200
01002222222222200
00011222001112211
22220210102210000
00001111112210001
02221110000000201
00001100000000200
STEP 33 P2 MOVE 4 16 6 16
OWN
00000000011011122
22210010211000200
01010210201100200
01012222220100200
01002222222222202
00011222001112212
22220210102210002
00001111112210001
02221110000000201
00001100000000200
STEP 34 P1 MOVE 2 16 9 16
OWN
00000000011011122
22210010211000200
01010210201100201
01012222220100201
01002222222222201
00011222001112211
22220210102210001
00001111112210001
02221110000000201
00001100000000201
STEP 35 P2 MOVE 3 2 4 2
OWN
00000000011011122
22210010211000200
01010210201100201
01212222220100201
01202222222222201
00011222001112211
22220210102210001
00001111112210001
02221110000000201
00001100000000201
STEP 36 P1 MOVE 8 10 9 10
OWN
00000000011011122
22210010211000200
01010210201100201
01212222220100201
01202222222222201
00011222001112211
22220210102210001
00001111112210001
02221110001000201
00001100001000201
STEP 37 P2 MOVE 9 8 9 11
OWN
00000000011011122
22210010211000200
01010210201100201
01212222220100201
01202222222222201
00011222001112211
22220210102210001
00001111112210001
02221110001000201
00001100222200201
STEP 38 P1 MOVE 0 7 1 7
OWN
00000001011011122
22210011211000200
01010210201100201
01212222220100201
01202222222222201
00011222001112211
22220210102210001
00001111112210001
02221110001000201
00001100222200201
STEP 39 P2 MOVE 1 5 1 11
OWN
00000001011011122
22210222222200200
01010210201100201
01212222220100201
01202222222222201
00011222001112211
22220210102210001
00001111112210001
02221110001000201
00001100222200201
STEP 40 P1 MOVE 4 2 5 3
OWN
00000001011011122
22210222222200200
01010210201100201
01212222220100201
01112222222222201
00111222001112211
22220210102210001
00001111112210001
02221110001000201
00001100222200201
STEP 41 P2 MOVE 2 1 5 2
OWN
00000001011011122
22210222222200200
02210210201100201
02212222220100201
02212222222222201
02211222001112211
22220210102210001
00001111112210001
02221110001000201
00001100222200201
STEP 42 P1 MOVE -1 -1 -1 -1
OWN
00000001011011122
22210222222200200
02210210201100201
02212222220100201
02212222222222201
02211222001112211
22220210102210001
00001111112210001
02221110001000201
00001100222200201
STEP 43 P2 MOVE -1 -1 -1 -1
OWN
00000001011011122
22210222222200200
02210210201100201
02212222220100201
02212222222222201
02211222001112211
22220210102210001
00001111112210001
02221110001000201
00001100222200201
RESULT first=44 second=65 winner=2
ANALYSIS winner=P2 score=44-65 reason=탈취우위(+10칸 빼앗음,2배효과) steal(w/l)=20/10 neu(w/l)=55/54
