BOARD
12326697878969983
77275343549422725
61224134453826599
71522575388459374
57875296971287326
84177458315299188
49622739228398962
77958413251235425
46182956129759575
87198313648676527
STEP 0 P1 MOVE 6 6 9 6
OWN
00000000000000000
00000000000000000
00000000000000000
00000000000000000
00000000000000000
00000000000000000
00000010000000000
00000010000000000
00000010000000000
00000010000000000
STEP 1 P2 MOVE 4 9 4 11
OWN
00000000000000000
00000000000000000
00000000000000000
00000000000000000
00000000022200000
00000000000000000
00000010000000000
00000010000000000
00000010000000000
00000010000000000
STEP 2 P1 MOVE 0 5 2 5
OWN
00000100000000000
00000100000000000
00000100000000000
00000000000000000
00000000022200000
00000000000000000
00000010000000000
00000010000000000
00000010000000000
00000010000000000
STEP 3 P2 MOVE 6 4 7 4
OWN
00000100000000000
00000100000000000
00000100000000000
00000000000000000
00000000022200000
00000000000000000
00002010000000000
00002010000000000
00000010000000000
00000010000000000
STEP 4 P1 MOVE 0 12 2 12
OWN
00000100000010000
00000100000010000
00000100000010000
00000000000000000
00000000022200000
00000000000000000
00002010000000000
00002010000000000
00000010000000000
00000010000000000
STEP 5 P2 MOVE 3 1 3 4
OWN
00000100000010000
00000100000010000
00000100000010000
02222000000000000
00000000022200000
00000000000000000
00002010000000000
00002010000000000
00000010000000000
00000010000000000
STEP 6 P1 MOVE 5 13 5 14
OWN
00000100000010000
00000100000010000
00000100000010000
02222000000000000
00000000022200000
00000000000001100
00002010000000000
00002010000000000
00000010000000000
00000010000000000
STEP 7 P2 MOVE 0 1 2 1
OWN
02000100000010000
02000100000010000
02000100000010000
02222000000000000
00000000022200000
00000000000001100
00002010000000000
00002010000000000
00000010000000000
00000010000000000
STEP 8 P1 MOVE 2 0 2 3
OWN
02000100000010000
02000100000010000
11110100000010000
02222000000000000
00000000022200000
00000000000001100
00002010000000000
00002010000000000
00000010000000000
00000010000000000
STEP 9 P2 MOVE 9 2 9 3
OWN
02000100000010000
02000100000010000
11110100000010000
02222000000000000
00000000022200000
00000000000001100
00002010000000000
00002010000000000
00000010000000000
00220010000000000
STEP 10 P1 MOVE 2 6 3 6
OWN
02000100000010000
02000100000010000
11110110000010000
02222010000000000
00000000022200000
00000000000001100
00002010000000000
00002010000000000
00000010000000000
00220010000000000
STEP 11 P2 MOVE 7 16 8 16
OWN
02000100000010000
02000100000010000
11110110000010000
02222010000000000
00000000022200000
00000000000001100
00002010000000000
00002010000000002
00000010000000002
00220010000000000
STEP 12 P1 MOVE 8 4 9 4
OWN
02000100000010000
02000100000010000
11110110000010000
02222010000000000
00000000022200000
00000000000001100
00002010000000000
00002010000000002
00001010000000002
00221010000000000
STEP 13 P2 MOVE 9 1 9 5
OWN
02000100000010000
02000100000010000
11110110000010000
02222010000000000
00000000022200000
00000000000001100
00002010000000000
00002010000000002
00001010000000002
02222210000000000
STEP 14 P1 MOVE 6 15 7 16
OWN
02000100000010000
02000100000010000
11110110000010000
02222010000000000
00000000022200000
00000000000001100
00002010000000011
00002010000000011
00001010000000002
02222210000000000
STEP 15 P2 MOVE 8 14 9 14
OWN
02000100000010000
02000100000010000
11110110000010000
02222010000000000
00000000022200000
00000000000001100
00002010000000011
00002010000000011
00001010000000202
02222210000000200
STEP 16 P1 MOVE 8 0 8 1
OWN
02000100000010000
02000100000010000
11110110000010000
02222010000000000
00000000022200000
00000000000001100
00002010000000011
00002010000000011
11001010000000202
02222210000000200
STEP 17 P2 MOVE 7 2 8 2
OWN
02000100000010000
02000100000010000
11110110000010000
02222010000000000
00000000022200000
00000000000001100
00002010000000011
00202010000000011
11201010000000202
02222210000000200
STEP 18 P1 MOVE 0 7 1 7
OWN
02000101000010000
02000101000010000
11110110000010000
02222010000000000
00000000022200000
00000000000001100
00002010000000011
00202010000000011
11201010000000202
02222210000000200
STEP 19 P2 MOVE 0 15 1 15
OWN
02000101000010020
02000101000010020
11110110000010000
02222010000000000
00000000022200000
00000000000001100
00002010000000011
00202010000000011
11201010000000202
02222210000000200
STEP 20 P1 MOVE 3 14 3 15
OWN
02000101000010020
02000101000010020
11110110000010000
02222010000000110
00000000022200000
00000000000001100
00002010000000011
00202010000000011
11201010000000202
02222210000000200
STEP 21 P2 MOVE 4 15 5 15
OWN
02000101000010020
02000101000010020
11110110000010000
02222010000000110
00000000022200020
00000000000001120
00002010000000011
00202010000000011
11201010000000202
02222210000000200
STEP 22 P1 MOVE 3 16 4 16
OWN
02000101000010020
02000101000010020
11110110000010000
02222010000000111
00000000022200021
00000000000001120
00002010000000011
00202010000000011
11201010000000202
02222210000000200
STEP 23 P2 MOVE 4 13 4 14
OWN
02000101000010020
02000101000010020
11110110000010000
02222010000000111
00000000022202221
00000000000001120
00002010000000011
00202010000000011
11201010000000202
02222210000000200
STEP 24 P1 MOVE 7 8 7 11
OWN
02000101000010020
02000101000010020
11110110000010000
02222010000000111
00000000022202221
00000000000001120
00002010000000011
00202010111100011
11201010000000202
02222210000000200
STEP 25 P2 MOVE 7 5 7 12
OWN
02000101000010020
02000101000010020
11110110000010000
02222010000000111
00000000022202221
00000000000001120
00002010000000011
00202222222220011
11201010000000202
02222210000000200
STEP 26 P1 MOVE 7 3 7 13
OWN
02000101000010020
02000101000010020
11110110000010000
02222010000000111
00000000022202221
00000000000001120
00002010000000011
00211111111111011
11201010000000202
02222210000000200
STEP 27 P2 MOVE 6 3 8 3
OWN
02000101000010020
02000101000010020
11110110000010000
02222010000000111
00000000022202221
00000000000001120
00022010000000011
00221111111111011
11221010000000202
02222210000000200
STEP 28 P1 MOVE 6 11 8 11
OWN
02000101000010020
02000101000010020
11110110000010000
02222010000000111
00000000022202221
00000000000001120
00022010000100011
00221111111111011
11221010000100202
02222210000000200
STEP 29 P2 MOVE 6 9 6 10
OWN
02000101000010020
02000101000010020
11110110000010000
02222010000000111
00000000022202221
00000000000001120
00022010022100011
00221111111111011
11221010000100202
02222210000000200
STEP 30 P1 MOVE -1 -1 -1 -1
OWN
02000101000010020
02000101000010020
11110110000010000
02222010000000111
00000000022202221
00000000000001120
00022010022100011
00221111111111011
11221010000100202
02222210000000200
STEP 31 P2 MOVE 3 5 3 7
OWN
02000101000010020
02000101000010020
11110110000010000
02222222000000111
00000000022202221
00000000000001120
00022010022100011
00221111111111011
11221010000100202
02222210000000200
STEP 32 P1 MOVE 3 0 3 8
OWN
02000101000010020
02000101000010020
11110110000010000
11111111100000111
00000000022202221
00000000000001120
00022010022100011
00221111111111011
11221010000100202
02222210000000200
STEP 33 P2 MOVE 1 2 4 2
OWN
02000101000010020
02200101000010020
11210110000010000
11211111100000111
00200000022202221
00000000000001120
00022010022100011
00221111111111011
11221010000100202
02222210000000200
STEP 34 P1 MOVE 0 1 4 2
OWN
01100101000010020
01100101000010020
11110110000010000
11111111100000111
01100000022202221
00000000000001120
00022010022100011
00221111111111011
11221010000100202
02222210000000200
STEP 35 P2 MOVE 2 7 4 7
OWN
01100101000010020
01100101000010020
11110112000010000
11111112100000111
01100002022202221
00000000000001120
00022010022100011
00221111111111011
11221010000100202
02222210000000200
STEP 36 P1 MOVE -1 -1 -1 -1
OWN
01100101000010020
01100101000010020
11110112000010000
11111112100000111
01100002022202221
00000000000001120
00022010022100011
00221111111111011
11221010000100202
02222210000000200
STEP 37 P2 MOVE -1 -1 -1 -1
OWN
01100101000010020
01100101000010020
11110112000010000
11111112100000111
01100002022202221
00000000000001120
00022010022100011
00221111111111011
11221010000100202
02222210000000200
RESULT first=55 second=28 winner=1
ANALYSIS winner=P1 score=55-28 reason=Ĺ»ĂëżěŔ§(+13Ä­ »©ľŃŔ˝,2ąčČż°ú) steal(w/l)=24/11 neu(w/l)=42/41
