BOARD
61152193457695927
87674732984953869
31783476485149895
82454332467917683
95228446333928555
19591518272577356
43587232385598137
21648462763665287
77723996312952328
28991197277372847
STEP 0 P1 MOVE 0 1 0 5
OWN
01111100000000000
00000000000000000
00000000000000000
00000000000000000
00000000000000000
00000000000000000
00000000000000000
00000000000000000
00000000000000000
00000000000000000
STEP 1 P2 MOVE 6 5 6 8
OWN
01111100000000000
00000000000000000
00000000000000000
00000000000000000
00000000000000000
00000000000000000
00000222200000000
00000000000000000
00000000000000000
00000000000000000
STEP 2 P1 MOVE 5 7 7 7
OWN
01111100000000000
00000000000000000
00000000000000000
00000000000000000
00000000000000000
00000001000000000
00000221200000000
00000001000000000
00000000000000000
00000000000000000
STEP 3 P2 MOVE 2 10 2 12
OWN
01111100000000000
00000000000000000
00000000002220000
00000000000000000
00000000000000000
00000001000000000
00000221200000000
00000001000000000
00000000000000000
00000000000000000
STEP 4 P1 MOVE 3 4 3 6
OWN
01111100000000000
00000000000000000
00000000002220000
00001110000000000
00000000000000000
00000001000000000
00000221200000000
00000001000000000
00000000000000000
00000000000000000
STEP 5 P2 MOVE 1 7 3 7
OWN
01111100000000000
00000002000000000
00000002002220000
00001112000000000
00000000000000000
00000001000000000
00000221200000000
00000001000000000
00000000000000000
00000000000000000
STEP 6 P1 MOVE 3 12 5 12
OWN
01111100000000000
00000002000000000
00000002002220000
00001112000010000
00000000000010000
00000001000010000
00000221200000000
00000001000000000
00000000000000000
00000000000000000
STEP 7 P2 MOVE 5 10 7 10
OWN
01111100000000000
00000002000000000
00000002002220000
00001112000010000
00000000000010000
00000001002010000
00000221202000000
00000001002000000
00000000000000000
00000000000000000
STEP 8 P1 MOVE 8 7 8 9
OWN
01111100000000000
00000002000000000
00000002002220000
00001112000010000
00000000000010000
00000001002010000
00000221202000000
00000001002000000
00000001110000000
00000000000000000
STEP 9 P2 MOVE 1 1 3 1
OWN
01111100000000000
02000002000000000
02000002002220000
02001112000010000
00000000000010000
00000001002010000
00000221202000000
00000001002000000
00000001110000000
00000000000000000
STEP 10 P1 MOVE 4 15 4 16
OWN
01111100000000000
02000002000000000
02000002002220000
02001112000010000
00000000000010011
00000001002010000
00000221202000000
00000001002000000
00000001110000000
00000000000000000
STEP 11 P2 MOVE 7 15 8 15
OWN
01111100000000000
02000002000000000
02000002002220000
02001112000010000
00000000000010011
00000001002010000
00000221202000000
00000001002000020
00000001110000020
00000000000000000
STEP 12 P1 MOVE 5 11 6 11
OWN
01111100000000000
02000002000000000
02000002002220000
02001112000010000
00000000000010011
00000001002110000
00000221202100000
00000001002000020
00000001110000020
00000000000000000
STEP 13 P2 MOVE 1 5 1 6
OWN
01111100000000000
02000222000000000
02000002002220000
02001112000010000
00000000000010011
00000001002110000
00000221202100000
00000001002000020
00000001110000020
00000000000000000
STEP 14 P1 MOVE 3 8 3 9
OWN
01111100000000000
02000222000000000
02000002002220000
02001112110010000
00000000000010011
00000001002110000
00000221202100000
00000001002000020
00000001110000020
00000000000000000
STEP 15 P2 MOVE 3 10 4 10
OWN
01111100000000000
02000222000000000
02000002002220000
02001112112010000
00000000002010011
00000001002110000
00000221202100000
00000001002000020
00000001110000020
00000000000000000
STEP 16 P1 MOVE 9 13 9 14
OWN
01111100000000000
02000222000000000
02000002002220000
02001112112010000
00000000002010011
00000001002110000
00000221202100000
00000001002000020
00000001110000020
00000000000001100
STEP 17 P2 MOVE 9 11 9 12
OWN
01111100000000000
02000222000000000
02000002002220000
02001112112010000
00000000002010011
00000001002110000
00000221202100000
00000001002000020
00000001110000020
00000000000221100
STEP 18 P1 MOVE 7 2 7 3
OWN
01111100000000000
02000222000000000
02000002002220000
02001112112010000
00000000002010011
00000001002110000
00000221202100000
00110001002000020
00000001110000020
00000000000221100
STEP 19 P2 MOVE 5 2 6 2
OWN
01111100000000000
02000222000000000
02000002002220000
02001112112010000
00000000002010011
00200001002110000
00200221202100000
00110001002000020
00000001110000020
00000000000221100
STEP 20 P1 MOVE 2 0 2 2
OWN
01111100000000000
02000222000000000
11100002002220000
02001112112010000
00000000002010011
00200001002110000
00200221202100000
00110001002000020
00000001110000020
00000000000221100
STEP 21 P2 MOVE 1 2 3 2
OWN
01111100000000000
02200222000000000
11200002002220000
02201112112010000
00000000002010011
00200001002110000
00200221202100000
00110001002000020
00000001110000020
00000000000221100
STEP 22 P1 MOVE 5 3 5 4
OWN
01111100000000000
02200222000000000
11200002002220000
02201112112010000
00000000002010011
00211001002110000
00200221202100000
00110001002000020
00000001110000020
00000000000221100
STEP 23 P2 MOVE 4 0 5 0
OWN
01111100000000000
02200222000000000
11200002002220000
02201112112010000
20000000002010011
20211001002110000
00200221202100000
00110001002000020
00000001110000020
00000000000221100
STEP 24 P1 MOVE 6 0 7 1
OWN
01111100000000000
02200222000000000
11200002002220000
02201112112010000
20000000002010011
20211001002110000
11200221202100000
11110001002000020
00000001110000020
00000000000221100
STEP 25 P2 MOVE 9 0 9 1
OWN
01111100000000000
02200222000000000
11200002002220000
02201112112010000
20000000002010011
20211001002110000
11200221202100000
11110001002000020
00000001110000020
22000000000221100
STEP 26 P1 MOVE 4 3 6 3
OWN
01111100000000000
02200222000000000
11200002002220000
02201112112010000
20010000002010011
20211001002110000
11210221202100000
11110001002000020
00000001110000020
22000000000221100
STEP 27 P2 MOVE 5 13 5 14
OWN
01111100000000000
02200222000000000
11200002002220000
02201112112010000
20010000002010011
20211001002112200
11210221202100000
11110001002000020
00000001110000020
22000000000221100
STEP 28 P1 MOVE 4 14 5 15
OWN
01111100000000000
02200222000000000
11200002002220000
02201112112010000
20010000002010111
20211001002112110
11210221202100000
11110001002000020
00000001110000020
22000000000221100
STEP 29 P2 MOVE 4 9 5 9
OWN
01111100000000000
02200222000000000
11200002002220000
02201112112010000
20010000022010111
20211001022112110
11210221202100000
11110001002000020
00000001110000020
22000000000221100
STEP 30 P1 MOVE 6 15 6 16
OWN
01111100000000000
02200222000000000
11200002002220000
02201112112010000
20010000022010111
20211001022112110
11210221202100011
11110001002000020
00000001110000020
22000000000221100
STEP 31 P2 MOVE 6 14 9 15
OWN
01111100000000000
02200222000000000
11200002002220000
02201112112010000
20010000022010111
20211001022112110
11210221202100221
11110001002000220
00000001110000220
22000000000221220
STEP 32 P1 MOVE 8 13 8 16
OWN
01111100000000000
02200222000000000
11200002002220000
02201112112010000
20010000022010111
20211001022112110
11210221202100221
11110001002000220
00000001110001111
22000000000221220
STEP 33 P2 MOVE 5 8 6 9
OWN
01111100000000000
02200222000000000
11200002002220000
02201112112010000
20010000022010111
20211001222112110
11210221222100221
11110001002000220
00000001110001111
22000000000221220
STEP 34 P1 MOVE 5 6 6 12
OWN
01111100000000000
02200222000000000
11200002002220000
02201112112010000
20010000022010111
20211011111112110
11210211111110221
11110001002000220
00000001110001111
22000000000221220
STEP 35 P2 MOVE 4 2 4 4
OWN
01111100000000000
02200222000000000
11200002002220000
02201112112010000
20222000022010111
20211011111112110
11210211111110221
11110001002000220
00000001110001111
22000000000221220
STEP 36 P1 MOVE 2 4 6 4
OWN
01111100000000000
02200222000000000
11201002002220000
02201112112010000
20221000022010111
20211011111112110
11211211111110221
11110001002000220
00000001110001111
22000000000221220
STEP 37 P2 MOVE 3 1 4 3
OWN
01111100000000000
02200222000000000
11201002002220000
02221112112010000
22221000022010111
20211011111112110
11211211111110221
11110001002000220
00000001110001111
22000000000221220
STEP 38 P1 MOVE 2 3 8 3
OWN
01111100000000000
02200222000000000
11211002002220000
02211112112010000
22211000022010111
20211011111112110
11211211111110221
11110001002000220
00010001110001111
22000000000221220
STEP 39 P2 MOVE 4 6 7 6
OWN
01111100000000000
02200222000000000
11211002002220000
02211112112010000
22211020022010111
20211021111112110
11211221111110221
11110021002000220
00010001110001111
22000000000221220
STEP 40 P1 MOVE 4 8 7 8
OWN
01111100000000000
02200222000000000
11211002002220000
02211112112010000
22211020122010111
20211021111112110
11211221111110221
11110021102000220
00010001110001111
22000000000221220
STEP 41 P2 MOVE 2 7 4 8
OWN
01111100000000000
02200222000000000
11211002202220000
02211112212010000
22211022222010111
20211021111112110
11211221111110221
11110021102000220
00010001110001111
22000000000221220
STEP 42 P1 MOVE 0 7 9 7
OWN
01111101000000000
02200221000000000
11211001202220000
02211111212010000
22211021222010111
20211021111112110
11211221111110221
11110021102000220
00010001110001111
22000001000221220
STEP 43 P2 MOVE 7 5 7 9
OWN
01111101000000000
02200221000000000
11211001202220000
02211111212010000
22211021222010111
20211021111112110
11211221111110221
11110222222000220
00010001110001111
22000001000221220
STEP 44 P1 MOVE 2 9 8 10
OWN
01111101000000000
02200221000000000
11211001211220000
02211111211010000
22211021211010111
20211021111112110
11211221111110221
11110222211000220
00010001111001111
22000001000221220
STEP 45 P2 MOVE 8 2 8 4
OWN
01111101000000000
02200221000000000
11211001211220000
02211111211010000
22211021211010111
20211021111112110
11211221111110221
11110222211000220
00222001111001111
22000001000221220
STEP 46 P1 MOVE -1 -1 -1 -1
OWN
01111101000000000
02200221000000000
11211001211220000
02211111211010000
22211021211010111
20211021111112110
11211221111110221
11110222211000220
00222001111001111
22000001000221220
STEP 47 P2 MOVE -1 -1 -1 -1
OWN
01111101000000000
02200221000000000
11211001211220000
02211111211010000
22211021211010111
20211021111112110
11211221111110221
11110222211000220
00222001111001111
22000001000221220
RESULT first=68 second=40 winner=1
ANALYSIS winner=P1 score=68-40 reason=Ĺ»ĂëżěŔ§(+14Ä­ »©ľŃŔ˝,2ąčČż°ú) steal(w/l)=25/11 neu(w/l)=54/54
