BOARD
56918413268479241
47537323833114433
56494347516733526
51625658638831516
71976718134248696
95826517246963659
25653235831297146
58731186433723763
17538398868558732
79386328599962615
STEP 0 P1 MOVE 3 12 3 15
OWN
00000000000000000
00000000000000000
00000000000000000
00000000000011110
00000000000000000
00000000000000000
00000000000000000
00000000000000000
00000000000000000
00000000000000000
STEP 1 P2 MOVE 0 5 0 8
OWN
00000222200000000
00000000000000000
00000000000000000
00000000000011110
00000000000000000
00000000000000000
00000000000000000
00000000000000000
00000000000000000
00000000000000000
STEP 2 P1 MOVE 4 8 4 11
OWN
00000222200000000
00000000000000000
00000000000000000
00000000000011110
00000000111100000
00000000000000000
00000000000000000
00000000000000000
00000000000000000
00000000000000000
STEP 3 P2 MOVE 0 9 2 9
OWN
00000222220000000
00000000020000000
00000000020000000
00000000000011110
00000000111100000
00000000000000000
00000000000000000
00000000000000000
00000000000000000
00000000000000000
STEP 4 P1 MOVE 5 9 7 9
OWN
00000222220000000
00000000020000000
00000000020000000
00000000000011110
00000000111100000
00000000010000000
00000000010000000
00000000010000000
00000000000000000
00000000000000000
STEP 5 P2 MOVE 3 6 6 6
OWN
00000222220000000
00000000020000000
00000000020000000
00000020000011110
00000020111100000
00000020010000000
00000020010000000
00000000010000000
00000000000000000
00000000000000000
STEP 6 P1 MOVE 1 11 1 14
OWN
00000222220000000
00000000020111100
00000000020000000
00000020000011110
00000020111100000
00000020010000000
00000020010000000
00000000010000000
00000000000000000
00000000000000000
STEP 7 P2 MOVE 5 4 7 4
OWN
00000222220000000
00000000020111100
00000000020000000
00000020000011110
00000020111100000
00002020010000000
00002020010000000
00002000010000000
00000000000000000
00000000000000000
STEP 8 P1 MOVE 2 11 2 12
OWN
00000222220000000
00000000020111100
00000000020110000
00000020000011110
00000020111100000
00002020010000000
00002020010000000
00002000010000000
00000000000000000
00000000000000000
STEP 9 P2 MOVE 0 16 2 16
OWN
00000222220000002
00000000020111102
00000000020110002
00000020000011110
00000020111100000
00002020010000000
00002020010000000
00002000010000000
00000000000000000
00000000000000000
STEP 10 P1 MOVE 2 13 2 15
OWN
00000222220000002
00000000020111102
00000000020111112
00000020000011110
00000020111100000
00002020010000000
00002020010000000
00002000010000000
00000000000000000
00000000000000000
STEP 11 P2 MOVE 7 16 9 16
OWN
00000222220000002
00000000020111102
00000000020111112
00000020000011110
00000020111100000
00002020010000000
00002020010000000
00002000010000002
00000000000000002
00000000000000002
STEP 12 P1 MOVE 7 15 9 15
OWN
00000222220000002
00000000020111102
00000000020111112
00000020000011110
00000020111100000
00002020010000000
00002020010000000
00002000010000012
00000000000000012
00000000000000012
STEP 13 P2 MOVE 7 7 7 8
OWN
00000222220000002
00000000020111102
00000000020111112
00000020000011110
00000020111100000
00002020010000000
00002020010000000
00002002210000012
00000000000000012
00000000000000012
STEP 14 P1 MOVE 5 10 7 10
OWN
00000222220000002
00000000020111102
00000000020111112
00000020000011110
00000020111100000
00002020011000000
00002020011000000
00002002211000012
00000000000000012
00000000000000012
STEP 15 P2 MOVE 7 13 7 14
OWN
00000222220000002
00000000020111102
00000000020111112
00000020000011110
00000020111100000
00002020011000000
00002020011000000
00002002211002212
00000000000000012
00000000000000012
STEP 16 P1 MOVE 5 8 6 8
OWN
00000222220000002
00000000020111102
00000000020111112
00000020000011110
00000020111100000
00002020111000000
00002020111000000
00002002211002212
00000000000000012
00000000000000012
STEP 17 P2 MOVE 2 2 3 2
OWN
00000222220000002
00000000020111102
00200000020111112
00200020000011110
00000020111100000
00002020111000000
00002020111000000
00002002211002212
00000000000000012
00000000000000012
STEP 18 P1 MOVE 5 2 5 3
OWN
00000222220000002
00000000020111102
00200000020111112
00200020000011110
00000020111100000
00112020111000000
00002020111000000
00002002211002212
00000000000000012
00000000000000012
STEP 19 P2 MOVE 5 1 5 5
OWN
00000222220000002
00000000020111102
00200000020111112
00200020000011110
00000020111100000
02222220111000000
00002020111000000
00002002211002212
00000000000000012
00000000000000012
STEP 20 P1 MOVE 4 5 7 5
OWN
00000222220000002
00000000020111102
00200000020111112
00200020000011110
00000120111100000
02222120111000000
00002120111000000
00002102211002212
00000000000000012
00000000000000012
STEP 21 P2 MOVE 6 3 6 7
OWN
00000222220000002
00000000020111102
00200000020111112
00200020000011110
00000120111100000
02222120111000000
00022222111000000
00002102211002212
00000000000000012
00000000000000012
STEP 22 P1 MOVE 4 3 7 3
OWN
00000222220000002
00000000020111102
00200000020111112
00200020000011110
00010120111100000
02212120111000000
00012222111000000
00012102211002212
00000000000000012
00000000000000012
STEP 23 P2 MOVE 8 13 9 13
OWN
00000222220000002
00000000020111102
00200000020111112
00200020000011110
00010120111100000
02212120111000000
00012222111000000
00012102211002212
00000000000002012
00000000000002012
STEP 24 P1 MOVE 6 15 6 16
OWN
00000222220000002
00000000020111102
00200000020111112
00200020000011110
00010120111100000
02212120111000000
00012222111000011
00012102211002212
00000000000002012
00000000000002012
STEP 25 P2 MOVE 8 11 8 12
OWN
00000222220000002
00000000020111102
00200000020111112
00200020000011110
00010120111100000
02212120111000000
00012222111000011
00012102211002212
00000000000222012
00000000000002012
STEP 26 P1 MOVE 9 6 9 7
OWN
00000222220000002
00000000020111102
00200000020111112
00200020000011110
00010120111100000
02212120111000000
00012222111000011
00012102211002212
00000000000222012
00000011000002012
STEP 27 P2 MOVE 0 2 0 3
OWN
00220222220000002
00000000020111102
00200000020111112
00200020000011110
00010120111100000
02212120111000000
00012222111000011
00012102211002212
00000000000222012
00000011000002012
STEP 28 P1 MOVE 2 0 3 0
OWN
00220222220000002
00000000020111102
10200000020111112
10200020000011110
00010120111100000
02212120111000000
00012222111000011
00012102211002212
00000000000222012
00000011000002012
STEP 29 P2 MOVE 4 12 5 12
OWN
00220222220000002
00000000020111102
10200000020111112
10200020000011110
00010120111120000
02212120111020000
00012222111000011
00012102211002212
00000000000222012
00000011000002012
STEP 30 P1 MOVE 5 13 6 13
OWN
00220222220000002
00000000020111102
10200000020111112
10200020000011110
00010120111120000
02212120111021000
00012222111001011
00012102211002212
00000000000222012
00000011000002012
STEP 31 P2 MOVE 1 3 1 4
OWN
00220222220000002
00022000020111102
10200000020111112
10200020000011110
00010120111120000
02212120111021000
00012222111001011
00012102211002212
00000000000222012
00000011000002012
STEP 32 P1 MOVE 1 2 1 6
OWN
00220222220000002
00111110020111102
10200000020111112
10200020000011110
00010120111120000
02212120111021000
00012222111001011
00012102211002212
00000000000222012
00000011000002012
STEP 33 P2 MOVE 1 1 1 7
OWN
00220222220000002
02222222020111102
10200000020111112
10200020000011110
00010120111120000
02212120111021000
00012222111001011
00012102211002212
00000000000222012
00000011000002012
STEP 34 P1 MOVE 1 0 2 1
OWN
00220222220000002
11222222020111102
11200000020111112
10200020000011110
00010120111120000
02212120111021000
00012222111001011
00012102211002212
00000000000222012
00000011000002012
STEP 35 P2 MOVE -1 -1 -1 -1
OWN
00220222220000002
11222222020111102
11200000020111112
10200020000011110
00010120111120000
02212120111021000
00012222111001011
00012102211002212
00000000000222012
00000011000002012
STEP 36 P1 MOVE -1 -1 -1 -1
OWN
00220222220000002
11222222020111102
11200000020111112
10200020000011110
00010120111120000
02212120111021000
00012222111001011
00012102211002212
00000000000222012
00000011000002012
RESULT first=46 second=44 winner=1
ANALYSIS winner=P1 score=46-44 reason=şóÄ­Ľ±Áˇ(+6) / Ľ±°řŔĚÁˇ steal(w/l)=6/8 neu(w/l)=48/42
