BOARD
28511386615847992
49527626758245214
68499164756229942
55478434914316956
79753813772842887
29785724588311925
64598695778588837
85866375678359181
31266814351798284
26634631221882193
STEP 0 P1 MOVE 4 6 5 7
OWN
00000000000000000
00000000000000000
00000000000000000
00000000000000000
00000011000000000
00000011000000000
00000000000000000
00000000000000000
00000000000000000
00000000000000000
STEP 1 P2 MOVE 8 7 9 8
OWN
00000000000000000
00000000000000000
00000000000000000
00000000000000000
00000011000000000
00000011000000000
00000000000000000
00000000000000000
00000002200000000
00000002200000000
STEP 2 P1 MOVE 0 2 0 5
OWN
00111100000000000
00000000000000000
00000000000000000
00000000000000000
00000011000000000
00000011000000000
00000000000000000
00000000000000000
00000002200000000
00000002200000000
STEP 3 P2 MOVE 1 15 3 15
OWN
00111100000000000
00000000000000020
00000000000000020
00000000000000020
00000011000000000
00000011000000000
00000000000000000
00000000000000000
00000002200000000
00000002200000000
STEP 4 P1 MOVE 0 12 2 12
OWN
00111100000010000
00000000000010020
00000000000010020
00000000000000020
00000011000000000
00000011000000000
00000000000000000
00000000000000000
00000002200000000
00000002200000000
STEP 5 P2 MOVE 6 1 8 1
OWN
00111100000010000
00000000000010020
00000000000010020
00000000000000020
00000011000000000
00000011000000000
02000000000000000
02000000000000000
02000002200000000
00000002200000000
STEP 6 P1 MOVE 7 14 7 16
OWN
00111100000010000
00000000000010020
00000000000010020
00000000000000020
00000011000000000
00000011000000000
02000000000000000
02000000000000111
02000002200000000
00000002200000000
STEP 7 P2 MOVE 3 11 3 13
OWN
00111100000010000
00000000000010020
00000000000010020
00000000000222020
00000011000000000
00000011000000000
02000000000000000
02000000000000111
02000002200000000
00000002200000000
STEP 8 P1 MOVE 0 11 1 11
OWN
00111100000110000
00000000000110020
00000000000010020
00000000000222020
00000011000000000
00000011000000000
02000000000000000
02000000000000111
02000002200000000
00000002200000000
STEP 9 P2 MOVE 8 13 9 13
OWN
00111100000110000
00000000000110020
00000000000010020
00000000000222020
00000011000000000
00000011000000000
02000000000000000
02000000000000111
02000002200002000
00000002200002000
STEP 10 P1 MOVE 4 10 5 10
OWN
00111100000110000
00000000000110020
00000000000010020
00000000000222020
00000011001000000
00000011001000000
02000000000000000
02000000000000111
02000002200002000
00000002200002000
STEP 11 P2 MOVE 0 0 0 1
OWN
22111100000110000
00000000000110020
00000000000010020
00000000000222020
00000011001000000
00000011001000000
02000000000000000
02000000000000111
02000002200002000
00000002200002000
STEP 12 P1 MOVE 9 4 9 5
OWN
22111100000110000
00000000000110020
00000000000010020
00000000000222020
00000011001000000
00000011001000000
02000000000000000
02000000000000111
02000002200002000
00001102200002000
STEP 13 P2 MOVE 7 2 8 2
OWN
22111100000110000
00000000000110020
00000000000010020
00000000000222020
00000011001000000
00000011001000000
02000000000000000
02200000000000111
02200002200002000
00001102200002000
STEP 14 P1 MOVE 0 6 1 6
OWN
22111110000110000
00000010000110020
00000000000010020
00000000000222020
00000011001000000
00000011001000000
02000000000000000
02200000000000111
02200002200002000
00001102200002000
STEP 15 P2 MOVE 9 14 9 15
OWN
22111110000110000
00000010000110020
00000000000010020
00000000000222020
00000011001000000
00000011001000000
02000000000000000
02200000000000111
02200002200002000
00001102200002220
STEP 16 P1 MOVE 8 14 8 15
OWN
22111110000110000
00000010000110020
00000000000010020
00000000000222020
00000011001000000
00000011001000000
02000000000000000
02200000000000111
02200002200002110
00001102200002220
STEP 17 P2 MOVE 6 15 6 16
OWN
22111110000110000
00000010000110020
00000000000010020
00000000000222020
00000011001000000
00000011001000000
02000000000000022
02200000000000111
02200002200002110
00001102200002220
STEP 18 P1 MOVE 4 13 4 14
OWN
22111110000110000
00000010000110020
00000000000010020
00000000000222020
00000011001001100
00000011001000000
02000000000000022
02200000000000111
02200002200002110
00001102200002220
STEP 19 P2 MOVE 2 11 4 11
OWN
22111110000110000
00000010000110020
00000000000210020
00000000000222020
00000011001201100
00000011001000000
02000000000000022
02200000000000111
02200002200002110
00001102200002220
STEP 20 P1 MOVE 6 7 7 7
OWN
22111110000110000
00000010000110020
00000000000210020
00000000000222020
00000011001201100
00000011001000000
02000001000000022
02200001000000111
02200002200002110
00001102200002220
STEP 21 P2 MOVE 1 0 2 0
OWN
22111110000110000
20000010000110020
20000000000210020
00000000000222020
00000011001201100
00000011001000000
02000001000000022
02200001000000111
02200002200002110
00001102200002220
STEP 22 P1 MOVE 7 11 8 11
OWN
22111110000110000
20000010000110020
20000000000210020
00000000000222020
00000011001201100
00000011001000000
02000001000000022
02200001000100111
02200002200102110
00001102200002220
STEP 23 P2 MOVE 3 0 3 1
OWN
22111110000110000
20000010000110020
20000000000210020
22000000000222020
00000011001201100
00000011001000000
02000001000000022
02200001000100111
02200002200102110
00001102200002220
STEP 24 P1 MOVE 2 10 3 10
OWN
22111110000110000
20000010000110020
20000000001210020
22000000001222020
00000011001201100
00000011001000000
02000001000000022
02200001000100111
02200002200102110
00001102200002220
STEP 25 P2 MOVE 3 9 3 14
OWN
22111110000110000
20000010000110020
20000000001210020
22000000022222220
00000011001201100
00000011001000000
02000001000000022
02200001000100111
02200002200102110
00001102200002220
STEP 26 P1 MOVE 1 9 2 9
OWN
22111110000110000
20000010010110020
20000000011210020
22000000022222220
00000011001201100
00000011001000000
02000001000000022
02200001000100111
02200002200102110
00001102200002220
STEP 27 P2 MOVE 2 13 5 13
OWN
22111110000110000
20000010010110020
20000000011212020
22000000022222220
00000011001202100
00000011001002000
02000001000000022
02200001000100111
02200002200102110
00001102200002220
STEP 28 P1 MOVE 4 15 5 15
OWN
22111110000110000
20000010010110020
20000000011212020
22000000022222220
00000011001202110
00000011001002010
02000001000000022
02200001000100111
02200002200102110
00001102200002220
STEP 29 P2 MOVE 5 12 5 14
OWN
22111110000110000
20000010010110020
20000000011212020
22000000022222220
00000011001202110
00000011001022210
02000001000000022
02200001000100111
02200002200102110
00001102200002220
STEP 30 P1 MOVE 7 10 9 10
OWN
22111110000110000
20000010010110020
20000000011212020
22000000022222220
00000011001202110
00000011001022210
02000001000000022
02200001001100111
02200002201102110
00001102201002220
STEP 31 P2 MOVE 9 9 9 11
OWN
22111110000110000
20000010010110020
20000000011212020
22000000022222220
00000011001202110
00000011001022210
02000001000000022
02200001001100111
02200002201102110
00001102222202220
STEP 32 P1 MOVE 2 4 2 5
OWN
22111110000110000
20000010010110020
20001100011212020
22000000022222220
00000011001202110
00000011001022210
02000001000000022
02200001001100111
02200002201102110
00001102222202220
STEP 33 P2 MOVE 1 5 3 5
OWN
22111110000110000
20000210010110020
20001200011212020
22000200022222220
00000011001202110
00000011001022210
02000001000000022
02200001001100111
02200002201102110
00001102222202220
STEP 34 P1 MOVE -1 -1 -1 -1
OWN
22111110000110000
20000210010110020
20001200011212020
22000200022222220
00000011001202110
00000011001022210
02000001000000022
02200001001100111
02200002201102110
00001102222202220
STEP 35 P2 MOVE -1 -1 -1 -1
OWN
22111110000110000
20000210010110020
20001200011212020
22000200022222220
00000011001202110
00000011001022210
02000001000000022
02200001001100111
02200002201102110
00001102222202220
RESULT first=37 second=43 winner=2
ANALYSIS winner=P2 score=37-43 reason=Ĺ»ĂëżěŔ§(+4Ä­ »©ľŃŔ˝,2ąčČż°ú) / żŞŔü˝Â steal(w/l)=4/0 neu(w/l)=39/41
