BOARD
51986713373681197
81423384588721727
69337993526377141
49883323234549729
34394834979423116
52713932791358139
33324646543251244
96666513752841635
56798185291288425
15593169442682463
STEP 0 P1 MOVE 0 13 1 14
OWN
00000000000001100
00000000000001100
00000000000000000
00000000000000000
00000000000000000
00000000000000000
00000000000000000
00000000000000000
00000000000000000
00000000000000000
STEP 1 P2 MOVE 5 1 5 3
OWN
00000000000001100
00000000000001100
00000000000000000
00000000000000000
00000000000000000
02220000000000000
00000000000000000
00000000000000000
00000000000000000
00000000000000000
STEP 2 P1 MOVE 1 1 1 4
OWN
00000000000001100
01111000000001100
00000000000000000
00000000000000000
00000000000000000
02220000000000000
00000000000000000
00000000000000000
00000000000000000
00000000000000000
STEP 3 P2 MOVE 0 1 2 1
OWN
02000000000001100
02111000000001100
02000000000000000
00000000000000000
00000000000000000
02220000000000000
00000000000000000
00000000000000000
00000000000000000
00000000000000000
STEP 4 P1 MOVE 4 0 4 2
OWN
02000000000001100
02111000000001100
02000000000000000
00000000000000000
11100000000000000
02220000000000000
00000000000000000
00000000000000000
00000000000000000
00000000000000000
STEP 5 P2 MOVE 5 15 7 15
OWN
02000000000001100
02111000000001100
02000000000000000
00000000000000000
11100000000000000
02220000000000020
00000000000000020
00000000000000020
00000000000000000
00000000000000000
STEP 6 P1 MOVE 6 11 6 14
OWN
02000000000001100
02111000000001100
02000000000000000
00000000000000000
11100000000000000
02220000000000020
00000000000111120
00000000000000020
00000000000000000
00000000000000000
STEP 7 P2 MOVE 2 14 5 14
OWN
02000000000001100
02111000000001100
02000000000000200
00000000000000200
11100000000000200
02220000000000220
00000000000111120
00000000000000020
00000000000000000
00000000000000000
STEP 8 P1 MOVE 9 4 9 6
OWN
02000000000001100
02111000000001100
02000000000000200
00000000000000200
11100000000000200
02220000000000220
00000000000111120
00000000000000020
00000000000000000
00001110000000000
STEP 9 P2 MOVE 9 8 9 10
OWN
02000000000001100
02111000000001100
02000000000000200
00000000000000200
11100000000000200
02220000000000220
00000000000111120
00000000000000020
00000000000000000
00001110222000000
STEP 10 P1 MOVE 2 3 2 4
OWN
02000000000001100
02111000000001100
02011000000000200
00000000000000200
11100000000000200
02220000000000220
00000000000111120
00000000000000020
00000000000000000
00001110222000000
STEP 11 P2 MOVE 0 8 0 9
OWN
02000000220001100
02111000000001100
02011000000000200
00000000000000200
11100000000000200
02220000000000220
00000000000111120
00000000000000020
00000000000000000
00001110222000000
STEP 12 P1 MOVE 2 7 2 9
OWN
02000000220001100
02111000000001100
02011001110000200
00000000000000200
11100000000000200
02220000000000220
00000000000111120
00000000000000020
00000000000000000
00001110222000000
STEP 13 P2 MOVE 4 6 6 6
OWN
02000000220001100
02111000000001100
02011001110000200
00000000000000200
11100020000000200
02220020000000220
00000020000111120
00000000000000020
00000000000000000
00001110222000000
STEP 14 P1 MOVE 0 12 1 12
OWN
02000000220011100
02111000000011100
02011001110000200
00000000000000200
11100020000000200
02220020000000220
00000020000111120
00000000000000020
00000000000000000
00001110222000000
STEP 15 P2 MOVE 2 11 2 12
OWN
02000000220011100
02111000000011100
02011001110220200
00000000000000200
11100020000000200
02220020000000220
00000020000111120
00000000000000020
00000000000000000
00001110222000000
STEP 16 P1 MOVE 8 11 8 12
OWN
02000000220011100
02111000000011100
02011001110220200
00000000000000200
11100020000000200
02220020000000220
00000020000111120
00000000000000020
00000000000110000
00001110222000000
STEP 17 P2 MOVE 2 16 3 16
OWN
02000000220011100
02111000000011100
02011001110220202
00000000000000202
11100020000000200
02220020000000220
00000020000111120
00000000000000020
00000000000110000
00001110222000000
STEP 18 P1 MOVE 2 0 3 0
OWN
02000000220011100
02111000000011100
12011001110220202
10000000000000202
11100020000000200
02220020000000220
00000020000111120
00000000000000020
00000000000110000
00001110222000000
STEP 19 P2 MOVE 8 9 8 10
OWN
02000000220011100
02111000000011100
12011001110220202
10000000000000202
11100020000000200
02220020000000220
00000020000111120
00000000000000020
00000000022110000
00001110222000000
STEP 20 P1 MOVE 8 8 8 13
OWN
02000000220011100
02111000000011100
12011001110220202
10000000000000202
11100020000000200
02220020000000220
00000020000111120
00000000000000020
00000000111111000
00001110222000000
STEP 21 P2 MOVE 6 4 6 5
OWN
02000000220011100
02111000000011100
12011001110220202
10000000000000202
11100020000000200
02220020000000220
00002220000111120
00000000000000020
00000000111111000
00001110222000000
STEP 22 P1 MOVE 3 4 5 4
OWN
02000000220011100
02111000000011100
12011001110220202
10001000000000202
11101020000000200
02221020000000220
00002220000111120
00000000000000020
00000000111111000
00001110222000000
STEP 23 P2 MOVE 8 13 9 14
OWN
02000000220011100
02111000000011100
12011001110220202
10001000000000202
11101020000000200
02221020000000220
00002220000111120
00000000000000020
00000000111112200
00001110222002200
STEP 24 P1 MOVE 4 11 4 15
OWN
02000000220011100
02111000000011100
12011001110220202
10001000000000202
11101020000111110
02221020000000220
00002220000111120
00000000000000020
00000000111112200
00001110222002200
STEP 25 P2 MOVE 4 10 5 10
OWN
02000000220011100
02111000000011100
12011001110220202
10001000000000202
11101020002111110
02221020002000220
00002220000111120
00000000000000020
00000000111112200
00001110222002200
STEP 26 P1 MOVE 3 9 4 9
OWN
02000000220011100
02111000000011100
12011001110220202
10001000010000202
11101020012111110
02221020002000220
00002220000111120
00000000000000020
00000000111112200
00001110222002200
STEP 27 P2 MOVE 2 10 3 10
OWN
02000000220011100
02111000000011100
12011001112220202
10001000012000202
11101020012111110
02221020002000220
00002220000111120
00000000000000020
00000000111112200
00001110222002200
STEP 28 P1 MOVE 3 7 3 11
OWN
02000000220011100
02111000000011100
12011001112220202
10001001111100202
11101020012111110
02221020002000220
00002220000111120
00000000000000020
00000000111112200
00001110222002200
STEP 29 P2 MOVE 1 7 5 7
OWN
02000000220011100
02111002000011100
12011002112220202
10001002111100202
11101022012111110
02221022002000220
00002220000111120
00000000000000020
00000000111112200
00001110222002200
STEP 30 P1 MOVE 7 7 7 8
OWN
02000000220011100
02111002000011100
12011002112220202
10001002111100202
11101022012111110
02221022002000220
00002220000111120
00000001100000020
00000000111112200
00001110222002200
STEP 31 P2 MOVE 7 7 8 9
OWN
02000000220011100
02111002000011100
12011002112220202
10001002111100202
11101022012111110
02221022002000220
00002220000111120
00000002220000020
00000002221112200
00001110222002200
STEP 32 P1 MOVE 1 15 8 15
OWN
02000000220011100
02111002000011110
12011002112220212
10001002111100212
11101022012111110
02221022002000210
00002220000111110
00000002220000010
00000002221112210
00001110222002200
STEP 33 P2 MOVE 7 16 8 16
OWN
02000000220011100
02111002000011110
12011002112220212
10001002111100212
11101022012111110
02221022002000210
00002220000111110
00000002220000012
00000002221112212
00001110222002200
STEP 34 P1 MOVE 7 10 7 11
OWN
02000000220011100
02111002000011110
12011002112220212
10001002111100212
11101022012111110
02221022002000210
00002220000111110
00000002221100012
00000002221112212
00001110222002200
STEP 35 P2 MOVE 6 14 7 16
OWN
02000000220011100
02111002000011110
12011002112220212
10001002111100212
11101022012111110
02221022002000210
00002220000111222
00000002221100222
00000002221112212
00001110222002200
STEP 36 P1 MOVE 7 13 9 16
OWN
02000000220011100
02111002000011110
12011002112220212
10001002111100212
11101022012111110
02221022002000210
00002220000111222
00000002221101111
00000002221111111
00001110222001111
STEP 37 P2 MOVE 7 5 7 12
OWN
02000000220011100
02111002000011110
12011002112220212
10001002111100212
11101022012111110
02221022002000210
00002220000111222
00000222222221111
00000002221111111
00001110222001111
STEP 38 P1 MOVE 5 5 8 5
OWN
02000000220011100
02111002000011110
12011002112220212
10001002111100212
11101022012111110
02221122002000210
00002120000111222
00000122222221111
00000102221111111
00001110222001111
STEP 39 P2 MOVE 3 6 8 6
OWN
02000000220011100
02111002000011110
12011002112220212
10001022111100212
11101022012111110
02221122002000210
00002120000111222
00000122222221111
00000122221111111
00001110222001111
STEP 40 P1 MOVE -1 -1 -1 -1
OWN
02000000220011100
02111002000011110
12011002112220212
10001022111100212
11101022012111110
02221122002000210
00002120000111222
00000122222221111
00000122221111111
00001110222001111
STEP 41 P2 MOVE 1 11 5 11
OWN
02000000220011100
02111002000211110
12011002112220212
10001022111200212
11101022012211110
02221122002200210
00002120000111222
00000122222221111
00000122221111111
00001110222001111
STEP 42 P1 MOVE 0 11 3 12
OWN
02000000220111100
02111002000111110
12011002112110212
10001022111110212
11101022012211110
02221122002200210
00002120000111222
00000122222221111
00000122221111111
00001110222001111
STEP 43 P2 MOVE -1 -1 -1 -1
OWN
02000000220111100
02111002000111110
12011002112110212
10001022111110212
11101022012211110
02221122002200210
00002120000111222
00000122222221111
00000122221111111
00001110222001111
STEP 44 P1 MOVE -1 -1 -1 -1
OWN
02000000220111100
02111002000111110
12011002112110212
10001022111110212
11101022012211110
02221122002200210
00002120000111222
00000122222221111
00000122221111111
00001110222001111
RESULT first=64 second=45 winner=1
ANALYSIS winner=P1 score=64-45 reason=Ĺ»ĂëżěŔ§(+6Ä­ »©ľŃŔ˝,2ąčČż°ú) / şóÄ­Ľ±Áˇ(+7) steal(w/l)=21/15 neu(w/l)=58/51
