BOARD
26726991153819945
67143277665717942
59963846578875919
31425216176284758
35862278822447691
36622357256938283
71592667999414162
88591795284183573
54345641271222974
95548856154364212
STEP 0 P1 MOVE 3 0 3 3
OWN
00000000000000000
00000000000000000
00000000000000000
11110000000000000
00000000000000000
00000000000000000
00000000000000000
00000000000000000
00000000000000000
00000000000000000
STEP 1 P2 MOVE 1 2 1 5
OWN
00000000000000000
00222200000000000
00000000000000000
11110000000000000
00000000000000000
00000000000000000
00000000000000000
00000000000000000
00000000000000000
00000000000000000
STEP 2 P1 MOVE 0 7 0 10
OWN
00000001111000000
00222200000000000
00000000000000000
11110000000000000
00000000000000000
00000000000000000
00000000000000000
00000000000000000
00000000000000000
00000000000000000
STEP 3 P2 MOVE 8 10 9 11
OWN
00000001111000000
00222200000000000
00000000000000000
11110000000000000
00000000000000000
00000000000000000
00000000000000000
00000000000000000
00000000002200000
00000000002200000
STEP 4 P1 MOVE 3 5 3 8
OWN
00000001111000000
00222200000000000
00000000000000000
11110111100000000
00000000000000000
00000000000000000
00000000000000000
00000000000000000
00000000002200000
00000000002200000
STEP 5 P2 MOVE 8 7 8 9
OWN
00000001111000000
00222200000000000
00000000000000000
11110111100000000
00000000000000000
00000000000000000
00000000000000000
00000000000000000
00000002222200000
00000000002200000
STEP 6 P1 MOVE 2 5 4 5
OWN
00000001111000000
00222200000000000
00000100000000000
11110111100000000
00000100000000000
00000000000000000
00000000000000000
00000000000000000
00000002222200000
00000000002200000
STEP 7 P2 MOVE 5 14 5 15
OWN
00000001111000000
00222200000000000
00000100000000000
11110111100000000
00000100000000000
00000000000000220
00000000000000000
00000000000000000
00000002222200000
00000000002200000
STEP 8 P1 MOVE 2 11 3 11
OWN
00000001111000000
00222200000000000
00000100000100000
11110111100100000
00000100000000000
00000000000000220
00000000000000000
00000000000000000
00000002222200000
00000000002200000
STEP 9 P2 MOVE 6 11 6 14
OWN
00000001111000000
00222200000000000
00000100000100000
11110111100100000
00000100000000000
00000000000000220
00000000000222200
00000000000000000
00000002222200000
00000000002200000
STEP 10 P1 MOVE 4 10 4 12
OWN
00000001111000000
00222200000000000
00000100000100000
11110111100100000
00000100001110000
00000000000000220
00000000000222200
00000000000000000
00000002222200000
00000000002200000
STEP 11 P2 MOVE 7 3 7 4
OWN
00000001111000000
00222200000000000
00000100000100000
11110111100100000
00000100001110000
00000000000000220
00000000000222200
00022000000000000
00000002222200000
00000000002200000
STEP 12 P1 MOVE 1 15 3 15
OWN
00000001111000000
00222200000000010
00000100000100010
11110111100100010
00000100001110000
00000000000000220
00000000000222200
00022000000000000
00000002222200000
00000000002200000
STEP 13 P2 MOVE 5 11 7 11
OWN
00000001111000000
00222200000000010
00000100000100010
11110111100100010
00000100001110000
00000000000200220
00000000000222200
00022000000200000
00000002222200000
00000000002200000
STEP 14 P1 MOVE 7 12 8 12
OWN
00000001111000000
00222200000000010
00000100000100010
11110111100100010
00000100001110000
00000000000200220
00000000000222200
00022000000210000
00000002222210000
00000000002200000
STEP 15 P2 MOVE 7 10 9 12
OWN
00000001111000000
00222200000000010
00000100000100010
11110111100100010
00000100001110000
00000000000200220
00000000000222200
00022000002220000
00000002222220000
00000000002220000
STEP 16 P1 MOVE 9 8 9 13
OWN
00000001111000000
00222200000000010
00000100000100010
11110111100100010
00000100001110000
00000000000200220
00000000000222200
00022000002220000
00000002222220000
00000000111111000
STEP 17 P2 MOVE 5 2 5 4
OWN
00000001111000000
00222200000000010
00000100000100010
11110111100100010
00000100001110000
00222000000200220
00000000000222200
00022000002220000
00000002222220000
00000000111111000
STEP 18 P1 MOVE 3 4 5 5
OWN
00000001111000000
00222200000000010
00000100000100010
11111111100100010
00001100001110000
00221100000200220
00000000000222200
00022000002220000
00000002222220000
00000000111111000
STEP 19 P2 MOVE 2 4 8 4
OWN
00000001111000000
00222200000000010
00002100000100010
11112111100100010
00002100001110000
00222100000200220
00002000000222200
00022000002220000
00002002222220000
00000000111111000
STEP 20 P1 MOVE 2 3 2 6
OWN
00000001111000000
00222200000000010
00011110000100010
11112111100100010
00002100001110000
00222100000200220
00002000000222200
00022000002220000
00002002222220000
00000000111111000
STEP 21 P2 MOVE 8 5 8 6
OWN
00000001111000000
00222200000000010
00011110000100010
11112111100100010
00002100001110000
00222100000200220
00002000000222200
00022000002220000
00002222222220000
00000000111111000
STEP 22 P1 MOVE 5 0 6 0
OWN
00000001111000000
00222200000000010
00011110000100010
11112111100100010
00002100001110000
10222100000200220
10002000000222200
00022000002220000
00002222222220000
00000000111111000
STEP 23 P2 MOVE 0 12 0 13
OWN
00000001111022000
00222200000000010
00011110000100010
11112111100100010
00002100001110000
10222100000200220
10002000000222200
00022000002220000
00002222222220000
00000000111111000
STEP 24 P1 MOVE 4 8 4 9
OWN
00000001111022000
00222200000000010
00011110000100010
11112111100100010
00002100111110000
10222100000200220
10002000000222200
00022000002220000
00002222222220000
00000000111111000
STEP 25 P2 MOVE 9 1 9 2
OWN
00000001111022000
00222200000000010
00011110000100010
11112111100100010
00002100111110000
10222100000200220
10002000000222200
00022000002220000
00002222222220000
02200000111111000
STEP 26 P1 MOVE 7 15 7 16
OWN
00000001111022000
00222200000000010
00011110000100010
11112111100100010
00002100111110000
10222100000200220
10002000000222200
00022000002220011
00002222222220000
02200000111111000
STEP 27 P2 MOVE 6 2 7 2
OWN
00000001111022000
00222200000000010
00011110000100010
11112111100100010
00002100111110000
10222100000200220
10202000000222200
00222000002220011
00002222222220000
02200000111111000
STEP 28 P1 MOVE 6 1 6 3
OWN
00000001111022000
00222200000000010
00011110000100010
11112111100100010
00002100111110000
10222100000200220
11112000000222200
00222000002220011
00002222222220000
02200000111111000
STEP 29 P2 MOVE 4 15 4 16
OWN
00000001111022000
00222200000000010
00011110000100010
11112111100100010
00002100111110022
10222100000200220
11112000000222200
00222000002220011
00002222222220000
02200000111111000
STEP 30 P1 MOVE -1 -1 -1 -1
OWN
00000001111022000
00222200000000010
00011110000100010
11112111100100010
00002100111110022
10222100000200220
11112000000222200
00222000002220011
00002222222220000
02200000111111000
STEP 31 P2 MOVE 0 15 6 15
OWN
00000001111022020
00222200000000020
00011110000100020
11112111100100020
00002100111110022
10222100000200220
11112000000222220
00222000002220011
00002222222220000
02200000111111000
STEP 32 P1 MOVE 5 14 7 16
OWN
00000001111022020
00222200000000020
00011110000100020
11112111100100020
00002100111110022
10222100000200111
11112000000222111
00222000002220111
00002222222220000
02200000111111000
STEP 33 P2 MOVE -1 -1 -1 -1
OWN
00000001111022020
00222200000000020
00011110000100020
11112111100100020
00002100111110022
10222100000200111
11112000000222111
00222000002220111
00002222222220000
02200000111111000
STEP 34 P1 MOVE -1 -1 -1 -1
OWN
00000001111022020
00222200000000020
00011110000100020
11112111100100020
00002100111110022
10222100000200111
11112000000222111
00222000002220111
00002222222220000
02200000111111000
RESULT first=45 second=39 winner=1
ANALYSIS winner=P1 score=45-39 reason=±ŮĽŇşąÇŐżěŔ§ steal(w/l)=10/8 neu(w/l)=43/41
