BOARD
19294769535257652
65142429872271277
85937492474338298
18829898679314218
78253858753885512
45728289813752233
75824827317519654
59611542459893695
95959781431829258
76663862987162676
STEP 0 P1 MOVE 5 3 8 3
OWN
00000000000000000
00000000000000000
00000000000000000
00000000000000000
00000000000000000
00010000000000000
00010000000000000
00010000000000000
00010000000000000
00000000000000000
STEP 1 P2 MOVE 5 13 5 16
OWN
00000000000000000
00000000000000000
00000000000000000
00000000000000000
00000000000000000
00010000000002222
00010000000000000
00010000000000000
00010000000000000
00000000000000000
STEP 2 P1 MOVE 1 1 1 3
OWN
00000000000000000
01110000000000000
00000000000000000
00000000000000000
00000000000000000
00010000000002222
00010000000000000
00010000000000000
00010000000000000
00000000000000000
STEP 3 P2 MOVE 5 9 8 9
OWN
00000000000000000
01110000000000000
00000000000000000
00000000000000000
00000000000000000
00010000020002222
00010000020000000
00010000020000000
00010000020000000
00000000000000000
STEP 4 P1 MOVE 6 8 6 10
OWN
00000000000000000
01110000000000000
00000000000000000
00000000000000000
00000000000000000
00010000020002222
00010000111000000
00010000020000000
00010000020000000
00000000000000000
STEP 5 P2 MOVE 4 2 4 4
OWN
00000000000000000
01110000000000000
00000000000000000
00000000000000000
00222000000000000
00010000020002222
00010000111000000
00010000020000000
00010000020000000
00000000000000000
STEP 6 P1 MOVE 2 10 2 12
OWN
00000000000000000
01110000000000000
00000000001110000
00000000000000000
00222000000000000
00010000020002222
00010000111000000
00010000020000000
00010000020000000
00000000000000000
STEP 7 P2 MOVE 0 14 2 14
OWN
00000000000000200
01110000000000200
00000000001110200
00000000000000000
00222000000000000
00010000020002222
00010000111000000
00010000020000000
00010000020000000
00000000000000000
STEP 8 P1 MOVE 6 12 7 12
OWN
00000000000000200
01110000000000200
00000000001110200
00000000000000000
00222000000000000
00010000020002222
00010000111010000
00010000020010000
00010000020000000
00000000000000000
STEP 9 P2 MOVE 7 4 7 6
OWN
00000000000000200
01110000000000200
00000000001110200
00000000000000000
00222000000000000
00010000020002222
00010000111010000
00012220020010000
00010000020000000
00000000000000000
STEP 10 P1 MOVE 6 6 8 6
OWN
00000000000000200
01110000000000200
00000000001110200
00000000000000000
00222000000000000
00010000020002222
00010010111010000
00012210020010000
00010010020000000
00000000000000000
STEP 11 P2 MOVE 5 10 5 11
OWN
00000000000000200
01110000000000200
00000000001110200
00000000000000000
00222000000000000
00010000022202222
00010010111010000
00012210020010000
00010010020000000
00000000000000000
STEP 12 P1 MOVE 0 0 0 1
OWN
11000000000000200
01110000000000200
00000000001110200
00000000000000000
00222000000000000
00010000022202222
00010010111010000
00012210020010000
00010010020000000
00000000000000000
STEP 13 P2 MOVE 2 7 3 7
OWN
11000000000000200
01110000000000200
00000002001110200
00000002000000000
00222000000000000
00010000022202222
00010010111010000
00012210020010000
00010010020000000
00000000000000000
STEP 14 P1 MOVE 3 2 3 3
OWN
11000000000000200
01110000000000200
00000002001110200
00110002000000000
00222000000000000
00010000022202222
00010010111010000
00012210020010000
00010010020000000
00000000000000000
STEP 15 P2 MOVE 5 1 6 1
OWN
11000000000000200
01110000000000200
00000002001110200
00110002000000000
00222000000000000
02010000022202222
02010010111010000
00012210020010000
00010010020000000
00000000000000000
STEP 16 P1 MOVE 3 16 4 16
OWN
11000000000000200
01110000000000200
00000002001110200
00110002000000001
00222000000000001
02010000022202222
02010010111010000
00012210020010000
00010010020000000
00000000000000000
STEP 17 P2 MOVE 4 15 6 16
OWN
11000000000000200
01110000000000200
00000002001110200
00110002000000001
00222000000000022
02010000022202222
02010010111010022
00012210020010000
00010010020000000
00000000000000000
STEP 18 P1 MOVE 5 5 6 5
OWN
11000000000000200
01110000000000200
00000002001110200
00110002000000001
00222000000000022
02010100022202222
02010110111010022
00012210020010000
00010010020000000
00000000000000000
STEP 19 P2 MOVE 3 15 7 15
OWN
11000000000000200
01110000000000200
00000002001110200
00110002000000021
00222000000000022
02010100022202222
02010110111010022
00012210020010020
00010010020000000
00000000000000000
STEP 20 P1 MOVE 3 11 3 14
OWN
11000000000000200
01110000000000200
00000002001110200
00110002000111121
00222000000000022
02010100022202222
02010110111010022
00012210020010020
00010010020000000
00000000000000000
STEP 21 P2 MOVE 2 8 3 8
OWN
11000000000000200
01110000000000200
00000002201110200
00110002200111121
00222000000000022
02010100022202222
02010110111010022
00012210020010020
00010010020000000
00000000000000000
STEP 22 P1 MOVE 4 13 4 14
OWN
11000000000000200
01110000000000200
00000002201110200
00110002200111121
00222000000001122
02010100022202222
02010110111010022
00012210020010020
00010010020000000
00000000000000000
STEP 23 P2 MOVE 1 11 4 11
OWN
11000000000000200
01110000000200200
00000002201210200
00110002200211121
00222000000201122
02010100022202222
02010110111010022
00012210020010020
00010010020000000
00000000000000000
STEP 24 P1 MOVE 1 10 1 13
OWN
11000000000000200
01110000001111200
00000002201210200
00110002200211121
00222000000201122
02010100022202222
02010110111010022
00012210020010020
00010010020000000
00000000000000000
STEP 25 P2 MOVE 0 9 1 9
OWN
11000000020000200
01110000021111200
00000002201210200
00110002200211121
00222000000201122
02010100022202222
02010110111010022
00012210020010020
00010010020000000
00000000000000000
STEP 26 P1 MOVE 7 10 8 10
OWN
11000000020000200
01110000021111200
00000002201210200
00110002200211121
00222000000201122
02010100022202222
02010110111010022
00012210021010020
00010010021000000
00000000000000000
STEP 27 P2 MOVE 8 11 8 12
OWN
11000000020000200
01110000021111200
00000002201210200
00110002200211121
00222000000201122
02010100022202222
02010110111010022
00012210021010020
00010010021220000
00000000000000000
STEP 28 P1 MOVE 5 11 6 12
OWN
11000000020000200
01110000021111200
00000002201210200
00110002200211121
00222000000201122
02010100022112222
02010110111110022
00012210021010020
00010010021220000
00000000000000000
STEP 29 P2 MOVE 4 10 9 10
OWN
11000000020000200
01110000021111200
00000002201210200
00110002200211121
00222000002201122
02010100022112222
02010110112110022
00012210022010020
00010010022220000
00000000002000000
STEP 30 P1 MOVE 0 11 7 11
OWN
11000000020100200
01110000021111200
00000002201110200
00110002200111121
00222000002101122
02010100022112222
02010110112110022
00012210022110020
00010010022220000
00000000002000000
STEP 31 P2 MOVE 3 10 9 11
OWN
11000000020100200
01110000021111200
00000002201110200
00110002202211121
00222000002201122
02010100022212222
02010110112210022
00012210022210020
00010010022220000
00000000002200000
STEP 32 P1 MOVE 7 5 8 7
OWN
11000000020100200
01110000021111200
00000002201110200
00110002202211121
00222000002201122
02010100022212222
02010110112210022
00012111022210020
00010111022220000
00000000002200000
STEP 33 P2 MOVE 7 2 7 8
OWN
11000000020100200
01110000021111200
00000002201110200
00110002202211121
00222000002201122
02010100022212222
02010110112210022
00222222222210020
00010111022220000
00000000002200000
STEP 34 P1 MOVE 0 8 0 10
OWN
11000000111100200
01110000021111200
00000002201110200
00110002202211121
00222000002201122
02010100022212222
02010110112210022
00222222222210020
00010111022220000
00000000002200000
STEP 35 P2 MOVE -1 -1 -1 -1
OWN
11000000111100200
01110000021111200
00000002201110200
00110002202211121
00222000002201122
02010100022212222
02010110112210022
00222222222210020
00010111022220000
00000000002200000
STEP 36 P1 MOVE -1 -1 -1 -1
OWN
11000000111100200
01110000021111200
00000002201110200
00110002202211121
00222000002201122
02010100022212222
02010110112210022
00222222222210020
00010111022220000
00000000002200000
RESULT first=38 second=48 winner=2
ANALYSIS winner=P2 score=38-48 reason=Ĺ»ĂëżěŔ§(+6Ä­ »©ľŃŔ˝,2ąčČż°ú) steal(w/l)=15/9 neu(w/l)=42/44
