BOARD
38634483261428537
86272581682182243
75646853219613645
61939919617211478
84464994382916938
23842357584455432
15812175667955955
36533492796938892
88388795232736445
89258416756924484
STEP 0 P1 MOVE 2 8 3 9
OWN
00000000000000000
00000000000000000
00000000110000000
00000000110000000
00000000000000000
00000000000000000
00000000000000000
00000000000000000
00000000000000000
00000000000000000
STEP 1 P2 MOVE 9 12 9 14
OWN
00000000000000000
00000000000000000
00000000110000000
00000000110000000
00000000000000000
00000000000000000
00000000000000000
00000000000000000
00000000000000000
00000000000022200
STEP 2 P1 MOVE 2 11 3 12
OWN
00000000000000000
00000000000000000
00000000110110000
00000000110110000
00000000000000000
00000000000000000
00000000000000000
00000000000000000
00000000000000000
00000000000022200
STEP 3 P2 MOVE 5 12 6 12
OWN
00000000000000000
00000000000000000
00000000110110000
00000000110110000
00000000000000000
00000000000020000
00000000000020000
00000000000000000
00000000000000000
00000000000022200
STEP 4 P1 MOVE 4 11 4 12
OWN
00000000000000000
00000000000000000
00000000110110000
00000000110110000
00000000000110000
00000000000020000
00000000000020000
00000000000000000
00000000000000000
00000000000022200
STEP 5 P2 MOVE 2 1 4 1
OWN
00000000000000000
00000000000000000
02000000110110000
02000000110110000
02000000000110000
00000000000020000
00000000000020000
00000000000000000
00000000000000000
00000000000022200
STEP 6 P1 MOVE 7 2 9 2
OWN
00000000000000000
00000000000000000
02000000110110000
02000000110110000
02000000000110000
00000000000020000
00000000000020000
00100000000000000
00100000000000000
00100000000022200
STEP 7 P2 MOVE 8 7 8 9
OWN
00000000000000000
00000000000000000
02000000110110000
02000000110110000
02000000000110000
00000000000020000
00000000000020000
00100000000000000
00100002220000000
00100000000022200
STEP 8 P1 MOVE 7 3 7 5
OWN
00000000000000000
00000000000000000
02000000110110000
02000000110110000
02000000000110000
00000000000020000
00000000000020000
00111100000000000
00100002220000000
00100000000022200
STEP 9 P2 MOVE 5 4 5 6
OWN
00000000000000000
00000000000000000
02000000110110000
02000000110110000
02000000000110000
00002220000020000
00000000000020000
00111100000000000
00100002220000000
00100000000022200
STEP 10 P1 MOVE 2 14 2 15
OWN
00000000000000000
00000000000000000
02000000110110110
02000000110110000
02000000000110000
00002220000020000
00000000000020000
00111100000000000
00100002220000000
00100000000022200
STEP 11 P2 MOVE 2 13 4 13
OWN
00000000000000000
00000000000000000
02000000110112110
02000000110112000
02000000000112000
00002220000020000
00000000000020000
00111100000000000
00100002220000000
00100000000022200
STEP 12 P1 MOVE 4 3 5 3
OWN
00000000000000000
00000000000000000
02000000110112110
02000000110112000
02010000000112000
00012220000020000
00000000000020000
00111100000000000
00100002220000000
00100000000022200
STEP 13 P2 MOVE 0 12 1 12
OWN
00000000000020000
00000000000020000
02000000110112110
02000000110112000
02010000000112000
00012220000020000
00000000000020000
00111100000000000
00100002220000000
00100000000022200
STEP 14 P1 MOVE 0 16 1 16
OWN
00000000000020001
00000000000020001
02000000110112110
02000000110112000
02010000000112000
00012220000020000
00000000000020000
00111100000000000
00100002220000000
00100000000022200
STEP 15 P2 MOVE 3 6 4 6
OWN
00000000000020001
00000000000020001
02000000110112110
02000020110112000
02010020000112000
00012220000020000
00000000000020000
00111100000000000
00100002220000000
00100000000022200
STEP 16 P1 MOVE 4 0 5 0
OWN
00000000000020001
00000000000020001
02000000110112110
02000020110112000
12010020000112000
10012220000020000
00000000000020000
00111100000000000
00100002220000000
00100000000022200
STEP 17 P2 MOVE 2 3 2 4
OWN
00000000000020001
00000000000020001
02022000110112110
02000020110112000
12010020000112000
10012220000020000
00000000000020000
00111100000000000
00100002220000000
00100000000022200
STEP 18 P1 MOVE 4 16 5 16
OWN
00000000000020001
00000000000020001
02022000110112110
02000020110112000
12010020000112001
10012220000020001
00000000000020000
00111100000000000
00100002220000000
00100000000022200
STEP 19 P2 MOVE 8 13 8 14
OWN
00000000000020001
00000000000020001
02022000110112110
02000020110112000
12010020000112001
10012220000020001
00000000000020000
00111100000000000
00100002220002200
00100000000022200
STEP 20 P1 MOVE 6 15 6 16
OWN
00000000000020001
00000000000020001
02022000110112110
02000020110112000
12010020000112001
10012220000020001
00000000000020011
00111100000000000
00100002220002200
00100000000022200
STEP 21 P2 MOVE 8 11 8 12
OWN
00000000000020001
00000000000020001
02022000110112110
02000020110112000
12010020000112001
10012220000020001
00000000000020011
00111100000000000
00100002220222200
00100000000022200
STEP 22 P1 MOVE 4 5 6 5
OWN
00000000000020001
00000000000020001
02022000110112110
02000020110112000
12010120000112001
10012120000020001
00000100000020011
00111100000000000
00100002220222200
00100000000022200
STEP 23 P2 MOVE 6 3 6 6
OWN
00000000000020001
00000000000020001
02022000110112110
02000020110112000
12010120000112001
10012120000020001
00022220000020011
00111100000000000
00100002220222200
00100000000022200
STEP 24 P1 MOVE 8 6 9 6
OWN
00000000000020001
00000000000020001
02022000110112110
02000020110112000
12010120000112001
10012120000020001
00022220000020011
00111100000000000
00100012220222200
00100010000022200
STEP 25 P2 MOVE 9 5 9 7
OWN
00000000000020001
00000000000020001
02022000110112110
02000020110112000
12010120000112001
10012120000020001
00022220000020011
00111100000000000
00100012220222200
00100222000022200
STEP 26 P1 MOVE 1 7 2 8
OWN
00000000000020001
00000001100020001
02022001110112110
02000020110112000
12010120000112001
10012120000020001
00022220000020011
00111100000000000
00100012220222200
00100222000022200
STEP 27 P2 MOVE 0 8 5 8
OWN
00000000200020001
00000001200020001
02022001210112110
02000020210112000
12010120200112001
10012120200020001
00022220000020011
00111100000000000
00100012220222200
00100222000022200
STEP 28 P1 MOVE 0 7 0 10
OWN
00000001111020001
00000001200020001
02022001210112110
02000020210112000
12010120200112001
10012120200020001
00022220000020011
00111100000000000
00100012220222200
00100222000022200
STEP 29 P2 MOVE 4 9 4 10
OWN
00000001111020001
00000001200020001
02022001210112110
02000020210112000
12010120222112001
10012120200020001
00022220000020011
00111100000000000
00100012220222200
00100222000022200
STEP 30 P1 MOVE 1 9 1 10
OWN
00000001111020001
00000001211020001
02022001210112110
02000020210112000
12010120222112001
10012120200020001
00022220000020011
00111100000000000
00100012220222200
00100222000022200
STEP 31 P2 MOVE 1 10 2 11
OWN
00000001111020001
00000001212220001
02022001212212110
02000020210112000
12010120222112001
10012120200020001
00022220000020011
00111100000000000
00100012220222200
00100222000022200
STEP 32 P1 MOVE 2 6 2 16
OWN
00000001111020001
00000001212220001
02022011111111111
02000020210112000
12010120222112001
10012120200020001
00022220000020011
00111100000000000
00100012220222200
00100222000022200
STEP 33 P2 MOVE 1 6 1 13
OWN
00000001111020001
00000022222222001
02022011111111111
02000020210112000
12010120222112001
10012120200020001
00022220000020011
00111100000000000
00100012220222200
00100222000022200
STEP 34 P1 MOVE 3 16 7 16
OWN
00000001111020001
00000022222222001
02022011111111111
02000020210112001
12010120222112001
10012120200020001
00022220000020011
00111100000000001
00100012220222200
00100222000022200
STEP 35 P2 MOVE 5 13 6 13
OWN
00000001111020001
00000022222222001
02022011111111111
02000020210112001
12010120222112001
10012120200022001
00022220000022011
00111100000000001
00100012220222200
00100222000022200
STEP 36 P1 MOVE 3 0 7 0
OWN
00000001111020001
00000022222222001
02022011111111111
12000020210112001
12010120222112001
10012120200022001
10022220000022011
10111100000000001
00100012220222200
00100222000022200
STEP 37 P2 MOVE 2 0 5 1
OWN
00000001111020001
00000022222222001
22022011111111111
22000020210112001
22010120222112001
22012120200022001
10022220000022011
10111100000000001
00100012220222200
00100222000022200
STEP 38 P1 MOVE 0 3 1 3
OWN
00010001111020001
00010022222222001
22022011111111111
22000020210112001
22010120222112001
22012120200022001
10022220000022011
10111100000000001
00100012220222200
00100222000022200
STEP 39 P2 MOVE 1 1 1 4
OWN
00010001111020001
02222022222222001
22022011111111111
22000020210112001
22010120222112001
22012120200022001
10022220000022011
10111100000000001
00100012220222200
00100222000022200
STEP 40 P1 MOVE 0 2 0 4
OWN
00111001111020001
02222022222222001
22022011111111111
22000020210112001
22010120222112001
22012120200022001
10022220000022011
10111100000000001
00100012220222200
00100222000022200
STEP 41 P2 MOVE -1 -1 -1 -1
OWN
00111001111020001
02222022222222001
22022011111111111
22000020210112001
22010120222112001
22012120200022001
10022220000022011
10111100000000001
00100012220222200
00100222000022200
STEP 42 P1 MOVE -1 -1 -1 -1
OWN
00111001111020001
02222022222222001
22022011111111111
22000020210112001
22010120222112001
22012120200022001
10022220000022011
10111100000000001
00100012220222200
00100222000022200
RESULT first=44 second=55 winner=2
ANALYSIS winner=P2 score=44-55 reason=Ĺ»ĂëżěŔ§(+7Ä­ »©ľŃŔ˝,2ąčČż°ú) / żŞŔü˝Â steal(w/l)=13/6 neu(w/l)=48/51
