BOARD
52157796345814812
28719761416346656
28388333969422271
55626595894532284
69327381177134141
98261784125894854
22993994527318673
72495775991521369
74326992498851671
37413872758993995
STEP 0 P1 MOVE 2 11 2 14
OWN
00000000000000000
00000000000000000
00000000000111100
00000000000000000
00000000000000000
00000000000000000
00000000000000000
00000000000000000
00000000000000000
00000000000000000
STEP 1 P2 MOVE 2 16 5 16
OWN
00000000000000000
00000000000000000
00000000000111102
00000000000000002
00000000000000002
00000000000000002
00000000000000000
00000000000000000
00000000000000000
00000000000000000
STEP 2 P1 MOVE 6 10 6 11
OWN
00000000000000000
00000000000000000
00000000000111102
00000000000000002
00000000000000002
00000000000000002
00000000001100000
00000000000000000
00000000000000000
00000000000000000
STEP 3 P2 MOVE 3 14 3 15
OWN
00000000000000000
00000000000000000
00000000000111102
00000000000000222
00000000000000002
00000000000000002
00000000001100000
00000000000000000
00000000000000000
00000000000000000
STEP 4 P1 MOVE 2 3 3 3
OWN
00000000000000000
00000000000000000
00010000000111102
00010000000000222
00000000000000002
00000000000000002
00000000001100000
00000000000000000
00000000000000000
00000000000000000
STEP 5 P2 MOVE 3 8 5 8
OWN
00000000000000000
00000000000000000
00010000000111102
00010000200000222
00000000200000002
00000000200000002
00000000001100000
00000000000000000
00000000000000000
00000000000000000
STEP 6 P1 MOVE 7 13 7 15
OWN
00000000000000000
00000000000000000
00010000000111102
00010000200000222
00000000200000002
00000000200000002
00000000001100000
00000000000001110
00000000000000000
00000000000000000
STEP 7 P2 MOVE 3 11 3 13
OWN
00000000000000000
00000000000000000
00010000000111102
00010000200222222
00000000200000002
00000000200000002
00000000001100000
00000000000001110
00000000000000000
00000000000000000
STEP 8 P1 MOVE 5 1 6 1
OWN
00000000000000000
00000000000000000
00010000000111102
00010000200222222
00000000200000002
01000000200000002
01000000001100000
00000000000001110
00000000000000000
00000000000000000
STEP 9 P2 MOVE 1 13 4 13
OWN
00000000000000000
00000000000002000
00010000000112102
00010000200222222
00000000200002002
01000000200000002
01000000001100000
00000000000001110
00000000000000000
00000000000000000
STEP 10 P1 MOVE 1 12 1 14
OWN
00000000000000000
00000000000011100
00010000000112102
00010000200222222
00000000200002002
01000000200000002
01000000001100000
00000000000001110
00000000000000000
00000000000000000
STEP 11 P2 MOVE 8 0 9 0
OWN
00000000000000000
00000000000011100
00010000000112102
00010000200222222
00000000200002002
01000000200000002
01000000001100000
00000000000001110
20000000000000000
20000000000000000
STEP 12 P1 MOVE 4 5 5 5
OWN
00000000000000000
00000000000011100
00010000000112102
00010000200222222
00000100200002002
01000100200000002
01000000001100000
00000000000001110
20000000000000000
20000000000000000
STEP 13 P2 MOVE 2 0 2 1
OWN
00000000000000000
00000000000011100
22010000000112102
00010000200222222
00000100200002002
01000100200000002
01000000001100000
00000000000001110
20000000000000000
20000000000000000
STEP 14 P1 MOVE 6 15 6 16
OWN
00000000000000000
00000000000011100
22010000000112102
00010000200222222
00000100200002002
01000100200000002
01000000001100011
00000000000001110
20000000000000000
20000000000000000
STEP 15 P2 MOVE 3 0 3 1
OWN
00000000000000000
00000000000011100
22010000000112102
22010000200222222
00000100200002002
01000100200000002
01000000001100011
00000000000001110
20000000000000000
20000000000000000
STEP 16 P1 MOVE 7 16 8 16
OWN
00000000000000000
00000000000011100
22010000000112102
22010000200222222
00000100200002002
01000100200000002
01000000001100011
00000000000001111
20000000000000001
20000000000000000
STEP 17 P2 MOVE 1 5 2 5
OWN
00000000000000000
00000200000011100
22010200000112102
22010000200222222
00000100200002002
01000100200000002
01000000001100011
00000000000001111
20000000000000001
20000000000000000
STEP 18 P1 MOVE 0 7 2 7
OWN
00000001000000000
00000201000011100
22010201000112102
22010000200222222
00000100200002002
01000100200000002
01000000001100011
00000000000001111
20000000000000001
20000000000000000
STEP 19 P2 MOVE 1 6 1 8
OWN
00000001000000000
00000222200011100
22010201000112102
22010000200222222
00000100200002002
01000100200000002
01000000001100011
00000000000001111
20000000000000001
20000000000000000
STEP 20 P1 MOVE 0 1 1 1
OWN
01000001000000000
01000222200011100
22010201000112102
22010000200222222
00000100200002002
01000100200000002
01000000001100011
00000000000001111
20000000000000001
20000000000000000
STEP 21 P2 MOVE 1 9 1 11
OWN
01000001000000000
01000222222211100
22010201000112102
22010000200222222
00000100200002002
01000100200000002
01000000001100011
00000000000001111
20000000000000001
20000000000000000
STEP 22 P1 MOVE 1 0 1 3
OWN
01000001000000000
11110222222211100
22010201000112102
22010000200222222
00000100200002002
01000100200000002
01000000001100011
00000000000001111
20000000000000001
20000000000000000
STEP 23 P2 MOVE 0 9 2 9
OWN
01000001020000000
11110222222211100
22010201020112102
22010000200222222
00000100200002002
01000100200000002
01000000001100011
00000000000001111
20000000000000001
20000000000000000
STEP 24 P1 MOVE 8 2 9 3
OWN
01000001020000000
11110222222211100
22010201020112102
22010000200222222
00000100200002002
01000100200000002
01000000001100011
00000000000001111
20110000000000001
20110000000000000
STEP 25 P2 MOVE 8 1 8 4
OWN
01000001020000000
11110222222211100
22010201020112102
22010000200222222
00000100200002002
01000100200000002
01000000001100011
00000000000001111
22222000000000001
20110000000000000
STEP 26 P1 MOVE 9 1 9 4
OWN
01000001020000000
11110222222211100
22010201020112102
22010000200222222
00000100200002002
01000100200000002
01000000001100011
00000000000001111
22222000000000001
21111000000000000
STEP 27 P2 MOVE 3 7 5 7
OWN
01000001020000000
11110222222211100
22010201020112102
22010002200222222
00000102200002002
01000102200000002
01000000001100011
00000000000001111
22222000000000001
21111000000000000
STEP 28 P1 MOVE 5 6 5 9
OWN
01000001020000000
11110222222211100
22010201020112102
22010002200222222
00000102200002002
01000111110000002
01000000001100011
00000000000001111
22222000000000001
21111000000000000
STEP 29 P2 MOVE 7 9 7 10
OWN
01000001020000000
11110222222211100
22010201020112102
22010002200222222
00000102200002002
01000111110000002
01000000001100011
00000000022001111
22222000000000001
21111000000000000
STEP 30 P1 MOVE 5 12 6 12
OWN
01000001020000000
11110222222211100
22010201020112102
22010002200222222
00000102200002002
01000111110010002
01000000001110011
00000000022001111
22222000000000001
21111000000000000
STEP 31 P2 MOVE 6 9 6 13
OWN
01000001020000000
11110222222211100
22010201020112102
22010002200222222
00000102200002002
01000111110010002
01000000022222011
00000000022001111
22222000000000001
21111000000000000
STEP 32 P1 MOVE 5 8 6 10
OWN
01000001020000000
11110222222211100
22010201020112102
22010002200222222
00000102200002002
01000111111010002
01000000111222011
00000000022001111
22222000000000001
21111000000000000
STEP 33 P2 MOVE 6 7 6 14
OWN
01000001020000000
11110222222211100
22010201020112102
22010002200222222
00000102200002002
01000111111010002
01000002222222211
00000000022001111
22222000000000001
21111000000000000
STEP 34 P1 MOVE -1 -1 -1 -1
OWN
01000001020000000
11110222222211100
22010201020112102
22010002200222222
00000102200002002
01000111111010002
01000002222222211
00000000022001111
22222000000000001
21111000000000000
STEP 35 P2 MOVE -1 -1 -1 -1
OWN
01000001020000000
11110222222211100
22010201020112102
22010002200222222
00000102200002002
01000111111010002
01000002222222211
00000000022001111
22222000000000001
21111000000000000
RESULT first=36 second=45 winner=2
ANALYSIS winner=P2 score=36-45 reason=Ĺ»ĂëżěŔ§(+5Ä­ »©ľŃŔ˝,2ąčČż°ú) / żŞŔü˝Â steal(w/l)=10/5 neu(w/l)=40/41
