BOARD
85542259656734482
27718618536493275
19238359131836725
88616353869194348
92661762559258859
21548992116452197
78136144746726132
25438824651835984
75493614282476513
27264391381981459
STEP 0 P1 MOVE 6 10 9 10
OWN
00000000000000000
00000000000000000
00000000000000000
00000000000000000
00000000000000000
00000000000000000
00000000001000000
00000000001000000
00000000001000000
00000000001000000
STEP 1 P2 MOVE 8 7 9 8
OWN
00000000000000000
00000000000000000
00000000000000000
00000000000000000
00000000000000000
00000000000000000
00000000001000000
00000000001000000
00000002201000000
00000002201000000
STEP 2 P1 MOVE 5 13 6 14
OWN
00000000000000000
00000000000000000
00000000000000000
00000000000000000
00000000000000000
00000000000001100
00000000001001100
00000000001000000
00000002201000000
00000002201000000
STEP 3 P2 MOVE 5 3 7 3
OWN
00000000000000000
00000000000000000
00000000000000000
00000000000000000
00000000000000000
00020000000001100
00020000001001100
00020000001000000
00000002201000000
00000002201000000
STEP 4 P1 MOVE 8 4 8 6
OWN
00000000000000000
00000000000000000
00000000000000000
00000000000000000
00000000000000000
00020000000001100
00020000001001100
00020000001000000
00001112201000000
00000002201000000
STEP 5 P2 MOVE 9 13 9 15
OWN
00000000000000000
00000000000000000
00000000000000000
00000000000000000
00000000000000000
00020000000001100
00020000001001100
00020000001000000
00001112201000000
00000002201002220
STEP 6 P1 MOVE 3 5 4 5
OWN
00000000000000000
00000000000000000
00000000000000000
00000100000000000
00000100000000000
00020000000001100
00020000001001100
00020000001000000
00001112201000000
00000002201002220
STEP 7 P2 MOVE 7 5 7 6
OWN
00000000000000000
00000000000000000
00000000000000000
00000100000000000
00000100000000000
00020000000001100
00020000001001100
00020220001000000
00001112201000000
00000002201002220
STEP 8 P1 MOVE 0 1 0 2
OWN
01100000000000000
00000000000000000
00000000000000000
00000100000000000
00000100000000000
00020000000001100
00020000001001100
00020220001000000
00001112201000000
00000002201002220
STEP 9 P2 MOVE 4 7 5 8
OWN
01100000000000000
00000000000000000
00000000000000000
00000100000000000
00000102200000000
00020002200001100
00020000001001100
00020220001000000
00001112201000000
00000002201002220
STEP 10 P1 MOVE 5 6 5 9
OWN
01100000000000000
00000000000000000
00000000000000000
00000100000000000
00000102200000000
00020011110001100
00020000001001100
00020220001000000
00001112201000000
00000002201002220
STEP 11 P2 MOVE 4 6 6 6
OWN
01100000000000000
00000000000000000
00000000000000000
00000100000000000
00000122200000000
00020021110001100
00020020001001100
00020220001000000
00001112201000000
00000002201002220
STEP 12 P1 MOVE 5 9 6 10
OWN
01100000000000000
00000000000000000
00000000000000000
00000100000000000
00000122200000000
00020021111001100
00020020011001100
00020220001000000
00001112201000000
00000002201002220
STEP 13 P2 MOVE 2 10 3 10
OWN
01100000000000000
00000000000000000
00000000002000000
00000100002000000
00000122200000000
00020021111001100
00020020011001100
00020220001000000
00001112201000000
00000002201002220
STEP 14 P1 MOVE 7 7 7 8
OWN
01100000000000000
00000000000000000
00000000002000000
00000100002000000
00000122200000000
00020021111001100
00020020011001100
00020221101000000
00001112201000000
00000002201002220
STEP 15 P2 MOVE 2 7 2 8
OWN
01100000000000000
00000000000000000
00000002202000000
00000100002000000
00000122200000000
00020021111001100
00020020011001100
00020221101000000
00001112201000000
00000002201002220
STEP 16 P1 MOVE 9 3 9 4
OWN
01100000000000000
00000000000000000
00000002202000000
00000100002000000
00000122200000000
00020021111001100
00020020011001100
00020221101000000
00001112201000000
00011002201002220
STEP 17 P2 MOVE 0 4 1 4
OWN
01102000000000000
00002000000000000
00000002202000000
00000100002000000
00000122200000000
00020021111001100
00020020011001100
00020221101000000
00001112201000000
00011002201002220
STEP 18 P1 MOVE 4 9 7 9
OWN
01102000000000000
00002000000000000
00000002202000000
00000100002000000
00000122210000000
00020021111001100
00020020011001100
00020221111000000
00001112201000000
00011002201002220
STEP 19 P2 MOVE 4 4 4 10
OWN
01102000000000000
00002000000000000
00000002202000000
00000100002000000
00002222222000000
00020021111001100
00020020011001100
00020221111000000
00001112201000000
00011002201002220
STEP 20 P1 MOVE 0 0 1 0
OWN
11102000000000000
10002000000000000
00000002202000000
00000100002000000
00002222222000000
00020021111001100
00020020011001100
00020221111000000
00001112201000000
00011002201002220
STEP 21 P2 MOVE 0 15 0 16
OWN
11102000000000022
10002000000000000
00000002202000000
00000100002000000
00002222222000000
00020021111001100
00020020011001100
00020221111000000
00001112201000000
00011002201002220
STEP 22 P1 MOVE 7 1 8 1
OWN
11102000000000022
10002000000000000
00000002202000000
00000100002000000
00002222222000000
00020021111001100
00020020011001100
01020221111000000
01001112201000000
00011002201002220
STEP 23 P2 MOVE 3 1 4 1
OWN
11102000000000022
10002000000000000
00000002202000000
02000100002000000
02002222222000000
00020021111001100
00020020011001100
01020221111000000
01001112201000000
00011002201002220
STEP 24 P1 MOVE 2 1 5 1
OWN
11102000000000022
10002000000000000
01000002202000000
01000100002000000
01002222222000000
01020021111001100
00020020011001100
01020221111000000
01001112201000000
00011002201002220
STEP 25 P2 MOVE 4 12 5 12
OWN
11102000000000022
10002000000000000
01000002202000000
01000100002000000
01002222222020000
01020021111021100
00020020011001100
01020221111000000
01001112201000000
00011002201002220
STEP 26 P1 MOVE 2 13 3 13
OWN
11102000000000022
10002000000000000
01000002202001000
01000100002001000
01002222222020000
01020021111021100
00020020011001100
01020221111000000
01001112201000000
00011002201002220
STEP 27 P2 MOVE 3 11 3 12
OWN
11102000000000022
10002000000000000
01000002202001000
01000100002221000
01002222222020000
01020021111021100
00020020011001100
01020221111000000
01001112201000000
00011002201002220
STEP 28 P1 MOVE 2 11 4 11
OWN
11102000000000022
10002000000000000
01000002202101000
01000100002121000
01002222222120000
01020021111021100
00020020011001100
01020221111000000
01001112201000000
00011002201002220
STEP 29 P2 MOVE 4 12 6 13
OWN
11102000000000022
10002000000000000
01000002202101000
01000100002121000
01002222222122000
01020021111022100
00020020011022100
01020221111000000
01001112201000000
00011002201002220
STEP 30 P1 MOVE 5 5 6 5
OWN
11102000000000022
10002000000000000
01000002202101000
01000100002121000
01002222222122000
01020121111022100
00020120011022100
01020221111000000
01001112201000000
00011002201002220
STEP 31 P2 MOVE 6 4 6 7
OWN
11102000000000022
10002000000000000
01000002202101000
01000100002121000
01002222222122000
01020121111022100
00022222011022100
01020221111000000
01001112201000000
00011002201002220
STEP 32 P1 MOVE 2 6 3 6
OWN
11102000000000022
10002000000000000
01000012202101000
01000110002121000
01002222222122000
01020121111022100
00022222011022100
01020221111000000
01001112201000000
00011002201002220
STEP 33 P2 MOVE 1 10 1 11
OWN
11102000000000022
10002000002200000
01000012202101000
01000110002121000
01002222222122000
01020121111022100
00022222011022100
01020221111000000
01001112201000000
00011002201002220
STEP 34 P1 MOVE 2 3 4 3
OWN
11102000000000022
10002000002200000
01010012202101000
01010110002121000
01012222222122000
01020121111022100
00022222011022100
01020221111000000
01001112201000000
00011002201002220
STEP 35 P2 MOVE 1 3 8 3
OWN
11102000000000022
10022000002200000
01020012202101000
01020110002121000
01022222222122000
01020121111022100
00022222011022100
01020221111000000
01021112201000000
00011002201002220
STEP 36 P1 MOVE 7 2 9 2
OWN
11102000000000022
10022000002200000
01020012202101000
01020110002121000
01022222222122000
01020121111022100
00022222011022100
01120221111000000
01121112201000000
00111002201002220
STEP 37 P2 MOVE 7 0 7 4
OWN
11102000000000022
10022000002200000
01020012202101000
01020110002121000
01022222222122000
01020121111022100
00022222011022100
22222221111000000
01121112201000000
00111002201002220
STEP 38 P1 MOVE 1 5 2 6
OWN
11102000000000022
10022110002200000
01020112202101000
01020110002121000
01022222222122000
01020121111022100
00022222011022100
22222221111000000
01121112201000000
00111002201002220
STEP 39 P2 MOVE 2 2 2 4
OWN
11102000000000022
10022110002200000
01222112202101000
01020110002121000
01022222222122000
01020121111022100
00022222011022100
22222221111000000
01121112201000000
00111002201002220
STEP 40 P1 MOVE 9 1 9 5
OWN
11102000000000022
10022110002200000
01222112202101000
01020110002121000
01022222222122000
01020121111022100
00022222011022100
22222221111000000
01121112201000000
01111102201002220
STEP 41 P2 MOVE 6 2 9 6
OWN
11102000000000022
10022110002200000
01222112202101000
01020110002121000
01022222222122000
01020121111022100
00222222011022100
22222221111000000
01222222201000000
01222222201002220
STEP 42 P1 MOVE 9 0 9 9
OWN
11102000000000022
10022110002200000
01222112202101000
01020110002121000
01022222222122000
01020121111022100
00222222011022100
22222221111000000
01222222201000000
11111111111002220
STEP 43 P2 MOVE -1 -1 -1 -1
OWN
11102000000000022
10022110002200000
01222112202101000
01020110002121000
01022222222122000
01020121111022100
00222222011022100
22222221111000000
01222222201000000
11111111111002220
STEP 44 P1 MOVE 7 12 8 12
OWN
11102000000000022
10022110002200000
01222112202101000
01020110002121000
01022222222122000
01020121111022100
00222222011022100
22222221111010000
01222222201010000
11111111111002220
STEP 45 P2 MOVE 8 11 8 13
OWN
11102000000000022
10022110002200000
01222112202101000
01020110002121000
01022222222122000
01020121111022100
00222222011022100
22222221111010000
01222222201222000
11111111111002220
STEP 46 P1 MOVE 0 11 0 12
OWN
11102000000110022
10022110002200000
01222112202101000
01020110002121000
01022222222122000
01020121111022100
00222222011022100
22222221111010000
01222222201222000
11111111111002220
STEP 47 P2 MOVE 0 10 0 13
OWN
11102000002222022
10022110002200000
01222112202101000
01020110002121000
01022222222122000
01020121111022100
00222222011022100
22222221111010000
01222222201222000
11111111111002220
STEP 48 P1 MOVE 2 14 3 14
OWN
11102000002222022
10022110002200000
01222112202101100
01020110002121100
01022222222122000
01020121111022100
00222222011022100
22222221111010000
01222222201222000
11111111111002220
STEP 49 P2 MOVE 2 12 2 16
OWN
11102000002222022
10022110002200000
01222112202122222
01020110002121100
01022222222122000
01020121111022100
00222222011022100
22222221111010000
01222222201222000
11111111111002220
STEP 50 P1 MOVE 3 9 3 15
OWN
11102000002222022
10022110002200000
01222112202122222
01020110011111110
01022222222122000
01020121111022100
00222222011022100
22222221111010000
01222222201222000
11111111111002220
STEP 51 P2 MOVE 1 9 5 11
OWN
11102000002222022
10022110022200000
01222112222222222
01020110022211110
01022222222222000
01020121122222100
00222222011022100
22222221111010000
01222222201222000
11111111111002220
STEP 52 P1 MOVE 0 3 3 4
OWN
11111000002222022
10011110022200000
01211112222222222
01011110022211110
01022222222222000
01020121122222100
00222222011022100
22222221111010000
01222222201222000
11111111111002220
STEP 53 P2 MOVE 0 4 5 5
OWN
11112200002222022
10012210022200000
01212212222222222
01012210022211110
01022222222222000
01022221122222100
00222222011022100
22222221111010000
01222222201222000
11111111111002220
STEP 54 P1 MOVE 6 11 6 15
OWN
11112200002222022
10012210022200000
01212212222222222
01012210022211110
01022222222222000
01022221122222100
00222222011111110
22222221111010000
01222222201222000
11111111111002220
STEP 55 P2 MOVE 1 14 4 14
OWN
11112200002222022
10012210022200200
01212212222222222
01012210022211210
01022222222222200
01022221122222100
00222222011111110
22222221111010000
01222222201222000
11111111111002220
STEP 56 P1 MOVE 1 13 1 15
OWN
11112200002222022
10012210022201110
01212212222222222
01012210022211210
01022222222222200
01022221122222100
00222222011111110
22222221111010000
01222222201222000
11111111111002220
STEP 57 P2 MOVE -1 -1 -1 -1
OWN
11112200002222022
10012210022201110
01212212222222222
01012210022211210
01022222222222200
01022221122222100
00222222011111110
22222221111010000
01222222201222000
11111111111002220
STEP 58 P1 MOVE -1 -1 -1 -1
OWN
11112200002222022
10012210022201110
01212212222222222
01012210022211210
01022222222222200
01022221122222100
00222222011111110
22222221111010000
01222222201222000
11111111111002220
RESULT first=49 second=79 winner=2
ANALYSIS winner=P2 score=49-79 reason=탈취우위(+17칸 빼앗음,2배효과) steal(w/l)=40/23 neu(w/l)=62/66
