BOARD
96399594733284499
93841272383319566
24551536734751625
58224368967216776
17875364843433579
97718951211166289
82828342446179715
16772486212434234
56437122791532322
79986875584318745
STEP 0 P1 MOVE 8 12 8 15
OWN
00000000000000000
00000000000000000
00000000000000000
00000000000000000
00000000000000000
00000000000000000
00000000000000000
00000000000000000
00000000000011110
00000000000000000
STEP 1 P2 MOVE 1 12 4 12
OWN
00000000000000000
00000000000020000
00000000000020000
00000000000020000
00000000000020000
00000000000000000
00000000000000000
00000000000000000
00000000000011110
00000000000000000
STEP 2 P1 MOVE 4 10 4 13
OWN
00000000000000000
00000000000020000
00000000000020000
00000000000020000
00000000001111000
00000000000000000
00000000000000000
00000000000000000
00000000000011110
00000000000000000
STEP 3 P2 MOVE 4 3 6 3
OWN
00000000000000000
00000000000020000
00000000000020000
00000000000020000
00020000001111000
00020000000000000
00020000000000000
00000000000000000
00000000000011110
00000000000000000
STEP 4 P1 MOVE 8 4 8 6
OWN
00000000000000000
00000000000020000
00000000000020000
00000000000020000
00020000001111000
00020000000000000
00020000000000000
00000000000000000
00001110000011110
00000000000000000
STEP 5 P2 MOVE 1 4 1 6
OWN
00000000000000000
00002220000020000
00000000000020000
00000000000020000
00020000001111000
00020000000000000
00020000000000000
00000000000000000
00001110000011110
00000000000000000
STEP 6 P1 MOVE 0 4 2 4
OWN
00001000000000000
00001220000020000
00001000000020000
00000000000020000
00020000001111000
00020000000000000
00020000000000000
00000000000000000
00001110000011110
00000000000000000
STEP 7 P2 MOVE 2 3 2 5
OWN
00001000000000000
00001220000020000
00022200000020000
00000000000020000
00020000001111000
00020000000000000
00020000000000000
00000000000000000
00001110000011110
00000000000000000
STEP 8 P1 MOVE 3 9 4 9
OWN
00001000000000000
00001220000020000
00022200000020000
00000000010020000
00020000011111000
00020000000000000
00020000000000000
00000000000000000
00001110000011110
00000000000000000
STEP 9 P2 MOVE 0 8 0 9
OWN
00001000220000000
00001220000020000
00022200000020000
00000000010020000
00020000011111000
00020000000000000
00020000000000000
00000000000000000
00001110000011110
00000000000000000
STEP 10 P1 MOVE 6 1 6 2
OWN
00001000220000000
00001220000020000
00022200000020000
00000000010020000
00020000011111000
00020000000000000
01120000000000000
00000000000000000
00001110000011110
00000000000000000
STEP 11 P2 MOVE 9 7 9 8
OWN
00001000220000000
00001220000020000
00022200000020000
00000000010020000
00020000011111000
00020000000000000
01120000000000000
00000000000000000
00001110000011110
00000002200000000
STEP 12 P1 MOVE 8 9 8 10
OWN
00001000220000000
00001220000020000
00022200000020000
00000000010020000
00020000011111000
00020000000000000
01120000000000000
00000000000000000
00001110011011110
00000002200000000
STEP 13 P2 MOVE 6 6 6 8
OWN
00001000220000000
00001220000020000
00022200000020000
00000000010020000
00020000011111000
00020000000000000
01120022200000000
00000000000000000
00001110011011110
00000002200000000
STEP 14 P1 MOVE 0 11 0 12
OWN
00001000220110000
00001220000020000
00022200000020000
00000000010020000
00020000011111000
00020000000000000
01120022200000000
00000000000000000
00001110011011110
00000002200000000
STEP 15 P2 MOVE 6 11 8 11
OWN
00001000220110000
00001220000020000
00022200000020000
00000000010020000
00020000011111000
00020000000000000
01120022200200000
00000000000200000
00001110011211110
00000002200000000
STEP 16 P1 MOVE 4 6 4 7
OWN
00001000220110000
00001220000020000
00022200000020000
00000000010020000
00020011011111000
00020000000000000
01120022200200000
00000000000200000
00001110011211110
00000002200000000
STEP 17 P2 MOVE 2 11 5 11
OWN
00001000220110000
00001220000020000
00022200000220000
00000000010220000
00020011011211000
00020000000200000
01120022200200000
00000000000200000
00001110011211110
00000002200000000
STEP 18 P1 MOVE 5 8 5 12
OWN
00001000220110000
00001220000020000
00022200000220000
00000000010220000
00020011011211000
00020000111110000
01120022200200000
00000000000200000
00001110011211110
00000002200000000
STEP 19 P2 MOVE 1 11 6 12
OWN
00001000220110000
00001220000220000
00022200000220000
00000000010220000
00020011011221000
00020000111220000
01120022200220000
00000000000200000
00001110011211110
00000002200000000
STEP 20 P1 MOVE 5 6 6 9
OWN
00001000220110000
00001220000220000
00022200000220000
00000000010220000
00020011011221000
00020011111220000
01120011110220000
00000000000200000
00001110011211110
00000002200000000
STEP 21 P2 MOVE 7 9 7 13
OWN
00001000220110000
00001220000220000
00022200000220000
00000000010220000
00020011011221000
00020011111220000
01120011110220000
00000000022222000
00001110011211110
00000002200000000
STEP 22 P1 MOVE 4 8 7 8
OWN
00001000220110000
00001220000220000
00022200000220000
00000000010220000
00020011111221000
00020011111220000
01120011110220000
00000000122222000
00001110011211110
00000002200000000
STEP 23 P2 MOVE 1 8 2 8
OWN
00001000220110000
00001220200220000
00022200200220000
00000000010220000
00020011111221000
00020011111220000
01120011110220000
00000000122222000
00001110011211110
00000002200000000
STEP 24 P1 MOVE 4 0 5 0
OWN
00001000220110000
00001220200220000
00022200200220000
00000000010220000
10020011111221000
10020011111220000
01120011110220000
00000000122222000
00001110011211110
00000002200000000
STEP 25 P2 MOVE 5 14 5 15
OWN
00001000220110000
00001220200220000
00022200200220000
00000000010220000
10020011111221000
10020011111220220
01120011110220000
00000000122222000
00001110011211110
00000002200000000
STEP 26 P1 MOVE 6 4 7 4
OWN
00001000220110000
00001220200220000
00022200200220000
00000000010220000
10020011111221000
10020011111220220
01121011110220000
00001000122222000
00001110011211110
00000002200000000
STEP 27 P2 MOVE 3 2 4 2
OWN
00001000220110000
00001220200220000
00022200200220000
00200000010220000
10220011111221000
10020011111220220
01121011110220000
00001000122222000
00001110011211110
00000002200000000
STEP 28 P1 MOVE 3 1 3 3
OWN
00001000220110000
00001220200220000
00022200200220000
01110000010220000
10220011111221000
10020011111220220
01121011110220000
00001000122222000
00001110011211110
00000002200000000
STEP 29 P2 MOVE 0 10 2 10
OWN
00001000222110000
00001220202220000
00022200202220000
01110000010220000
10220011111221000
10020011111220220
01121011110220000
00001000122222000
00001110011211110
00000002200000000
STEP 30 P1 MOVE 2 7 2 13
OWN
00001000222110000
00001220202220000
00022201111111000
01110000010220000
10220011111221000
10020011111220220
01121011110220000
00001000122222000
00001110011211110
00000002200000000
STEP 31 P2 MOVE 1 7 3 7
OWN
00001000222110000
00001222202220000
00022202111111000
01110002010220000
10220011111221000
10020011111220220
01121011110220000
00001000122222000
00001110011211110
00000002200000000
STEP 32 P1 MOVE 0 7 7 7
OWN
00001001222110000
00001221202220000
00022201111111000
01110001010220000
10220011111221000
10020011111220220
01121011110220000
00001001122222000
00001110011211110
00000002200000000
STEP 33 P2 MOVE 7 6 7 14
OWN
00001001222110000
00001221202220000
00022201111111000
01110001010220000
10220011111221000
10020011111220220
01121011110220000
00001022222222200
00001110011211110
00000002200000000
STEP 34 P1 MOVE 7 8 8 15
OWN
00001001222110000
00001221202220000
00022201111111000
01110001010220000
10220011111221000
10020011111220220
01121011110220000
00001022111111110
00001110111111110
00000002200000000
STEP 35 P2 MOVE 6 10 9 10
OWN
00001001222110000
00001221202220000
00022201111111000
01110001010220000
10220011111221000
10020011111220220
01121011112220000
00001022112111110
00001110112111110
00000002202000000
STEP 36 P1 MOVE 6 15 7 16
OWN
00001001222110000
00001221202220000
00022201111111000
01110001010220000
10220011111221000
10020011111220220
01121011112220011
00001022112111111
00001110112111110
00000002202000000
STEP 37 P2 MOVE 3 10 9 11
OWN
00001001222110000
00001221202220000
00022201111111000
01110001012220000
10220011112221000
10020011112220220
01121011112220011
00001022112211111
00001110112211110
00000002202200000
STEP 38 P1 MOVE 7 3 8 3
OWN
00001001222110000
00001221202220000
00022201111111000
01110001012220000
10220011112221000
10020011112220220
01121011112220011
00011022112211111
00011110112211110
00000002202200000
STEP 39 P2 MOVE 8 1 8 2
OWN
00001001222110000
00001221202220000
00022201111111000
01110001012220000
10220011112221000
10020011112220220
01121011112220011
00011022112211111
02211110112211110
00000002202200000
STEP 40 P1 MOVE -1 -1 -1 -1
OWN
00001001222110000
00001221202220000
00022201111111000
01110001012220000
10220011112221000
10020011112220220
01121011112220011
00011022112211111
02211110112211110
00000002202200000
STEP 41 P2 MOVE -1 -1 -1 -1
OWN
00001001222110000
00001221202220000
00022201111111000
01110001012220000
10220011112221000
10020011112220220
01121011112220011
00011022112211111
02211110112211110
00000002202200000
RESULT first=57 second=42 winner=1
ANALYSIS winner=P1 score=57-42 reason=Ĺ»ĂëżěŔ§(+8Ä­ »©ľŃŔ˝,2ąčČż°ú) steal(w/l)=22/14 neu(w/l)=49/50
