BOARD
89247856896392198
26123441978979391
36321875247777257
31177342665487889
98751192845468522
25361538796625762
34764786728581425
65241893455722258
26623357226816868
32365863765216329
STEP 0 P1 MOVE 4 4 8 4
OWN
00000000000000000
00000000000000000
00000000000000000
00000000000000000
00001000000000000
00001000000000000
00001000000000000
00001000000000000
00001000000000000
00000000000000000
STEP 1 P2 MOVE 8 3 8 6
OWN
00000000000000000
00000000000000000
00000000000000000
00000000000000000
00001000000000000
00001000000000000
00001000000000000
00001000000000000
00022220000000000
00000000000000000
STEP 2 P1 MOVE 1 7 4 7
OWN
00000000000000000
00000001000000000
00000001000000000
00000001000000000
00001001000000000
00001000000000000
00001000000000000
00001000000000000
00022220000000000
00000000000000000
STEP 3 P2 MOVE 5 0 5 2
OWN
00000000000000000
00000001000000000
00000001000000000
00000001000000000
00001001000000000
22201000000000000
00001000000000000
00001000000000000
00022220000000000
00000000000000000
STEP 4 P1 MOVE 9 12 9 14
OWN
00000000000000000
00000001000000000
00000001000000000
00000001000000000
00001001000000000
22201000000000000
00001000000000000
00001000000000000
00022220000000000
00000000000011100
STEP 5 P2 MOVE 8 8 8 10
OWN
00000000000000000
00000001000000000
00000001000000000
00000001000000000
00001001000000000
22201000000000000
00001000000000000
00001000000000000
00022220222000000
00000000000011100
STEP 6 P1 MOVE 4 5 4 6
OWN
00000000000000000
00000001000000000
00000001000000000
00000001000000000
00001111000000000
22201000000000000
00001000000000000
00001000000000000
00022220222000000
00000000000011100
STEP 7 P2 MOVE 8 7 9 7
OWN
00000000000000000
00000001000000000
00000001000000000
00000001000000000
00001111000000000
22201000000000000
00001000000000000
00001000000000000
00022222222000000
00000002000011100
STEP 8 P1 MOVE 2 14 3 14
OWN
00000000000000000
00000001000000000
00000001000000100
00000001000000100
00001111000000000
22201000000000000
00001000000000000
00001000000000000
00022222222000000
00000002000011100
STEP 9 P2 MOVE 3 9 4 9
OWN
00000000000000000
00000001000000000
00000001000000100
00000001020000100
00001111020000000
22201000000000000
00001000000000000
00001000000000000
00022222222000000
00000002000011100
STEP 10 P1 MOVE 7 14 8 14
OWN
00000000000000000
00000001000000000
00000001000000100
00000001020000100
00001111020000000
22201000000000000
00001000000000000
00001000000000100
00022222222000100
00000002000011100
STEP 11 P2 MOVE 4 11 5 11
OWN
00000000000000000
00000001000000000
00000001000000100
00000001020000100
00001111020200000
22201000000200000
00001000000000000
00001000000000100
00022222222000100
00000002000011100
STEP 12 P1 MOVE 3 4 3 5
OWN
00000000000000000
00000001000000000
00000001000000100
00001101020000100
00001111020200000
22201000000200000
00001000000000000
00001000000000100
00022222222000100
00000002000011100
STEP 13 P2 MOVE 7 9 7 10
OWN
00000000000000000
00000001000000000
00000001000000100
00001101020000100
00001111020200000
22201000000200000
00001000000000000
00001000022000100
00022222222000100
00000002000011100
STEP 14 P1 MOVE 6 9 6 10
OWN
00000000000000000
00000001000000000
00000001000000100
00001101020000100
00001111020200000
22201000000200000
00001000011000000
00001000022000100
00022222222000100
00000002000011100
STEP 15 P2 MOVE 8 11 9 11
OWN
00000000000000000
00000001000000000
00000001000000100
00001101020000100
00001111020200000
22201000000200000
00001000011000000
00001000022000100
00022222222200100
00000002000211100
STEP 16 P1 MOVE 0 0 1 0
OWN
10000000000000000
10000001000000000
00000001000000100
00001101020000100
00001111020200000
22201000000200000
00001000011000000
00001000022000100
00022222222200100
00000002000211100
STEP 17 P2 MOVE 3 6 3 8
OWN
10000000000000000
10000001000000000
00000001000000100
00001122220000100
00001111020200000
22201000000200000
00001000011000000
00001000022000100
00022222222200100
00000002000211100
STEP 18 P1 MOVE 2 6 5 6
OWN
10000000000000000
10000001000000000
00000011000000100
00001112220000100
00001111020200000
22201010000200000
00001000011000000
00001000022000100
00022222222200100
00000002000211100
STEP 19 P2 MOVE 6 3 7 3
OWN
10000000000000000
10000001000000000
00000011000000100
00001112220000100
00001111020200000
22201010000200000
00021000011000000
00021000022000100
00022222222200100
00000002000211100
STEP 20 P1 MOVE 7 2 7 5
OWN
10000000000000000
10000001000000000
00000011000000100
00001112220000100
00001111020200000
22201010000200000
00021000011000000
00111100022000100
00022222222200100
00000002000211100
STEP 21 P2 MOVE 3 15 4 15
OWN
10000000000000000
10000001000000000
00000011000000100
00001112220000120
00001111020200020
22201010000200000
00021000011000000
00111100022000100
00022222222200100
00000002000211100
STEP 22 P1 MOVE 4 15 5 16
OWN
10000000000000000
10000001000000000
00000011000000100
00001112220000120
00001111020200011
22201010000200011
00021000011000000
00111100022000100
00022222222200100
00000002000211100
STEP 23 P2 MOVE 0 4 1 4
OWN
10002000000000000
10002001000000000
00000011000000100
00001112220000120
00001111020200011
22201010000200011
00021000011000000
00111100022000100
00022222222200100
00000002000211100
STEP 24 P1 MOVE 1 15 1 16
OWN
10002000000000000
10002001000000011
00000011000000100
00001112220000120
00001111020200011
22201010000200011
00021000011000000
00111100022000100
00022222222200100
00000002000211100
STEP 25 P2 MOVE 5 12 6 12
OWN
10002000000000000
10002001000000011
00000011000000100
00001112220000120
00001111020200011
22201010000220011
00021000011020000
00111100022000100
00022222222200100
00000002000211100
STEP 26 P1 MOVE 6 11 6 14
OWN
10002000000000000
10002001000000011
00000011000000100
00001112220000120
00001111020200011
22201010000220011
00021000011111100
00111100022000100
00022222222200100
00000002000211100
STEP 27 P2 MOVE 2 14 4 15
OWN
10002000000000000
10002001000000011
00000011000000220
00001112220000220
00001111020200221
22201010000220011
00021000011111100
00111100022000100
00022222222200100
00000002000211100
STEP 28 P1 MOVE 1 14 5 14
OWN
10002000000000000
10002001000000111
00000011000000120
00001112220000120
00001111020200121
22201010000220111
00021000011111100
00111100022000100
00022222222200100
00000002000211100
STEP 29 P2 MOVE 7 11 8 12
OWN
10002000000000000
10002001000000111
00000011000000120
00001112220000120
00001111020200121
22201010000220111
00021000011111100
00111100022220100
00022222222220100
00000002000211100
STEP 30 P1 MOVE -1 -1 -1 -1
OWN
10002000000000000
10002001000000111
00000011000000120
00001112220000120
00001111020200121
22201010000220111
00021000011111100
00111100022220100
00022222222220100
00000002000211100
STEP 31 P2 MOVE 3 10 4 10
OWN
10002000000000000
10002001000000111
00000011000000120
00001112222000120
00001111022200121
22201010000220111
00021000011111100
00111100022220100
00022222222220100
00000002000211100
STEP 32 P1 MOVE 3 10 5 11
OWN
10002000000000000
10002001000000111
00000011000000120
00001112221100120
00001111021100121
22201010001120111
00021000011111100
00111100022220100
00022222222220100
00000002000211100
STEP 33 P2 MOVE 2 8 4 8
OWN
10002000000000000
10002001000000111
00000011200000120
00001112221100120
00001111221100121
22201010001120111
00021000011111100
00111100022220100
00022222222220100
00000002000211100
STEP 34 P1 MOVE 2 3 3 4
OWN
10002000000000000
10002001000000111
00011011200000120
00011112221100120
00001111221100121
22201010001120111
00021000011111100
00111100022220100
00022222222220100
00000002000211100
STEP 35 P2 MOVE 3 1 3 12
OWN
10002000000000000
10002001000000111
00011011200000120
02222222222220120
00001111221100121
22201010001120111
00021000011111100
00111100022220100
00022222222220100
00000002000211100
STEP 36 P1 MOVE 3 0 3 13
OWN
10002000000000000
10002001000000111
00011011200000120
11111111111111120
00001111221100121
22201010001120111
00021000011111100
00111100022220100
00022222222220100
00000002000211100
STEP 37 P2 MOVE 2 2 4 2
OWN
10002000000000000
10002001000000111
00211011200000120
11211111111111120
00201111221100121
22201010001120111
00021000011111100
00111100022220100
00022222222220100
00000002000211100
STEP 38 P1 MOVE 1 3 1 6
OWN
10002000000000000
10011111000000111
00211011200000120
11211111111111120
00201111221100121
22201010001120111
00021000011111100
00111100022220100
00022222222220100
00000002000211100
STEP 39 P2 MOVE 0 2 6 2
OWN
10202000000000000
10211111000000111
00211011200000120
11211111111111120
00201111221100121
22201010001120111
00221000011111100
00111100022220100
00022222222220100
00000002000211100
STEP 40 P1 MOVE 5 1 6 3
OWN
10202000000000000
10211111000000111
00211011200000120
11211111111111120
00201111221100121
21111010001120111
01111000011111100
00111100022220100
00022222222220100
00000002000211100
STEP 41 P2 MOVE 4 3 5 5
OWN
10202000000000000
10211111000000111
00211011200000120
11211111111111120
00222211221100121
21122210001120111
01111000011111100
00111100022220100
00022222222220100
00000002000211100
STEP 42 P1 MOVE 0 2 8 3
OWN
10112000000000000
10111111000000111
00111011200000120
11111111111111120
00112211221100121
21112210001120111
01111000011111100
00111100022220100
00112222222220100
00000002000211100
STEP 43 P2 MOVE 6 0 6 5
OWN
10112000000000000
10111111000000111
00111011200000120
11111111111111120
00112211221100121
21112210001120111
22222200011111100
00111100022220100
00112222222220100
00000002000211100
STEP 44 P1 MOVE -1 -1 -1 -1
OWN
10112000000000000
10111111000000111
00111011200000120
11111111111111120
00112211221100121
21112210001120111
22222200011111100
00111100022220100
00112222222220100
00000002000211100
STEP 45 P2 MOVE -1 -1 -1 -1
OWN
10112000000000000
10111111000000111
00111011200000120
11111111111111120
00112211221100121
21112210001120111
22222200011111100
00111100022220100
00112222222220100
00000002000211100
RESULT first=68 second=34 winner=1
ANALYSIS winner=P1 score=68-34 reason=Ĺ»ĂëżěŔ§(+16Ä­ »©ľŃŔ˝,2ąčČż°ú) steal(w/l)=36/20 neu(w/l)=52/50
