BOARD
24352352689779767
91514918417429744
47356127566448334
59384537827251556
53278882859625479
78351467669116486
89597584439468811
92953847274549148
84716852767976213
73129156192794198
STEP 0 P1 MOVE 4 0 4 2
OWN
00000000000000000
00000000000000000
00000000000000000
00000000000000000
11100000000000000
00000000000000000
00000000000000000
00000000000000000
00000000000000000
00000000000000000
STEP 1 P2 MOVE 0 5 0 7
OWN
00000222000000000
00000000000000000
00000000000000000
00000000000000000
11100000000000000
00000000000000000
00000000000000000
00000000000000000
00000000000000000
00000000000000000
STEP 2 P1 MOVE 2 5 2 7
OWN
00000222000000000
00000000000000000
00000111000000000
00000000000000000
11100000000000000
00000000000000000
00000000000000000
00000000000000000
00000000000000000
00000000000000000
STEP 3 P2 MOVE 2 16 3 16
OWN
00000222000000000
00000000000000000
00000111000000002
00000000000000002
11100000000000000
00000000000000000
00000000000000000
00000000000000000
00000000000000000
00000000000000000
STEP 4 P1 MOVE 6 14 6 16
OWN
00000222000000000
00000000000000000
00000111000000002
00000000000000002
11100000000000000
00000000000000000
00000000000000111
00000000000000000
00000000000000000
00000000000000000
STEP 5 P2 MOVE 7 8 9 8
OWN
00000222000000000
00000000000000000
00000111000000002
00000000000000002
11100000000000000
00000000000000000
00000000000000111
00000000200000000
00000000200000000
00000000200000000
STEP 6 P1 MOVE 9 14 9 15
OWN
00000222000000000
00000000000000000
00000111000000002
00000000000000002
11100000000000000
00000000000000000
00000000000000111
00000000200000000
00000000200000000
00000000200000110
STEP 7 P2 MOVE 4 7 4 8
OWN
00000222000000000
00000000000000000
00000111000000002
00000000000000002
11100002200000000
00000000000000000
00000000000000111
00000000200000000
00000000200000000
00000000200000110
STEP 8 P1 MOVE 3 6 3 7
OWN
00000222000000000
00000000000000000
00000111000000002
00000011000000002
11100002200000000
00000000000000000
00000000000000111
00000000200000000
00000000200000000
00000000200000110
STEP 9 P2 MOVE 4 11 5 12
OWN
00000222000000000
00000000000000000
00000111000000002
00000011000000002
11100002200220000
00000000000220000
00000000000000111
00000000200000000
00000000200000000
00000000200000110
STEP 10 P1 MOVE 2 11 6 11
OWN
00000222000000000
00000000000000000
00000111000100002
00000011000100002
11100002200120000
00000000000120000
00000000000100111
00000000200000000
00000000200000000
00000000200000110
STEP 11 P2 MOVE 1 11 2 12
OWN
00000222000000000
00000000000220000
00000111000220002
00000011000100002
11100002200120000
00000000000120000
00000000000100111
00000000200000000
00000000200000000
00000000200000110
STEP 12 P1 MOVE 9 4 9 5
OWN
00000222000000000
00000000000220000
00000111000220002
00000011000100002
11100002200120000
00000000000120000
00000000000100111
00000000200000000
00000000200000000
00001100200000110
STEP 13 P2 MOVE 0 15 1 15
OWN
00000222000000020
00000000000220020
00000111000220002
00000011000100002
11100002200120000
00000000000120000
00000000000100111
00000000200000000
00000000200000000
00001100200000110
STEP 14 P1 MOVE 5 8 6 8
OWN
00000222000000020
00000000000220020
00000111000220002
00000011000100002
11100002200120000
00000000100120000
00000000100100111
00000000200000000
00000000200000000
00001100200000110
STEP 15 P2 MOVE 9 0 9 1
OWN
00000222000000020
00000000000220020
00000111000220002
00000011000100002
11100002200120000
00000000100120000
00000000100100111
00000000200000000
00000000200000000
22001100200000110
STEP 16 P1 MOVE 6 9 7 9
OWN
00000222000000020
00000000000220020
00000111000220002
00000011000100002
11100002200120000
00000000100120000
00000000110100111
00000000210000000
00000000200000000
22001100200000110
STEP 17 P2 MOVE 7 13 7 14
OWN
00000222000000020
00000000000220020
00000111000220002
00000011000100002
11100002200120000
00000000100120000
00000000110100111
00000000210002200
00000000200000000
22001100200000110
STEP 18 P1 MOVE 4 14 8 14
OWN
00000222000000020
00000000000220020
00000111000220002
00000011000100002
11100002200120100
00000000100120100
00000000110100111
00000000210002100
00000000200000100
22001100200000110
STEP 19 P2 MOVE 8 13 8 16
OWN
00000222000000020
00000000000220020
00000111000220002
00000011000100002
11100002200120100
00000000100120100
00000000110100111
00000000210002100
00000000200002222
22001100200000110
STEP 20 P1 MOVE 0 2 0 4
OWN
00111222000000020
00000000000220020
00000111000220002
00000011000100002
11100002200120100
00000000100120100
00000000110100111
00000000210002100
00000000200002222
22001100200000110
STEP 21 P2 MOVE 2 1 2 2
OWN
00111222000000020
00000000000220020
02200111000220002
00000011000100002
11100002200120100
00000000100120100
00000000110100111
00000000210002100
00000000200002222
22001100200000110
STEP 22 P1 MOVE 5 5 5 6
OWN
00111222000000020
00000000000220020
02200111000220002
00000011000100002
11100002200120100
00000110100120100
00000000110100111
00000000210002100
00000000200002222
22001100200000110
STEP 23 P2 MOVE 6 4 7 4
OWN
00111222000000020
00000000000220020
02200111000220002
00000011000100002
11100002200120100
00000110100120100
00002000110100111
00002000210002100
00000000200002222
22001100200000110
STEP 24 P1 MOVE 1 5 1 6
OWN
00111222000000020
00000110000220020
02200111000220002
00000011000100002
11100002200120100
00000110100120100
00002000110100111
00002000210002100
00000000200002222
22001100200000110
STEP 25 P2 MOVE 3 8 3 9
OWN
00111222000000020
00000110000220020
02200111000220002
00000011220100002
11100002200120100
00000110100120100
00002000110100111
00002000210002100
00000000200002222
22001100200000110
STEP 26 P1 MOVE 2 5 3 8
OWN
00111222000000020
00000110000220020
02200111100220002
00000111120100002
11100002200120100
00000110100120100
00002000110100111
00002000210002100
00000000200002222
22001100200000110
STEP 27 P2 MOVE 1 4 2 4
OWN
00111222000000020
00002110000220020
02202111100220002
00000111120100002
11100002200120100
00000110100120100
00002000110100111
00002000210002100
00000000200002222
22001100200000110
STEP 28 P1 MOVE 2 4 3 9
OWN
00111222000000020
00002110000220020
02201111110220002
00001111110100002
11100002200120100
00000110100120100
00002000110100111
00002000210002100
00000000200002222
22001100200000110
STEP 29 P2 MOVE 1 8 4 9
OWN
00111222000000020
00002110220220020
02201111220220002
00001111220100002
11100002220120100
00000110100120100
00002000110100111
00002000210002100
00000000200002222
22001100200000110
STEP 30 P1 MOVE 0 1 1 2
OWN
01111222000000020
01102110220220020
02201111220220002
00001111220100002
11100002220120100
00000110100120100
00002000110100111
00002000210002100
00000000200002222
22001100200000110
STEP 31 P2 MOVE 3 14 3 15
OWN
01111222000000020
01102110220220020
02201111220220002
00001111220100222
11100002220120100
00000110100120100
00002000110100111
00002000210002100
00000000200002222
22001100200000110
STEP 32 P1 MOVE 2 15 4 15
OWN
01111222000000020
01102110220220020
02201111220220012
00001111220100212
11100002220120110
00000110100120100
00002000110100111
00002000210002100
00000000200002222
22001100200000110
STEP 33 P2 MOVE 1 14 2 14
OWN
01111222000000020
01102110220220220
02201111220220212
00001111220100212
11100002220120110
00000110100120100
00002000110100111
00002000210002100
00000000200002222
22001100200000110
STEP 34 P1 MOVE -1 -1 -1 -1
OWN
01111222000000020
01102110220220220
02201111220220212
00001111220100212
11100002220120110
00000110100120100
00002000110100111
00002000210002100
00000000200002222
22001100200000110
STEP 35 P2 MOVE 1 0 1 3
OWN
01111222000000020
22222110220220220
02201111220220212
00001111220100212
11100002220120110
00000110100120100
00002000110100111
00002000210002100
00000000200002222
22001100200000110
STEP 36 P1 MOVE 0 0 1 7
OWN
11111111000000020
11111111220220220
02201111220220212
00001111220100212
11100002220120110
00000110100120100
00002000110100111
00002000210002100
00000000200002222
22001100200000110
STEP 37 P2 MOVE -1 -1 -1 -1
OWN
11111111000000020
11111111220220220
02201111220220212
00001111220100212
11100002220120110
00000110100120100
00002000110100111
00002000210002100
00000000200002222
22001100200000110
STEP 38 P1 MOVE -1 -1 -1 -1
OWN
11111111000000020
11111111220220220
02201111220220212
00001111220100212
11100002220120110
00000110100120100
00002000110100111
00002000210002100
00000000200002222
22001100200000110
RESULT first=50 second=36 winner=1
ANALYSIS winner=P1 score=50-36 reason=탈취우위(+7칸 빼앗음,2배효과) steal(w/l)=15/8 neu(w/l)=43/43
