BOARD
19612957292781446
13752872583867774
41756966777538987
12132784919116848
19536784997936152
65155648559786712
43271517775453819
95734463617911228
59635336426215345
96939548392493783
STEP 0 P1 MOVE 2 11 3 12
OWN
00000000000000000
00000000000000000
00000000000110000
00000000000110000
00000000000000000
00000000000000000
00000000000000000
00000000000000000
00000000000000000
00000000000000000
STEP 1 P2 MOVE 4 15 5 16
OWN
00000000000000000
00000000000000000
00000000000110000
00000000000110000
00000000000000022
00000000000000022
00000000000000000
00000000000000000
00000000000000000
00000000000000000
STEP 2 P1 MOVE 0 3 1 4
OWN
00011000000000000
00011000000000000
00000000000110000
00000000000110000
00000000000000022
00000000000000022
00000000000000000
00000000000000000
00000000000000000
00000000000000000
STEP 3 P2 MOVE 7 7 7 9
OWN
00011000000000000
00011000000000000
00000000000110000
00000000000110000
00000000000000022
00000000000000022
00000000000000000
00000002220000000
00000000000000000
00000000000000000
STEP 4 P1 MOVE 3 9 4 9
OWN
00011000000000000
00011000000000000
00000000000110000
00000000010110000
00000000010000022
00000000000000022
00000000000000000
00000002220000000
00000000000000000
00000000000000000
STEP 5 P2 MOVE 6 12 7 13
OWN
00011000000000000
00011000000000000
00000000000110000
00000000010110000
00000000010000022
00000000000000022
00000000000022000
00000002220022000
00000000000000000
00000000000000000
STEP 6 P1 MOVE 6 2 6 4
OWN
00011000000000000
00011000000000000
00000000000110000
00000000010110000
00000000010000022
00000000000000022
00111000000022000
00000002220022000
00000000000000000
00000000000000000
STEP 7 P2 MOVE 5 5 5 6
OWN
00011000000000000
00011000000000000
00000000000110000
00000000010110000
00000000010000022
00000220000000022
00111000000022000
00000002220022000
00000000000000000
00000000000000000
STEP 8 P1 MOVE 4 12 4 14
OWN
00011000000000000
00011000000000000
00000000000110000
00000000010110000
00000000010011122
00000220000000022
00111000000022000
00000002220022000
00000000000000000
00000000000000000
STEP 9 P2 MOVE 6 6 8 6
OWN
00011000000000000
00011000000000000
00000000000110000
00000000010110000
00000000010011122
00000220000000022
00111020000022000
00000022220022000
00000020000000000
00000000000000000
STEP 10 P1 MOVE 6 15 6 16
OWN
00011000000000000
00011000000000000
00000000000110000
00000000010110000
00000000010011122
00000220000000022
00111020000022011
00000022220022000
00000020000000000
00000000000000000
STEP 11 P2 MOVE 3 15 8 15
OWN
00011000000000000
00011000000000000
00000000000110000
00000000010110020
00000000010011122
00000220000000022
00111020000022021
00000022220022020
00000020000000020
00000000000000000
STEP 12 P1 MOVE 7 13 8 14
OWN
00011000000000000
00011000000000000
00000000000110000
00000000010110020
00000000010011122
00000220000000022
00111020000022021
00000022220021120
00000020000001120
00000000000000000
STEP 13 P2 MOVE 0 0 0 1
OWN
22011000000000000
00011000000000000
00000000000110000
00000000010110020
00000000010011122
00000220000000022
00111020000022021
00000022220021120
00000020000001120
00000000000000000
STEP 14 P1 MOVE 0 15 0 16
OWN
22011000000000011
00011000000000000
00000000000110000
00000000010110020
00000000010011122
00000220000000022
00111020000022021
00000022220021120
00000020000001120
00000000000000000
STEP 15 P2 MOVE 9 13 9 14
OWN
22011000000000011
00011000000000000
00000000000110000
00000000010110020
00000000010011122
00000220000000022
00111020000022021
00000022220021120
00000020000001120
00000000000002200
STEP 16 P1 MOVE 8 7 8 8
OWN
22011000000000011
00011000000000000
00000000000110000
00000000010110020
00000000010011122
00000220000000022
00111020000022021
00000022220021120
00000021100001120
00000000000002200
STEP 17 P2 MOVE 6 8 9 8
OWN
22011000000000011
00011000000000000
00000000000110000
00000000010110020
00000000010011122
00000220000000022
00111020200022021
00000022220021120
00000021200001120
00000000200002200
STEP 18 P1 MOVE 8 4 8 9
OWN
22011000000000011
00011000000000000
00000000000110000
00000000010110020
00000000010011122
00000220000000022
00111020200022021
00000022220021120
00001111110001120
00000000200002200
STEP 19 P2 MOVE 7 3 8 4
OWN
22011000000000011
00011000000000000
00000000000110000
00000000010110020
00000000010011122
00000220000000022
00111020200022021
00022022220021120
00022111110001120
00000000200002200
STEP 20 P1 MOVE 5 3 5 4
OWN
22011000000000011
00011000000000000
00000000000110000
00000000010110020
00000000010011122
00011220000000022
00111020200022021
00022022220021120
00022111110001120
00000000200002200
STEP 21 P2 MOVE 1 1 1 2
OWN
22011000000000011
02211000000000000
00000000000110000
00000000010110020
00000000010011122
00011220000000022
00111020200022021
00022022220021120
00022111110001120
00000000200002200
STEP 22 P1 MOVE 1 10 2 10
OWN
22011000000000011
02211000001000000
00000000001110000
00000000010110020
00000000010011122
00011220000000022
00111020200022021
00022022220021120
00022111110001120
00000000200002200
STEP 23 P2 MOVE 2 7 3 7
OWN
22011000000000011
02211000001000000
00000002001110000
00000002010110020
00000000010011122
00011220000000022
00111020200022021
00022022220021120
00022111110001120
00000000200002200
STEP 24 P1 MOVE 5 8 5 9
OWN
22011000000000011
02211000001000000
00000002001110000
00000002010110020
00000000010011122
00011220110000022
00111020200022021
00022022220021120
00022111110001120
00000000200002200
STEP 25 P2 MOVE 8 12 9 12
OWN
22011000000000011
02211000001000000
00000002001110000
00000002010110020
00000000010011122
00011220110000022
00111020200022021
00022022220021120
00022111110021120
00000000200022200
STEP 26 P1 MOVE 4 0 4 1
OWN
22011000000000011
02211000001000000
00000002001110000
00000002010110020
11000000010011122
00011220110000022
00111020200022021
00022022220021120
00022111110021120
00000000200022200
STEP 27 P2 MOVE 3 1 6 1
OWN
22011000000000011
02211000001000000
00000002001110000
02000002010110020
12000000010011122
02011220110000022
02111020200022021
00022022220021120
00022111110021120
00000000200022200
STEP 28 P1 MOVE 5 0 6 0
OWN
22011000000000011
02211000001000000
00000002001110000
02000002010110020
12000000010011122
12011220110000022
12111020200022021
00022022220021120
00022111110021120
00000000200022200
STEP 29 P2 MOVE -1 -1 -1 -1
OWN
22011000000000011
02211000001000000
00000002001110000
02000002010110020
12000000010011122
12011220110000022
12111020200022021
00022022220021120
00022111110021120
00000000200022200
STEP 30 P1 MOVE -1 -1 -1 -1
OWN
22011000000000011
02211000001000000
00000002001110000
02000002010110020
12000000010011122
12011220110000022
12111020200022021
00022022220021120
00022111110021120
00000000200022200
RESULT first=37 second=38 winner=2
ANALYSIS winner=P2 score=37-38 reason=±ŮĽŇşąÇŐżěŔ§ steal(w/l)=4/3 neu(w/l)=37/38
