BOARD
77159875864935325
93522689267649889
51912718646244439
82269825952969495
82764534315822331
29795944758862628
64415246367123419
21242726211432841
19725242567319812
74568341336952831
STEP 0 P1 MOVE 6 12 7 13
OWN
00000000000000000
00000000000000000
00000000000000000
00000000000000000
00000000000000000
00000000000000000
00000000000011000
00000000000011000
00000000000000000
00000000000000000
STEP 1 P2 MOVE 2 6 5 6
OWN
00000000000000000
00000000000000000
00000020000000000
00000020000000000
00000020000000000
00000020000000000
00000000000011000
00000000000011000
00000000000000000
00000000000000000
STEP 2 P1 MOVE 7 7 7 10
OWN
00000000000000000
00000000000000000
00000020000000000
00000020000000000
00000020000000000
00000020000000000
00000000000011000
00000001111011000
00000000000000000
00000000000000000
STEP 3 P2 MOVE 4 12 4 15
OWN
00000000000000000
00000000000000000
00000020000000000
00000020000000000
00000020000022220
00000020000000000
00000000000011000
00000001111011000
00000000000000000
00000000000000000
STEP 4 P1 MOVE 0 13 0 15
OWN
00000000000001110
00000000000000000
00000020000000000
00000020000000000
00000020000022220
00000020000000000
00000000000011000
00000001111011000
00000000000000000
00000000000000000
STEP 5 P2 MOVE 2 9 4 9
OWN
00000000000001110
00000000000000000
00000020020000000
00000020020000000
00000020020022220
00000020000000000
00000000000011000
00000001111011000
00000000000000000
00000000000000000
STEP 6 P1 MOVE 3 14 5 14
OWN
00000000000001110
00000000000000000
00000020020000000
00000020020000100
00000020020022120
00000020000000100
00000000000011000
00000001111011000
00000000000000000
00000000000000000
STEP 7 P2 MOVE 5 0 7 0
OWN
00000000000001110
00000000000000000
00000020020000000
00000020020000100
00000020020022120
20000020000000100
20000000000011000
20000001111011000
00000000000000000
00000000000000000
STEP 8 P1 MOVE 1 3 1 5
OWN
00000000000001110
00011100000000000
00000020020000000
00000020020000100
00000020020022120
20000020000000100
20000000000011000
20000001111011000
00000000000000000
00000000000000000
STEP 9 P2 MOVE 2 3 2 5
OWN
00000000000001110
00011100000000000
00022220020000000
00000020020000100
00000020020022120
20000020000000100
20000000000011000
20000001111011000
00000000000000000
00000000000000000
STEP 10 P1 MOVE 6 6 8 6
OWN
00000000000001110
00011100000000000
00022220020000000
00000020020000100
00000020020022120
20000020000000100
20000010000011000
20000011111011000
00000010000000000
00000000000000000
STEP 11 P2 MOVE 3 1 3 3
OWN
00000000000001110
00011100000000000
00022220020000000
02220020020000100
00000020020022120
20000020000000100
20000010000011000
20000011111011000
00000010000000000
00000000000000000
STEP 12 P1 MOVE 6 2 6 4
OWN
00000000000001110
00011100000000000
00022220020000000
02220020020000100
00000020020022120
20000020000000100
20111010000011000
20000011111011000
00000010000000000
00000000000000000
STEP 13 P2 MOVE 8 0 8 1
OWN
00000000000001110
00011100000000000
00022220020000000
02220020020000100
00000020020022120
20000020000000100
20111010000011000
20000011111011000
22000010000000000
00000000000000000
STEP 14 P1 MOVE 5 12 5 15
OWN
00000000000001110
00011100000000000
00022220020000000
02220020020000100
00000020020022120
20000020000011110
20111010000011000
20000011111011000
22000010000000000
00000000000000000
STEP 15 P2 MOVE 3 15 6 15
OWN
00000000000001110
00011100000000000
00022220020000000
02220020020000120
00000020020022120
20000020000011120
20111010000011020
20000011111011000
22000010000000000
00000000000000000
STEP 16 P1 MOVE 5 8 6 8
OWN
00000000000001110
00011100000000000
00022220020000000
02220020020000120
00000020020022120
20000020100011120
20111010100011020
20000011111011000
22000010000000000
00000000000000000
STEP 17 P2 MOVE 8 10 8 11
OWN
00000000000001110
00011100000000000
00022220020000000
02220020020000120
00000020020022120
20000020100011120
20111010100011020
20000011111011000
22000010002200000
00000000000000000
STEP 18 P1 MOVE 0 1 1 1
OWN
01000000000001110
01011100000000000
00022220020000000
02220020020000120
00000020020022120
20000020100011120
20111010100011020
20000011111011000
22000010002200000
00000000000000000
STEP 19 P2 MOVE 6 16 7 16
OWN
01000000000001110
01011100000000000
00022220020000000
02220020020000120
00000020020022120
20000020100011120
20111010100011022
20000011111011002
22000010002200000
00000000000000000
STEP 20 P1 MOVE 8 12 8 13
OWN
01000000000001110
01011100000000000
00022220020000000
02220020020000120
00000020020022120
20000020100011120
20111010100011022
20000011111011002
22000010002211000
00000000000000000
STEP 21 P2 MOVE 7 9 8 11
OWN
01000000000001110
01011100000000000
00022220020000000
02220020020000120
00000020020022120
20000020100011120
20111010100011022
20000011122211002
22000010022211000
00000000000000000
STEP 22 P1 MOVE 6 11 9 11
OWN
01000000000001110
01011100000000000
00022220020000000
02220020020000120
00000020020022120
20000020100011120
20111010100111022
20000011122111002
22000010022111000
00000000000100000
STEP 23 P2 MOVE 0 8 1 8
OWN
01000000200001110
01011100200000000
00022220020000000
02220020020000120
00000020020022120
20000020100011120
20111010100111022
20000011122111002
22000010022111000
00000000000100000
STEP 24 P1 MOVE 0 9 0 10
OWN
01000000211001110
01011100200000000
00022220020000000
02220020020000120
00000020020022120
20000020100011120
20111010100111022
20000011122111002
22000010022111000
00000000000100000
STEP 25 P2 MOVE 1 11 1 12
OWN
01000000211001110
01011100200220000
00022220020000000
02220020020000120
00000020020022120
20000020100011120
20111010100111022
20000011122111002
22000010022111000
00000000000100000
STEP 26 P1 MOVE 2 1 2 2
OWN
01000000211001110
01011100200220000
01122220020000000
02220020020000120
00000020020022120
20000020100011120
20111010100111022
20000011122111002
22000010022111000
00000000000100000
STEP 27 P2 MOVE 4 0 4 1
OWN
01000000211001110
01011100200220000
01122220020000000
02220020020000120
22000020020022120
20000020100011120
20111010100111022
20000011122111002
22000010022111000
00000000000100000
STEP 28 P1 MOVE 4 3 4 4
OWN
01000000211001110
01011100200220000
01122220020000000
02220020020000120
22011020020022120
20000020100011120
20111010100111022
20000011122111002
22000010022111000
00000000000100000
STEP 29 P2 MOVE 7 1 8 2
OWN
01000000211001110
01011100200220000
01122220020000000
02220020020000120
22011020020022120
20000020100011120
20111010100111022
22200011122111002
22200010022111000
00000000000100000
STEP 30 P1 MOVE 6 1 8 3
OWN
01000000211001110
01011100200220000
01122220020000000
02220020020000120
22011020020022120
20000020100011120
21111010100111022
21110011122111002
21110010022111000
00000000000100000
STEP 31 P2 MOVE 5 7 6 7
OWN
01000000211001110
01011100200220000
01122220020000000
02220020020000120
22011020020022120
20000022100011120
21111012100111022
21110011122111002
21110010022111000
00000000000100000
STEP 32 P1 MOVE 9 13 9 14
OWN
01000000211001110
01011100200220000
01122220020000000
02220020020000120
22011020020022120
20000022100011120
21111012100111022
21110011122111002
21110010022111000
00000000000101100
STEP 33 P2 MOVE -1 -1 -1 -1
OWN
01000000211001110
01011100200220000
01122220020000000
02220020020000120
22011020020022120
20000022100011120
21111012100111022
21110011122111002
21110010022111000
00000000000101100
STEP 34 P1 MOVE -1 -1 -1 -1
OWN
01000000211001110
01011100200220000
01122220020000000
02220020020000120
22011020020022120
20000022100011120
21111012100111022
21110011122111002
21110010022111000
00000000000101100
RESULT first=48 second=37 winner=1
ANALYSIS winner=P1 score=48-37 reason=Ĺ»ĂëżěŔ§(+4Ä­ »©ľŃŔ˝,2ąčČż°ú) / şóÄ­Ľ±Áˇ(+3) steal(w/l)=7/3 neu(w/l)=44/41
